173252057,EUR/USD,2005-07-28 17:12:53.000,1.213200,1.213500,D
173252087,EUR/USD,2005-07-28 17:13:20.000,1.213300,1.213600,D
173252116,EUR/USD,2005-07-28 17:13:34.000,1.213200,1.213500,D
173252153,EUR/USD,2005-07-28 17:13:57.000,1.213100,1.213400,D
173252160,EUR/USD,2005-07-28 17:14:05.000,1.213200,1.213500,D
173252171,EUR/USD,2005-07-28 17:14:22.000,1.213100,1.213400,D
173252189,EUR/USD,2005-07-28 17:14:46.000,1.213000,1.213300,D
173252215,EUR/USD,2005-07-28 17:15:13.000,1.212900,1.213200,D
173252231,EUR/USD,2005-07-28 17:15:32.000,1.213000,1.213300,D
173252266,EUR/USD,2005-07-28 17:16:41.000,1.212900,1.213200,D
173252272,EUR/USD,2005-07-28 17:16:52.000,1.213000,1.213300,D
173252296,EUR/USD,2005-07-28 17:17:29.000,1.213100,1.213400,D
173252309,EUR/USD,2005-07-28 17:17:38.000,1.213000,1.213300,D
173252325,EUR/USD,2005-07-28 17:17:46.000,1.213100,1.213400,D
173252342,EUR/USD,2005-07-28 17:17:54.000,1.213000,1.213300,D
173252432,EUR/USD,2005-07-28 17:19:46.000,1.213100,1.213400,D
173252443,EUR/USD,2005-07-28 17:19:58.000,1.213000,1.213300,D
173252473,EUR/USD,2005-07-28 17:21:22.000,1.213100,1.213400,D
173252475,EUR/USD,2005-07-28 17:21:23.000,1.213200,1.213500,D
173252521,EUR/USD,2005-07-28 17:22:11.000,1.213300,1.213600,D
173252557,EUR/USD,2005-07-28 17:23:28.000,1.213200,1.213500,D
173252569,EUR/USD,2005-07-28 17:23:36.000,1.213300,1.213600,D
173252578,EUR/USD,2005-07-28 17:23:44.000,1.213200,1.213500,D
173252584,EUR/USD,2005-07-28 17:23:47.000,1.213300,1.213600,D
173252595,EUR/USD,2005-07-28 17:23:59.000,1.213200,1.213500,D
173252619,EUR/USD,2005-07-28 17:25:40.000,1.213300,1.213600,D
173252622,EUR/USD,2005-07-28 17:25:46.000,1.213200,1.213500,D
173252693,EUR/USD,2005-07-28 17:30:09.000,1.213100,1.213400,D
173252716,EUR/USD,2005-07-28 17:31:01.000,1.213200,1.213500,D
173252717,EUR/USD,2005-07-28 17:31:28.000,1.213100,1.213400,D
173252720,EUR/USD,2005-07-28 17:31:40.000,1.213200,1.213500,D
173252729,EUR/USD,2005-07-28 17:31:46.000,1.213300,1.213600,D
173252742,EUR/USD,2005-07-28 17:32:13.000,1.213200,1.213500,D
173252755,EUR/USD,2005-07-28 17:33:08.000,1.213100,1.213400,D
173252759,EUR/USD,2005-07-28 17:33:33.000,1.213000,1.213300,D
173252763,EUR/USD,2005-07-28 17:33:54.000,1.212900,1.213200,D
173252786,EUR/USD,2005-07-28 17:34:52.000,1.212700,1.213000,D
173252796,EUR/USD,2005-07-28 17:34:55.000,1.212800,1.213100,D
173252799,EUR/USD,2005-07-28 17:34:55.000,1.212900,1.213200,D
173252803,EUR/USD,2005-07-28 17:34:56.000,1.212800,1.213100,D
173252807,EUR/USD,2005-07-28 17:35:26.000,1.212900,1.213200,D
173252855,EUR/USD,2005-07-28 17:36:35.000,1.212800,1.213100,D
173252863,EUR/USD,2005-07-28 17:37:27.000,1.212700,1.213000,D
173252869,EUR/USD,2005-07-28 17:37:28.000,1.212800,1.213100,D
173252901,EUR/USD,2005-07-28 17:40:30.000,1.212700,1.213000,D
173252920,EUR/USD,2005-07-28 17:40:58.000,1.212800,1.213100,D
173252930,EUR/USD,2005-07-28 17:41:05.000,1.212700,1.213000,D
173252935,EUR/USD,2005-07-28 17:41:18.000,1.212800,1.213100,D
173252955,EUR/USD,2005-07-28 17:41:53.000,1.212900,1.213200,D
173252962,EUR/USD,2005-07-28 17:42:42.000,1.212800,1.213100,D
173252966,EUR/USD,2005-07-28 17:42:50.000,1.212700,1.213000,D
173252979,EUR/USD,2005-07-28 17:43:04.000,1.212600,1.212900,D
173252988,EUR/USD,2005-07-28 17:43:23.000,1.212700,1.213000,D
173253059,EUR/USD,2005-07-28 17:44:15.000,1.212600,1.212900,D
173253072,EUR/USD,2005-07-28 17:44:24.000,1.212500,1.212800,D
173253087,EUR/USD,2005-07-28 17:44:27.000,1.212700,1.213000,D
173253096,EUR/USD,2005-07-28 17:44:31.000,1.212600,1.212900,D
173253102,EUR/USD,2005-07-28 17:44:41.000,1.212700,1.213000,D
173253104,EUR/USD,2005-07-28 17:44:43.000,1.212600,1.212900,D
173253109,EUR/USD,2005-07-28 17:45:09.000,1.212700,1.213000,D
173253127,EUR/USD,2005-07-28 17:46:16.000,1.212600,1.212900,D
173253148,EUR/USD,2005-07-28 17:47:19.000,1.212500,1.212800,D
173253170,EUR/USD,2005-07-28 17:47:41.000,1.212400,1.212700,D
173253178,EUR/USD,2005-07-28 17:47:54.000,1.212500,1.212800,D
173253201,EUR/USD,2005-07-28 17:48:59.000,1.212600,1.212900,D
173253217,EUR/USD,2005-07-28 17:49:20.000,1.212400,1.212700,D
173253218,EUR/USD,2005-07-28 17:49:20.000,1.212300,1.212600,D
173253226,EUR/USD,2005-07-28 17:49:20.000,1.212400,1.212700,D
173253239,EUR/USD,2005-07-28 17:49:28.000,1.212500,1.212800,D
173253286,EUR/USD,2005-07-28 17:51:30.000,1.212400,1.212700,D
173253305,EUR/USD,2005-07-28 17:51:59.000,1.212500,1.212800,D
173253313,EUR/USD,2005-07-28 17:52:03.000,1.212400,1.212700,D
173253352,EUR/USD,2005-07-28 17:55:30.000,1.212500,1.212800,D
173253354,EUR/USD,2005-07-28 17:55:41.000,1.212400,1.212700,D
173253358,EUR/USD,2005-07-28 17:56:09.000,1.212500,1.212800,D
173253362,EUR/USD,2005-07-28 17:56:18.000,1.212400,1.212700,D
173253366,EUR/USD,2005-07-28 17:56:24.000,1.212500,1.212800,D
173253370,EUR/USD,2005-07-28 17:57:08.000,1.212400,1.212700,D
173253395,EUR/USD,2005-07-28 17:57:27.000,1.212500,1.212800,D
173253399,EUR/USD,2005-07-28 17:57:28.000,1.212400,1.212700,D
173253403,EUR/USD,2005-07-28 17:57:31.000,1.212500,1.212800,D
173253411,EUR/USD,2005-07-28 17:57:50.000,1.212400,1.212700,D
173253421,EUR/USD,2005-07-28 17:58:27.000,1.212500,1.212800,D
173253456,EUR/USD,2005-07-28 18:00:30.000,1.212400,1.212700,D
173253460,EUR/USD,2005-07-28 18:00:34.000,1.212500,1.212800,D
173253465,EUR/USD,2005-07-28 18:00:35.000,1.212400,1.212700,D
173253469,EUR/USD,2005-07-28 18:00:40.000,1.212500,1.212800,D
173253471,EUR/USD,2005-07-28 18:00:40.000,1.212400,1.212700,D
173253477,EUR/USD,2005-07-28 18:01:07.000,1.212500,1.212800,D
173253480,EUR/USD,2005-07-28 18:01:15.000,1.212400,1.212700,D
173253487,EUR/USD,2005-07-28 18:01:21.000,1.212500,1.212800,D
173253494,EUR/USD,2005-07-28 18:01:23.000,1.212400,1.212700,D
173253499,EUR/USD,2005-07-28 18:01:24.000,1.212500,1.212800,D
173253519,EUR/USD,2005-07-28 18:02:04.000,1.212400,1.212700,D
173253542,EUR/USD,2005-07-28 18:02:10.000,1.212300,1.212600,D
173253620,EUR/USD,2005-07-28 18:03:58.000,1.212400,1.212700,D
173253636,EUR/USD,2005-07-28 18:06:36.000,1.212300,1.212600,D
173253653,EUR/USD,2005-07-28 18:06:55.000,1.212400,1.212700,D
173253673,EUR/USD,2005-07-28 18:07:15.000,1.212500,1.212800,D
173253687,EUR/USD,2005-07-28 18:08:24.000,1.212600,1.212900,D
173253702,EUR/USD,2005-07-28 18:08:30.000,1.212500,1.212800,D
173253727,EUR/USD,2005-07-28 18:08:45.000,1.212600,1.212900,D
173253735,EUR/USD,2005-07-28 18:08:55.000,1.212500,1.212800,D
173253743,EUR/USD,2005-07-28 18:09:00.000,1.212600,1.212900,D
173253767,EUR/USD,2005-07-28 18:09:25.000,1.212500,1.212800,D
173253810,EUR/USD,2005-07-28 18:10:06.000,1.212600,1.212900,D
173253838,EUR/USD,2005-07-28 18:10:22.000,1.212500,1.212800,D
173253841,EUR/USD,2005-07-28 18:10:24.000,1.212600,1.212900,D
173253847,EUR/USD,2005-07-28 18:10:26.000,1.212500,1.212800,D
173253881,EUR/USD,2005-07-28 18:10:39.000,1.212400,1.212700,D
173253887,EUR/USD,2005-07-28 18:10:41.000,1.212500,1.212800,D
173253893,EUR/USD,2005-07-28 18:10:44.000,1.212600,1.212900,D
173253909,EUR/USD,2005-07-28 18:11:12.000,1.212500,1.212800,D
173253914,EUR/USD,2005-07-28 18:11:21.000,1.212400,1.212700,D
173253917,EUR/USD,2005-07-28 18:11:23.000,1.212500,1.212800,D
173253926,EUR/USD,2005-07-28 18:11:39.000,1.212600,1.212900,D
173253933,EUR/USD,2005-07-28 18:11:51.000,1.212500,1.212800,D
173253946,EUR/USD,2005-07-28 18:12:00.000,1.212600,1.212900,D
173253963,EUR/USD,2005-07-28 18:12:36.000,1.212500,1.212800,D
173253973,EUR/USD,2005-07-28 18:12:46.000,1.212600,1.212900,D
173254098,EUR/USD,2005-07-28 18:15:11.000,1.212700,1.213000,D
173254103,EUR/USD,2005-07-28 18:15:18.000,1.212600,1.212900,D
173254112,EUR/USD,2005-07-28 18:15:21.000,1.212700,1.213000,D
173254124,EUR/USD,2005-07-28 18:15:24.000,1.212600,1.212900,D
173254133,EUR/USD,2005-07-28 18:15:26.000,1.212700,1.213000,D
173254220,EUR/USD,2005-07-28 18:20:15.000,1.212600,1.212900,D
173254267,EUR/USD,2005-07-28 18:21:43.000,1.212700,1.213000,D
173254280,EUR/USD,2005-07-28 18:22:51.000,1.212800,1.213100,D
173254283,EUR/USD,2005-07-28 18:22:51.000,1.212900,1.213200,D
173254295,EUR/USD,2005-07-28 18:23:08.000,1.212800,1.213100,D
173254303,EUR/USD,2005-07-28 18:23:20.000,1.212900,1.213200,D
173254342,EUR/USD,2005-07-28 18:26:41.000,1.212800,1.213100,D
173254355,EUR/USD,2005-07-28 18:26:52.000,1.212600,1.212900,D
173254362,EUR/USD,2005-07-28 18:26:56.000,1.212700,1.213000,D
173254374,EUR/USD,2005-07-28 18:27:25.000,1.212600,1.212900,D
173254377,EUR/USD,2005-07-28 18:27:26.000,1.212700,1.213000,D
173254379,EUR/USD,2005-07-28 18:27:27.000,1.212800,1.213100,D
173254411,EUR/USD,2005-07-28 18:27:34.000,1.212900,1.213200,D
173254414,EUR/USD,2005-07-28 18:27:34.000,1.212800,1.213100,D
173254419,EUR/USD,2005-07-28 18:27:35.000,1.212700,1.213000,D
173254426,EUR/USD,2005-07-28 18:27:39.000,1.212800,1.213100,D
173254454,EUR/USD,2005-07-28 18:28:09.000,1.212700,1.213000,D
173254492,EUR/USD,2005-07-28 18:29:26.000,1.212800,1.213100,D
173254514,EUR/USD,2005-07-28 18:31:22.000,1.212700,1.213000,D
173254521,EUR/USD,2005-07-28 18:31:26.000,1.212800,1.213100,D
173254531,EUR/USD,2005-07-28 18:31:46.000,1.212700,1.213000,D
173254546,EUR/USD,2005-07-28 18:32:28.000,1.212800,1.213100,D
173254613,EUR/USD,2005-07-28 18:35:21.000,1.212900,1.213200,D
173254616,EUR/USD,2005-07-28 18:35:22.000,1.212800,1.213100,D
173254618,EUR/USD,2005-07-28 18:35:24.000,1.212900,1.213200,D
173254621,EUR/USD,2005-07-28 18:35:33.000,1.212800,1.213100,D
173254630,EUR/USD,2005-07-28 18:35:37.000,1.212900,1.213200,D
173254640,EUR/USD,2005-07-28 18:35:40.000,1.212800,1.213100,D
173254649,EUR/USD,2005-07-28 18:35:55.000,1.212900,1.213200,D
173254653,EUR/USD,2005-07-28 18:35:56.000,1.212800,1.213100,D
173254658,EUR/USD,2005-07-28 18:35:59.000,1.212700,1.213000,D
173254684,EUR/USD,2005-07-28 18:36:50.000,1.212600,1.212900,D
173254687,EUR/USD,2005-07-28 18:36:55.000,1.212700,1.213000,D
173254690,EUR/USD,2005-07-28 18:37:02.000,1.212600,1.212900,D
173254695,EUR/USD,2005-07-28 18:37:05.000,1.212700,1.213000,D
173254720,EUR/USD,2005-07-28 18:41:17.000,1.212600,1.212900,D
173254726,EUR/USD,2005-07-28 18:41:39.000,1.212700,1.213000,D
173254728,EUR/USD,2005-07-28 18:42:03.000,1.212800,1.213100,D
173254729,EUR/USD,2005-07-28 18:42:18.000,1.212700,1.213000,D
173254748,EUR/USD,2005-07-28 18:45:24.000,1.212800,1.213100,D
173254751,EUR/USD,2005-07-28 18:46:00.000,1.212900,1.213200,D
173254754,EUR/USD,2005-07-28 18:46:00.000,1.213000,1.213300,D
173254791,EUR/USD,2005-07-28 18:47:43.000,1.212900,1.213200,D
173254817,EUR/USD,2005-07-28 18:49:20.000,1.213000,1.213300,D
173254820,EUR/USD,2005-07-28 18:49:40.000,1.212900,1.213200,D
173254829,EUR/USD,2005-07-28 18:50:58.000,1.213000,1.213300,D
173254857,EUR/USD,2005-07-28 18:52:39.000,1.212900,1.213200,D
173254866,EUR/USD,2005-07-28 18:52:44.000,1.213000,1.213300,D
173254915,EUR/USD,2005-07-28 18:54:33.000,1.212900,1.213200,D
173254921,EUR/USD,2005-07-28 18:54:37.000,1.213000,1.213300,D
173254944,EUR/USD,2005-07-28 18:55:08.000,1.212900,1.213200,D
173254997,EUR/USD,2005-07-28 18:57:10.000,1.212800,1.213100,D
173255014,EUR/USD,2005-07-28 18:57:51.000,1.212900,1.213200,D
173255018,EUR/USD,2005-07-28 18:57:54.000,1.212800,1.213100,D
173255027,EUR/USD,2005-07-28 18:58:02.000,1.212900,1.213200,D
173255048,EUR/USD,2005-07-28 18:59:23.000,1.212800,1.213100,D
173255051,EUR/USD,2005-07-28 18:59:24.000,1.212700,1.213000,D
173255061,EUR/USD,2005-07-28 18:59:25.000,1.212800,1.213100,D
173255074,EUR/USD,2005-07-28 18:59:33.000,1.212900,1.213200,D
173255104,EUR/USD,2005-07-28 19:00:22.000,1.212800,1.213100,D
173255122,EUR/USD,2005-07-28 19:00:59.000,1.212900,1.213200,D
173255131,EUR/USD,2005-07-28 19:01:05.000,1.212800,1.213100,D
173255135,EUR/USD,2005-07-28 19:01:05.000,1.212700,1.213000,D
173255141,EUR/USD,2005-07-28 19:01:08.000,1.212800,1.213100,D
173255153,EUR/USD,2005-07-28 19:01:13.000,1.212700,1.213000,D
173255165,EUR/USD,2005-07-28 19:01:21.000,1.212600,1.212900,D
173255170,EUR/USD,2005-07-28 19:01:23.000,1.212700,1.213000,D
173255278,EUR/USD,2005-07-28 19:03:56.000,1.212800,1.213100,D
173255288,EUR/USD,2005-07-28 19:04:01.000,1.212700,1.213000,D
173255325,EUR/USD,2005-07-28 19:04:57.000,1.212800,1.213100,D
173255329,EUR/USD,2005-07-28 19:04:58.000,1.212900,1.213200,D
173255337,EUR/USD,2005-07-28 19:04:59.000,1.212800,1.213100,D
173255339,EUR/USD,2005-07-28 19:05:00.000,1.212700,1.213000,D
173255352,EUR/USD,2005-07-28 19:05:06.000,1.212600,1.212900,D
173255357,EUR/USD,2005-07-28 19:05:08.000,1.212700,1.213000,D
173255373,EUR/USD,2005-07-28 19:05:35.000,1.212600,1.212900,D
173255376,EUR/USD,2005-07-28 19:05:39.000,1.212700,1.213000,D
173255426,EUR/USD,2005-07-28 19:07:10.000,1.212600,1.212900,D
173255430,EUR/USD,2005-07-28 19:07:27.000,1.212700,1.213000,D
173255432,EUR/USD,2005-07-28 19:07:51.000,1.212600,1.212900,D
173255438,EUR/USD,2005-07-28 19:08:02.000,1.212500,1.212800,D
173255450,EUR/USD,2005-07-28 19:08:12.000,1.212600,1.212900,D
173255460,EUR/USD,2005-07-28 19:08:16.000,1.212500,1.212800,D
173255472,EUR/USD,2005-07-28 19:08:20.000,1.212600,1.212900,D
173255478,EUR/USD,2005-07-28 19:08:21.000,1.212500,1.212800,D
173255484,EUR/USD,2005-07-28 19:08:23.000,1.212600,1.212900,D
173255499,EUR/USD,2005-07-28 19:08:35.000,1.212500,1.212800,D
173255504,EUR/USD,2005-07-28 19:08:37.000,1.212600,1.212900,D
173255517,EUR/USD,2005-07-28 19:08:54.000,1.212700,1.213000,D
173255531,EUR/USD,2005-07-28 19:09:03.000,1.212600,1.212900,D
173255537,EUR/USD,2005-07-28 19:09:07.000,1.212700,1.213000,D
173255555,EUR/USD,2005-07-28 19:09:12.000,1.212600,1.212900,D
173255560,EUR/USD,2005-07-28 19:09:14.000,1.212700,1.213000,D
173255578,EUR/USD,2005-07-28 19:09:18.000,1.212600,1.212900,D
173255586,EUR/USD,2005-07-28 19:09:20.000,1.212700,1.213000,D
173255588,EUR/USD,2005-07-28 19:09:20.000,1.212800,1.213100,D
173255614,EUR/USD,2005-07-28 19:09:29.000,1.212700,1.213000,D
173255650,EUR/USD,2005-07-28 19:09:58.000,1.212600,1.212900,D
173255658,EUR/USD,2005-07-28 19:10:01.000,1.212700,1.213000,D
173255660,EUR/USD,2005-07-28 19:10:04.000,1.212800,1.213100,D
173255680,EUR/USD,2005-07-28 19:10:20.000,1.212700,1.213000,D
173255712,EUR/USD,2005-07-28 19:10:35.000,1.212800,1.213100,D
173255725,EUR/USD,2005-07-28 19:10:46.000,1.212700,1.213000,D
173255728,EUR/USD,2005-07-28 19:10:50.000,1.212800,1.213100,D
173255739,EUR/USD,2005-07-28 19:11:06.000,1.212700,1.213000,D
173255764,EUR/USD,2005-07-28 19:12:26.000,1.212800,1.213100,D
173255766,EUR/USD,2005-07-28 19:12:43.000,1.212700,1.213000,D
173255773,EUR/USD,2005-07-28 19:12:57.000,1.212800,1.213100,D
173255782,EUR/USD,2005-07-28 19:13:20.000,1.212700,1.213000,D
173255831,EUR/USD,2005-07-28 19:16:11.000,1.212800,1.213100,D
173255872,EUR/USD,2005-07-28 19:18:56.000,1.212700,1.213000,D
173255876,EUR/USD,2005-07-28 19:18:57.000,1.212800,1.213100,D
173255881,EUR/USD,2005-07-28 19:19:00.000,1.212700,1.213000,D
173255883,EUR/USD,2005-07-28 19:19:01.000,1.212800,1.213100,D
173255888,EUR/USD,2005-07-28 19:19:03.000,1.212700,1.213000,D
173255890,EUR/USD,2005-07-28 19:19:04.000,1.212800,1.213100,D
173255928,EUR/USD,2005-07-28 19:20:31.000,1.212700,1.213000,D
173255944,EUR/USD,2005-07-28 19:21:41.000,1.212800,1.213100,D
173255953,EUR/USD,2005-07-28 19:21:50.000,1.212700,1.213000,D
173255956,EUR/USD,2005-07-28 19:21:53.000,1.212800,1.213100,D
173255971,EUR/USD,2005-07-28 19:22:26.000,1.212700,1.213000,D
173255976,EUR/USD,2005-07-28 19:22:48.000,1.212800,1.213100,D
173256015,EUR/USD,2005-07-28 19:23:40.000,1.212700,1.213000,D
173256018,EUR/USD,2005-07-28 19:23:41.000,1.212800,1.213100,D
173256023,EUR/USD,2005-07-28 19:23:46.000,1.212700,1.213000,D
173256056,EUR/USD,2005-07-28 19:24:36.000,1.212800,1.213100,D
173256063,EUR/USD,2005-07-28 19:24:37.000,1.212900,1.213200,D
173256081,EUR/USD,2005-07-28 19:24:49.000,1.212800,1.213100,D
173256092,EUR/USD,2005-07-28 19:24:54.000,1.212900,1.213200,D
173256118,EUR/USD,2005-07-28 19:25:02.000,1.213000,1.213300,D
173256124,EUR/USD,2005-07-28 19:25:03.000,1.213100,1.213400,D
173256146,EUR/USD,2005-07-28 19:25:11.000,1.213000,1.213300,D
173256149,EUR/USD,2005-07-28 19:25:11.000,1.212900,1.213200,D
173256165,EUR/USD,2005-07-28 19:25:19.000,1.213000,1.213300,D
173256172,EUR/USD,2005-07-28 19:25:26.000,1.212900,1.213200,D
173256197,EUR/USD,2005-07-28 19:25:32.000,1.212800,1.213100,D
173256201,EUR/USD,2005-07-28 19:25:32.000,1.212900,1.213200,D
173256270,EUR/USD,2005-07-28 19:26:18.000,1.213000,1.213300,D
173256337,EUR/USD,2005-07-28 19:27:45.000,1.212900,1.213200,D
173256345,EUR/USD,2005-07-28 19:27:55.000,1.213000,1.213300,D
173256349,EUR/USD,2005-07-28 19:27:59.000,1.212900,1.213200,D
173256354,EUR/USD,2005-07-28 19:28:00.000,1.212800,1.213100,D
173256357,EUR/USD,2005-07-28 19:28:00.000,1.212900,1.213200,D
173256365,EUR/USD,2005-07-28 19:28:11.000,1.212800,1.213100,D
173256376,EUR/USD,2005-07-28 19:28:25.000,1.212900,1.213200,D
173256407,EUR/USD,2005-07-28 19:28:59.000,1.213000,1.213300,D
173256481,EUR/USD,2005-07-28 19:30:27.000,1.213100,1.213400,D
173256486,EUR/USD,2005-07-28 19:30:27.000,1.213200,1.213500,D
173256514,EUR/USD,2005-07-28 19:30:41.000,1.213100,1.213400,D
173256541,EUR/USD,2005-07-28 19:30:50.000,1.213000,1.213300,D
173256559,EUR/USD,2005-07-28 19:30:55.000,1.212900,1.213200,D
173256563,EUR/USD,2005-07-28 19:30:57.000,1.212800,1.213100,D
173256571,EUR/USD,2005-07-28 19:30:59.000,1.212900,1.213200,D
173256577,EUR/USD,2005-07-28 19:31:04.000,1.212800,1.213100,D
173256581,EUR/USD,2005-07-28 19:31:05.000,1.212900,1.213200,D
173256640,EUR/USD,2005-07-28 19:31:31.000,1.212800,1.213100,D
173256647,EUR/USD,2005-07-28 19:31:33.000,1.212900,1.213200,D
173256714,EUR/USD,2005-07-28 19:32:11.000,1.212800,1.213100,D
173256732,EUR/USD,2005-07-28 19:32:24.000,1.212700,1.213000,D
173256807,EUR/USD,2005-07-28 19:33:14.000,1.212600,1.212900,D
173256818,EUR/USD,2005-07-28 19:33:20.000,1.212700,1.213000,D
173256821,EUR/USD,2005-07-28 19:33:26.000,1.212600,1.212900,D
173256824,EUR/USD,2005-07-28 19:33:29.000,1.212700,1.213000,D
173256830,EUR/USD,2005-07-28 19:33:34.000,1.212600,1.212900,D
173256833,EUR/USD,2005-07-28 19:33:36.000,1.212700,1.213000,D
173256837,EUR/USD,2005-07-28 19:33:39.000,1.212600,1.212900,D
173256858,EUR/USD,2005-07-28 19:33:52.000,1.212700,1.213000,D
173256865,EUR/USD,2005-07-28 19:34:06.000,1.212600,1.212900,D
173256868,EUR/USD,2005-07-28 19:34:07.000,1.212500,1.212800,D
173256872,EUR/USD,2005-07-28 19:34:11.000,1.212600,1.212900,D
173256895,EUR/USD,2005-07-28 19:34:32.000,1.212500,1.212800,D
173256937,EUR/USD,2005-07-28 19:34:57.000,1.212600,1.212900,D
173256939,EUR/USD,2005-07-28 19:34:58.000,1.212700,1.213000,D
173256949,EUR/USD,2005-07-28 19:34:59.000,1.212600,1.212900,D
173256952,EUR/USD,2005-07-28 19:35:00.000,1.212500,1.212800,D
173256972,EUR/USD,2005-07-28 19:35:14.000,1.212600,1.212900,D
173256982,EUR/USD,2005-07-28 19:35:27.000,1.212700,1.213000,D
173256995,EUR/USD,2005-07-28 19:35:47.000,1.212800,1.213100,D
173256997,EUR/USD,2005-07-28 19:35:48.000,1.212700,1.213000,D
173257017,EUR/USD,2005-07-28 19:36:04.000,1.212600,1.212900,D
173257024,EUR/USD,2005-07-28 19:36:30.000,1.212700,1.213000,D
173257038,EUR/USD,2005-07-28 19:37:07.000,1.212800,1.213100,D
173257039,EUR/USD,2005-07-28 19:37:07.000,1.212700,1.213000,D
173257055,EUR/USD,2005-07-28 19:37:34.000,1.212600,1.212900,D
173257059,EUR/USD,2005-07-28 19:37:35.000,1.212700,1.213000,D
173257062,EUR/USD,2005-07-28 19:37:35.000,1.212600,1.212900,D
173257088,EUR/USD,2005-07-28 19:38:01.000,1.212700,1.213000,D
173257096,EUR/USD,2005-07-28 19:38:07.000,1.212600,1.212900,D
173257101,EUR/USD,2005-07-28 19:38:08.000,1.212500,1.212800,D
173257140,EUR/USD,2005-07-28 19:38:28.000,1.212600,1.212900,D
173257186,EUR/USD,2005-07-28 19:38:48.000,1.212700,1.213000,D
173257187,EUR/USD,2005-07-28 19:38:48.000,1.212600,1.212900,D
173257189,EUR/USD,2005-07-28 19:38:49.000,1.212500,1.212800,D
173257256,EUR/USD,2005-07-28 19:40:46.000,1.212600,1.212900,D
173257262,EUR/USD,2005-07-28 19:40:47.000,1.212700,1.213000,D
173257277,EUR/USD,2005-07-28 19:41:03.000,1.212600,1.212900,D
173257279,EUR/USD,2005-07-28 19:41:05.000,1.212700,1.213000,D
173257342,EUR/USD,2005-07-28 19:42:00.000,1.212600,1.212900,D
173257383,EUR/USD,2005-07-28 19:42:38.000,1.212500,1.212800,D
173257386,EUR/USD,2005-07-28 19:42:39.000,1.212600,1.212900,D
173257480,EUR/USD,2005-07-28 19:44:04.000,1.212700,1.213000,D
173257485,EUR/USD,2005-07-28 19:44:05.000,1.212800,1.213100,D
173257489,EUR/USD,2005-07-28 19:44:08.000,1.212700,1.213000,D
173257498,EUR/USD,2005-07-28 19:44:12.000,1.212800,1.213100,D
173257523,EUR/USD,2005-07-28 19:44:24.000,1.212700,1.213000,D
173257535,EUR/USD,2005-07-28 19:44:26.000,1.212800,1.213100,D
173257566,EUR/USD,2005-07-28 19:44:32.000,1.212700,1.213000,D
173257579,EUR/USD,2005-07-28 19:44:33.000,1.212800,1.213100,D
173257596,EUR/USD,2005-07-28 19:44:37.000,1.212700,1.213000,D
173257610,EUR/USD,2005-07-28 19:44:39.000,1.212800,1.213100,D
173257622,EUR/USD,2005-07-28 19:44:45.000,1.212900,1.213200,D
173257629,EUR/USD,2005-07-28 19:44:46.000,1.213000,1.213300,D
173257641,EUR/USD,2005-07-28 19:44:48.000,1.212900,1.213200,D
173257645,EUR/USD,2005-07-28 19:44:48.000,1.212800,1.213100,D
173257653,EUR/USD,2005-07-28 19:44:50.000,1.212900,1.213200,D
173257664,EUR/USD,2005-07-28 19:44:52.000,1.212800,1.213100,D
173257680,EUR/USD,2005-07-28 19:44:56.000,1.212900,1.213200,D
173257706,EUR/USD,2005-07-28 19:45:00.000,1.212800,1.213100,D
173257739,EUR/USD,2005-07-28 19:45:19.000,1.212700,1.213000,D
173257748,EUR/USD,2005-07-28 19:45:35.000,1.212800,1.213100,D
173257941,EUR/USD,2005-07-28 19:48:22.000,1.212900,1.213200,D
173257962,EUR/USD,2005-07-28 19:48:26.000,1.213000,1.213300,D
173257974,EUR/USD,2005-07-28 19:48:31.000,1.212900,1.213200,D
173258000,EUR/USD,2005-07-28 19:48:40.000,1.213000,1.213300,D
173258034,EUR/USD,2005-07-28 19:48:59.000,1.212900,1.213200,D
173258051,EUR/USD,2005-07-28 19:49:08.000,1.213000,1.213300,D
173258064,EUR/USD,2005-07-28 19:49:20.000,1.212900,1.213200,D
173258122,EUR/USD,2005-07-28 19:49:46.000,1.212800,1.213100,D
173258134,EUR/USD,2005-07-28 19:49:48.000,1.212700,1.213000,D
173258144,EUR/USD,2005-07-28 19:49:49.000,1.212800,1.213100,D
173258174,EUR/USD,2005-07-28 19:49:57.000,1.212700,1.213000,D
173258177,EUR/USD,2005-07-28 19:49:57.000,1.212600,1.212900,D
173258186,EUR/USD,2005-07-28 19:49:58.000,1.212700,1.213000,D
173258190,EUR/USD,2005-07-28 19:49:58.000,1.212800,1.213100,D
173258207,EUR/USD,2005-07-28 19:50:04.000,1.212700,1.213000,D
173258216,EUR/USD,2005-07-28 19:50:08.000,1.212800,1.213100,D
173258220,EUR/USD,2005-07-28 19:50:09.000,1.212700,1.213000,D
173258224,EUR/USD,2005-07-28 19:50:10.000,1.212800,1.213100,D
173258231,EUR/USD,2005-07-28 19:50:16.000,1.212700,1.213000,D
173258237,EUR/USD,2005-07-28 19:50:19.000,1.212800,1.213100,D
173258262,EUR/USD,2005-07-28 19:50:33.000,1.212700,1.213000,D
173258272,EUR/USD,2005-07-28 19:50:51.000,1.212600,1.212900,D
173258281,EUR/USD,2005-07-28 19:50:59.000,1.212700,1.213000,D
173258284,EUR/USD,2005-07-28 19:51:02.000,1.212600,1.212900,D
173258310,EUR/USD,2005-07-28 19:51:26.000,1.212700,1.213000,D
173258342,EUR/USD,2005-07-28 19:51:45.000,1.212600,1.212900,D
173258413,EUR/USD,2005-07-28 19:52:33.000,1.212700,1.213000,D
173258419,EUR/USD,2005-07-28 19:52:35.000,1.212600,1.212900,D
173258429,EUR/USD,2005-07-28 19:52:38.000,1.212700,1.213000,D
173258448,EUR/USD,2005-07-28 19:52:44.000,1.212600,1.212900,D
173258453,EUR/USD,2005-07-28 19:52:46.000,1.212700,1.213000,D
173258501,EUR/USD,2005-07-28 19:53:18.000,1.212600,1.212900,D
173258529,EUR/USD,2005-07-28 19:53:36.000,1.212500,1.212800,D
173258543,EUR/USD,2005-07-28 19:53:47.000,1.212600,1.212900,D
173258586,EUR/USD,2005-07-28 19:54:44.000,1.212500,1.212800,D
173258593,EUR/USD,2005-07-28 19:54:54.000,1.212600,1.212900,D
173258595,EUR/USD,2005-07-28 19:54:55.000,1.212500,1.212800,D
173258610,EUR/USD,2005-07-28 19:55:04.000,1.212400,1.212700,D
173258639,EUR/USD,2005-07-28 19:55:13.000,1.212500,1.212800,D
173258646,EUR/USD,2005-07-28 19:55:14.000,1.212400,1.212700,D
173258652,EUR/USD,2005-07-28 19:55:15.000,1.212500,1.212800,D
173258661,EUR/USD,2005-07-28 19:55:18.000,1.212400,1.212700,D
173258676,EUR/USD,2005-07-28 19:55:21.000,1.212500,1.212800,D
173258714,EUR/USD,2005-07-28 19:55:42.000,1.212400,1.212700,D
173258729,EUR/USD,2005-07-28 19:55:58.000,1.212500,1.212800,D
173258763,EUR/USD,2005-07-28 19:56:19.000,1.212600,1.212900,D
173258796,EUR/USD,2005-07-28 19:56:40.000,1.212700,1.213000,D
173258830,EUR/USD,2005-07-28 19:57:05.000,1.212800,1.213100,D
173258839,EUR/USD,2005-07-28 19:57:07.000,1.212700,1.213000,D
173258923,EUR/USD,2005-07-28 19:58:57.000,1.212800,1.213100,D
173258930,EUR/USD,2005-07-28 19:58:59.000,1.212700,1.213000,D
173258937,EUR/USD,2005-07-28 19:59:04.000,1.212800,1.213100,D
173258944,EUR/USD,2005-07-28 19:59:11.000,1.212700,1.213000,D
173258948,EUR/USD,2005-07-28 19:59:20.000,1.212800,1.213100,D
173258967,EUR/USD,2005-07-28 20:00:18.000,1.212700,1.213000,D
173258993,EUR/USD,2005-07-28 20:01:13.000,1.212800,1.213100,D
173259001,EUR/USD,2005-07-28 20:01:30.000,1.212700,1.213000,D
173259017,EUR/USD,2005-07-28 20:01:40.000,1.212600,1.212900,D
173259022,EUR/USD,2005-07-28 20:01:42.000,1.212700,1.213000,D
173259028,EUR/USD,2005-07-28 20:01:44.000,1.212600,1.212900,D
173259038,EUR/USD,2005-07-28 20:01:51.000,1.212700,1.213000,D
173259048,EUR/USD,2005-07-28 20:02:13.000,1.212600,1.212900,D
173259074,EUR/USD,2005-07-28 20:02:31.000,1.212500,1.212800,D
173259103,EUR/USD,2005-07-28 20:02:59.000,1.212600,1.212900,D
173259124,EUR/USD,2005-07-28 20:03:20.000,1.212500,1.212800,D
173259129,EUR/USD,2005-07-28 20:03:21.000,1.212600,1.212900,D
173259133,EUR/USD,2005-07-28 20:03:24.000,1.212500,1.212800,D
173259136,EUR/USD,2005-07-28 20:03:26.000,1.212600,1.212900,D
173259147,EUR/USD,2005-07-28 20:03:30.000,1.212500,1.212800,D
173259152,EUR/USD,2005-07-28 20:03:32.000,1.212600,1.212900,D
173259155,EUR/USD,2005-07-28 20:03:33.000,1.212500,1.212800,D
173259162,EUR/USD,2005-07-28 20:03:45.000,1.212600,1.212900,D
173259186,EUR/USD,2005-07-28 20:04:12.000,1.212700,1.213000,D
173259228,EUR/USD,2005-07-28 20:04:34.000,1.212800,1.213100,D
173259237,EUR/USD,2005-07-28 20:04:47.000,1.213000,1.213300,D
173259246,EUR/USD,2005-07-28 20:04:47.000,1.212900,1.213200,D
173259263,EUR/USD,2005-07-28 20:04:51.000,1.212800,1.213100,D
173259269,EUR/USD,2005-07-28 20:04:59.000,1.212900,1.213200,D
173259295,EUR/USD,2005-07-28 20:05:13.000,1.213000,1.213300,D
173259334,EUR/USD,2005-07-28 20:05:36.000,1.213100,1.213400,D
173259395,EUR/USD,2005-07-28 20:05:56.000,1.213200,1.213500,D
173259408,EUR/USD,2005-07-28 20:05:59.000,1.213300,1.213600,D
173259412,EUR/USD,2005-07-28 20:06:00.000,1.213200,1.213500,D
173259418,EUR/USD,2005-07-28 20:06:01.000,1.213300,1.213600,D
173259600,EUR/USD,2005-07-28 20:07:12.000,1.213200,1.213500,D
173259606,EUR/USD,2005-07-28 20:07:15.000,1.213300,1.213600,D
173259628,EUR/USD,2005-07-28 20:07:19.000,1.213200,1.213500,D
173259634,EUR/USD,2005-07-28 20:07:21.000,1.213300,1.213600,D
173259638,EUR/USD,2005-07-28 20:07:24.000,1.213200,1.213500,D
173259641,EUR/USD,2005-07-28 20:07:28.000,1.213300,1.213600,D
173259646,EUR/USD,2005-07-28 20:07:30.000,1.213200,1.213500,D
173259651,EUR/USD,2005-07-28 20:07:32.000,1.213300,1.213600,D
173259665,EUR/USD,2005-07-28 20:07:41.000,1.213200,1.213500,D
173259673,EUR/USD,2005-07-28 20:07:43.000,1.213300,1.213600,D
173259676,EUR/USD,2005-07-28 20:07:47.000,1.213200,1.213500,D
173259710,EUR/USD,2005-07-28 20:08:08.000,1.213100,1.213400,D
173259719,EUR/USD,2005-07-28 20:08:13.000,1.213200,1.213500,D
173259738,EUR/USD,2005-07-28 20:08:32.000,1.213100,1.213400,D
173259744,EUR/USD,2005-07-28 20:08:34.000,1.213200,1.213500,D
173259758,EUR/USD,2005-07-28 20:08:47.000,1.213100,1.213400,D
173259778,EUR/USD,2005-07-28 20:08:55.000,1.213200,1.213500,D
173259780,EUR/USD,2005-07-28 20:08:59.000,1.213100,1.213400,D
173259843,EUR/USD,2005-07-28 20:09:40.000,1.213200,1.213500,D
173259846,EUR/USD,2005-07-28 20:09:43.000,1.213100,1.213400,D
173259852,EUR/USD,2005-07-28 20:09:45.000,1.213200,1.213500,D
173259855,EUR/USD,2005-07-28 20:09:49.000,1.213100,1.213400,D
173259865,EUR/USD,2005-07-28 20:09:59.000,1.213200,1.213500,D
173259875,EUR/USD,2005-07-28 20:10:06.000,1.213100,1.213400,D
173259878,EUR/USD,2005-07-28 20:10:10.000,1.213200,1.213500,D
173259903,EUR/USD,2005-07-28 20:10:36.000,1.213100,1.213400,D
173259911,EUR/USD,2005-07-28 20:10:40.000,1.213200,1.213500,D
173259919,EUR/USD,2005-07-28 20:10:41.000,1.213100,1.213400,D
173259945,EUR/USD,2005-07-28 20:11:02.000,1.213200,1.213500,D
173259975,EUR/USD,2005-07-28 20:11:18.000,1.213100,1.213400,D
173259991,EUR/USD,2005-07-28 20:11:42.000,1.213000,1.213300,D
173260004,EUR/USD,2005-07-28 20:11:47.000,1.213100,1.213400,D
173260034,EUR/USD,2005-07-28 20:11:55.000,1.213200,1.213500,D
173260092,EUR/USD,2005-07-28 20:12:47.000,1.213100,1.213400,D
173260095,EUR/USD,2005-07-28 20:12:57.000,1.213200,1.213500,D
173260097,EUR/USD,2005-07-28 20:13:02.000,1.213100,1.213400,D
173260103,EUR/USD,2005-07-28 20:13:03.000,1.213000,1.213300,D
173260107,EUR/USD,2005-07-28 20:13:05.000,1.213100,1.213400,D
173260125,EUR/USD,2005-07-28 20:13:22.000,1.213200,1.213500,D
173260133,EUR/USD,2005-07-28 20:13:30.000,1.213100,1.213400,D
173260167,EUR/USD,2005-07-28 20:15:10.000,1.213200,1.213500,D
173260196,EUR/USD,2005-07-28 20:15:41.000,1.213100,1.213400,D
173260221,EUR/USD,2005-07-28 20:16:41.000,1.213200,1.213500,D
173260231,EUR/USD,2005-07-28 20:16:47.000,1.213100,1.213400,D
173260234,EUR/USD,2005-07-28 20:16:48.000,1.213200,1.213500,D
173260284,EUR/USD,2005-07-28 20:18:03.000,1.213300,1.213600,D
173260292,EUR/USD,2005-07-28 20:18:10.000,1.213200,1.213500,D
173260296,EUR/USD,2005-07-28 20:18:15.000,1.213300,1.213600,D
173260336,EUR/USD,2005-07-28 20:18:47.000,1.213400,1.213700,D
173260387,EUR/USD,2005-07-28 20:19:21.000,1.213500,1.213800,D
173260403,EUR/USD,2005-07-28 20:19:25.000,1.213400,1.213700,D
173260431,EUR/USD,2005-07-28 20:19:42.000,1.213300,1.213600,D
173260463,EUR/USD,2005-07-28 20:19:56.000,1.213200,1.213500,D
173260470,EUR/USD,2005-07-28 20:20:05.000,1.213300,1.213600,D
173260471,EUR/USD,2005-07-28 20:20:05.000,1.213400,1.213700,D
173260478,EUR/USD,2005-07-28 20:20:09.000,1.213300,1.213600,D
173260508,EUR/USD,2005-07-28 20:20:23.000,1.213400,1.213700,D
173260520,EUR/USD,2005-07-28 20:20:40.000,1.213300,1.213600,D
173260527,EUR/USD,2005-07-28 20:20:41.000,1.213400,1.213700,D
173260568,EUR/USD,2005-07-28 20:21:04.000,1.213500,1.213800,D
173260574,EUR/USD,2005-07-28 20:21:08.000,1.213400,1.213700,D
173260608,EUR/USD,2005-07-28 20:21:48.000,1.213300,1.213600,D
173260611,EUR/USD,2005-07-28 20:21:51.000,1.213400,1.213700,D
173260627,EUR/USD,2005-07-28 20:22:16.000,1.213500,1.213800,D
173260647,EUR/USD,2005-07-28 20:22:27.000,1.213400,1.213700,D
173260682,EUR/USD,2005-07-28 20:23:18.000,1.213500,1.213800,D
173260693,EUR/USD,2005-07-28 20:23:22.000,1.213400,1.213700,D
173260697,EUR/USD,2005-07-28 20:23:25.000,1.213300,1.213600,D
173260700,EUR/USD,2005-07-28 20:23:26.000,1.213400,1.213700,D
173260705,EUR/USD,2005-07-28 20:23:28.000,1.213300,1.213600,D
173260709,EUR/USD,2005-07-28 20:23:28.000,1.213400,1.213700,D
173260714,EUR/USD,2005-07-28 20:23:30.000,1.213500,1.213800,D
173260720,EUR/USD,2005-07-28 20:23:32.000,1.213400,1.213700,D
173260725,EUR/USD,2005-07-28 20:23:34.000,1.213500,1.213800,D
173260728,EUR/USD,2005-07-28 20:23:40.000,1.213400,1.213700,D
173260731,EUR/USD,2005-07-28 20:23:42.000,1.213500,1.213800,D
173260737,EUR/USD,2005-07-28 20:23:45.000,1.213400,1.213700,D
173260742,EUR/USD,2005-07-28 20:23:46.000,1.213500,1.213800,D
173260750,EUR/USD,2005-07-28 20:23:52.000,1.213400,1.213700,D
173260752,EUR/USD,2005-07-28 20:23:52.000,1.213500,1.213800,D
173260777,EUR/USD,2005-07-28 20:24:07.000,1.213400,1.213700,D
173260863,EUR/USD,2005-07-28 20:24:59.000,1.213500,1.213800,D
173260904,EUR/USD,2005-07-28 20:25:50.000,1.213400,1.213700,D
173260911,EUR/USD,2005-07-28 20:25:53.000,1.213500,1.213800,D
173260990,EUR/USD,2005-07-28 20:26:48.000,1.213400,1.213700,D
173260999,EUR/USD,2005-07-28 20:26:53.000,1.213500,1.213800,D
173261012,EUR/USD,2005-07-28 20:27:06.000,1.213400,1.213700,D
173261018,EUR/USD,2005-07-28 20:27:07.000,1.213300,1.213600,D
173261025,EUR/USD,2005-07-28 20:27:08.000,1.213400,1.213700,D
173261034,EUR/USD,2005-07-28 20:27:09.000,1.213500,1.213800,D
173261040,EUR/USD,2005-07-28 20:27:10.000,1.213400,1.213700,D
173261046,EUR/USD,2005-07-28 20:27:11.000,1.213300,1.213600,D
173261049,EUR/USD,2005-07-28 20:27:11.000,1.213400,1.213700,D
173261066,EUR/USD,2005-07-28 20:27:18.000,1.213500,1.213800,D
173261188,EUR/USD,2005-07-28 20:28:52.000,1.213600,1.213900,D
173261221,EUR/USD,2005-07-28 20:29:20.000,1.213500,1.213800,D
173261231,EUR/USD,2005-07-28 20:29:34.000,1.213600,1.213900,D
173261453,EUR/USD,2005-07-28 20:32:36.000,1.213500,1.213800,D
173261497,EUR/USD,2005-07-28 20:33:33.000,1.213600,1.213900,D
173261617,EUR/USD,2005-07-28 20:35:47.000,1.213500,1.213800,D
173261621,EUR/USD,2005-07-28 20:35:48.000,1.213600,1.213900,D
173261659,EUR/USD,2005-07-28 20:36:05.000,1.213500,1.213800,D
173261844,EUR/USD,2005-07-28 20:38:17.000,1.213400,1.213700,D
173261852,EUR/USD,2005-07-28 20:38:21.000,1.213300,1.213600,D
173261867,EUR/USD,2005-07-28 20:38:27.000,1.213400,1.213700,D
173261872,EUR/USD,2005-07-28 20:38:28.000,1.213500,1.213800,D
173261878,EUR/USD,2005-07-28 20:38:33.000,1.213400,1.213700,D
173261882,EUR/USD,2005-07-28 20:38:34.000,1.213300,1.213600,D
173261883,EUR/USD,2005-07-28 20:38:40.000,1.213400,1.213700,D
173261927,EUR/USD,2005-07-28 20:39:03.000,1.213500,1.213800,D
173261938,EUR/USD,2005-07-28 20:39:05.000,1.213600,1.213900,D
173261944,EUR/USD,2005-07-28 20:39:07.000,1.213500,1.213800,D
173261987,EUR/USD,2005-07-28 20:39:33.000,1.213400,1.213700,D
173261996,EUR/USD,2005-07-28 20:39:42.000,1.213500,1.213800,D
173262006,EUR/USD,2005-07-28 20:39:45.000,1.213400,1.213700,D
173262016,EUR/USD,2005-07-28 20:39:47.000,1.213500,1.213800,D
173262072,EUR/USD,2005-07-28 20:40:26.000,1.213400,1.213700,D
173262092,EUR/USD,2005-07-28 20:40:55.000,1.213500,1.213800,D
173262099,EUR/USD,2005-07-28 20:40:59.000,1.213400,1.213700,D
173262103,EUR/USD,2005-07-28 20:41:01.000,1.213500,1.213800,D
173262110,EUR/USD,2005-07-28 20:41:05.000,1.213400,1.213700,D
173262114,EUR/USD,2005-07-28 20:41:08.000,1.213500,1.213800,D
173262122,EUR/USD,2005-07-28 20:41:12.000,1.213400,1.213700,D
173262126,EUR/USD,2005-07-28 20:41:22.000,1.213500,1.213800,D
173262130,EUR/USD,2005-07-28 20:41:25.000,1.213400,1.213700,D
173262131,EUR/USD,2005-07-28 20:41:26.000,1.213500,1.213800,D
173262139,EUR/USD,2005-07-28 20:41:30.000,1.213600,1.213900,D
173262150,EUR/USD,2005-07-28 20:41:36.000,1.213500,1.213800,D
173262174,EUR/USD,2005-07-28 20:41:41.000,1.213600,1.213900,D
173262176,EUR/USD,2005-07-28 20:41:44.000,1.213500,1.213800,D
173262198,EUR/USD,2005-07-28 20:42:09.000,1.213600,1.213900,D
173262200,EUR/USD,2005-07-28 20:42:14.000,1.213500,1.213800,D
173262243,EUR/USD,2005-07-28 20:42:41.000,1.213600,1.213900,D
173262254,EUR/USD,2005-07-28 20:42:44.000,1.213700,1.214000,D
173262260,EUR/USD,2005-07-28 20:42:46.000,1.213600,1.213900,D
173262278,EUR/USD,2005-07-28 20:42:58.000,1.213500,1.213800,D
173262290,EUR/USD,2005-07-28 20:43:00.000,1.213600,1.213900,D
173262411,EUR/USD,2005-07-28 20:43:50.000,1.213700,1.214000,D
173262418,EUR/USD,2005-07-28 20:43:51.000,1.213600,1.213900,D
173262440,EUR/USD,2005-07-28 20:43:58.000,1.213700,1.214000,D
173262466,EUR/USD,2005-07-28 20:44:09.000,1.213600,1.213900,D
173262471,EUR/USD,2005-07-28 20:44:10.000,1.213700,1.214000,D
173262504,EUR/USD,2005-07-28 20:44:33.000,1.213800,1.214100,D
173262554,EUR/USD,2005-07-28 20:44:46.000,1.213900,1.214200,D
173262557,EUR/USD,2005-07-28 20:44:46.000,1.213800,1.214100,D
173262565,EUR/USD,2005-07-28 20:44:49.000,1.213900,1.214200,D
173262566,EUR/USD,2005-07-28 20:44:50.000,1.213800,1.214100,D
173262568,EUR/USD,2005-07-28 20:44:52.000,1.213700,1.214000,D
173262573,EUR/USD,2005-07-28 20:44:53.000,1.213800,1.214100,D
173262575,EUR/USD,2005-07-28 20:44:55.000,1.213700,1.214000,D
173262621,EUR/USD,2005-07-28 20:45:38.000,1.213800,1.214100,D
173262625,EUR/USD,2005-07-28 20:45:39.000,1.213700,1.214000,D
173262653,EUR/USD,2005-07-28 20:46:07.000,1.213800,1.214100,D
173262749,EUR/USD,2005-07-28 20:47:20.000,1.213900,1.214200,D
173262760,EUR/USD,2005-07-28 20:47:22.000,1.213800,1.214100,D
173262763,EUR/USD,2005-07-28 20:47:23.000,1.213900,1.214200,D
173262770,EUR/USD,2005-07-28 20:47:25.000,1.214000,1.214300,D
173262773,EUR/USD,2005-07-28 20:47:25.000,1.213900,1.214200,D
173262779,EUR/USD,2005-07-28 20:47:26.000,1.213800,1.214100,D
173262782,EUR/USD,2005-07-28 20:47:29.000,1.213900,1.214200,D
173262800,EUR/USD,2005-07-28 20:47:37.000,1.213800,1.214100,D
173262806,EUR/USD,2005-07-28 20:47:39.000,1.213900,1.214200,D
173262825,EUR/USD,2005-07-28 20:47:53.000,1.213800,1.214100,D
173262842,EUR/USD,2005-07-28 20:48:03.000,1.213700,1.214000,D
173262912,EUR/USD,2005-07-28 20:49:05.000,1.213600,1.213900,D
173262961,EUR/USD,2005-07-28 20:49:43.000,1.213700,1.214000,D
173263024,EUR/USD,2005-07-28 20:50:21.000,1.213600,1.213900,D
173263028,EUR/USD,2005-07-28 20:50:22.000,1.213700,1.214000,D
173263039,EUR/USD,2005-07-28 20:50:24.000,1.213600,1.213900,D
173263073,EUR/USD,2005-07-28 20:50:41.000,1.213700,1.214000,D
173263084,EUR/USD,2005-07-28 20:50:47.000,1.213600,1.213900,D
173263092,EUR/USD,2005-07-28 20:50:48.000,1.213500,1.213800,D
173263133,EUR/USD,2005-07-28 20:51:14.000,1.213400,1.213700,D
173263135,EUR/USD,2005-07-28 20:51:16.000,1.213500,1.213800,D
173263138,EUR/USD,2005-07-28 20:51:18.000,1.213400,1.213700,D
173263177,EUR/USD,2005-07-28 20:51:33.000,1.213300,1.213600,D
173263239,EUR/USD,2005-07-28 20:52:02.000,1.213400,1.213700,D
173263253,EUR/USD,2005-07-28 20:52:07.000,1.213500,1.213800,D
173263274,EUR/USD,2005-07-28 20:52:11.000,1.213400,1.213700,D
173263286,EUR/USD,2005-07-28 20:52:15.000,1.213500,1.213800,D
173263289,EUR/USD,2005-07-28 20:52:19.000,1.213400,1.213700,D
173263312,EUR/USD,2005-07-28 20:52:34.000,1.213300,1.213600,D
173263314,EUR/USD,2005-07-28 20:52:35.000,1.213400,1.213700,D
173263349,EUR/USD,2005-07-28 20:52:50.000,1.213300,1.213600,D
173263356,EUR/USD,2005-07-28 20:52:52.000,1.213400,1.213700,D
173263374,EUR/USD,2005-07-28 20:52:55.000,1.213300,1.213600,D
173263384,EUR/USD,2005-07-28 20:53:01.000,1.213400,1.213700,D
173263392,EUR/USD,2005-07-28 20:53:09.000,1.213300,1.213600,D
173263437,EUR/USD,2005-07-28 20:53:28.000,1.213200,1.213500,D
173263500,EUR/USD,2005-07-28 20:53:40.000,1.213100,1.213400,D
173263553,EUR/USD,2005-07-28 20:53:51.000,1.213000,1.213300,D
173263571,EUR/USD,2005-07-28 20:53:56.000,1.212900,1.213200,D
173263578,EUR/USD,2005-07-28 20:53:57.000,1.212800,1.213100,D
173263591,EUR/USD,2005-07-28 20:53:58.000,1.212900,1.213200,D
173263601,EUR/USD,2005-07-28 20:54:00.000,1.212800,1.213100,D
173263653,EUR/USD,2005-07-28 20:54:15.000,1.212900,1.213200,D
173263671,EUR/USD,2005-07-28 20:54:18.000,1.212800,1.213100,D
173263677,EUR/USD,2005-07-28 20:54:18.000,1.212900,1.213200,D
173263687,EUR/USD,2005-07-28 20:54:19.000,1.212800,1.213100,D
173263705,EUR/USD,2005-07-28 20:54:26.000,1.212900,1.213200,D
173263732,EUR/USD,2005-07-28 20:54:33.000,1.213000,1.213300,D
173263752,EUR/USD,2005-07-28 20:54:36.000,1.212900,1.213200,D
173263755,EUR/USD,2005-07-28 20:54:37.000,1.213000,1.213300,D
173263762,EUR/USD,2005-07-28 20:54:39.000,1.212900,1.213200,D
173263823,EUR/USD,2005-07-28 20:54:50.000,1.212800,1.213100,D
173263829,EUR/USD,2005-07-28 20:54:51.000,1.212900,1.213200,D
173263843,EUR/USD,2005-07-28 20:54:53.000,1.212800,1.213100,D
173263870,EUR/USD,2005-07-28 20:55:00.000,1.212900,1.213200,D
173263881,EUR/USD,2005-07-28 20:55:00.000,1.213000,1.213300,D
173263887,EUR/USD,2005-07-28 20:55:01.000,1.212900,1.213200,D
173263891,EUR/USD,2005-07-28 20:55:01.000,1.212800,1.213100,D
173263898,EUR/USD,2005-07-28 20:55:01.000,1.212900,1.213200,D
173263944,EUR/USD,2005-07-28 20:55:05.000,1.213000,1.213300,D
173263956,EUR/USD,2005-07-28 20:55:06.000,1.213100,1.213400,D
173263979,EUR/USD,2005-07-28 20:55:07.000,1.213200,1.213500,D
173263995,EUR/USD,2005-07-28 20:55:10.000,1.213100,1.213400,D
173264002,EUR/USD,2005-07-28 20:55:11.000,1.213000,1.213300,D
173264020,EUR/USD,2005-07-28 20:55:12.000,1.213100,1.213400,D
173264026,EUR/USD,2005-07-28 20:55:13.000,1.213200,1.213500,D
173264044,EUR/USD,2005-07-28 20:55:17.000,1.213100,1.213400,D
173264079,EUR/USD,2005-07-28 20:55:23.000,1.213000,1.213300,D
173264083,EUR/USD,2005-07-28 20:55:23.000,1.213100,1.213400,D
173264128,EUR/USD,2005-07-28 20:55:29.000,1.213000,1.213300,D
173264132,EUR/USD,2005-07-28 20:55:29.000,1.213100,1.213400,D
173264135,EUR/USD,2005-07-28 20:55:30.000,1.213000,1.213300,D
173264146,EUR/USD,2005-07-28 20:55:33.000,1.213100,1.213400,D
173264156,EUR/USD,2005-07-28 20:55:35.000,1.213000,1.213300,D
173264168,EUR/USD,2005-07-28 20:55:36.000,1.213100,1.213400,D
173264196,EUR/USD,2005-07-28 20:55:40.000,1.213000,1.213300,D
173264212,EUR/USD,2005-07-28 20:55:46.000,1.212900,1.213200,D
173264221,EUR/USD,2005-07-28 20:55:47.000,1.213000,1.213300,D
173264226,EUR/USD,2005-07-28 20:55:48.000,1.212900,1.213200,D
173264243,EUR/USD,2005-07-28 20:55:55.000,1.213000,1.213300,D
173264257,EUR/USD,2005-07-28 20:56:00.000,1.212900,1.213200,D
173264264,EUR/USD,2005-07-28 20:56:02.000,1.213000,1.213300,D
173264283,EUR/USD,2005-07-28 20:56:08.000,1.212900,1.213200,D
173264286,EUR/USD,2005-07-28 20:56:10.000,1.213000,1.213300,D
173264296,EUR/USD,2005-07-28 20:56:12.000,1.212900,1.213200,D
173264310,EUR/USD,2005-07-28 20:56:14.000,1.212800,1.213100,D
173264314,EUR/USD,2005-07-28 20:56:18.000,1.213000,1.213300,D
173264319,EUR/USD,2005-07-28 20:56:20.000,1.212900,1.213200,D
173264355,EUR/USD,2005-07-28 20:56:34.000,1.213000,1.213300,D
173264356,EUR/USD,2005-07-28 20:56:34.000,1.213100,1.213400,D
173264362,EUR/USD,2005-07-28 20:56:35.000,1.213200,1.213500,D
173264368,EUR/USD,2005-07-28 20:56:38.000,1.213100,1.213400,D
173264401,EUR/USD,2005-07-28 20:56:52.000,1.213200,1.213500,D
173264433,EUR/USD,2005-07-28 20:56:58.000,1.213100,1.213400,D
173264439,EUR/USD,2005-07-28 20:57:00.000,1.213200,1.213500,D
173264442,EUR/USD,2005-07-28 20:57:00.000,1.213100,1.213400,D
173264448,EUR/USD,2005-07-28 20:57:01.000,1.213200,1.213500,D
173264455,EUR/USD,2005-07-28 20:57:03.000,1.213100,1.213400,D
173264460,EUR/USD,2005-07-28 20:57:03.000,1.213200,1.213500,D
173264480,EUR/USD,2005-07-28 20:57:10.000,1.213100,1.213400,D
173264490,EUR/USD,2005-07-28 20:57:12.000,1.213200,1.213500,D
173264503,EUR/USD,2005-07-28 20:57:14.000,1.213100,1.213400,D
173264513,EUR/USD,2005-07-28 20:57:19.000,1.213200,1.213500,D
173264515,EUR/USD,2005-07-28 20:57:21.000,1.213100,1.213400,D
173264538,EUR/USD,2005-07-28 20:57:26.000,1.213000,1.213300,D
173264543,EUR/USD,2005-07-28 20:57:30.000,1.213100,1.213400,D
173264544,EUR/USD,2005-07-28 20:57:31.000,1.213000,1.213300,D
173264546,EUR/USD,2005-07-28 20:57:37.000,1.213100,1.213400,D
173264554,EUR/USD,2005-07-28 20:57:40.000,1.213300,1.213600,D
173264563,EUR/USD,2005-07-28 20:57:45.000,1.213200,1.213500,D
173264566,EUR/USD,2005-07-28 20:57:46.000,1.213100,1.213400,D
173264575,EUR/USD,2005-07-28 20:57:48.000,1.213200,1.213500,D
173264576,EUR/USD,2005-07-28 20:57:48.000,1.213300,1.213600,D
173264601,EUR/USD,2005-07-28 20:57:58.000,1.213200,1.213500,D
173264611,EUR/USD,2005-07-28 20:58:02.000,1.213300,1.213600,D
173264624,EUR/USD,2005-07-28 20:58:06.000,1.213400,1.213700,D
173264626,EUR/USD,2005-07-28 20:58:07.000,1.213500,1.213800,D
173264630,EUR/USD,2005-07-28 20:58:08.000,1.213400,1.213700,D
173264633,EUR/USD,2005-07-28 20:58:08.000,1.213300,1.213600,D
173264656,EUR/USD,2005-07-28 20:58:15.000,1.213400,1.213700,D
173264661,EUR/USD,2005-07-28 20:58:15.000,1.213300,1.213600,D
173264663,EUR/USD,2005-07-28 20:58:15.000,1.213400,1.213700,D
173264668,EUR/USD,2005-07-28 20:58:16.000,1.213300,1.213600,D
173264679,EUR/USD,2005-07-28 20:58:25.000,1.213400,1.213700,D
173264717,EUR/USD,2005-07-28 20:58:47.000,1.213500,1.213800,D
173264721,EUR/USD,2005-07-28 20:58:48.000,1.213400,1.213700,D
173264740,EUR/USD,2005-07-28 20:58:55.000,1.213500,1.213800,D
173264754,EUR/USD,2005-07-28 20:58:59.000,1.213400,1.213700,D
173264804,EUR/USD,2005-07-28 20:59:43.000,1.213500,1.213800,D
173264826,EUR/USD,2005-07-28 21:00:00.000,1.213600,1.213900,D
173264849,EUR/USD,2005-07-28 21:00:14.000,1.213500,1.213800,D
173264852,EUR/USD,2005-07-28 21:00:15.000,1.213400,1.213700,D
173264861,EUR/USD,2005-07-28 21:00:21.000,1.213500,1.213800,D
173264881,EUR/USD,2005-07-28 21:00:28.000,1.213400,1.213700,D
173264923,EUR/USD,2005-07-28 21:00:53.000,1.213500,1.213800,D
173264931,EUR/USD,2005-07-28 21:00:54.000,1.213400,1.213700,D
173264935,EUR/USD,2005-07-28 21:00:55.000,1.213500,1.213800,D
173264940,EUR/USD,2005-07-28 21:00:55.000,1.213600,1.213900,D
173264944,EUR/USD,2005-07-28 21:00:55.000,1.213500,1.213800,D
173264968,EUR/USD,2005-07-28 21:01:02.000,1.213600,1.213900,D
173265018,EUR/USD,2005-07-28 21:01:13.000,1.213700,1.214000,D
173265076,EUR/USD,2005-07-28 21:01:42.000,1.213600,1.213900,D
173265101,EUR/USD,2005-07-28 21:01:48.000,1.213500,1.213800,D
173265108,EUR/USD,2005-07-28 21:01:50.000,1.213400,1.213700,D
173265113,EUR/USD,2005-07-28 21:01:51.000,1.213500,1.213800,D
173265136,EUR/USD,2005-07-28 21:02:03.000,1.213400,1.213700,D
173265140,EUR/USD,2005-07-28 21:02:03.000,1.213300,1.213600,D
173265153,EUR/USD,2005-07-28 21:02:06.000,1.213400,1.213700,D
173265185,EUR/USD,2005-07-28 21:02:13.000,1.213300,1.213600,D
173265206,EUR/USD,2005-07-28 21:02:17.000,1.213400,1.213700,D
173265212,EUR/USD,2005-07-28 21:02:18.000,1.213500,1.213700,D
173265217,EUR/USD,2005-07-28 21:02:18.000,1.213600,1.213900,D
173265222,EUR/USD,2005-07-28 21:02:21.000,1.213500,1.213800,D
173265225,EUR/USD,2005-07-28 21:02:22.000,1.213400,1.213700,D
173265232,EUR/USD,2005-07-28 21:02:25.000,1.213500,1.213800,D
173265236,EUR/USD,2005-07-28 21:02:28.000,1.213600,1.213900,D
173265256,EUR/USD,2005-07-28 21:02:47.000,1.213500,1.213800,D
173265315,EUR/USD,2005-07-28 21:03:17.000,1.213400,1.213700,D
173265320,EUR/USD,2005-07-28 21:03:19.000,1.213500,1.213800,D
173265324,EUR/USD,2005-07-28 21:03:20.000,1.213600,1.213900,D
173265335,EUR/USD,2005-07-28 21:03:24.000,1.213500,1.213800,D
173265358,EUR/USD,2005-07-28 21:03:40.000,1.213400,1.213700,D
173265426,EUR/USD,2005-07-28 21:04:25.000,1.213500,1.213800,D
173265474,EUR/USD,2005-07-28 21:05:17.000,1.213600,1.213900,D
173265478,EUR/USD,2005-07-28 21:05:20.000,1.213500,1.213800,D
173265492,EUR/USD,2005-07-28 21:05:26.000,1.213600,1.213900,D
173265523,EUR/USD,2005-07-28 21:05:53.000,1.213500,1.213800,D
173265539,EUR/USD,2005-07-28 21:06:02.000,1.213400,1.213700,D
173265545,EUR/USD,2005-07-28 21:06:02.000,1.213500,1.213800,D
173265660,EUR/USD,2005-07-28 21:06:40.000,1.213600,1.213900,D
173265722,EUR/USD,2005-07-28 21:06:56.000,1.213500,1.213800,D
173265795,EUR/USD,2005-07-28 21:07:25.000,1.213600,1.213900,D
173265885,EUR/USD,2005-07-28 21:08:21.000,1.213500,1.213800,D
173265922,EUR/USD,2005-07-28 21:08:50.000,1.213400,1.213700,D
173266201,EUR/USD,2005-07-28 21:11:32.000,1.213300,1.213600,D
173266242,EUR/USD,2005-07-28 21:11:48.000,1.213200,1.213500,D
173266323,EUR/USD,2005-07-28 21:12:57.000,1.213400,1.213700,D
173266330,EUR/USD,2005-07-28 21:12:59.000,1.213300,1.213600,D
173266398,EUR/USD,2005-07-28 21:14:38.000,1.213200,1.213500,D
173266409,EUR/USD,2005-07-28 21:14:41.000,1.213300,1.213600,D
173266440,EUR/USD,2005-07-28 21:14:57.000,1.213200,1.213500,D
173266448,EUR/USD,2005-07-28 21:14:58.000,1.213300,1.213600,D
173266499,EUR/USD,2005-07-28 21:15:24.000,1.213200,1.213500,D
173266510,EUR/USD,2005-07-28 21:15:27.000,1.213300,1.213600,D
173266624,EUR/USD,2005-07-28 21:17:18.000,1.213400,1.213700,D
173266722,EUR/USD,2005-07-28 21:18:47.000,1.213500,1.213800,D
173266726,EUR/USD,2005-07-28 21:18:48.000,1.213400,1.213700,D
173266811,EUR/USD,2005-07-28 21:21:16.000,1.213500,1.213800,D
173266858,EUR/USD,2005-07-28 21:22:58.000,1.213600,1.213900,D
173266882,EUR/USD,2005-07-28 21:23:04.000,1.213500,1.213800,D
173266972,EUR/USD,2005-07-28 21:23:59.000,1.213400,1.213700,D
173266979,EUR/USD,2005-07-28 21:24:01.000,1.213500,1.213800,D
173266992,EUR/USD,2005-07-28 21:24:03.000,1.213400,1.213700,D
173267001,EUR/USD,2005-07-28 21:24:07.000,1.213500,1.213800,D
173267054,EUR/USD,2005-07-28 21:24:48.000,1.213600,1.213900,D
173267072,EUR/USD,2005-07-28 21:24:56.000,1.213500,1.213800,D
173267077,EUR/USD,2005-07-28 21:24:57.000,1.213600,1.213900,D
173267133,EUR/USD,2005-07-28 21:25:18.000,1.213500,1.213800,D
173267136,EUR/USD,2005-07-28 21:25:18.000,1.213600,1.213900,D
173267188,EUR/USD,2005-07-28 21:25:38.000,1.213500,1.213800,D
173267198,EUR/USD,2005-07-28 21:25:39.000,1.213600,1.213900,D
173267233,EUR/USD,2005-07-28 21:25:50.000,1.213500,1.213800,D
173267241,EUR/USD,2005-07-28 21:25:52.000,1.213600,1.213900,D
173267403,EUR/USD,2005-07-28 21:27:53.000,1.213500,1.213800,D
173267404,EUR/USD,2005-07-28 21:27:55.000,1.213600,1.213900,D
173267422,EUR/USD,2005-07-28 21:28:14.000,1.213500,1.213800,D
173267426,EUR/USD,2005-07-28 21:28:16.000,1.213600,1.213900,D
173267436,EUR/USD,2005-07-28 21:28:33.000,1.213700,1.214000,D
173267446,EUR/USD,2005-07-28 21:28:35.000,1.213600,1.213900,D
173267448,EUR/USD,2005-07-28 21:28:36.000,1.213700,1.214000,D
173267457,EUR/USD,2005-07-28 21:28:41.000,1.213600,1.213900,D
173267464,EUR/USD,2005-07-28 21:28:43.000,1.213700,1.214000,D
173267477,EUR/USD,2005-07-28 21:28:48.000,1.213800,1.214100,D
173267482,EUR/USD,2005-07-28 21:28:55.000,1.213700,1.214000,D
173267490,EUR/USD,2005-07-28 21:28:58.000,1.213600,1.213900,D
173267518,EUR/USD,2005-07-28 21:29:06.000,1.213700,1.214000,D
173267594,EUR/USD,2005-07-28 21:29:43.000,1.213600,1.213900,D
173267690,EUR/USD,2005-07-28 21:30:49.000,1.213700,1.214000,D
173267708,EUR/USD,2005-07-28 21:30:53.000,1.213600,1.213900,D
173267711,EUR/USD,2005-07-28 21:30:54.000,1.213700,1.214000,D
173267757,EUR/USD,2005-07-28 21:31:21.000,1.213600,1.213900,D
173267775,EUR/USD,2005-07-28 21:31:49.000,1.213700,1.214000,D
173267819,EUR/USD,2005-07-28 21:32:30.000,1.213800,1.214100,D
173267840,EUR/USD,2005-07-28 21:33:04.000,1.213900,1.214200,D
173267844,EUR/USD,2005-07-28 21:33:09.000,1.213800,1.214100,D
173267860,EUR/USD,2005-07-28 21:33:21.000,1.213900,1.214200,D
173267873,EUR/USD,2005-07-28 21:33:27.000,1.213800,1.214100,D
173267879,EUR/USD,2005-07-28 21:33:27.000,1.213900,1.214200,D
173267880,EUR/USD,2005-07-28 21:33:32.000,1.213800,1.214100,D
173267882,EUR/USD,2005-07-28 21:33:34.000,1.213900,1.214200,D
173267915,EUR/USD,2005-07-28 21:34:17.000,1.213800,1.214100,D
173267919,EUR/USD,2005-07-28 21:34:18.000,1.213900,1.214200,D
173267960,EUR/USD,2005-07-28 21:34:45.000,1.214000,1.214300,D
173267962,EUR/USD,2005-07-28 21:34:45.000,1.213900,1.214200,D
173268007,EUR/USD,2005-07-28 21:35:06.000,1.213800,1.214100,D
173268018,EUR/USD,2005-07-28 21:35:08.000,1.213900,1.214200,D
173268038,EUR/USD,2005-07-28 21:35:13.000,1.213800,1.214100,D
173268043,EUR/USD,2005-07-28 21:35:14.000,1.213900,1.214200,D
173268065,EUR/USD,2005-07-28 21:35:31.000,1.213800,1.214100,D
173268240,EUR/USD,2005-07-28 21:38:01.000,1.213700,1.214000,D
173268241,EUR/USD,2005-07-28 21:38:04.000,1.213800,1.214100,D
173268287,EUR/USD,2005-07-28 21:38:27.000,1.213700,1.214000,D
173268313,EUR/USD,2005-07-28 21:38:34.000,1.213800,1.214100,D
173268319,EUR/USD,2005-07-28 21:38:37.000,1.213700,1.214000,D
173268329,EUR/USD,2005-07-28 21:38:40.000,1.213800,1.214100,D
173268347,EUR/USD,2005-07-28 21:38:43.000,1.213700,1.214000,D
173268381,EUR/USD,2005-07-28 21:38:58.000,1.213600,1.213900,D
173268386,EUR/USD,2005-07-28 21:39:03.000,1.213700,1.214000,D
173268412,EUR/USD,2005-07-28 21:39:40.000,1.213600,1.213900,D
173268425,EUR/USD,2005-07-28 21:39:43.000,1.213700,1.214000,D
173268463,EUR/USD,2005-07-28 21:40:20.000,1.213600,1.213900,D
173268467,EUR/USD,2005-07-28 21:40:23.000,1.213700,1.214000,D
173268479,EUR/USD,2005-07-28 21:40:31.000,1.213600,1.213900,D
173268497,EUR/USD,2005-07-28 21:40:45.000,1.213700,1.214000,D
173268506,EUR/USD,2005-07-28 21:40:56.000,1.213600,1.213900,D
173268516,EUR/USD,2005-07-28 21:41:23.000,1.213700,1.214000,D
173268531,EUR/USD,2005-07-28 21:41:36.000,1.213600,1.213900,D
173268549,EUR/USD,2005-07-28 21:42:18.000,1.213700,1.214000,D
173268652,EUR/USD,2005-07-28 21:44:08.000,1.213600,1.213900,D
173268656,EUR/USD,2005-07-28 21:44:10.000,1.213700,1.214000,D
173268719,EUR/USD,2005-07-28 21:45:07.000,1.213600,1.213900,D
173268731,EUR/USD,2005-07-28 21:45:10.000,1.213700,1.214000,D
173268779,EUR/USD,2005-07-28 21:45:41.000,1.213600,1.213900,D
173268787,EUR/USD,2005-07-28 21:45:45.000,1.213700,1.214000,D
173268795,EUR/USD,2005-07-28 21:45:47.000,1.213600,1.213900,D
173268885,EUR/USD,2005-07-28 21:47:16.000,1.213500,1.213800,D
173268917,EUR/USD,2005-07-28 21:47:31.000,1.213400,1.213700,D
173268923,EUR/USD,2005-07-28 21:47:32.000,1.213500,1.213800,D
173268925,EUR/USD,2005-07-28 21:47:33.000,1.213600,1.213900,D
173268940,EUR/USD,2005-07-28 21:47:35.000,1.213500,1.213800,D
173268943,EUR/USD,2005-07-28 21:47:36.000,1.213600,1.213900,D
173268954,EUR/USD,2005-07-28 21:47:39.000,1.213500,1.213800,D
173268971,EUR/USD,2005-07-28 21:47:54.000,1.213400,1.213700,D
173268982,EUR/USD,2005-07-28 21:48:05.000,1.213500,1.213800,D
173268994,EUR/USD,2005-07-28 21:48:10.000,1.213400,1.213700,D
173269033,EUR/USD,2005-07-28 21:48:47.000,1.213500,1.213800,D
173269047,EUR/USD,2005-07-28 21:48:52.000,1.213400,1.213700,D
173269094,EUR/USD,2005-07-28 21:49:39.000,1.213300,1.213600,D
173269125,EUR/USD,2005-07-28 21:49:56.000,1.213400,1.213700,D
173269186,EUR/USD,2005-07-28 21:50:25.000,1.213500,1.213800,D
173269193,EUR/USD,2005-07-28 21:50:25.000,1.213400,1.213700,D
173269196,EUR/USD,2005-07-28 21:50:26.000,1.213300,1.213600,D
173269208,EUR/USD,2005-07-28 21:50:30.000,1.213400,1.213700,D
173269220,EUR/USD,2005-07-28 21:50:31.000,1.213500,1.213800,D
173269231,EUR/USD,2005-07-28 21:50:32.000,1.213400,1.213700,D
173269233,EUR/USD,2005-07-28 21:50:33.000,1.213500,1.213800,D
173269242,EUR/USD,2005-07-28 21:50:39.000,1.213400,1.213700,D
173269257,EUR/USD,2005-07-28 21:50:46.000,1.213300,1.213600,D
173269261,EUR/USD,2005-07-28 21:50:47.000,1.213400,1.213700,D
173269350,EUR/USD,2005-07-28 21:51:34.000,1.213300,1.213600,D
173269424,EUR/USD,2005-07-28 21:52:38.000,1.213400,1.213700,D
173269459,EUR/USD,2005-07-28 21:53:04.000,1.213300,1.213600,D
173269502,EUR/USD,2005-07-28 21:53:30.000,1.213400,1.213700,D
173269505,EUR/USD,2005-07-28 21:53:31.000,1.213300,1.213600,D
173269547,EUR/USD,2005-07-28 21:53:44.000,1.213400,1.213700,D
173269549,EUR/USD,2005-07-28 21:53:46.000,1.213300,1.213600,D
173269564,EUR/USD,2005-07-28 21:53:51.000,1.213200,1.213500,D
173269569,EUR/USD,2005-07-28 21:54:13.000,1.213300,1.213600,D
173269813,EUR/USD,2005-07-28 21:57:40.000,1.213200,1.213500,D
173269818,EUR/USD,2005-07-28 21:57:44.000,1.213300,1.213600,D
173269828,EUR/USD,2005-07-28 21:57:51.000,1.213200,1.213500,D
173269858,EUR/USD,2005-07-28 21:58:17.000,1.213300,1.213600,D
173269863,EUR/USD,2005-07-28 21:58:27.000,1.213200,1.213500,D
173269871,EUR/USD,2005-07-28 21:58:50.000,1.213300,1.213600,D
173269893,EUR/USD,2005-07-28 21:59:23.000,1.213200,1.213500,D
173269918,EUR/USD,2005-07-28 21:59:55.000,1.213300,1.213600,D
173269929,EUR/USD,2005-07-28 21:59:59.000,1.213200,1.213500,D
173269935,EUR/USD,2005-07-28 22:00:04.000,1.213300,1.213600,D
173269986,EUR/USD,2005-07-28 22:01:08.000,1.213200,1.213500,D
173270067,EUR/USD,2005-07-28 22:02:48.000,1.213300,1.213600,D
173270121,EUR/USD,2005-07-28 22:03:57.000,1.213200,1.213500,D
173270125,EUR/USD,2005-07-28 22:04:02.000,1.213300,1.213600,D
173270203,EUR/USD,2005-07-28 22:05:48.000,1.213200,1.213500,D
173270311,EUR/USD,2005-07-28 22:08:00.000,1.213300,1.213600,D
173270315,EUR/USD,2005-07-28 22:08:03.000,1.213200,1.213500,D
173270338,EUR/USD,2005-07-28 22:08:22.000,1.213300,1.213600,D
173270344,EUR/USD,2005-07-28 22:08:25.000,1.213200,1.213500,D
173270631,EUR/USD,2005-07-28 22:14:56.000,1.213100,1.213400,D
173270648,EUR/USD,2005-07-28 22:15:03.000,1.213000,1.213300,D
173270657,EUR/USD,2005-07-28 22:15:08.000,1.212900,1.213200,D
173270662,EUR/USD,2005-07-28 22:15:08.000,1.213000,1.213300,D
173270670,EUR/USD,2005-07-28 22:15:15.000,1.213100,1.213400,D
173270677,EUR/USD,2005-07-28 22:15:19.000,1.213000,1.213300,D
173270693,EUR/USD,2005-07-28 22:15:34.000,1.213100,1.213400,D
173270698,EUR/USD,2005-07-28 22:15:36.000,1.213000,1.213300,D
173270707,EUR/USD,2005-07-28 22:15:37.000,1.213100,1.213400,D
173270715,EUR/USD,2005-07-28 22:15:39.000,1.213000,1.213300,D
173270720,EUR/USD,2005-07-28 22:15:41.000,1.213100,1.213400,D
173270730,EUR/USD,2005-07-28 22:15:42.000,1.213000,1.213300,D
173270735,EUR/USD,2005-07-28 22:15:44.000,1.213100,1.213400,D
173270757,EUR/USD,2005-07-28 22:15:47.000,1.213000,1.213300,D
173270760,EUR/USD,2005-07-28 22:15:48.000,1.213100,1.213400,D
173270807,EUR/USD,2005-07-28 22:16:26.000,1.213000,1.213300,D
173270809,EUR/USD,2005-07-28 22:16:30.000,1.213100,1.213400,D
173270816,EUR/USD,2005-07-28 22:16:34.000,1.213000,1.213300,D
173270817,EUR/USD,2005-07-28 22:16:34.000,1.213100,1.213400,D
173270825,EUR/USD,2005-07-28 22:16:39.000,1.213000,1.213300,D
173270844,EUR/USD,2005-07-28 22:16:50.000,1.213100,1.213400,D
173270852,EUR/USD,2005-07-28 22:16:52.000,1.213000,1.213300,D
173270918,EUR/USD,2005-07-28 22:18:43.000,1.212900,1.213200,D
173270923,EUR/USD,2005-07-28 22:18:44.000,1.213000,1.213300,D
173270939,EUR/USD,2005-07-28 22:18:49.000,1.212900,1.213200,D
173270947,EUR/USD,2005-07-28 22:18:52.000,1.213000,1.213300,D
173270954,EUR/USD,2005-07-28 22:18:59.000,1.212900,1.213200,D
173270957,EUR/USD,2005-07-28 22:19:01.000,1.213000,1.213300,D
173271096,EUR/USD,2005-07-28 22:21:35.000,1.213100,1.213400,D
173271116,EUR/USD,2005-07-28 22:21:50.000,1.213200,1.213500,D
173271171,EUR/USD,2005-07-28 22:22:08.000,1.213300,1.213600,D
173271201,EUR/USD,2005-07-28 22:22:51.000,1.213400,1.213700,D
173271234,EUR/USD,2005-07-28 22:23:09.000,1.213300,1.213600,D
173271247,EUR/USD,2005-07-28 22:23:25.000,1.213400,1.213700,D
173271316,EUR/USD,2005-07-28 22:24:26.000,1.213300,1.213600,D
173271347,EUR/USD,2005-07-28 22:25:05.000,1.213400,1.213700,D
173271351,EUR/USD,2005-07-28 22:25:06.000,1.213300,1.213600,D
173271359,EUR/USD,2005-07-28 22:25:12.000,1.213400,1.213700,D
173271499,EUR/USD,2005-07-28 22:28:22.000,1.213300,1.213600,D
173271501,EUR/USD,2005-07-28 22:28:23.000,1.213400,1.213700,D
173271541,EUR/USD,2005-07-28 22:29:08.000,1.213300,1.213600,D
173271547,EUR/USD,2005-07-28 22:29:12.000,1.213400,1.213700,D
173271562,EUR/USD,2005-07-28 22:29:16.000,1.213300,1.213600,D
173271570,EUR/USD,2005-07-28 22:29:18.000,1.213400,1.213700,D
173271685,EUR/USD,2005-07-28 22:30:54.000,1.213500,1.213800,D
173271687,EUR/USD,2005-07-28 22:30:54.000,1.213400,1.213700,D
173271690,EUR/USD,2005-07-28 22:31:00.000,1.213300,1.213600,D
173271801,EUR/USD,2005-07-28 22:33:11.000,1.213400,1.213700,D
173271804,EUR/USD,2005-07-28 22:33:12.000,1.213500,1.213800,D
173271811,EUR/USD,2005-07-28 22:33:13.000,1.213400,1.213700,D
173271829,EUR/USD,2005-07-28 22:33:23.000,1.213300,1.213600,D
173271901,EUR/USD,2005-07-28 22:36:28.000,1.213200,1.213500,D
173271906,EUR/USD,2005-07-28 22:36:35.000,1.213300,1.213600,D
173271919,EUR/USD,2005-07-28 22:37:09.000,1.213200,1.213500,D
173271929,EUR/USD,2005-07-28 22:37:19.000,1.213300,1.213600,D
173271963,EUR/USD,2005-07-28 22:38:13.000,1.213200,1.213500,D
173271969,EUR/USD,2005-07-28 22:38:16.000,1.213300,1.213600,D
173272007,EUR/USD,2005-07-28 22:38:51.000,1.213400,1.213700,D
173272025,EUR/USD,2005-07-28 22:38:59.000,1.213300,1.213600,D
173272028,EUR/USD,2005-07-28 22:38:59.000,1.213400,1.213700,D
173272086,EUR/USD,2005-07-28 22:39:48.000,1.213300,1.213600,D
173272093,EUR/USD,2005-07-28 22:39:49.000,1.213400,1.213700,D
173272130,EUR/USD,2005-07-28 22:40:18.000,1.213500,1.213800,D
173272164,EUR/USD,2005-07-28 22:40:44.000,1.213600,1.213900,D
173272186,EUR/USD,2005-07-28 22:41:03.000,1.213700,1.214000,D
173272187,EUR/USD,2005-07-28 22:41:10.000,1.213600,1.213900,D
173272192,EUR/USD,2005-07-28 22:41:11.000,1.213500,1.213800,D
173272193,EUR/USD,2005-07-28 22:41:13.000,1.213600,1.213900,D
173272195,EUR/USD,2005-07-28 22:41:13.000,1.213700,1.214000,D
173272203,EUR/USD,2005-07-28 22:41:19.000,1.213600,1.213900,D
173272208,EUR/USD,2005-07-28 22:41:22.000,1.213700,1.214000,D
173272215,EUR/USD,2005-07-28 22:41:22.000,1.213600,1.213900,D
173272235,EUR/USD,2005-07-28 22:41:43.000,1.213500,1.213800,D
173272265,EUR/USD,2005-07-28 22:42:32.000,1.213600,1.213900,D
173272295,EUR/USD,2005-07-28 22:43:09.000,1.213700,1.214000,D
173272315,EUR/USD,2005-07-28 22:43:57.000,1.213600,1.213900,D
173272319,EUR/USD,2005-07-28 22:44:00.000,1.213500,1.213800,D
173272331,EUR/USD,2005-07-28 22:44:07.000,1.213600,1.213900,D
173272355,EUR/USD,2005-07-28 22:44:40.000,1.213700,1.214000,D
173272395,EUR/USD,2005-07-28 22:45:41.000,1.213600,1.213900,D
173272410,EUR/USD,2005-07-28 22:45:53.000,1.213500,1.213800,D
173272461,EUR/USD,2005-07-28 22:46:33.000,1.213400,1.213700,D
173272490,EUR/USD,2005-07-28 22:46:44.000,1.213300,1.213600,D
173272511,EUR/USD,2005-07-28 22:46:55.000,1.213200,1.213500,D
173272521,EUR/USD,2005-07-28 22:47:02.000,1.213300,1.213600,D
173272557,EUR/USD,2005-07-28 22:47:33.000,1.213200,1.213500,D
173272564,EUR/USD,2005-07-28 22:47:42.000,1.213100,1.213400,D
173272586,EUR/USD,2005-07-28 22:47:51.000,1.212900,1.213100,D
173272590,EUR/USD,2005-07-28 22:47:51.000,1.212800,1.213000,D
173272602,EUR/USD,2005-07-28 22:47:52.000,1.212700,1.213000,D
173272611,EUR/USD,2005-07-28 22:47:52.000,1.212800,1.213100,D
173272635,EUR/USD,2005-07-28 22:47:55.000,1.212900,1.213200,D
173272644,EUR/USD,2005-07-28 22:47:56.000,1.213000,1.213300,D
173272671,EUR/USD,2005-07-28 22:48:01.000,1.212900,1.213200,D
173272681,EUR/USD,2005-07-28 22:48:03.000,1.213000,1.213300,D
173272688,EUR/USD,2005-07-28 22:48:03.000,1.212900,1.213200,D
173272722,EUR/USD,2005-07-28 22:48:17.000,1.213000,1.213300,D
173272762,EUR/USD,2005-07-28 22:48:38.000,1.213100,1.213400,D
173272777,EUR/USD,2005-07-28 22:48:47.000,1.213000,1.213300,D
173272782,EUR/USD,2005-07-28 22:48:49.000,1.213100,1.213400,D
173272788,EUR/USD,2005-07-28 22:48:51.000,1.213000,1.213300,D
173272794,EUR/USD,2005-07-28 22:48:51.000,1.213100,1.213400,D
173272805,EUR/USD,2005-07-28 22:48:56.000,1.213000,1.213300,D
173272821,EUR/USD,2005-07-28 22:49:05.000,1.213100,1.213400,D
173272823,EUR/USD,2005-07-28 22:49:07.000,1.213000,1.213300,D
173272841,EUR/USD,2005-07-28 22:49:23.000,1.213100,1.213400,D
173272858,EUR/USD,2005-07-28 22:49:38.000,1.213000,1.213300,D
173272870,EUR/USD,2005-07-28 22:49:55.000,1.213100,1.213400,D
173272880,EUR/USD,2005-07-28 22:50:04.000,1.213000,1.213300,D
173272908,EUR/USD,2005-07-28 22:50:31.000,1.213100,1.213400,D
173272956,EUR/USD,2005-07-28 22:51:45.000,1.213000,1.213300,D
173272975,EUR/USD,2005-07-28 22:52:12.000,1.213100,1.213400,D
173272979,EUR/USD,2005-07-28 22:52:40.000,1.213000,1.213300,D
173272980,EUR/USD,2005-07-28 22:52:56.000,1.213100,1.213400,D
173272981,EUR/USD,2005-07-28 22:52:57.000,1.213000,1.213300,D
173272983,EUR/USD,2005-07-28 22:52:57.000,1.212900,1.213200,D
173272989,EUR/USD,2005-07-28 22:52:59.000,1.212800,1.213100,D
173272991,EUR/USD,2005-07-28 22:52:59.000,1.212900,1.213200,D
173273007,EUR/USD,2005-07-28 22:53:01.000,1.212800,1.213100,D
173273011,EUR/USD,2005-07-28 22:53:02.000,1.212900,1.213200,D
173273025,EUR/USD,2005-07-28 22:53:04.000,1.212800,1.213100,D
173273030,EUR/USD,2005-07-28 22:53:11.000,1.212700,1.213000,D
173273040,EUR/USD,2005-07-28 22:53:17.000,1.212600,1.212900,D
173273049,EUR/USD,2005-07-28 22:53:18.000,1.212700,1.213000,D
173273073,EUR/USD,2005-07-28 22:53:21.000,1.212600,1.212900,D
173273080,EUR/USD,2005-07-28 22:53:22.000,1.212700,1.213000,D
173273095,EUR/USD,2005-07-28 22:53:32.000,1.212800,1.213100,D
173273122,EUR/USD,2005-07-28 22:53:55.000,1.212900,1.213200,D
173273154,EUR/USD,2005-07-28 22:54:07.000,1.213000,1.213300,D
173273159,EUR/USD,2005-07-28 22:54:10.000,1.212900,1.213200,D
173273190,EUR/USD,2005-07-28 22:54:47.000,1.212800,1.213100,D
173273196,EUR/USD,2005-07-28 22:54:48.000,1.212900,1.213200,D
173273205,EUR/USD,2005-07-28 22:54:53.000,1.212800,1.213100,D
173273210,EUR/USD,2005-07-28 22:54:54.000,1.212900,1.213200,D
173273230,EUR/USD,2005-07-28 22:55:29.000,1.213000,1.213300,D
173273238,EUR/USD,2005-07-28 22:55:34.000,1.212900,1.213200,D
173273239,EUR/USD,2005-07-28 22:55:37.000,1.213000,1.213300,D
173273257,EUR/USD,2005-07-28 22:55:48.000,1.212900,1.213200,D
173273259,EUR/USD,2005-07-28 22:55:50.000,1.213000,1.213300,D
173273275,EUR/USD,2005-07-28 22:56:09.000,1.212900,1.213200,D
173273280,EUR/USD,2005-07-28 22:56:10.000,1.213000,1.213300,D
173273291,EUR/USD,2005-07-28 22:56:27.000,1.213100,1.213400,D
173273297,EUR/USD,2005-07-28 22:56:41.000,1.213000,1.213300,D
173273304,EUR/USD,2005-07-28 22:56:45.000,1.213100,1.213400,D
173273355,EUR/USD,2005-07-28 22:59:50.000,1.213200,1.213500,D
173273366,EUR/USD,2005-07-28 22:59:59.000,1.213100,1.213400,D
173273377,EUR/USD,2005-07-28 23:00:08.000,1.213200,1.213500,D
173273396,EUR/USD,2005-07-28 23:00:22.000,1.213100,1.213400,D
173273409,EUR/USD,2005-07-28 23:00:29.000,1.213200,1.213500,D
173273427,EUR/USD,2005-07-28 23:00:47.000,1.213100,1.213400,D
173273428,EUR/USD,2005-07-28 23:00:49.000,1.213200,1.213500,D
173273453,EUR/USD,2005-07-28 23:01:25.000,1.213100,1.213400,D
173273466,EUR/USD,2005-07-28 23:02:21.000,1.213200,1.213500,D
173273489,EUR/USD,2005-07-28 23:02:50.000,1.213100,1.213400,D
173273498,EUR/USD,2005-07-28 23:02:52.000,1.213200,1.213500,D
173273510,EUR/USD,2005-07-28 23:02:54.000,1.213100,1.213400,D
173273514,EUR/USD,2005-07-28 23:02:55.000,1.213200,1.213500,D
173273524,EUR/USD,2005-07-28 23:02:59.000,1.213100,1.213400,D
173273548,EUR/USD,2005-07-28 23:03:26.000,1.213200,1.213500,D
173273579,EUR/USD,2005-07-28 23:03:33.000,1.213100,1.213400,D
173273587,EUR/USD,2005-07-28 23:03:38.000,1.213200,1.213500,D
173273602,EUR/USD,2005-07-28 23:04:01.000,1.213100,1.213400,D
173273614,EUR/USD,2005-07-28 23:04:18.000,1.213200,1.213500,D
173273624,EUR/USD,2005-07-28 23:04:23.000,1.213100,1.213400,D
173273633,EUR/USD,2005-07-28 23:04:26.000,1.213200,1.213500,D
173273642,EUR/USD,2005-07-28 23:04:35.000,1.213100,1.213400,D
173273648,EUR/USD,2005-07-28 23:04:37.000,1.213200,1.213500,D
173273653,EUR/USD,2005-07-28 23:04:45.000,1.213100,1.213400,D
173273659,EUR/USD,2005-07-28 23:04:50.000,1.213200,1.213500,D
173273668,EUR/USD,2005-07-28 23:04:58.000,1.213100,1.213400,D
173273671,EUR/USD,2005-07-28 23:05:04.000,1.213200,1.213500,D
173273683,EUR/USD,2005-07-28 23:05:31.000,1.213100,1.213400,D
173273686,EUR/USD,2005-07-28 23:05:31.000,1.213000,1.213300,D
173273690,EUR/USD,2005-07-28 23:05:35.000,1.213100,1.213400,D
173273691,EUR/USD,2005-07-28 23:05:35.000,1.213000,1.213300,D
173273754,EUR/USD,2005-07-28 23:06:24.000,1.212900,1.213200,D
173273799,EUR/USD,2005-07-28 23:06:43.000,1.212800,1.213100,D
173273857,EUR/USD,2005-07-28 23:07:56.000,1.212900,1.213200,D
173273861,EUR/USD,2005-07-28 23:07:58.000,1.213000,1.213300,D
173273867,EUR/USD,2005-07-28 23:08:01.000,1.212900,1.213200,D
173273876,EUR/USD,2005-07-28 23:08:14.000,1.212800,1.213100,D
173273878,EUR/USD,2005-07-28 23:08:15.000,1.212900,1.213200,D
173273960,EUR/USD,2005-07-28 23:10:05.000,1.213000,1.213300,D
173273966,EUR/USD,2005-07-28 23:10:06.000,1.213100,1.213400,D
173273970,EUR/USD,2005-07-28 23:10:09.000,1.213000,1.213300,D
173273994,EUR/USD,2005-07-28 23:10:16.000,1.212900,1.213200,D
173273997,EUR/USD,2005-07-28 23:10:18.000,1.213000,1.213300,D
173274000,EUR/USD,2005-07-28 23:10:20.000,1.212900,1.213200,D
173274003,EUR/USD,2005-07-28 23:10:21.000,1.213000,1.213300,D
173274025,EUR/USD,2005-07-28 23:10:44.000,1.212900,1.213200,D
173274026,EUR/USD,2005-07-28 23:10:46.000,1.213000,1.213300,D
173274046,EUR/USD,2005-07-28 23:11:20.000,1.212900,1.213200,D
173274048,EUR/USD,2005-07-28 23:11:22.000,1.213000,1.213300,D
173274070,EUR/USD,2005-07-28 23:11:59.000,1.213100,1.213400,D
173274077,EUR/USD,2005-07-28 23:12:01.000,1.213200,1.213500,D
173274097,EUR/USD,2005-07-28 23:12:27.000,1.213100,1.213400,D
173274102,EUR/USD,2005-07-28 23:12:32.000,1.213200,1.213500,D
173274184,EUR/USD,2005-07-28 23:13:21.000,1.213100,1.213400,D
173274201,EUR/USD,2005-07-28 23:13:35.000,1.213200,1.213500,D
173274208,EUR/USD,2005-07-28 23:13:36.000,1.213100,1.213400,D
173274216,EUR/USD,2005-07-28 23:13:38.000,1.213200,1.213500,D
173274285,EUR/USD,2005-07-28 23:15:38.000,1.213300,1.213600,D
173274291,EUR/USD,2005-07-28 23:15:42.000,1.213200,1.213500,D
173274299,EUR/USD,2005-07-28 23:15:56.000,1.213300,1.213600,D
173274320,EUR/USD,2005-07-28 23:16:27.000,1.213400,1.213700,D
173274321,EUR/USD,2005-07-28 23:16:32.000,1.213300,1.213600,D
173274331,EUR/USD,2005-07-28 23:18:13.000,1.213200,1.213500,D
173274348,EUR/USD,2005-07-28 23:19:19.000,1.213300,1.213600,D
173274352,EUR/USD,2005-07-28 23:19:20.000,1.213400,1.213700,D
173274354,EUR/USD,2005-07-28 23:19:21.000,1.213300,1.213600,D
173274407,EUR/USD,2005-07-28 23:20:49.000,1.213200,1.213500,D
173274412,EUR/USD,2005-07-28 23:20:53.000,1.213300,1.213600,D
173274467,EUR/USD,2005-07-28 23:22:24.000,1.213400,1.213700,D
173274470,EUR/USD,2005-07-28 23:22:31.000,1.213300,1.213600,D
173274556,EUR/USD,2005-07-28 23:23:27.000,1.213400,1.213700,D
173274562,EUR/USD,2005-07-28 23:23:28.000,1.213500,1.213800,D
173274574,EUR/USD,2005-07-28 23:23:31.000,1.213400,1.213700,D
173274603,EUR/USD,2005-07-28 23:23:46.000,1.213300,1.213600,D
173274608,EUR/USD,2005-07-28 23:23:47.000,1.213200,1.213500,D
173274616,EUR/USD,2005-07-28 23:24:09.000,1.213300,1.213600,D
173274618,EUR/USD,2005-07-28 23:24:10.000,1.213400,1.213700,D
173274622,EUR/USD,2005-07-28 23:24:13.000,1.213300,1.213600,D
173274644,EUR/USD,2005-07-28 23:24:37.000,1.213200,1.213500,D
173274650,EUR/USD,2005-07-28 23:24:46.000,1.213300,1.213600,D
173274660,EUR/USD,2005-07-28 23:24:50.000,1.213200,1.213500,D
173274664,EUR/USD,2005-07-28 23:24:55.000,1.213300,1.213600,D
173274667,EUR/USD,2005-07-28 23:25:12.000,1.213200,1.213500,D
173274748,EUR/USD,2005-07-28 23:26:20.000,1.213300,1.213600,D
173274782,EUR/USD,2005-07-28 23:26:30.000,1.213200,1.213500,D
173274785,EUR/USD,2005-07-28 23:26:31.000,1.213300,1.213600,D
173274824,EUR/USD,2005-07-28 23:26:54.000,1.213400,1.213700,D
173274872,EUR/USD,2005-07-28 23:28:01.000,1.213500,1.213800,D
173274933,EUR/USD,2005-07-28 23:28:47.000,1.213400,1.213700,D
173274947,EUR/USD,2005-07-28 23:28:50.000,1.213500,1.213800,D
173274969,EUR/USD,2005-07-28 23:28:54.000,1.213400,1.213700,D
173275030,EUR/USD,2005-07-28 23:29:46.000,1.213500,1.213800,D
173275035,EUR/USD,2005-07-28 23:29:49.000,1.213400,1.213700,D
173275046,EUR/USD,2005-07-28 23:30:09.000,1.213500,1.213800,D
173275069,EUR/USD,2005-07-28 23:31:36.000,1.213400,1.213700,D
173275083,EUR/USD,2005-07-28 23:32:16.000,1.213300,1.213600,D
173275085,EUR/USD,2005-07-28 23:32:18.000,1.213400,1.213700,D
173275103,EUR/USD,2005-07-28 23:33:12.000,1.213300,1.213600,D
173275114,EUR/USD,2005-07-28 23:33:45.000,1.213200,1.213500,D
173275121,EUR/USD,2005-07-28 23:33:53.000,1.213100,1.213400,D
173275127,EUR/USD,2005-07-28 23:33:59.000,1.213000,1.213300,D
173275144,EUR/USD,2005-07-28 23:34:18.000,1.213100,1.213400,D
173275146,EUR/USD,2005-07-28 23:34:19.000,1.213200,1.213500,D
173275158,EUR/USD,2005-07-28 23:34:21.000,1.213100,1.213400,D
173275160,EUR/USD,2005-07-28 23:34:22.000,1.213000,1.213300,D
173275175,EUR/USD,2005-07-28 23:34:40.000,1.213100,1.213400,D
173275180,EUR/USD,2005-07-28 23:34:41.000,1.213200,1.213500,D
173275181,EUR/USD,2005-07-28 23:34:41.000,1.213100,1.213400,D
173275183,EUR/USD,2005-07-28 23:34:42.000,1.213000,1.213300,D
173275239,EUR/USD,2005-07-28 23:35:51.000,1.213100,1.213400,D
173275245,EUR/USD,2005-07-28 23:35:58.000,1.213000,1.213300,D
173275253,EUR/USD,2005-07-28 23:36:07.000,1.213100,1.213400,D
173275256,EUR/USD,2005-07-28 23:36:09.000,1.213000,1.213300,D
173275292,EUR/USD,2005-07-28 23:37:27.000,1.213100,1.213400,D
173275313,EUR/USD,2005-07-28 23:37:34.000,1.213000,1.213300,D
173275317,EUR/USD,2005-07-28 23:37:39.000,1.213100,1.213400,D
173275344,EUR/USD,2005-07-28 23:37:58.000,1.213000,1.213300,D
173275375,EUR/USD,2005-07-28 23:38:35.000,1.212900,1.213200,D
173275376,EUR/USD,2005-07-28 23:38:37.000,1.213000,1.213300,D
173275385,EUR/USD,2005-07-28 23:38:38.000,1.213100,1.213400,D
173275387,EUR/USD,2005-07-28 23:38:40.000,1.213000,1.213300,D
173275391,EUR/USD,2005-07-28 23:38:40.000,1.212900,1.213200,D
173275395,EUR/USD,2005-07-28 23:38:42.000,1.213000,1.213300,D
173275407,EUR/USD,2005-07-28 23:38:46.000,1.212900,1.213200,D
173275413,EUR/USD,2005-07-28 23:38:51.000,1.212800,1.213100,D
173275418,EUR/USD,2005-07-28 23:38:53.000,1.212900,1.213200,D
173275501,EUR/USD,2005-07-28 23:39:55.000,1.212800,1.213100,D
173275512,EUR/USD,2005-07-28 23:39:56.000,1.212900,1.213200,D
173275552,EUR/USD,2005-07-28 23:40:35.000,1.212800,1.213100,D
173275554,EUR/USD,2005-07-28 23:40:38.000,1.212900,1.213200,D
173275562,EUR/USD,2005-07-28 23:40:43.000,1.212800,1.213100,D
173275573,EUR/USD,2005-07-28 23:41:13.000,1.212900,1.213200,D
173275593,EUR/USD,2005-07-28 23:41:34.000,1.212800,1.213100,D
173275595,EUR/USD,2005-07-28 23:41:36.000,1.212900,1.213200,D
173275607,EUR/USD,2005-07-28 23:41:46.000,1.212800,1.213100,D
173275610,EUR/USD,2005-07-28 23:41:48.000,1.212900,1.213200,D
173275621,EUR/USD,2005-07-28 23:41:58.000,1.212800,1.213100,D
173275666,EUR/USD,2005-07-28 23:42:37.000,1.212900,1.213200,D
173275678,EUR/USD,2005-07-28 23:43:14.000,1.212800,1.213100,D
173275683,EUR/USD,2005-07-28 23:43:21.000,1.212900,1.213200,D
173275703,EUR/USD,2005-07-28 23:44:11.000,1.212800,1.213100,D
173275715,EUR/USD,2005-07-28 23:44:18.000,1.212900,1.213200,D
173275722,EUR/USD,2005-07-28 23:44:20.000,1.212800,1.213100,D
173275743,EUR/USD,2005-07-28 23:44:32.000,1.212700,1.213000,D
173275774,EUR/USD,2005-07-28 23:45:08.000,1.212600,1.212900,D
173275791,EUR/USD,2005-07-28 23:45:19.000,1.212700,1.213000,D
173275794,EUR/USD,2005-07-28 23:45:23.000,1.212600,1.212900,D
173275800,EUR/USD,2005-07-28 23:45:31.000,1.212700,1.213000,D
173275810,EUR/USD,2005-07-28 23:45:44.000,1.212600,1.212900,D
173275813,EUR/USD,2005-07-28 23:45:47.000,1.212500,1.212800,D
173275827,EUR/USD,2005-07-28 23:46:09.000,1.212400,1.212700,D
173275840,EUR/USD,2005-07-28 23:46:16.000,1.212300,1.212600,D
173275854,EUR/USD,2005-07-28 23:46:19.000,1.212200,1.212500,D
173275869,EUR/USD,2005-07-28 23:46:23.000,1.212300,1.212600,D
173275876,EUR/USD,2005-07-28 23:46:26.000,1.212200,1.212500,D
173275882,EUR/USD,2005-07-28 23:46:29.000,1.212300,1.212600,D
173275885,EUR/USD,2005-07-28 23:46:30.000,1.212400,1.212700,D
173275892,EUR/USD,2005-07-28 23:46:32.000,1.212300,1.212600,D
173275894,EUR/USD,2005-07-28 23:46:32.000,1.212200,1.212500,D
173275900,EUR/USD,2005-07-28 23:46:33.000,1.212300,1.212600,D
173275903,EUR/USD,2005-07-28 23:46:34.000,1.212400,1.212700,D
173275908,EUR/USD,2005-07-28 23:46:34.000,1.212300,1.212600,D
173275912,EUR/USD,2005-07-28 23:46:36.000,1.212200,1.212500,D
173275916,EUR/USD,2005-07-28 23:46:39.000,1.212300,1.212600,D
173275926,EUR/USD,2005-07-28 23:46:42.000,1.212200,1.212500,D
173275934,EUR/USD,2005-07-28 23:46:45.000,1.212300,1.212600,D
173275945,EUR/USD,2005-07-28 23:46:51.000,1.212200,1.212500,D
173275951,EUR/USD,2005-07-28 23:46:57.000,1.212300,1.212600,D
173275963,EUR/USD,2005-07-28 23:47:02.000,1.212200,1.212500,D
173275969,EUR/USD,2005-07-28 23:47:13.000,1.212300,1.212600,D
173275975,EUR/USD,2005-07-28 23:47:17.000,1.212200,1.212500,D
173275987,EUR/USD,2005-07-28 23:47:21.000,1.212300,1.212600,D
173275998,EUR/USD,2005-07-28 23:47:24.000,1.212200,1.212500,D
173276005,EUR/USD,2005-07-28 23:47:27.000,1.212300,1.212600,D
173276035,EUR/USD,2005-07-28 23:48:05.000,1.212200,1.212500,D
173276054,EUR/USD,2005-07-28 23:48:34.000,1.212300,1.212600,D
173276062,EUR/USD,2005-07-28 23:48:37.000,1.212200,1.212500,D
173276074,EUR/USD,2005-07-28 23:48:39.000,1.212300,1.212600,D
173276092,EUR/USD,2005-07-28 23:49:26.000,1.212200,1.212500,D
173276100,EUR/USD,2005-07-28 23:49:29.000,1.212300,1.212600,D
173276114,EUR/USD,2005-07-28 23:50:10.000,1.212400,1.212700,D
173276115,EUR/USD,2005-07-28 23:50:10.000,1.212500,1.212800,D
173276135,EUR/USD,2005-07-28 23:50:28.000,1.212400,1.212700,D
173276168,EUR/USD,2005-07-28 23:50:39.000,1.212500,1.212800,D
173276175,EUR/USD,2005-07-28 23:50:45.000,1.212400,1.212700,D
173276178,EUR/USD,2005-07-28 23:50:46.000,1.212500,1.212800,D
173276180,EUR/USD,2005-07-28 23:50:50.000,1.212400,1.212700,D
173276181,EUR/USD,2005-07-28 23:50:52.000,1.212500,1.212800,D
173276184,EUR/USD,2005-07-28 23:50:53.000,1.212600,1.212900,D
173276189,EUR/USD,2005-07-28 23:50:57.000,1.212700,1.213000,D
173276199,EUR/USD,2005-07-28 23:50:58.000,1.212600,1.212900,D
173276209,EUR/USD,2005-07-28 23:51:01.000,1.212700,1.213000,D
173276210,EUR/USD,2005-07-28 23:51:01.000,1.212600,1.212900,D
173276216,EUR/USD,2005-07-28 23:51:04.000,1.212500,1.212800,D
173276257,EUR/USD,2005-07-28 23:51:36.000,1.212400,1.212700,D
173276310,EUR/USD,2005-07-28 23:54:31.000,1.212500,1.212800,D
173276318,EUR/USD,2005-07-28 23:54:33.000,1.212400,1.212700,D
173276333,EUR/USD,2005-07-28 23:55:06.000,1.212500,1.212800,D
173276334,EUR/USD,2005-07-28 23:55:06.000,1.212600,1.212900,D
173276339,EUR/USD,2005-07-28 23:55:24.000,1.212500,1.212800,D
173276386,EUR/USD,2005-07-28 23:58:21.000,1.212400,1.212700,D
173276388,EUR/USD,2005-07-28 23:58:21.000,1.212300,1.212600,D
173276399,EUR/USD,2005-07-28 23:58:27.000,1.212400,1.212700,D
173276421,EUR/USD,2005-07-28 23:58:55.000,1.212300,1.212600,D
173276460,EUR/USD,2005-07-29 00:00:12.000,1.212400,1.212700,D
173276489,EUR/USD,2005-07-29 00:01:09.000,1.212500,1.212800,D
173276499,EUR/USD,2005-07-29 00:01:12.000,1.212400,1.212700,D
173276506,EUR/USD,2005-07-29 00:01:13.000,1.212500,1.212800,D
173276520,EUR/USD,2005-07-29 00:01:18.000,1.212400,1.212700,D
173276564,EUR/USD,2005-07-29 00:02:29.000,1.212300,1.212600,D
173276567,EUR/USD,2005-07-29 00:02:31.000,1.212400,1.212700,D
173276574,EUR/USD,2005-07-29 00:02:36.000,1.212300,1.212600,D
173276598,EUR/USD,2005-07-29 00:03:03.000,1.212400,1.212700,D
173276612,EUR/USD,2005-07-29 00:03:17.000,1.212300,1.212600,D
173276660,EUR/USD,2005-07-29 00:04:34.000,1.212400,1.212700,D
173276695,EUR/USD,2005-07-29 00:06:00.000,1.212500,1.212800,D
173276699,EUR/USD,2005-07-29 00:06:03.000,1.212400,1.212700,D
173276717,EUR/USD,2005-07-29 00:07:01.000,1.212300,1.212600,D
173276732,EUR/USD,2005-07-29 00:07:23.000,1.212400,1.212700,D
173276755,EUR/USD,2005-07-29 00:07:52.000,1.212300,1.212600,D
173276761,EUR/USD,2005-07-29 00:08:05.000,1.212400,1.212700,D
173276780,EUR/USD,2005-07-29 00:08:25.000,1.212300,1.212600,D
173276782,EUR/USD,2005-07-29 00:08:26.000,1.212400,1.212700,D
173276809,EUR/USD,2005-07-29 00:08:48.000,1.212300,1.212600,D
173276812,EUR/USD,2005-07-29 00:08:49.000,1.212400,1.212700,D
173276846,EUR/USD,2005-07-29 00:09:41.000,1.212500,1.212800,D
173276858,EUR/USD,2005-07-29 00:09:45.000,1.212400,1.212700,D
173276864,EUR/USD,2005-07-29 00:09:45.000,1.212500,1.212800,D
173276870,EUR/USD,2005-07-29 00:09:47.000,1.212400,1.212700,D
173276990,EUR/USD,2005-07-29 00:15:10.000,1.212500,1.212800,D
173277070,EUR/USD,2005-07-29 00:17:48.000,1.212400,1.212700,D
173277099,EUR/USD,2005-07-29 00:19:26.000,1.212500,1.212800,D
173277151,EUR/USD,2005-07-29 00:21:35.000,1.212400,1.212700,D
173277415,EUR/USD,2005-07-29 00:29:20.000,1.212300,1.212600,D
173277422,EUR/USD,2005-07-29 00:29:21.000,1.212400,1.212700,D
173277438,EUR/USD,2005-07-29 00:29:54.000,1.212300,1.212600,D
173277442,EUR/USD,2005-07-29 00:29:55.000,1.212400,1.212700,D
173277446,EUR/USD,2005-07-29 00:30:05.000,1.212300,1.212600,D
173277450,EUR/USD,2005-07-29 00:30:06.000,1.212400,1.212700,D
173277547,EUR/USD,2005-07-29 00:32:46.000,1.212300,1.212600,D
173277594,EUR/USD,2005-07-29 00:34:44.000,1.212200,1.212500,D
173277674,EUR/USD,2005-07-29 00:36:55.000,1.212300,1.212600,D
173277677,EUR/USD,2005-07-29 00:36:58.000,1.212200,1.212500,D
173277681,EUR/USD,2005-07-29 00:37:01.000,1.212300,1.212600,D
173277682,EUR/USD,2005-07-29 00:37:02.000,1.212200,1.212500,D
173277684,EUR/USD,2005-07-29 00:37:05.000,1.212300,1.212600,D
173277685,EUR/USD,2005-07-29 00:37:08.000,1.212400,1.212700,D
173277693,EUR/USD,2005-07-29 00:37:34.000,1.212500,1.212800,D
173277716,EUR/USD,2005-07-29 00:38:30.000,1.212600,1.212900,D
173277719,EUR/USD,2005-07-29 00:38:33.000,1.212500,1.212800,D
173277722,EUR/USD,2005-07-29 00:38:36.000,1.212600,1.212900,D
173277799,EUR/USD,2005-07-29 00:40:16.000,1.212500,1.212800,D
173277802,EUR/USD,2005-07-29 00:40:24.000,1.212600,1.212900,D
173277838,EUR/USD,2005-07-29 00:42:14.000,1.212500,1.212800,D
173277854,EUR/USD,2005-07-29 00:42:34.000,1.212600,1.212900,D
173277870,EUR/USD,2005-07-29 00:42:49.000,1.212500,1.212800,D
173277894,EUR/USD,2005-07-29 00:43:28.000,1.212600,1.212900,D
173277911,EUR/USD,2005-07-29 00:43:44.000,1.212500,1.212800,D
173277919,EUR/USD,2005-07-29 00:43:55.000,1.212600,1.212900,D
173277932,EUR/USD,2005-07-29 00:44:22.000,1.212500,1.212800,D
173277933,EUR/USD,2005-07-29 00:44:22.000,1.212400,1.212700,D
173277934,EUR/USD,2005-07-29 00:44:23.000,1.212500,1.212800,D
173277945,EUR/USD,2005-07-29 00:44:43.000,1.212400,1.212700,D
173277955,EUR/USD,2005-07-29 00:44:50.000,1.212300,1.212600,D
173277967,EUR/USD,2005-07-29 00:45:12.000,1.212400,1.212700,D
173277988,EUR/USD,2005-07-29 00:45:40.000,1.212300,1.212600,D
173278004,EUR/USD,2005-07-29 00:46:04.000,1.212200,1.212500,D
173278010,EUR/USD,2005-07-29 00:46:23.000,1.212300,1.212600,D
173278038,EUR/USD,2005-07-29 00:47:16.000,1.212200,1.212500,D
173278052,EUR/USD,2005-07-29 00:47:34.000,1.212300,1.212600,D
173278085,EUR/USD,2005-07-29 00:48:07.000,1.212200,1.212500,D
173278090,EUR/USD,2005-07-29 00:48:13.000,1.212300,1.212600,D
173278095,EUR/USD,2005-07-29 00:48:21.000,1.212200,1.212500,D
173278107,EUR/USD,2005-07-29 00:48:49.000,1.212300,1.212600,D
173278114,EUR/USD,2005-07-29 00:49:07.000,1.212200,1.212500,D
173278119,EUR/USD,2005-07-29 00:49:11.000,1.212300,1.212600,D
173278125,EUR/USD,2005-07-29 00:49:18.000,1.212200,1.212500,D
173278140,EUR/USD,2005-07-29 00:49:30.000,1.212300,1.212600,D
173278145,EUR/USD,2005-07-29 00:49:35.000,1.212200,1.212500,D
173278150,EUR/USD,2005-07-29 00:49:38.000,1.212300,1.212600,D
173278153,EUR/USD,2005-07-29 00:49:38.000,1.212200,1.212500,D
173278155,EUR/USD,2005-07-29 00:49:39.000,1.212100,1.212400,D
173278162,EUR/USD,2005-07-29 00:49:53.000,1.212200,1.212500,D
173278169,EUR/USD,2005-07-29 00:49:55.000,1.212100,1.212400,D
173278172,EUR/USD,2005-07-29 00:49:55.000,1.212200,1.212500,D
173278177,EUR/USD,2005-07-29 00:49:58.000,1.212100,1.212400,D
173278186,EUR/USD,2005-07-29 00:50:31.000,1.212200,1.212500,D
173278192,EUR/USD,2005-07-29 00:50:33.000,1.212100,1.212400,D
173278197,EUR/USD,2005-07-29 00:50:34.000,1.212200,1.212500,D
173278201,EUR/USD,2005-07-29 00:50:34.000,1.212100,1.212400,D
173278208,EUR/USD,2005-07-29 00:50:40.000,1.212200,1.212500,D
173278217,EUR/USD,2005-07-29 00:50:54.000,1.212100,1.212400,D
173278229,EUR/USD,2005-07-29 00:51:41.000,1.212200,1.212500,D
173278260,EUR/USD,2005-07-29 00:53:35.000,1.212300,1.212600,D
173278278,EUR/USD,2005-07-29 00:55:02.000,1.212200,1.212500,D
173278310,EUR/USD,2005-07-29 00:55:52.000,1.212300,1.212600,D
173278326,EUR/USD,2005-07-29 00:56:06.000,1.212200,1.212500,D
173278385,EUR/USD,2005-07-29 01:00:06.000,1.212100,1.212400,D
173278400,EUR/USD,2005-07-29 01:00:11.000,1.212200,1.212500,D
173278422,EUR/USD,2005-07-29 01:01:19.000,1.212100,1.212400,D
173278453,EUR/USD,2005-07-29 01:02:06.000,1.212200,1.212500,D
173278463,EUR/USD,2005-07-29 01:02:19.000,1.212100,1.212400,D
173278475,EUR/USD,2005-07-29 01:02:31.000,1.212200,1.212500,D
173278480,EUR/USD,2005-07-29 01:02:45.000,1.212100,1.212400,D
173278486,EUR/USD,2005-07-29 01:02:49.000,1.212200,1.212500,D
173278530,EUR/USD,2005-07-29 01:03:12.000,1.212100,1.212400,D
173278577,EUR/USD,2005-07-29 01:05:52.000,1.212000,1.212300,D
173278605,EUR/USD,2005-07-29 01:07:24.000,1.212100,1.212400,D
173278627,EUR/USD,2005-07-29 01:07:33.000,1.212000,1.212300,D
173278629,EUR/USD,2005-07-29 01:07:37.000,1.212100,1.212400,D
173278644,EUR/USD,2005-07-29 01:08:09.000,1.212200,1.212500,D
173278689,EUR/USD,2005-07-29 01:09:16.000,1.212100,1.212400,D
173278728,EUR/USD,2005-07-29 01:09:54.000,1.212200,1.212500,D
173278732,EUR/USD,2005-07-29 01:10:28.000,1.212100,1.212400,D
173278733,EUR/USD,2005-07-29 01:10:29.000,1.212200,1.212500,D
173278735,EUR/USD,2005-07-29 01:10:34.000,1.212100,1.212400,D
173278740,EUR/USD,2005-07-29 01:10:38.000,1.212200,1.212500,D
173278747,EUR/USD,2005-07-29 01:10:50.000,1.212100,1.212400,D
173278763,EUR/USD,2005-07-29 01:11:02.000,1.212200,1.212500,D
173278799,EUR/USD,2005-07-29 01:12:11.000,1.212300,1.212600,D
173278813,EUR/USD,2005-07-29 01:12:54.000,1.212200,1.212500,D
173278844,EUR/USD,2005-07-29 01:13:47.000,1.212100,1.212400,D
173278848,EUR/USD,2005-07-29 01:13:58.000,1.212200,1.212500,D
173278956,EUR/USD,2005-07-29 01:18:31.000,1.212300,1.212600,D
173278982,EUR/USD,2005-07-29 01:19:17.000,1.212200,1.212500,D
173278998,EUR/USD,2005-07-29 01:19:38.000,1.212100,1.212400,D
173279015,EUR/USD,2005-07-29 01:20:16.000,1.212200,1.212500,D
173279017,EUR/USD,2005-07-29 01:20:17.000,1.212100,1.212400,D
173279043,EUR/USD,2005-07-29 01:20:30.000,1.212200,1.212500,D
173279047,EUR/USD,2005-07-29 01:20:30.000,1.212100,1.212400,D
173279061,EUR/USD,2005-07-29 01:20:37.000,1.212000,1.212300,D
173279069,EUR/USD,2005-07-29 01:20:58.000,1.211900,1.212200,D
173279093,EUR/USD,2005-07-29 01:21:03.000,1.212000,1.212300,D
173279095,EUR/USD,2005-07-29 01:21:04.000,1.212100,1.212400,D
173279104,EUR/USD,2005-07-29 01:21:04.000,1.212000,1.212300,D
173279116,EUR/USD,2005-07-29 01:21:07.000,1.211900,1.212200,D
173279142,EUR/USD,2005-07-29 01:21:15.000,1.212000,1.212300,D
173279156,EUR/USD,2005-07-29 01:21:18.000,1.211900,1.212200,D
173279159,EUR/USD,2005-07-29 01:21:19.000,1.211800,1.212100,D
173279165,EUR/USD,2005-07-29 01:21:21.000,1.211700,1.212000,D
173279175,EUR/USD,2005-07-29 01:21:23.000,1.211800,1.212100,D
173279176,EUR/USD,2005-07-29 01:21:25.000,1.211900,1.212200,D
173279184,EUR/USD,2005-07-29 01:21:28.000,1.211800,1.212100,D
173279191,EUR/USD,2005-07-29 01:21:32.000,1.211700,1.212000,D
173279192,EUR/USD,2005-07-29 01:21:32.000,1.211800,1.212100,D
173279197,EUR/USD,2005-07-29 01:21:33.000,1.211900,1.212200,D
173279201,EUR/USD,2005-07-29 01:21:37.000,1.212000,1.212300,D
173279234,EUR/USD,2005-07-29 01:21:51.000,1.212100,1.212400,D
173279250,EUR/USD,2005-07-29 01:22:06.000,1.212200,1.212500,D
173279256,EUR/USD,2005-07-29 01:22:09.000,1.212100,1.212400,D
173279284,EUR/USD,2005-07-29 01:24:01.000,1.212000,1.212300,D
173279288,EUR/USD,2005-07-29 01:24:02.000,1.212100,1.212400,D
173279306,EUR/USD,2005-07-29 01:24:45.000,1.212000,1.212300,D
173279309,EUR/USD,2005-07-29 01:24:50.000,1.212100,1.212400,D
173279325,EUR/USD,2005-07-29 01:24:57.000,1.212000,1.212300,D
173279333,EUR/USD,2005-07-29 01:25:00.000,1.211900,1.212200,D
173279347,EUR/USD,2005-07-29 01:25:03.000,1.212000,1.212300,D
173279364,EUR/USD,2005-07-29 01:25:23.000,1.212100,1.212400,D
173279370,EUR/USD,2005-07-29 01:25:31.000,1.212000,1.212300,D
173279413,EUR/USD,2005-07-29 01:26:18.000,1.212100,1.212400,D
173279460,EUR/USD,2005-07-29 01:27:23.000,1.212200,1.212500,D
173279462,EUR/USD,2005-07-29 01:27:29.000,1.212100,1.212400,D
173279484,EUR/USD,2005-07-29 01:27:49.000,1.212200,1.212500,D
173279494,EUR/USD,2005-07-29 01:27:52.000,1.212300,1.212600,D
173279503,EUR/USD,2005-07-29 01:27:53.000,1.212200,1.212500,D
173279510,EUR/USD,2005-07-29 01:28:05.000,1.212100,1.212400,D
173279514,EUR/USD,2005-07-29 01:28:17.000,1.212200,1.212500,D
173279528,EUR/USD,2005-07-29 01:28:27.000,1.212100,1.212400,D
173279538,EUR/USD,2005-07-29 01:28:43.000,1.212000,1.212300,D
173279544,EUR/USD,2005-07-29 01:28:44.000,1.212100,1.212400,D
173279640,EUR/USD,2005-07-29 01:29:59.000,1.212200,1.212500,D
173279734,EUR/USD,2005-07-29 01:34:13.000,1.212300,1.212600,D
173279748,EUR/USD,2005-07-29 01:34:20.000,1.212400,1.212700,D
173279754,EUR/USD,2005-07-29 01:34:21.000,1.212500,1.212800,D
173279768,EUR/USD,2005-07-29 01:34:23.000,1.212400,1.212700,D
173279776,EUR/USD,2005-07-29 01:34:27.000,1.212500,1.212800,D
173279781,EUR/USD,2005-07-29 01:34:28.000,1.212600,1.212900,D
173279785,EUR/USD,2005-07-29 01:34:29.000,1.212500,1.212800,D
173279821,EUR/USD,2005-07-29 01:34:51.000,1.212400,1.212700,D
173279832,EUR/USD,2005-07-29 01:35:00.000,1.212500,1.212800,D
173279847,EUR/USD,2005-07-29 01:35:11.000,1.212400,1.212700,D
173279854,EUR/USD,2005-07-29 01:35:16.000,1.212500,1.212800,D
173279884,EUR/USD,2005-07-29 01:35:42.000,1.212400,1.212700,D
173279885,EUR/USD,2005-07-29 01:35:43.000,1.212500,1.212800,D
173279888,EUR/USD,2005-07-29 01:35:46.000,1.212400,1.212700,D
173279903,EUR/USD,2005-07-29 01:36:05.000,1.212500,1.212800,D
173279909,EUR/USD,2005-07-29 01:36:07.000,1.212400,1.212700,D
173279919,EUR/USD,2005-07-29 01:36:12.000,1.212500,1.212800,D
173279926,EUR/USD,2005-07-29 01:36:20.000,1.212400,1.212700,D
173279933,EUR/USD,2005-07-29 01:36:29.000,1.212300,1.212600,D
173279936,EUR/USD,2005-07-29 01:36:32.000,1.212400,1.212700,D
173279980,EUR/USD,2005-07-29 01:37:08.000,1.212300,1.212600,D
173279982,EUR/USD,2005-07-29 01:37:09.000,1.212400,1.212700,D
173279989,EUR/USD,2005-07-29 01:37:18.000,1.212300,1.212600,D
173280016,EUR/USD,2005-07-29 01:37:44.000,1.212400,1.212700,D
173280022,EUR/USD,2005-07-29 01:37:58.000,1.212300,1.212600,D
173280025,EUR/USD,2005-07-29 01:37:59.000,1.212400,1.212700,D
173280029,EUR/USD,2005-07-29 01:38:04.000,1.212300,1.212600,D
173280033,EUR/USD,2005-07-29 01:38:04.000,1.212400,1.212700,D
173280040,EUR/USD,2005-07-29 01:38:23.000,1.212300,1.212600,D
173280056,EUR/USD,2005-07-29 01:39:00.000,1.212400,1.212700,D
173280082,EUR/USD,2005-07-29 01:40:30.000,1.212300,1.212600,D
173280088,EUR/USD,2005-07-29 01:40:39.000,1.212400,1.212700,D
173280113,EUR/USD,2005-07-29 01:41:58.000,1.212500,1.212800,D
173280126,EUR/USD,2005-07-29 01:42:46.000,1.212600,1.212900,D
173280149,EUR/USD,2005-07-29 01:43:00.000,1.212700,1.213000,D
173280158,EUR/USD,2005-07-29 01:43:03.000,1.212600,1.212900,D
173280204,EUR/USD,2005-07-29 01:43:34.000,1.212500,1.212800,D
173280215,EUR/USD,2005-07-29 01:43:40.000,1.212600,1.212900,D
173280254,EUR/USD,2005-07-29 01:44:17.000,1.212700,1.213000,D
173280285,EUR/USD,2005-07-29 01:44:31.000,1.212600,1.212900,D
173280303,EUR/USD,2005-07-29 01:44:41.000,1.212500,1.212800,D
173280311,EUR/USD,2005-07-29 01:44:42.000,1.212600,1.212900,D
173280326,EUR/USD,2005-07-29 01:44:45.000,1.212500,1.212800,D
173280333,EUR/USD,2005-07-29 01:44:51.000,1.212400,1.212700,D
173280338,EUR/USD,2005-07-29 01:44:52.000,1.212500,1.212800,D
173280382,EUR/USD,2005-07-29 01:45:20.000,1.212600,1.212900,D
173280420,EUR/USD,2005-07-29 01:46:06.000,1.212500,1.212800,D
173280430,EUR/USD,2005-07-29 01:46:09.000,1.212400,1.212700,D
173280463,EUR/USD,2005-07-29 01:47:00.000,1.212300,1.212600,D
173280474,EUR/USD,2005-07-29 01:47:13.000,1.212400,1.212700,D
173280480,EUR/USD,2005-07-29 01:47:13.000,1.212500,1.212800,D
173280491,EUR/USD,2005-07-29 01:47:19.000,1.212400,1.212700,D
173280538,EUR/USD,2005-07-29 01:48:19.000,1.212500,1.212800,D
173280550,EUR/USD,2005-07-29 01:48:21.000,1.212400,1.212700,D
173280606,EUR/USD,2005-07-29 01:49:21.000,1.212500,1.212800,D
173280620,EUR/USD,2005-07-29 01:49:26.000,1.212600,1.212900,D
173280626,EUR/USD,2005-07-29 01:49:29.000,1.212500,1.212800,D
173280631,EUR/USD,2005-07-29 01:49:37.000,1.212600,1.212900,D
173280632,EUR/USD,2005-07-29 01:49:37.000,1.212500,1.212800,D
173280640,EUR/USD,2005-07-29 01:49:39.000,1.212600,1.212900,D
173280648,EUR/USD,2005-07-29 01:49:41.000,1.212500,1.212800,D
173280656,EUR/USD,2005-07-29 01:49:42.000,1.212600,1.212900,D
173280669,EUR/USD,2005-07-29 01:49:50.000,1.212500,1.212800,D
173280682,EUR/USD,2005-07-29 01:49:57.000,1.212600,1.212900,D
173280791,EUR/USD,2005-07-29 01:53:15.000,1.212500,1.212800,D
173280804,EUR/USD,2005-07-29 01:53:19.000,1.212600,1.212900,D
173280805,EUR/USD,2005-07-29 01:53:23.000,1.212500,1.212800,D
173280815,EUR/USD,2005-07-29 01:53:49.000,1.212600,1.212900,D
173280823,EUR/USD,2005-07-29 01:53:51.000,1.212700,1.213000,D
173280824,EUR/USD,2005-07-29 01:53:51.000,1.212600,1.212900,D
173280831,EUR/USD,2005-07-29 01:53:52.000,1.212500,1.212800,D
173280859,EUR/USD,2005-07-29 01:55:05.000,1.212600,1.212900,D
173280888,EUR/USD,2005-07-29 01:55:13.000,1.212500,1.212800,D
173280937,EUR/USD,2005-07-29 01:55:49.000,1.212600,1.212900,D
173280969,EUR/USD,2005-07-29 01:56:00.000,1.212500,1.212800,D
173281124,EUR/USD,2005-07-29 01:57:33.000,1.212600,1.212900,D
173281132,EUR/USD,2005-07-29 01:57:39.000,1.212700,1.213000,D
173281139,EUR/USD,2005-07-29 01:57:40.000,1.212800,1.213100,D
173281151,EUR/USD,2005-07-29 01:57:43.000,1.212700,1.213000,D
173281171,EUR/USD,2005-07-29 01:57:52.000,1.212800,1.213100,D
173281177,EUR/USD,2005-07-29 01:57:54.000,1.212700,1.213000,D
173281203,EUR/USD,2005-07-29 01:58:00.000,1.212600,1.212900,D
173281225,EUR/USD,2005-07-29 01:58:07.000,1.212700,1.213000,D
173281226,EUR/USD,2005-07-29 01:58:08.000,1.212600,1.212900,D
173281233,EUR/USD,2005-07-29 01:58:10.000,1.212700,1.213000,D
173281235,EUR/USD,2005-07-29 01:58:11.000,1.212600,1.212900,D
173281256,EUR/USD,2005-07-29 01:58:19.000,1.212700,1.213000,D
173281287,EUR/USD,2005-07-29 01:58:27.000,1.212600,1.212900,D
173281296,EUR/USD,2005-07-29 01:58:29.000,1.212700,1.213000,D
173281351,EUR/USD,2005-07-29 01:58:38.000,1.212600,1.212900,D
173281354,EUR/USD,2005-07-29 01:58:39.000,1.212700,1.213000,D
173281368,EUR/USD,2005-07-29 01:58:43.000,1.212600,1.212900,D
173281439,EUR/USD,2005-07-29 01:59:39.000,1.212700,1.213000,D
173281445,EUR/USD,2005-07-29 01:59:41.000,1.212600,1.212900,D
173281455,EUR/USD,2005-07-29 01:59:44.000,1.212700,1.213000,D
173281467,EUR/USD,2005-07-29 01:59:47.000,1.212600,1.212900,D
173281505,EUR/USD,2005-07-29 02:00:00.000,1.212700,1.213000,D
173281510,EUR/USD,2005-07-29 02:00:02.000,1.212600,1.212900,D
173281522,EUR/USD,2005-07-29 02:00:06.000,1.212700,1.213000,D
173281537,EUR/USD,2005-07-29 02:00:12.000,1.212600,1.212900,D
173281539,EUR/USD,2005-07-29 02:00:14.000,1.212700,1.213000,D
173281550,EUR/USD,2005-07-29 02:00:16.000,1.212600,1.212900,D
173281581,EUR/USD,2005-07-29 02:00:34.000,1.212700,1.213000,D
173281583,EUR/USD,2005-07-29 02:00:35.000,1.212600,1.212900,D
173281585,EUR/USD,2005-07-29 02:00:35.000,1.212700,1.213000,D
173281588,EUR/USD,2005-07-29 02:00:35.000,1.212800,1.213100,D
173281618,EUR/USD,2005-07-29 02:00:39.000,1.212700,1.213000,D
173281636,EUR/USD,2005-07-29 02:00:41.000,1.212800,1.213100,D
173281647,EUR/USD,2005-07-29 02:00:44.000,1.212700,1.213000,D
173281685,EUR/USD,2005-07-29 02:01:01.000,1.212600,1.212900,D
173281727,EUR/USD,2005-07-29 02:01:37.000,1.212700,1.213000,D
173281759,EUR/USD,2005-07-29 02:01:48.000,1.212600,1.212900,D
173281765,EUR/USD,2005-07-29 02:01:48.000,1.212700,1.213000,D
173281852,EUR/USD,2005-07-29 02:02:46.000,1.212600,1.212900,D
173281866,EUR/USD,2005-07-29 02:02:54.000,1.212500,1.212800,D
173281874,EUR/USD,2005-07-29 02:02:54.000,1.212600,1.212900,D
173281912,EUR/USD,2005-07-29 02:03:13.000,1.212500,1.212800,D
173281926,EUR/USD,2005-07-29 02:03:18.000,1.212400,1.212700,D
173281934,EUR/USD,2005-07-29 02:03:19.000,1.212500,1.212800,D
173281974,EUR/USD,2005-07-29 02:03:32.000,1.212400,1.212700,D
173282041,EUR/USD,2005-07-29 02:03:48.000,1.212300,1.212600,D
173282047,EUR/USD,2005-07-29 02:03:49.000,1.212200,1.212500,D
173282050,EUR/USD,2005-07-29 02:03:49.000,1.212300,1.212600,D
173282066,EUR/USD,2005-07-29 02:03:51.000,1.212400,1.212700,D
173282085,EUR/USD,2005-07-29 02:03:55.000,1.212300,1.212600,D
173282091,EUR/USD,2005-07-29 02:03:57.000,1.212400,1.212700,D
173282099,EUR/USD,2005-07-29 02:03:59.000,1.212300,1.212600,D
173282115,EUR/USD,2005-07-29 02:04:05.000,1.212400,1.212700,D
173282123,EUR/USD,2005-07-29 02:04:06.000,1.212300,1.212600,D
173282127,EUR/USD,2005-07-29 02:04:10.000,1.212400,1.212700,D
173282142,EUR/USD,2005-07-29 02:04:14.000,1.212300,1.212600,D
173282163,EUR/USD,2005-07-29 02:04:29.000,1.212400,1.212700,D
173282176,EUR/USD,2005-07-29 02:04:31.000,1.212500,1.212800,D
173282181,EUR/USD,2005-07-29 02:04:32.000,1.212400,1.212700,D
173282213,EUR/USD,2005-07-29 02:04:58.000,1.212500,1.212800,D
173282234,EUR/USD,2005-07-29 02:05:13.000,1.212400,1.212700,D
173282241,EUR/USD,2005-07-29 02:05:14.000,1.212500,1.212800,D
173282253,EUR/USD,2005-07-29 02:05:16.000,1.212400,1.212700,D
173282259,EUR/USD,2005-07-29 02:05:16.000,1.212500,1.212800,D
173282264,EUR/USD,2005-07-29 02:05:17.000,1.212400,1.212700,D
173282267,EUR/USD,2005-07-29 02:05:18.000,1.212500,1.212800,D
173282289,EUR/USD,2005-07-29 02:05:31.000,1.212400,1.212700,D
173282314,EUR/USD,2005-07-29 02:05:42.000,1.212300,1.212600,D
173282318,EUR/USD,2005-07-29 02:05:43.000,1.212400,1.212700,D
173282331,EUR/USD,2005-07-29 02:05:54.000,1.212500,1.212800,D
173282340,EUR/USD,2005-07-29 02:05:56.000,1.212400,1.212700,D
173282346,EUR/USD,2005-07-29 02:05:58.000,1.212500,1.212800,D
173282349,EUR/USD,2005-07-29 02:05:59.000,1.212400,1.212700,D
173282356,EUR/USD,2005-07-29 02:06:01.000,1.212500,1.212800,D
173282357,EUR/USD,2005-07-29 02:06:01.000,1.212400,1.212700,D
173282375,EUR/USD,2005-07-29 02:06:08.000,1.212500,1.212800,D
173282398,EUR/USD,2005-07-29 02:06:15.000,1.212400,1.212700,D
173282412,EUR/USD,2005-07-29 02:06:23.000,1.212500,1.212800,D
173282416,EUR/USD,2005-07-29 02:06:23.000,1.212400,1.212700,D
173282420,EUR/USD,2005-07-29 02:06:24.000,1.212300,1.212600,D
173282428,EUR/USD,2005-07-29 02:06:26.000,1.212400,1.212700,D
173282465,EUR/USD,2005-07-29 02:06:35.000,1.212500,1.212800,D
173282476,EUR/USD,2005-07-29 02:06:36.000,1.212400,1.212700,D
173282488,EUR/USD,2005-07-29 02:06:37.000,1.212500,1.212800,D
173282494,EUR/USD,2005-07-29 02:06:38.000,1.212400,1.212700,D
173282555,EUR/USD,2005-07-29 02:07:02.000,1.212500,1.212800,D
173282566,EUR/USD,2005-07-29 02:07:05.000,1.212400,1.212700,D
173282619,EUR/USD,2005-07-29 02:07:23.000,1.212300,1.212600,D
173282628,EUR/USD,2005-07-29 02:07:29.000,1.212400,1.212700,D
173282641,EUR/USD,2005-07-29 02:07:30.000,1.212300,1.212600,D
173282646,EUR/USD,2005-07-29 02:07:31.000,1.212400,1.212700,D
173282721,EUR/USD,2005-07-29 02:08:10.000,1.212500,1.212800,D
173282724,EUR/USD,2005-07-29 02:08:11.000,1.212400,1.212700,D
173282786,EUR/USD,2005-07-29 02:08:38.000,1.212300,1.212600,D
173282791,EUR/USD,2005-07-29 02:08:40.000,1.212400,1.212700,D
173282795,EUR/USD,2005-07-29 02:08:42.000,1.212300,1.212600,D
173282845,EUR/USD,2005-07-29 02:08:59.000,1.212200,1.212500,D
173282903,EUR/USD,2005-07-29 02:09:32.000,1.212100,1.212400,D
173282912,EUR/USD,2005-07-29 02:09:36.000,1.212000,1.212300,D
173282931,EUR/USD,2005-07-29 02:09:40.000,1.211900,1.212200,D
173282937,EUR/USD,2005-07-29 02:09:41.000,1.212000,1.212300,D
173282948,EUR/USD,2005-07-29 02:09:44.000,1.211900,1.212200,D
173282960,EUR/USD,2005-07-29 02:09:47.000,1.212000,1.212300,D
173282972,EUR/USD,2005-07-29 02:09:49.000,1.211900,1.212200,D
173282987,EUR/USD,2005-07-29 02:09:51.000,1.211800,1.212100,D
173283012,EUR/USD,2005-07-29 02:10:00.000,1.211700,1.212000,D
173283021,EUR/USD,2005-07-29 02:10:03.000,1.211600,1.211900,D
173283030,EUR/USD,2005-07-29 02:10:05.000,1.211700,1.212000,D
173283032,EUR/USD,2005-07-29 02:10:06.000,1.211600,1.211900,D
173283049,EUR/USD,2005-07-29 02:10:09.000,1.211700,1.212000,D
173283058,EUR/USD,2005-07-29 02:10:10.000,1.211600,1.211900,D
173283075,EUR/USD,2005-07-29 02:10:18.000,1.211700,1.212000,D
173283085,EUR/USD,2005-07-29 02:10:19.000,1.211600,1.211900,D
173283106,EUR/USD,2005-07-29 02:10:25.000,1.211700,1.212000,D
173283120,EUR/USD,2005-07-29 02:10:29.000,1.211600,1.211900,D
173283126,EUR/USD,2005-07-29 02:10:29.000,1.211700,1.212000,D
173283131,EUR/USD,2005-07-29 02:10:32.000,1.211600,1.211900,D
173283140,EUR/USD,2005-07-29 02:10:32.000,1.211700,1.212000,D
173283166,EUR/USD,2005-07-29 02:10:46.000,1.211800,1.212100,D
173283216,EUR/USD,2005-07-29 02:11:02.000,1.211700,1.212000,D
173283249,EUR/USD,2005-07-29 02:11:28.000,1.211800,1.212100,D
173283259,EUR/USD,2005-07-29 02:11:33.000,1.211700,1.212000,D
173283281,EUR/USD,2005-07-29 02:11:46.000,1.211600,1.211900,D
173283290,EUR/USD,2005-07-29 02:11:48.000,1.211700,1.212000,D
173283303,EUR/USD,2005-07-29 02:11:50.000,1.211800,1.212100,D
173283307,EUR/USD,2005-07-29 02:11:50.000,1.211700,1.212000,D
173283314,EUR/USD,2005-07-29 02:11:51.000,1.211800,1.212100,D
173283324,EUR/USD,2005-07-29 02:11:53.000,1.211700,1.212000,D
173283352,EUR/USD,2005-07-29 02:12:11.000,1.211600,1.211900,D
173283368,EUR/USD,2005-07-29 02:12:32.000,1.211500,1.211800,D
173283372,EUR/USD,2005-07-29 02:12:32.000,1.211600,1.211900,D
173283384,EUR/USD,2005-07-29 02:12:34.000,1.211500,1.211800,D
173283441,EUR/USD,2005-07-29 02:12:57.000,1.211600,1.211900,D
173283445,EUR/USD,2005-07-29 02:12:58.000,1.211700,1.212000,D
173283454,EUR/USD,2005-07-29 02:13:00.000,1.211600,1.211900,D
173283490,EUR/USD,2005-07-29 02:13:20.000,1.211700,1.212000,D
173283496,EUR/USD,2005-07-29 02:13:22.000,1.211600,1.211900,D
173283506,EUR/USD,2005-07-29 02:13:23.000,1.211700,1.212000,D
173283513,EUR/USD,2005-07-29 02:13:26.000,1.211600,1.211900,D
173283518,EUR/USD,2005-07-29 02:13:27.000,1.211700,1.212000,D
173283528,EUR/USD,2005-07-29 02:13:29.000,1.211600,1.211900,D
173283559,EUR/USD,2005-07-29 02:13:43.000,1.211700,1.212000,D
173283564,EUR/USD,2005-07-29 02:13:44.000,1.211600,1.211900,D
173283640,EUR/USD,2005-07-29 02:15:05.000,1.211700,1.212000,D
173283708,EUR/USD,2005-07-29 02:15:42.000,1.211800,1.212100,D
173283739,EUR/USD,2005-07-29 02:15:55.000,1.211900,1.212200,D
173283746,EUR/USD,2005-07-29 02:15:56.000,1.211800,1.212100,D
173283812,EUR/USD,2005-07-29 02:16:21.000,1.211700,1.212000,D
173283831,EUR/USD,2005-07-29 02:16:24.000,1.211800,1.212100,D
173283843,EUR/USD,2005-07-29 02:16:26.000,1.211700,1.212000,D
173283960,EUR/USD,2005-07-29 02:17:52.000,1.211800,1.212100,D
173283978,EUR/USD,2005-07-29 02:17:58.000,1.211700,1.212000,D
173284058,EUR/USD,2005-07-29 02:18:36.000,1.211800,1.212100,D
173284125,EUR/USD,2005-07-29 02:19:08.000,1.211700,1.212000,D
173284128,EUR/USD,2005-07-29 02:19:09.000,1.211800,1.212100,D
173284241,EUR/USD,2005-07-29 02:19:50.000,1.211900,1.212200,D
173284289,EUR/USD,2005-07-29 02:20:07.000,1.211800,1.212100,D
173284313,EUR/USD,2005-07-29 02:20:20.000,1.211900,1.212200,D
173284383,EUR/USD,2005-07-29 02:21:31.000,1.211800,1.212100,D
173284396,EUR/USD,2005-07-29 02:21:37.000,1.211900,1.212200,D
173284418,EUR/USD,2005-07-29 02:21:42.000,1.211800,1.212100,D
173284460,EUR/USD,2005-07-29 02:21:50.000,1.211900,1.212200,D
173284486,EUR/USD,2005-07-29 02:21:56.000,1.211800,1.212100,D
173284506,EUR/USD,2005-07-29 02:22:07.000,1.211700,1.212000,D
173284517,EUR/USD,2005-07-29 02:22:08.000,1.211800,1.212100,D
173284582,EUR/USD,2005-07-29 02:22:31.000,1.211900,1.212200,D
173284586,EUR/USD,2005-07-29 02:22:33.000,1.211800,1.212100,D
173284592,EUR/USD,2005-07-29 02:22:36.000,1.211900,1.212200,D
173284681,EUR/USD,2005-07-29 02:23:10.000,1.212000,1.212300,D
173284714,EUR/USD,2005-07-29 02:23:15.000,1.212100,1.212400,D
173284731,EUR/USD,2005-07-29 02:23:17.000,1.212000,1.212300,D
173284748,EUR/USD,2005-07-29 02:23:19.000,1.212100,1.212400,D
173284761,EUR/USD,2005-07-29 02:23:22.000,1.212000,1.212300,D
173284774,EUR/USD,2005-07-29 02:23:25.000,1.212100,1.212400,D
173284782,EUR/USD,2005-07-29 02:23:29.000,1.212200,1.212500,D
173284808,EUR/USD,2005-07-29 02:23:31.000,1.212300,1.212600,D
173284847,EUR/USD,2005-07-29 02:23:41.000,1.212200,1.212500,D
173284885,EUR/USD,2005-07-29 02:23:55.000,1.212300,1.212600,D
173284997,EUR/USD,2005-07-29 02:24:16.000,1.212400,1.212700,D
173285087,EUR/USD,2005-07-29 02:24:36.000,1.212300,1.212600,D
173285091,EUR/USD,2005-07-29 02:24:36.000,1.212400,1.212700,D
173285138,EUR/USD,2005-07-29 02:24:43.000,1.212300,1.212600,D
173285155,EUR/USD,2005-07-29 02:24:45.000,1.212400,1.212700,D
173285179,EUR/USD,2005-07-29 02:24:50.000,1.212300,1.212600,D
173285190,EUR/USD,2005-07-29 02:24:54.000,1.212400,1.212700,D
173285257,EUR/USD,2005-07-29 02:25:13.000,1.212500,1.212800,D
173285320,EUR/USD,2005-07-29 02:25:23.000,1.212400,1.212700,D
173285365,EUR/USD,2005-07-29 02:25:31.000,1.212300,1.212600,D
173285439,EUR/USD,2005-07-29 02:25:52.000,1.212200,1.212500,D
173285476,EUR/USD,2005-07-29 02:26:07.000,1.212300,1.212600,D
173285549,EUR/USD,2005-07-29 02:26:25.000,1.212200,1.212500,D
173285566,EUR/USD,2005-07-29 02:26:29.000,1.212300,1.212600,D
173285596,EUR/USD,2005-07-29 02:26:34.000,1.212200,1.212500,D
173285601,EUR/USD,2005-07-29 02:26:35.000,1.212300,1.212600,D
173285605,EUR/USD,2005-07-29 02:26:35.000,1.212200,1.212500,D
173285629,EUR/USD,2005-07-29 02:26:43.000,1.212300,1.212600,D
173285638,EUR/USD,2005-07-29 02:26:45.000,1.212200,1.212500,D
173285672,EUR/USD,2005-07-29 02:26:57.000,1.212100,1.212400,D
173285685,EUR/USD,2005-07-29 02:27:11.000,1.212200,1.212500,D
173285717,EUR/USD,2005-07-29 02:27:16.000,1.212300,1.212600,D
173285744,EUR/USD,2005-07-29 02:27:19.000,1.212200,1.212500,D
173285769,EUR/USD,2005-07-29 02:27:29.000,1.212300,1.212600,D
173285827,EUR/USD,2005-07-29 02:27:48.000,1.212400,1.212700,D
173285838,EUR/USD,2005-07-29 02:27:51.000,1.212300,1.212600,D
173285854,EUR/USD,2005-07-29 02:27:54.000,1.212400,1.212700,D
173285888,EUR/USD,2005-07-29 02:28:06.000,1.212500,1.212800,D
173285894,EUR/USD,2005-07-29 02:28:07.000,1.212400,1.212700,D
173285930,EUR/USD,2005-07-29 02:28:20.000,1.212300,1.212600,D
173285958,EUR/USD,2005-07-29 02:28:27.000,1.212400,1.212700,D
173285968,EUR/USD,2005-07-29 02:28:30.000,1.212300,1.212600,D
173286050,EUR/USD,2005-07-29 02:28:56.000,1.212400,1.212700,D
173286056,EUR/USD,2005-07-29 02:28:57.000,1.212300,1.212600,D
173286061,EUR/USD,2005-07-29 02:28:58.000,1.212400,1.212700,D
173286069,EUR/USD,2005-07-29 02:28:58.000,1.212300,1.212600,D
173286242,EUR/USD,2005-07-29 02:30:50.000,1.212200,1.212500,D
173286292,EUR/USD,2005-07-29 02:31:07.000,1.212100,1.212400,D
173286301,EUR/USD,2005-07-29 02:31:08.000,1.212200,1.212500,D
173286307,EUR/USD,2005-07-29 02:31:09.000,1.212100,1.212400,D
173286315,EUR/USD,2005-07-29 02:31:11.000,1.212000,1.212300,D
173286327,EUR/USD,2005-07-29 02:31:13.000,1.211900,1.212200,D
173286329,EUR/USD,2005-07-29 02:31:13.000,1.211800,1.212100,D
173286344,EUR/USD,2005-07-29 02:31:15.000,1.211900,1.212200,D
173286355,EUR/USD,2005-07-29 02:31:17.000,1.211800,1.212100,D
173286360,EUR/USD,2005-07-29 02:31:17.000,1.211900,1.212200,D
173286390,EUR/USD,2005-07-29 02:31:28.000,1.212000,1.212300,D
173286403,EUR/USD,2005-07-29 02:31:31.000,1.211900,1.212200,D
173286417,EUR/USD,2005-07-29 02:31:32.000,1.212000,1.212300,D
173286434,EUR/USD,2005-07-29 02:31:36.000,1.212100,1.212400,D
173286442,EUR/USD,2005-07-29 02:31:38.000,1.212000,1.212300,D
173286452,EUR/USD,2005-07-29 02:31:39.000,1.212100,1.212400,D
173286504,EUR/USD,2005-07-29 02:32:05.000,1.212200,1.212500,D
173286510,EUR/USD,2005-07-29 02:32:11.000,1.212100,1.212400,D
173286519,EUR/USD,2005-07-29 02:32:14.000,1.212200,1.212500,D
173286552,EUR/USD,2005-07-29 02:32:32.000,1.212100,1.212400,D
173286567,EUR/USD,2005-07-29 02:32:36.000,1.212200,1.212500,D
173286590,EUR/USD,2005-07-29 02:32:41.000,1.212100,1.212400,D
173286602,EUR/USD,2005-07-29 02:32:43.000,1.212200,1.212500,D
173286615,EUR/USD,2005-07-29 02:32:46.000,1.212100,1.212400,D
173286642,EUR/USD,2005-07-29 02:32:54.000,1.212200,1.212500,D
173286650,EUR/USD,2005-07-29 02:32:54.000,1.212100,1.212400,D
173286686,EUR/USD,2005-07-29 02:33:09.000,1.212200,1.212500,D
173286722,EUR/USD,2005-07-29 02:33:25.000,1.212300,1.212600,D
173286728,EUR/USD,2005-07-29 02:33:27.000,1.212400,1.212700,D
173286757,EUR/USD,2005-07-29 02:33:32.000,1.212300,1.212600,D
173286763,EUR/USD,2005-07-29 02:33:32.000,1.212400,1.212700,D
173286764,EUR/USD,2005-07-29 02:33:32.000,1.212500,1.212800,D
173286777,EUR/USD,2005-07-29 02:33:33.000,1.212400,1.212700,D
173286786,EUR/USD,2005-07-29 02:33:34.000,1.212300,1.212600,D
173286790,EUR/USD,2005-07-29 02:33:34.000,1.212400,1.212700,D
173286866,EUR/USD,2005-07-29 02:33:54.000,1.212500,1.212800,D
173286887,EUR/USD,2005-07-29 02:34:00.000,1.212600,1.212900,D
173286959,EUR/USD,2005-07-29 02:34:13.000,1.212500,1.212800,D
173287025,EUR/USD,2005-07-29 02:34:25.000,1.212400,1.212700,D
173287074,EUR/USD,2005-07-29 02:34:37.000,1.212500,1.212800,D
173287117,EUR/USD,2005-07-29 02:34:46.000,1.212600,1.212900,D
173287136,EUR/USD,2005-07-29 02:34:50.000,1.212500,1.212800,D
173287193,EUR/USD,2005-07-29 02:35:17.000,1.212400,1.212700,D
173287219,EUR/USD,2005-07-29 02:35:26.000,1.212300,1.212600,D
173287221,EUR/USD,2005-07-29 02:35:27.000,1.212400,1.212700,D
173287247,EUR/USD,2005-07-29 02:35:33.000,1.212300,1.212600,D
173287252,EUR/USD,2005-07-29 02:35:34.000,1.212400,1.212700,D
173287270,EUR/USD,2005-07-29 02:35:42.000,1.212500,1.212800,D
173287312,EUR/USD,2005-07-29 02:36:01.000,1.212400,1.212700,D
173287339,EUR/USD,2005-07-29 02:36:16.000,1.212300,1.212600,D
173287372,EUR/USD,2005-07-29 02:36:33.000,1.212400,1.212700,D
173287384,EUR/USD,2005-07-29 02:36:37.000,1.212300,1.212600,D
173287392,EUR/USD,2005-07-29 02:36:38.000,1.212400,1.212700,D
173287508,EUR/USD,2005-07-29 02:37:34.000,1.212500,1.212800,D
173287540,EUR/USD,2005-07-29 02:37:47.000,1.212600,1.212900,D
173287587,EUR/USD,2005-07-29 02:38:07.000,1.212700,1.213000,D
173287601,EUR/USD,2005-07-29 02:38:10.000,1.212600,1.212900,D
173287660,EUR/USD,2005-07-29 02:38:27.000,1.212700,1.213000,D
173287663,EUR/USD,2005-07-29 02:38:28.000,1.212600,1.212900,D
173287737,EUR/USD,2005-07-29 02:39:01.000,1.212700,1.213000,D
173287753,EUR/USD,2005-07-29 02:39:07.000,1.212600,1.212900,D
173287754,EUR/USD,2005-07-29 02:39:07.000,1.212700,1.213000,D
173287764,EUR/USD,2005-07-29 02:39:08.000,1.212600,1.212900,D
173287782,EUR/USD,2005-07-29 02:39:11.000,1.212500,1.212800,D
173287801,EUR/USD,2005-07-29 02:39:13.000,1.212600,1.212900,D
173287837,EUR/USD,2005-07-29 02:39:21.000,1.212500,1.212800,D
173287878,EUR/USD,2005-07-29 02:39:33.000,1.212400,1.212700,D
173287907,EUR/USD,2005-07-29 02:39:41.000,1.212500,1.212800,D
173287947,EUR/USD,2005-07-29 02:40:05.000,1.212400,1.212700,D
173287975,EUR/USD,2005-07-29 02:40:21.000,1.212500,1.212800,D
173288006,EUR/USD,2005-07-29 02:40:45.000,1.212400,1.212700,D
173288009,EUR/USD,2005-07-29 02:40:45.000,1.212500,1.212800,D
173288019,EUR/USD,2005-07-29 02:40:46.000,1.212400,1.212700,D
173288059,EUR/USD,2005-07-29 02:41:10.000,1.212300,1.212600,D
173288121,EUR/USD,2005-07-29 02:41:42.000,1.212400,1.212700,D
173288150,EUR/USD,2005-07-29 02:42:00.000,1.212500,1.212800,D
173288188,EUR/USD,2005-07-29 02:42:14.000,1.212400,1.212700,D
173288195,EUR/USD,2005-07-29 02:42:17.000,1.212500,1.212800,D
173288207,EUR/USD,2005-07-29 02:42:20.000,1.212400,1.212700,D
173288220,EUR/USD,2005-07-29 02:42:30.000,1.212500,1.212800,D
173288232,EUR/USD,2005-07-29 02:42:35.000,1.212400,1.212700,D
173288237,EUR/USD,2005-07-29 02:42:37.000,1.212500,1.212800,D
173288295,EUR/USD,2005-07-29 02:43:13.000,1.212400,1.212700,D
173288304,EUR/USD,2005-07-29 02:43:14.000,1.212500,1.212800,D
173288329,EUR/USD,2005-07-29 02:43:17.000,1.212600,1.212900,D
173288334,EUR/USD,2005-07-29 02:43:18.000,1.212500,1.212800,D
173288359,EUR/USD,2005-07-29 02:43:29.000,1.212600,1.212900,D
173288364,EUR/USD,2005-07-29 02:43:31.000,1.212500,1.212800,D
173288388,EUR/USD,2005-07-29 02:43:48.000,1.212600,1.212900,D
173288392,EUR/USD,2005-07-29 02:43:50.000,1.212500,1.212800,D
173288407,EUR/USD,2005-07-29 02:44:01.000,1.212600,1.212900,D
173288430,EUR/USD,2005-07-29 02:44:28.000,1.212500,1.212800,D
173288436,EUR/USD,2005-07-29 02:44:30.000,1.212600,1.212900,D
173288442,EUR/USD,2005-07-29 02:44:31.000,1.212500,1.212800,D
173288453,EUR/USD,2005-07-29 02:44:36.000,1.212400,1.212700,D
173288483,EUR/USD,2005-07-29 02:44:51.000,1.212500,1.212800,D
173288526,EUR/USD,2005-07-29 02:45:04.000,1.212400,1.212700,D
173288589,EUR/USD,2005-07-29 02:45:17.000,1.212500,1.212800,D
173288616,EUR/USD,2005-07-29 02:45:33.000,1.212600,1.212900,D
173288635,EUR/USD,2005-07-29 02:45:41.000,1.212500,1.212800,D
173288651,EUR/USD,2005-07-29 02:45:48.000,1.212600,1.212900,D
173288664,EUR/USD,2005-07-29 02:45:52.000,1.212700,1.213000,D
173288684,EUR/USD,2005-07-29 02:45:59.000,1.212800,1.213100,D
173288703,EUR/USD,2005-07-29 02:46:05.000,1.212700,1.213000,D
173288708,EUR/USD,2005-07-29 02:46:05.000,1.212800,1.213100,D
173288716,EUR/USD,2005-07-29 02:46:07.000,1.212700,1.213000,D
173288739,EUR/USD,2005-07-29 02:46:23.000,1.212600,1.212900,D
173288744,EUR/USD,2005-07-29 02:46:24.000,1.212700,1.213000,D
173288750,EUR/USD,2005-07-29 02:46:25.000,1.212600,1.212900,D
173288760,EUR/USD,2005-07-29 02:46:30.000,1.212700,1.213000,D
173288789,EUR/USD,2005-07-29 02:46:44.000,1.212600,1.212900,D
173288795,EUR/USD,2005-07-29 02:46:48.000,1.212700,1.213000,D
173288798,EUR/USD,2005-07-29 02:46:48.000,1.212600,1.212900,D
173288800,EUR/USD,2005-07-29 02:46:49.000,1.212700,1.213000,D
173288809,EUR/USD,2005-07-29 02:46:51.000,1.212600,1.212900,D
173288820,EUR/USD,2005-07-29 02:46:53.000,1.212700,1.213000,D
173288833,EUR/USD,2005-07-29 02:46:56.000,1.212600,1.212900,D
173288848,EUR/USD,2005-07-29 02:46:57.000,1.212700,1.213000,D
173288874,EUR/USD,2005-07-29 02:47:00.000,1.212600,1.212900,D
173288881,EUR/USD,2005-07-29 02:47:01.000,1.212700,1.213000,D
173288889,EUR/USD,2005-07-29 02:47:02.000,1.212600,1.212900,D
173288896,EUR/USD,2005-07-29 02:47:04.000,1.212700,1.213000,D
173288911,EUR/USD,2005-07-29 02:47:07.000,1.212600,1.212900,D
173288917,EUR/USD,2005-07-29 02:47:07.000,1.212700,1.213000,D
173288928,EUR/USD,2005-07-29 02:47:08.000,1.212600,1.212900,D
173288944,EUR/USD,2005-07-29 02:47:11.000,1.212700,1.213000,D
173288964,EUR/USD,2005-07-29 02:47:18.000,1.212600,1.212900,D
173289013,EUR/USD,2005-07-29 02:47:34.000,1.212500,1.212800,D
173289080,EUR/USD,2005-07-29 02:47:48.000,1.212400,1.212700,D
173289163,EUR/USD,2005-07-29 02:48:12.000,1.212300,1.212600,D
173289193,EUR/USD,2005-07-29 02:48:26.000,1.212400,1.212700,D
173289198,EUR/USD,2005-07-29 02:48:29.000,1.212300,1.212600,D
173289287,EUR/USD,2005-07-29 02:48:59.000,1.212400,1.212700,D
173289426,EUR/USD,2005-07-29 02:49:57.000,1.212300,1.212600,D
173289442,EUR/USD,2005-07-29 02:50:02.000,1.212200,1.212500,D
173289453,EUR/USD,2005-07-29 02:50:05.000,1.212100,1.212400,D
173289455,EUR/USD,2005-07-29 02:50:06.000,1.212200,1.212500,D
173289472,EUR/USD,2005-07-29 02:50:09.000,1.212100,1.212400,D
173289495,EUR/USD,2005-07-29 02:50:24.000,1.212000,1.212300,D
173289524,EUR/USD,2005-07-29 02:50:33.000,1.211900,1.212200,D
173289535,EUR/USD,2005-07-29 02:50:35.000,1.211800,1.212100,D
173289546,EUR/USD,2005-07-29 02:50:36.000,1.211900,1.212200,D
173289609,EUR/USD,2005-07-29 02:50:48.000,1.212000,1.212300,D
173289613,EUR/USD,2005-07-29 02:50:49.000,1.211900,1.212200,D
173289624,EUR/USD,2005-07-29 02:50:51.000,1.212000,1.212300,D
173289677,EUR/USD,2005-07-29 02:51:01.000,1.212100,1.212400,D
173289682,EUR/USD,2005-07-29 02:51:01.000,1.212000,1.212300,D
173289684,EUR/USD,2005-07-29 02:51:01.000,1.212100,1.212400,D
173289696,EUR/USD,2005-07-29 02:51:03.000,1.212000,1.212300,D
173289705,EUR/USD,2005-07-29 02:51:03.000,1.212100,1.212400,D
173289716,EUR/USD,2005-07-29 02:51:05.000,1.212000,1.212300,D
173289744,EUR/USD,2005-07-29 02:51:10.000,1.212100,1.212400,D
173289751,EUR/USD,2005-07-29 02:51:11.000,1.212000,1.212300,D
173289777,EUR/USD,2005-07-29 02:51:21.000,1.211900,1.212200,D
173289791,EUR/USD,2005-07-29 02:51:26.000,1.212000,1.212300,D
173289802,EUR/USD,2005-07-29 02:51:29.000,1.212100,1.212400,D
173289822,EUR/USD,2005-07-29 02:51:31.000,1.212000,1.212300,D
173289872,EUR/USD,2005-07-29 02:51:50.000,1.212100,1.212400,D
173289947,EUR/USD,2005-07-29 02:52:27.000,1.212200,1.212500,D
173289951,EUR/USD,2005-07-29 02:52:27.000,1.212100,1.212400,D
173289957,EUR/USD,2005-07-29 02:52:28.000,1.212200,1.212500,D
173289991,EUR/USD,2005-07-29 02:52:44.000,1.212300,1.212600,D
173290014,EUR/USD,2005-07-29 02:52:48.000,1.212400,1.212700,D
173290052,EUR/USD,2005-07-29 02:52:55.000,1.212500,1.212800,D
173290082,EUR/USD,2005-07-29 02:52:59.000,1.212600,1.212900,D
173290112,EUR/USD,2005-07-29 02:53:03.000,1.212700,1.213000,D
173290184,EUR/USD,2005-07-29 02:53:21.000,1.212800,1.213100,D
173290190,EUR/USD,2005-07-29 02:53:22.000,1.212700,1.213000,D
173290230,EUR/USD,2005-07-29 02:53:34.000,1.212600,1.212900,D
173290238,EUR/USD,2005-07-29 02:53:35.000,1.212700,1.213000,D
173290254,EUR/USD,2005-07-29 02:53:36.000,1.212600,1.212900,D
173290259,EUR/USD,2005-07-29 02:53:36.000,1.212700,1.213000,D
173290285,EUR/USD,2005-07-29 02:53:42.000,1.212600,1.212900,D
173290292,EUR/USD,2005-07-29 02:53:44.000,1.212700,1.213000,D
173290297,EUR/USD,2005-07-29 02:53:46.000,1.212600,1.212900,D
173290300,EUR/USD,2005-07-29 02:53:49.000,1.212700,1.213000,D
173290312,EUR/USD,2005-07-29 02:53:52.000,1.212600,1.212900,D
173290315,EUR/USD,2005-07-29 02:53:52.000,1.212700,1.213000,D
173290329,EUR/USD,2005-07-29 02:53:55.000,1.212600,1.212900,D
173290338,EUR/USD,2005-07-29 02:53:57.000,1.212500,1.212800,D
173290346,EUR/USD,2005-07-29 02:53:59.000,1.212400,1.212700,D
173290357,EUR/USD,2005-07-29 02:54:00.000,1.212300,1.212600,D
173290364,EUR/USD,2005-07-29 02:54:01.000,1.212200,1.212500,D
173290387,EUR/USD,2005-07-29 02:54:05.000,1.212100,1.212400,D
173290392,EUR/USD,2005-07-29 02:54:07.000,1.212000,1.212300,D
173290413,EUR/USD,2005-07-29 02:54:09.000,1.211900,1.212200,D
173290421,EUR/USD,2005-07-29 02:54:10.000,1.212000,1.212300,D
173290449,EUR/USD,2005-07-29 02:54:12.000,1.212100,1.212400,D
173290478,EUR/USD,2005-07-29 02:54:16.000,1.212200,1.212500,D
173290492,EUR/USD,2005-07-29 02:54:18.000,1.212100,1.212400,D
173290504,EUR/USD,2005-07-29 02:54:19.000,1.212200,1.212500,D
173290508,EUR/USD,2005-07-29 02:54:20.000,1.212300,1.212600,D
173290536,EUR/USD,2005-07-29 02:54:28.000,1.212200,1.212500,D
173290554,EUR/USD,2005-07-29 02:54:30.000,1.212100,1.212400,D
173290556,EUR/USD,2005-07-29 02:54:32.000,1.212200,1.212500,D
173290558,EUR/USD,2005-07-29 02:54:34.000,1.212100,1.212400,D
173290561,EUR/USD,2005-07-29 02:54:36.000,1.212200,1.212500,D
173290612,EUR/USD,2005-07-29 02:54:53.000,1.212100,1.212400,D
173290631,EUR/USD,2005-07-29 02:55:01.000,1.212000,1.212300,D
173290638,EUR/USD,2005-07-29 02:55:01.000,1.211900,1.212200,D
173290646,EUR/USD,2005-07-29 02:55:02.000,1.212000,1.212300,D
173290665,EUR/USD,2005-07-29 02:55:05.000,1.212100,1.212400,D
173290681,EUR/USD,2005-07-29 02:55:07.000,1.212000,1.212300,D
173290715,EUR/USD,2005-07-29 02:55:18.000,1.212100,1.212400,D
173290718,EUR/USD,2005-07-29 02:55:19.000,1.212000,1.212300,D
173290762,EUR/USD,2005-07-29 02:55:37.000,1.212100,1.212400,D
173290789,EUR/USD,2005-07-29 02:55:56.000,1.212200,1.212500,D
173290810,EUR/USD,2005-07-29 02:56:06.000,1.212300,1.212600,D
173290820,EUR/USD,2005-07-29 02:56:09.000,1.212200,1.212500,D
173290857,EUR/USD,2005-07-29 02:56:24.000,1.212300,1.212600,D
173290871,EUR/USD,2005-07-29 02:56:30.000,1.212200,1.212500,D
173290875,EUR/USD,2005-07-29 02:56:31.000,1.212300,1.212600,D
173290882,EUR/USD,2005-07-29 02:56:32.000,1.212400,1.212700,D
173290887,EUR/USD,2005-07-29 02:56:34.000,1.212300,1.212600,D
173290888,EUR/USD,2005-07-29 02:56:34.000,1.212400,1.212700,D
173290911,EUR/USD,2005-07-29 02:56:37.000,1.212300,1.212600,D
173291003,EUR/USD,2005-07-29 02:57:09.000,1.212400,1.212700,D
173291021,EUR/USD,2005-07-29 02:57:11.000,1.212500,1.212800,D
173291032,EUR/USD,2005-07-29 02:57:14.000,1.212600,1.212900,D
173291040,EUR/USD,2005-07-29 02:57:15.000,1.212500,1.212800,D
173291042,EUR/USD,2005-07-29 02:57:15.000,1.212600,1.212900,D
173291079,EUR/USD,2005-07-29 02:57:22.000,1.212500,1.212800,D
173291081,EUR/USD,2005-07-29 02:57:25.000,1.212600,1.212900,D
173291085,EUR/USD,2005-07-29 02:57:25.000,1.212500,1.212800,D
173291164,EUR/USD,2005-07-29 02:58:09.000,1.212400,1.212700,D
173291168,EUR/USD,2005-07-29 02:58:12.000,1.212300,1.212600,D
173291245,EUR/USD,2005-07-29 02:58:43.000,1.212400,1.212700,D
173291273,EUR/USD,2005-07-29 02:58:55.000,1.212300,1.212600,D
173291316,EUR/USD,2005-07-29 02:59:19.000,1.212400,1.212700,D
173291369,EUR/USD,2005-07-29 02:59:58.000,1.212300,1.212600,D
173291538,EUR/USD,2005-07-29 03:02:13.000,1.212200,1.212500,D
173291554,EUR/USD,2005-07-29 03:02:22.000,1.212100,1.212400,D
173291572,EUR/USD,2005-07-29 03:02:27.000,1.212000,1.212300,D
173291626,EUR/USD,2005-07-29 03:03:17.000,1.212100,1.212400,D
173291631,EUR/USD,2005-07-29 03:03:18.000,1.212000,1.212300,D
173291654,EUR/USD,2005-07-29 03:03:27.000,1.212100,1.212400,D
173291664,EUR/USD,2005-07-29 03:03:29.000,1.212000,1.212300,D
173291676,EUR/USD,2005-07-29 03:03:33.000,1.211900,1.212200,D
173291693,EUR/USD,2005-07-29 03:03:48.000,1.212000,1.212300,D
173291707,EUR/USD,2005-07-29 03:04:00.000,1.212100,1.212400,D
173291717,EUR/USD,2005-07-29 03:04:08.000,1.212200,1.212500,D
173291729,EUR/USD,2005-07-29 03:04:12.000,1.212100,1.212400,D
173291748,EUR/USD,2005-07-29 03:04:20.000,1.212200,1.212500,D
173291760,EUR/USD,2005-07-29 03:04:24.000,1.212100,1.212400,D
173291781,EUR/USD,2005-07-29 03:04:40.000,1.212200,1.212500,D
173291820,EUR/USD,2005-07-29 03:04:58.000,1.212300,1.212600,D
173291828,EUR/USD,2005-07-29 03:05:04.000,1.212200,1.212500,D
173291833,EUR/USD,2005-07-29 03:05:04.000,1.212300,1.212600,D
173291846,EUR/USD,2005-07-29 03:05:06.000,1.212200,1.212500,D
173291853,EUR/USD,2005-07-29 03:05:10.000,1.212300,1.212600,D
173291902,EUR/USD,2005-07-29 03:05:33.000,1.212200,1.212500,D
173291963,EUR/USD,2005-07-29 03:05:59.000,1.212100,1.212400,D
173291987,EUR/USD,2005-07-29 03:06:12.000,1.212000,1.212300,D
173291996,EUR/USD,2005-07-29 03:06:14.000,1.212100,1.212400,D
173292003,EUR/USD,2005-07-29 03:06:15.000,1.212200,1.212500,D
173292007,EUR/USD,2005-07-29 03:06:17.000,1.212100,1.212400,D
173292031,EUR/USD,2005-07-29 03:06:24.000,1.212000,1.212300,D
173292046,EUR/USD,2005-07-29 03:06:29.000,1.212100,1.212400,D
173292056,EUR/USD,2005-07-29 03:06:34.000,1.212000,1.212300,D
173292113,EUR/USD,2005-07-29 03:07:01.000,1.212100,1.212400,D
173292124,EUR/USD,2005-07-29 03:07:03.000,1.212000,1.212300,D
173292166,EUR/USD,2005-07-29 03:07:33.000,1.212100,1.212400,D
173292188,EUR/USD,2005-07-29 03:07:41.000,1.212200,1.212500,D
173292198,EUR/USD,2005-07-29 03:07:44.000,1.212100,1.212400,D
173292262,EUR/USD,2005-07-29 03:08:04.000,1.212000,1.212300,D
173292378,EUR/USD,2005-07-29 03:09:01.000,1.211900,1.212200,D
173292382,EUR/USD,2005-07-29 03:09:02.000,1.212000,1.212300,D
173292397,EUR/USD,2005-07-29 03:09:05.000,1.211900,1.212200,D
173292399,EUR/USD,2005-07-29 03:09:06.000,1.212000,1.212300,D
173292419,EUR/USD,2005-07-29 03:09:12.000,1.212100,1.212400,D
173292428,EUR/USD,2005-07-29 03:09:13.000,1.212000,1.212300,D
173292443,EUR/USD,2005-07-29 03:09:17.000,1.212100,1.212400,D
173292459,EUR/USD,2005-07-29 03:09:24.000,1.212000,1.212300,D
173292476,EUR/USD,2005-07-29 03:09:34.000,1.212100,1.212400,D
173292559,EUR/USD,2005-07-29 03:10:21.000,1.212000,1.212300,D
173292605,EUR/USD,2005-07-29 03:10:45.000,1.212100,1.212400,D
173292609,EUR/USD,2005-07-29 03:10:46.000,1.212000,1.212300,D
173292611,EUR/USD,2005-07-29 03:10:48.000,1.212100,1.212400,D
173292615,EUR/USD,2005-07-29 03:10:53.000,1.212000,1.212300,D
173292623,EUR/USD,2005-07-29 03:10:55.000,1.212100,1.212400,D
173292631,EUR/USD,2005-07-29 03:10:57.000,1.212000,1.212300,D
173292682,EUR/USD,2005-07-29 03:11:06.000,1.212100,1.212400,D
173292778,EUR/USD,2005-07-29 03:11:47.000,1.212200,1.212500,D
173292804,EUR/USD,2005-07-29 03:11:55.000,1.212100,1.212400,D
173292826,EUR/USD,2005-07-29 03:12:04.000,1.212000,1.212300,D
173292851,EUR/USD,2005-07-29 03:12:12.000,1.211900,1.212200,D
173292890,EUR/USD,2005-07-29 03:12:50.000,1.212000,1.212300,D
173292941,EUR/USD,2005-07-29 03:13:21.000,1.212100,1.212400,D
173292959,EUR/USD,2005-07-29 03:13:25.000,1.212000,1.212300,D
173292965,EUR/USD,2005-07-29 03:13:26.000,1.212100,1.212400,D
173292977,EUR/USD,2005-07-29 03:13:33.000,1.212000,1.212300,D
173292983,EUR/USD,2005-07-29 03:13:35.000,1.212100,1.212400,D
173292988,EUR/USD,2005-07-29 03:13:37.000,1.212000,1.212300,D
173292995,EUR/USD,2005-07-29 03:13:39.000,1.212100,1.212400,D
173293150,EUR/USD,2005-07-29 03:15:25.000,1.212200,1.212500,D
173293156,EUR/USD,2005-07-29 03:15:26.000,1.212100,1.212400,D
173293178,EUR/USD,2005-07-29 03:15:33.000,1.212200,1.212500,D
173293179,EUR/USD,2005-07-29 03:15:33.000,1.212100,1.212400,D
173293182,EUR/USD,2005-07-29 03:15:33.000,1.212200,1.212500,D
173293188,EUR/USD,2005-07-29 03:15:37.000,1.212100,1.212400,D
173293208,EUR/USD,2005-07-29 03:15:45.000,1.212000,1.212300,D
173293217,EUR/USD,2005-07-29 03:15:45.000,1.212100,1.212400,D
173293325,EUR/USD,2005-07-29 03:16:21.000,1.212200,1.212500,D
173293370,EUR/USD,2005-07-29 03:16:42.000,1.212100,1.212400,D
173293388,EUR/USD,2005-07-29 03:16:50.000,1.212200,1.212500,D
173293454,EUR/USD,2005-07-29 03:18:09.000,1.212100,1.212400,D
173293458,EUR/USD,2005-07-29 03:18:11.000,1.212200,1.212500,D
173293473,EUR/USD,2005-07-29 03:18:29.000,1.212300,1.212600,D
173293509,EUR/USD,2005-07-29 03:18:46.000,1.212200,1.212500,D
173293519,EUR/USD,2005-07-29 03:18:51.000,1.212100,1.212400,D
173293538,EUR/USD,2005-07-29 03:18:56.000,1.212000,1.212300,D
173293555,EUR/USD,2005-07-29 03:19:00.000,1.212100,1.212400,D
173293560,EUR/USD,2005-07-29 03:19:01.000,1.212000,1.212300,D
173293589,EUR/USD,2005-07-29 03:19:14.000,1.211900,1.212200,D
173293598,EUR/USD,2005-07-29 03:19:15.000,1.212000,1.212300,D
173293679,EUR/USD,2005-07-29 03:19:59.000,1.212100,1.212400,D
173293682,EUR/USD,2005-07-29 03:19:59.000,1.212000,1.212300,D
173293686,EUR/USD,2005-07-29 03:20:00.000,1.212100,1.212400,D
173293697,EUR/USD,2005-07-29 03:20:02.000,1.212000,1.212300,D
173293700,EUR/USD,2005-07-29 03:20:03.000,1.212100,1.212400,D
173293755,EUR/USD,2005-07-29 03:20:38.000,1.212200,1.212500,D
173293762,EUR/USD,2005-07-29 03:20:39.000,1.212300,1.212600,D
173293778,EUR/USD,2005-07-29 03:20:43.000,1.212400,1.212700,D
173293855,EUR/USD,2005-07-29 03:21:01.000,1.212500,1.212800,D
173293876,EUR/USD,2005-07-29 03:21:03.000,1.212400,1.212700,D
173293914,EUR/USD,2005-07-29 03:21:07.000,1.212500,1.212800,D
173293966,EUR/USD,2005-07-29 03:21:16.000,1.212400,1.212700,D
173293985,EUR/USD,2005-07-29 03:21:29.000,1.212300,1.212600,D
173294040,EUR/USD,2005-07-29 03:21:50.000,1.212200,1.212500,D
173294046,EUR/USD,2005-07-29 03:21:51.000,1.212300,1.212600,D
173294049,EUR/USD,2005-07-29 03:21:51.000,1.212400,1.212700,D
173294096,EUR/USD,2005-07-29 03:22:01.000,1.212500,1.212800,D
173294116,EUR/USD,2005-07-29 03:22:09.000,1.212600,1.212900,D
173294122,EUR/USD,2005-07-29 03:22:11.000,1.212500,1.212800,D
173294142,EUR/USD,2005-07-29 03:22:13.000,1.212400,1.212700,D
173294161,EUR/USD,2005-07-29 03:22:21.000,1.212300,1.212600,D
173294177,EUR/USD,2005-07-29 03:22:24.000,1.212400,1.212700,D
173294185,EUR/USD,2005-07-29 03:22:26.000,1.212300,1.212600,D
173294189,EUR/USD,2005-07-29 03:22:28.000,1.212400,1.212700,D
173294204,EUR/USD,2005-07-29 03:22:34.000,1.212500,1.212800,D
173294211,EUR/USD,2005-07-29 03:22:35.000,1.212400,1.212700,D
173294221,EUR/USD,2005-07-29 03:22:42.000,1.212500,1.212800,D
173294292,EUR/USD,2005-07-29 03:23:08.000,1.212400,1.212700,D
173294326,EUR/USD,2005-07-29 03:23:39.000,1.212500,1.212800,D
173294329,EUR/USD,2005-07-29 03:23:41.000,1.212400,1.212700,D
173294343,EUR/USD,2005-07-29 03:23:47.000,1.212300,1.212600,D
173294350,EUR/USD,2005-07-29 03:23:48.000,1.212400,1.212700,D
173294360,EUR/USD,2005-07-29 03:23:51.000,1.212500,1.212800,D
173294375,EUR/USD,2005-07-29 03:23:54.000,1.212400,1.212700,D
173294390,EUR/USD,2005-07-29 03:24:02.000,1.212500,1.212800,D
173294393,EUR/USD,2005-07-29 03:24:03.000,1.212400,1.212700,D
173294415,EUR/USD,2005-07-29 03:24:24.000,1.212500,1.212800,D
173294432,EUR/USD,2005-07-29 03:24:27.000,1.212400,1.212700,D
173294440,EUR/USD,2005-07-29 03:24:32.000,1.212500,1.212800,D
173294471,EUR/USD,2005-07-29 03:24:44.000,1.212400,1.212700,D
173294485,EUR/USD,2005-07-29 03:24:46.000,1.212500,1.212800,D
173294604,EUR/USD,2005-07-29 03:26:12.000,1.212600,1.212900,D
173294610,EUR/USD,2005-07-29 03:26:13.000,1.212500,1.212800,D
173294617,EUR/USD,2005-07-29 03:26:13.000,1.212600,1.212900,D
173294684,EUR/USD,2005-07-29 03:27:08.000,1.212500,1.212800,D
173294702,EUR/USD,2005-07-29 03:27:15.000,1.212600,1.212900,D
173294709,EUR/USD,2005-07-29 03:27:19.000,1.212500,1.212800,D
173294749,EUR/USD,2005-07-29 03:27:51.000,1.212400,1.212700,D
173294820,EUR/USD,2005-07-29 03:28:40.000,1.212500,1.212800,D
173294825,EUR/USD,2005-07-29 03:28:42.000,1.212400,1.212700,D
173294827,EUR/USD,2005-07-29 03:28:42.000,1.212500,1.212800,D
173294857,EUR/USD,2005-07-29 03:29:03.000,1.212400,1.212700,D
173294897,EUR/USD,2005-07-29 03:29:22.000,1.212500,1.212800,D
173294912,EUR/USD,2005-07-29 03:29:27.000,1.212600,1.212900,D
173294937,EUR/USD,2005-07-29 03:29:34.000,1.212700,1.213000,D
173294944,EUR/USD,2005-07-29 03:29:37.000,1.212800,1.213100,D
173294973,EUR/USD,2005-07-29 03:29:45.000,1.212700,1.213000,D
173294992,EUR/USD,2005-07-29 03:29:57.000,1.212600,1.212900,D
173294997,EUR/USD,2005-07-29 03:29:59.000,1.212700,1.213000,D
173295002,EUR/USD,2005-07-29 03:29:59.000,1.212600,1.212900,D
173295013,EUR/USD,2005-07-29 03:30:02.000,1.212700,1.213000,D
173295044,EUR/USD,2005-07-29 03:30:20.000,1.212600,1.212900,D
173295050,EUR/USD,2005-07-29 03:30:20.000,1.212700,1.213000,D
173295067,EUR/USD,2005-07-29 03:30:25.000,1.212800,1.213100,D
173295081,EUR/USD,2005-07-29 03:30:29.000,1.212900,1.213200,D
173295086,EUR/USD,2005-07-29 03:30:30.000,1.212800,1.213100,D
173295092,EUR/USD,2005-07-29 03:30:31.000,1.212900,1.213200,D
173295098,EUR/USD,2005-07-29 03:30:32.000,1.212800,1.213100,D
173295107,EUR/USD,2005-07-29 03:30:34.000,1.212900,1.213200,D
173295120,EUR/USD,2005-07-29 03:30:38.000,1.212800,1.213100,D
173295138,EUR/USD,2005-07-29 03:30:47.000,1.212700,1.213000,D
173295158,EUR/USD,2005-07-29 03:30:55.000,1.212800,1.213100,D
173295173,EUR/USD,2005-07-29 03:31:01.000,1.212900,1.213200,D
173295180,EUR/USD,2005-07-29 03:31:02.000,1.212800,1.213100,D
173295192,EUR/USD,2005-07-29 03:31:08.000,1.212700,1.213000,D
173295255,EUR/USD,2005-07-29 03:31:26.000,1.212600,1.212900,D
173295288,EUR/USD,2005-07-29 03:31:38.000,1.212500,1.212800,D
173295306,EUR/USD,2005-07-29 03:31:45.000,1.212400,1.212700,D
173295311,EUR/USD,2005-07-29 03:31:45.000,1.212300,1.212600,D
173295315,EUR/USD,2005-07-29 03:31:45.000,1.212400,1.212700,D
173295332,EUR/USD,2005-07-29 03:31:47.000,1.212300,1.212600,D
173295341,EUR/USD,2005-07-29 03:31:48.000,1.212200,1.212500,D
173295354,EUR/USD,2005-07-29 03:31:49.000,1.212300,1.212600,D
173295364,EUR/USD,2005-07-29 03:31:50.000,1.212400,1.212700,D
173295375,EUR/USD,2005-07-29 03:31:51.000,1.212300,1.212600,D
173295404,EUR/USD,2005-07-29 03:31:54.000,1.212200,1.212500,D
173295424,EUR/USD,2005-07-29 03:31:57.000,1.212100,1.212400,D
173295433,EUR/USD,2005-07-29 03:31:59.000,1.212000,1.212300,D
173295441,EUR/USD,2005-07-29 03:32:00.000,1.212100,1.212400,D
173295447,EUR/USD,2005-07-29 03:32:00.000,1.211900,1.212200,D
173295451,EUR/USD,2005-07-29 03:32:00.000,1.212000,1.212300,D
173295465,EUR/USD,2005-07-29 03:32:01.000,1.212100,1.212400,D
173295474,EUR/USD,2005-07-29 03:32:03.000,1.212000,1.212300,D
173295496,EUR/USD,2005-07-29 03:32:12.000,1.212100,1.212400,D
173295501,EUR/USD,2005-07-29 03:32:13.000,1.212200,1.212500,D
173295509,EUR/USD,2005-07-29 03:32:14.000,1.212100,1.212400,D
173295547,EUR/USD,2005-07-29 03:32:38.000,1.212000,1.212300,D
173295554,EUR/USD,2005-07-29 03:32:41.000,1.212100,1.212400,D
173295569,EUR/USD,2005-07-29 03:32:44.000,1.212000,1.212300,D
173295586,EUR/USD,2005-07-29 03:32:53.000,1.212100,1.212400,D
173295635,EUR/USD,2005-07-29 03:33:13.000,1.212200,1.212500,D
173295655,EUR/USD,2005-07-29 03:33:15.000,1.212100,1.212400,D
173295658,EUR/USD,2005-07-29 03:33:16.000,1.212200,1.212500,D
173295664,EUR/USD,2005-07-29 03:33:17.000,1.212100,1.212400,D
173295669,EUR/USD,2005-07-29 03:33:19.000,1.212200,1.212500,D
173295674,EUR/USD,2005-07-29 03:33:19.000,1.212100,1.212400,D
173295682,EUR/USD,2005-07-29 03:33:23.000,1.212200,1.212500,D
173295722,EUR/USD,2005-07-29 03:33:48.000,1.212100,1.212400,D
173295728,EUR/USD,2005-07-29 03:33:52.000,1.212200,1.212500,D
173295733,EUR/USD,2005-07-29 03:33:54.000,1.212100,1.212400,D
173295745,EUR/USD,2005-07-29 03:33:58.000,1.212000,1.212300,D
173295750,EUR/USD,2005-07-29 03:33:59.000,1.212100,1.212400,D
173295768,EUR/USD,2005-07-29 03:34:02.000,1.211900,1.212200,D
173295773,EUR/USD,2005-07-29 03:34:02.000,1.212000,1.212300,D
173295775,EUR/USD,2005-07-29 03:34:03.000,1.211900,1.212200,D
173295778,EUR/USD,2005-07-29 03:34:04.000,1.211800,1.212100,D
173295816,EUR/USD,2005-07-29 03:34:09.000,1.211700,1.212000,D
173295818,EUR/USD,2005-07-29 03:34:09.000,1.211600,1.211900,D
173295829,EUR/USD,2005-07-29 03:34:11.000,1.211700,1.212000,D
173295840,EUR/USD,2005-07-29 03:34:15.000,1.211600,1.211900,D
173295846,EUR/USD,2005-07-29 03:34:16.000,1.211500,1.211800,D
173295860,EUR/USD,2005-07-29 03:34:19.000,1.211600,1.211900,D
173295873,EUR/USD,2005-07-29 03:34:21.000,1.211500,1.211800,D
173295883,EUR/USD,2005-07-29 03:34:23.000,1.211600,1.211900,D
173295897,EUR/USD,2005-07-29 03:34:26.000,1.211500,1.211800,D
173295902,EUR/USD,2005-07-29 03:34:27.000,1.211700,1.212000,D
173295919,EUR/USD,2005-07-29 03:34:29.000,1.211600,1.211900,D
173295922,EUR/USD,2005-07-29 03:34:30.000,1.211700,1.212000,D
173295934,EUR/USD,2005-07-29 03:34:30.000,1.211800,1.212100,D
173295937,EUR/USD,2005-07-29 03:34:31.000,1.211700,1.212000,D
173295969,EUR/USD,2005-07-29 03:34:38.000,1.211800,1.212100,D
173295980,EUR/USD,2005-07-29 03:34:40.000,1.211700,1.212000,D
173295996,EUR/USD,2005-07-29 03:34:43.000,1.211800,1.212100,D
173296005,EUR/USD,2005-07-29 03:34:45.000,1.211700,1.212000,D
173296019,EUR/USD,2005-07-29 03:34:49.000,1.211800,1.212100,D
173296036,EUR/USD,2005-07-29 03:34:54.000,1.211700,1.212000,D
173296042,EUR/USD,2005-07-29 03:34:54.000,1.211800,1.212100,D
173296049,EUR/USD,2005-07-29 03:34:55.000,1.211700,1.212000,D
173296055,EUR/USD,2005-07-29 03:34:58.000,1.211800,1.212100,D
173296095,EUR/USD,2005-07-29 03:35:13.000,1.211700,1.212000,D
173296157,EUR/USD,2005-07-29 03:35:38.000,1.211600,1.211900,D
173296190,EUR/USD,2005-07-29 03:35:43.000,1.211700,1.212000,D
173296208,EUR/USD,2005-07-29 03:35:47.000,1.211600,1.211900,D
173296259,EUR/USD,2005-07-29 03:36:00.000,1.211700,1.212000,D
173296276,EUR/USD,2005-07-29 03:36:04.000,1.211800,1.212100,D
173296306,EUR/USD,2005-07-29 03:36:10.000,1.211700,1.212000,D
173296316,EUR/USD,2005-07-29 03:36:13.000,1.211600,1.211900,D
173296324,EUR/USD,2005-07-29 03:36:13.000,1.211700,1.212000,D
173296354,EUR/USD,2005-07-29 03:36:19.000,1.211600,1.211900,D
173296361,EUR/USD,2005-07-29 03:36:20.000,1.211500,1.211800,D
173296379,EUR/USD,2005-07-29 03:36:22.000,1.211400,1.211700,D
173296394,EUR/USD,2005-07-29 03:36:23.000,1.211300,1.211600,D
173296404,EUR/USD,2005-07-29 03:36:25.000,1.211200,1.211500,D
173296407,EUR/USD,2005-07-29 03:36:25.000,1.211300,1.211600,D
173296422,EUR/USD,2005-07-29 03:36:26.000,1.211400,1.211700,D
173296433,EUR/USD,2005-07-29 03:36:27.000,1.211300,1.211600,D
173296442,EUR/USD,2005-07-29 03:36:27.000,1.211400,1.211700,D
173296445,EUR/USD,2005-07-29 03:36:28.000,1.211300,1.211600,D
173296463,EUR/USD,2005-07-29 03:36:30.000,1.211400,1.211700,D
173296487,EUR/USD,2005-07-29 03:36:35.000,1.211500,1.211800,D
173296512,EUR/USD,2005-07-29 03:36:39.000,1.211400,1.211700,D
173296556,EUR/USD,2005-07-29 03:36:44.000,1.211300,1.211600,D
173296560,EUR/USD,2005-07-29 03:36:45.000,1.211400,1.211700,D
173296566,EUR/USD,2005-07-29 03:36:45.000,1.211300,1.211600,D
173296571,EUR/USD,2005-07-29 03:36:46.000,1.211400,1.211700,D
173296595,EUR/USD,2005-07-29 03:36:51.000,1.211500,1.211800,D
173296622,EUR/USD,2005-07-29 03:36:59.000,1.211600,1.211900,D
173296658,EUR/USD,2005-07-29 03:37:14.000,1.211500,1.211800,D
173296661,EUR/USD,2005-07-29 03:37:19.000,1.211600,1.211900,D
173296668,EUR/USD,2005-07-29 03:37:22.000,1.211500,1.211800,D
173296676,EUR/USD,2005-07-29 03:37:23.000,1.211400,1.211700,D
173296679,EUR/USD,2005-07-29 03:37:25.000,1.211500,1.211800,D
173296687,EUR/USD,2005-07-29 03:37:26.000,1.211400,1.211700,D
173296749,EUR/USD,2005-07-29 03:37:39.000,1.211500,1.211800,D
173296761,EUR/USD,2005-07-29 03:37:40.000,1.211400,1.211700,D
173296783,EUR/USD,2005-07-29 03:37:46.000,1.211300,1.211600,D
173296794,EUR/USD,2005-07-29 03:37:47.000,1.211400,1.211700,D
173296814,EUR/USD,2005-07-29 03:37:49.000,1.211300,1.211600,D
173296830,EUR/USD,2005-07-29 03:37:51.000,1.211400,1.211700,D
173296847,EUR/USD,2005-07-29 03:37:54.000,1.211300,1.211600,D
173296879,EUR/USD,2005-07-29 03:38:00.000,1.211400,1.211700,D
173296918,EUR/USD,2005-07-29 03:38:11.000,1.211500,1.211800,D
173296957,EUR/USD,2005-07-29 03:38:23.000,1.211400,1.211700,D
173296973,EUR/USD,2005-07-29 03:38:32.000,1.211300,1.211600,D
173297020,EUR/USD,2005-07-29 03:38:42.000,1.211400,1.211700,D
173297027,EUR/USD,2005-07-29 03:38:44.000,1.211300,1.211600,D
173297042,EUR/USD,2005-07-29 03:38:48.000,1.211400,1.211700,D
173297084,EUR/USD,2005-07-29 03:39:07.000,1.211300,1.211600,D
173297087,EUR/USD,2005-07-29 03:39:08.000,1.211400,1.211700,D
173297116,EUR/USD,2005-07-29 03:39:15.000,1.211300,1.211600,D
173297121,EUR/USD,2005-07-29 03:39:19.000,1.211400,1.211700,D
173297129,EUR/USD,2005-07-29 03:39:20.000,1.211300,1.211600,D
173297138,EUR/USD,2005-07-29 03:39:20.000,1.211400,1.211700,D
173297151,EUR/USD,2005-07-29 03:39:22.000,1.211300,1.211600,D
173297154,EUR/USD,2005-07-29 03:39:24.000,1.211400,1.211700,D
173297165,EUR/USD,2005-07-29 03:39:25.000,1.211300,1.211600,D
173297177,EUR/USD,2005-07-29 03:39:27.000,1.211400,1.211700,D
173297192,EUR/USD,2005-07-29 03:39:30.000,1.211300,1.211600,D
173297234,EUR/USD,2005-07-29 03:39:54.000,1.211400,1.211700,D
173297241,EUR/USD,2005-07-29 03:39:56.000,1.211300,1.211600,D
173297253,EUR/USD,2005-07-29 03:40:03.000,1.211400,1.211700,D
173297267,EUR/USD,2005-07-29 03:40:09.000,1.211500,1.211800,D
173297283,EUR/USD,2005-07-29 03:40:13.000,1.211600,1.211900,D
173297310,EUR/USD,2005-07-29 03:40:19.000,1.211500,1.211800,D
173297311,EUR/USD,2005-07-29 03:40:19.000,1.211600,1.211900,D
173297331,EUR/USD,2005-07-29 03:40:24.000,1.211500,1.211800,D
173297340,EUR/USD,2005-07-29 03:40:26.000,1.211600,1.211900,D
173297360,EUR/USD,2005-07-29 03:40:31.000,1.211500,1.211800,D
173297379,EUR/USD,2005-07-29 03:40:41.000,1.211600,1.211900,D
173297424,EUR/USD,2005-07-29 03:40:56.000,1.211500,1.211800,D
173297432,EUR/USD,2005-07-29 03:40:58.000,1.211600,1.211900,D
173297450,EUR/USD,2005-07-29 03:41:01.000,1.211500,1.211800,D
173297476,EUR/USD,2005-07-29 03:41:16.000,1.211400,1.211700,D
173297481,EUR/USD,2005-07-29 03:41:17.000,1.211500,1.211800,D
173297512,EUR/USD,2005-07-29 03:41:35.000,1.211400,1.211700,D
173297525,EUR/USD,2005-07-29 03:41:41.000,1.211300,1.211600,D
173297537,EUR/USD,2005-07-29 03:41:43.000,1.211200,1.211500,D
173297550,EUR/USD,2005-07-29 03:41:45.000,1.211100,1.211400,D
173297572,EUR/USD,2005-07-29 03:41:49.000,1.211000,1.211300,D
173297577,EUR/USD,2005-07-29 03:41:50.000,1.211100,1.211400,D
173297598,EUR/USD,2005-07-29 03:41:53.000,1.211200,1.211500,D
173297619,EUR/USD,2005-07-29 03:41:58.000,1.211300,1.211600,D
173297625,EUR/USD,2005-07-29 03:41:59.000,1.211400,1.211700,D
173297635,EUR/USD,2005-07-29 03:42:00.000,1.211300,1.211600,D
173297643,EUR/USD,2005-07-29 03:42:05.000,1.211200,1.211500,D
173297662,EUR/USD,2005-07-29 03:42:11.000,1.211100,1.211400,D
173297672,EUR/USD,2005-07-29 03:42:15.000,1.211200,1.211500,D
173297697,EUR/USD,2005-07-29 03:42:19.000,1.211300,1.211600,D
173297710,EUR/USD,2005-07-29 03:42:20.000,1.211200,1.211500,D
173297716,EUR/USD,2005-07-29 03:42:21.000,1.211300,1.211600,D
173297750,EUR/USD,2005-07-29 03:42:31.000,1.211400,1.211700,D
173297755,EUR/USD,2005-07-29 03:42:32.000,1.211300,1.211600,D
173297859,EUR/USD,2005-07-29 03:43:08.000,1.211200,1.211500,D
173297863,EUR/USD,2005-07-29 03:43:11.000,1.211300,1.211600,D
173297871,EUR/USD,2005-07-29 03:43:13.000,1.211200,1.211500,D
173297873,EUR/USD,2005-07-29 03:43:15.000,1.211300,1.211600,D
173297877,EUR/USD,2005-07-29 03:43:16.000,1.211200,1.211500,D
173297901,EUR/USD,2005-07-29 03:43:38.000,1.211300,1.211600,D
173297909,EUR/USD,2005-07-29 03:43:40.000,1.211200,1.211500,D
173297916,EUR/USD,2005-07-29 03:43:53.000,1.211300,1.211600,D
173297919,EUR/USD,2005-07-29 03:43:54.000,1.211200,1.211500,D
173297985,EUR/USD,2005-07-29 03:44:25.000,1.211300,1.211600,D
173297995,EUR/USD,2005-07-29 03:44:26.000,1.211200,1.211500,D
173297996,EUR/USD,2005-07-29 03:44:26.000,1.211300,1.211600,D
173298011,EUR/USD,2005-07-29 03:44:33.000,1.211400,1.211700,D
173298020,EUR/USD,2005-07-29 03:44:35.000,1.211300,1.211600,D
173298025,EUR/USD,2005-07-29 03:44:37.000,1.211400,1.211700,D
173298043,EUR/USD,2005-07-29 03:44:40.000,1.211300,1.211600,D
173298078,EUR/USD,2005-07-29 03:45:01.000,1.211200,1.211500,D
173298090,EUR/USD,2005-07-29 03:45:05.000,1.211300,1.211600,D
173298103,EUR/USD,2005-07-29 03:45:12.000,1.211200,1.211500,D
173298106,EUR/USD,2005-07-29 03:45:12.000,1.211300,1.211600,D
173298115,EUR/USD,2005-07-29 03:45:14.000,1.211200,1.211500,D
173298122,EUR/USD,2005-07-29 03:45:41.000,1.211300,1.211600,D
173298145,EUR/USD,2005-07-29 03:46:00.000,1.211400,1.211700,D
173298173,EUR/USD,2005-07-29 03:46:09.000,1.211300,1.211600,D
173298180,EUR/USD,2005-07-29 03:46:12.000,1.211400,1.211700,D
173298185,EUR/USD,2005-07-29 03:46:14.000,1.211300,1.211600,D
173298186,EUR/USD,2005-07-29 03:46:15.000,1.211400,1.211700,D
173298201,EUR/USD,2005-07-29 03:46:22.000,1.211300,1.211600,D
173298203,EUR/USD,2005-07-29 03:46:23.000,1.211400,1.211700,D
173298205,EUR/USD,2005-07-29 03:46:24.000,1.211300,1.211600,D
173298207,EUR/USD,2005-07-29 03:46:25.000,1.211400,1.211700,D
173298233,EUR/USD,2005-07-29 03:46:50.000,1.211500,1.211800,D
173298240,EUR/USD,2005-07-29 03:46:52.000,1.211400,1.211700,D
173298244,EUR/USD,2005-07-29 03:46:52.000,1.211500,1.211800,D
173298252,EUR/USD,2005-07-29 03:46:55.000,1.211400,1.211700,D
173298293,EUR/USD,2005-07-29 03:47:24.000,1.211500,1.211800,D
173298297,EUR/USD,2005-07-29 03:47:25.000,1.211400,1.211700,D
173298361,EUR/USD,2005-07-29 03:48:05.000,1.211500,1.211800,D
173298389,EUR/USD,2005-07-29 03:48:31.000,1.211400,1.211700,D
173298417,EUR/USD,2005-07-29 03:48:54.000,1.211300,1.211600,D
173298444,EUR/USD,2005-07-29 03:49:29.000,1.211400,1.211700,D
173298454,EUR/USD,2005-07-29 03:49:31.000,1.211300,1.211600,D
173298459,EUR/USD,2005-07-29 03:49:32.000,1.211400,1.211700,D
173298511,EUR/USD,2005-07-29 03:50:31.000,1.211300,1.211600,D
173298527,EUR/USD,2005-07-29 03:50:38.000,1.211400,1.211700,D
173298546,EUR/USD,2005-07-29 03:50:43.000,1.211300,1.211600,D
173298553,EUR/USD,2005-07-29 03:50:45.000,1.211400,1.211700,D
173298564,EUR/USD,2005-07-29 03:50:49.000,1.211300,1.211600,D
173298588,EUR/USD,2005-07-29 03:51:01.000,1.211400,1.211700,D
173298594,EUR/USD,2005-07-29 03:51:03.000,1.211300,1.211600,D
173298644,EUR/USD,2005-07-29 03:51:37.000,1.211200,1.211500,D
173298658,EUR/USD,2005-07-29 03:51:40.000,1.211300,1.211600,D
173298672,EUR/USD,2005-07-29 03:51:42.000,1.211200,1.211500,D
173298688,EUR/USD,2005-07-29 03:51:46.000,1.211300,1.211600,D
173298719,EUR/USD,2005-07-29 03:51:52.000,1.211200,1.211500,D
173298815,EUR/USD,2005-07-29 03:52:30.000,1.211100,1.211400,D
173298833,EUR/USD,2005-07-29 03:52:36.000,1.211000,1.211300,D
173298846,EUR/USD,2005-07-29 03:52:38.000,1.211100,1.211400,D
173298851,EUR/USD,2005-07-29 03:52:38.000,1.211000,1.211300,D
173298857,EUR/USD,2005-07-29 03:52:39.000,1.211100,1.211400,D
173298870,EUR/USD,2005-07-29 03:52:41.000,1.211000,1.211300,D
173298872,EUR/USD,2005-07-29 03:52:41.000,1.211100,1.211400,D
173298906,EUR/USD,2005-07-29 03:52:44.000,1.211000,1.211300,D
173298920,EUR/USD,2005-07-29 03:52:49.000,1.210900,1.211200,D
173298934,EUR/USD,2005-07-29 03:52:52.000,1.211000,1.211300,D
173298954,EUR/USD,2005-07-29 03:52:55.000,1.211100,1.211400,D
173298966,EUR/USD,2005-07-29 03:52:57.000,1.211000,1.211300,D
173298999,EUR/USD,2005-07-29 03:53:01.000,1.210900,1.211200,D
173299015,EUR/USD,2005-07-29 03:53:03.000,1.211000,1.211300,D
173299027,EUR/USD,2005-07-29 03:53:12.000,1.211100,1.211400,D
173299040,EUR/USD,2005-07-29 03:53:13.000,1.211000,1.211300,D
173299137,EUR/USD,2005-07-29 03:53:45.000,1.211100,1.211400,D
173299165,EUR/USD,2005-07-29 03:53:54.000,1.211000,1.211300,D
173299227,EUR/USD,2005-07-29 03:54:21.000,1.211100,1.211400,D
173299237,EUR/USD,2005-07-29 03:54:23.000,1.211000,1.211300,D
173299268,EUR/USD,2005-07-29 03:54:35.000,1.211100,1.211400,D
173299282,EUR/USD,2005-07-29 03:54:41.000,1.211000,1.211300,D
173299320,EUR/USD,2005-07-29 03:55:10.000,1.211100,1.211400,D
173299334,EUR/USD,2005-07-29 03:55:21.000,1.211200,1.211500,D
173299341,EUR/USD,2005-07-29 03:55:25.000,1.211100,1.211400,D
173299348,EUR/USD,2005-07-29 03:55:26.000,1.211200,1.211500,D
173299365,EUR/USD,2005-07-29 03:55:32.000,1.211300,1.211600,D
173299429,EUR/USD,2005-07-29 03:55:58.000,1.211400,1.211700,D
173299457,EUR/USD,2005-07-29 03:56:15.000,1.211300,1.211600,D
173299484,EUR/USD,2005-07-29 03:56:23.000,1.211400,1.211700,D
173299505,EUR/USD,2005-07-29 03:56:27.000,1.211300,1.211600,D
173299569,EUR/USD,2005-07-29 03:56:48.000,1.211200,1.211500,D
173299665,EUR/USD,2005-07-29 03:57:36.000,1.211100,1.211400,D
173299690,EUR/USD,2005-07-29 03:57:44.000,1.211200,1.211500,D
173299698,EUR/USD,2005-07-29 03:57:45.000,1.211100,1.211400,D
173299785,EUR/USD,2005-07-29 03:58:17.000,1.211000,1.211300,D
173299793,EUR/USD,2005-07-29 03:58:25.000,1.211100,1.211400,D
173299806,EUR/USD,2005-07-29 03:58:43.000,1.211200,1.211500,D
173299847,EUR/USD,2005-07-29 03:59:16.000,1.211100,1.211400,D
173299870,EUR/USD,2005-07-29 03:59:34.000,1.211200,1.211500,D
173299900,EUR/USD,2005-07-29 03:59:56.000,1.211100,1.211400,D
173299902,EUR/USD,2005-07-29 03:59:56.000,1.211200,1.211500,D
173299927,EUR/USD,2005-07-29 04:00:25.000,1.211100,1.211400,D
173299941,EUR/USD,2005-07-29 04:00:32.000,1.211200,1.211500,D
173299942,EUR/USD,2005-07-29 04:00:32.000,1.211100,1.211400,D
173299950,EUR/USD,2005-07-29 04:00:39.000,1.211200,1.211500,D
173299959,EUR/USD,2005-07-29 04:00:41.000,1.211100,1.211400,D
173299993,EUR/USD,2005-07-29 04:01:01.000,1.211000,1.211300,D
173300013,EUR/USD,2005-07-29 04:01:05.000,1.210900,1.211200,D
173300059,EUR/USD,2005-07-29 04:01:14.000,1.211000,1.211300,D
173300077,EUR/USD,2005-07-29 04:01:22.000,1.211100,1.211400,D
173300115,EUR/USD,2005-07-29 04:01:57.000,1.211000,1.211300,D
173300126,EUR/USD,2005-07-29 04:02:03.000,1.211100,1.211400,D
173300128,EUR/USD,2005-07-29 04:02:04.000,1.211000,1.211300,D
173300147,EUR/USD,2005-07-29 04:02:09.000,1.211100,1.211400,D
173300158,EUR/USD,2005-07-29 04:02:12.000,1.211000,1.211300,D
173300171,EUR/USD,2005-07-29 04:02:16.000,1.210900,1.211200,D
173300173,EUR/USD,2005-07-29 04:02:16.000,1.211000,1.211300,D
173300177,EUR/USD,2005-07-29 04:02:17.000,1.210900,1.211200,D
173300181,EUR/USD,2005-07-29 04:02:19.000,1.211000,1.211300,D
173300236,EUR/USD,2005-07-29 04:02:31.000,1.210900,1.211200,D
173300299,EUR/USD,2005-07-29 04:02:43.000,1.210800,1.211100,D
173300306,EUR/USD,2005-07-29 04:02:44.000,1.210900,1.211200,D
173300312,EUR/USD,2005-07-29 04:02:44.000,1.210800,1.211100,D
173300344,EUR/USD,2005-07-29 04:02:51.000,1.210900,1.211200,D
173300361,EUR/USD,2005-07-29 04:02:52.000,1.210800,1.211100,D
173300367,EUR/USD,2005-07-29 04:02:52.000,1.210900,1.211200,D
173300403,EUR/USD,2005-07-29 04:02:55.000,1.210800,1.211100,D
173300446,EUR/USD,2005-07-29 04:03:05.000,1.210700,1.211000,D
173300467,EUR/USD,2005-07-29 04:03:09.000,1.210600,1.210900,D
173300474,EUR/USD,2005-07-29 04:03:11.000,1.210700,1.211000,D
173300499,EUR/USD,2005-07-29 04:03:22.000,1.210600,1.210900,D
173300500,EUR/USD,2005-07-29 04:03:22.000,1.210700,1.211000,D
173300515,EUR/USD,2005-07-29 04:03:24.000,1.210600,1.210900,D
173300521,EUR/USD,2005-07-29 04:03:25.000,1.210700,1.211000,D
173300526,EUR/USD,2005-07-29 04:03:26.000,1.210600,1.210900,D
173300590,EUR/USD,2005-07-29 04:03:42.000,1.210500,1.210800,D
173300630,EUR/USD,2005-07-29 04:03:51.000,1.210400,1.210700,D
173300643,EUR/USD,2005-07-29 04:03:54.000,1.210500,1.210800,D
173300654,EUR/USD,2005-07-29 04:03:56.000,1.210400,1.210700,D
173300710,EUR/USD,2005-07-29 04:04:08.000,1.210500,1.210800,D
173300725,EUR/USD,2005-07-29 04:04:16.000,1.210400,1.210700,D
173300726,EUR/USD,2005-07-29 04:04:17.000,1.210500,1.210800,D
173300736,EUR/USD,2005-07-29 04:04:21.000,1.210400,1.210700,D
173300768,EUR/USD,2005-07-29 04:04:30.000,1.210300,1.210600,D
173300772,EUR/USD,2005-07-29 04:04:31.000,1.210400,1.210700,D
173300779,EUR/USD,2005-07-29 04:04:32.000,1.210300,1.210600,D
173300801,EUR/USD,2005-07-29 04:04:34.000,1.210400,1.210700,D
173300815,EUR/USD,2005-07-29 04:04:36.000,1.210300,1.210600,D
173300838,EUR/USD,2005-07-29 04:04:45.000,1.210200,1.210500,D
173300873,EUR/USD,2005-07-29 04:04:51.000,1.210100,1.210400,D
173300905,EUR/USD,2005-07-29 04:04:54.000,1.210000,1.210300,D
173300914,EUR/USD,2005-07-29 04:04:55.000,1.209900,1.210200,D
173300923,EUR/USD,2005-07-29 04:04:56.000,1.209800,1.210100,D
173300925,EUR/USD,2005-07-29 04:04:56.000,1.209900,1.210200,D
173300933,EUR/USD,2005-07-29 04:04:57.000,1.209800,1.210100,D
173300959,EUR/USD,2005-07-29 04:05:01.000,1.209900,1.210200,D
173300969,EUR/USD,2005-07-29 04:05:04.000,1.210000,1.210300,D
173301021,EUR/USD,2005-07-29 04:05:09.000,1.210100,1.210400,D
173301081,EUR/USD,2005-07-29 04:05:16.000,1.210000,1.210300,D
173301091,EUR/USD,2005-07-29 04:05:18.000,1.209900,1.210200,D
173301109,EUR/USD,2005-07-29 04:05:20.000,1.209900,1.210100,D
173301121,EUR/USD,2005-07-29 04:05:21.000,1.209900,1.210000,D
173301136,EUR/USD,2005-07-29 04:05:22.000,1.209800,1.210100,D
173301154,EUR/USD,2005-07-29 04:05:24.000,1.209900,1.210000,D
173301156,EUR/USD,2005-07-29 04:05:24.000,1.209800,1.210100,D
173301161,EUR/USD,2005-07-29 04:05:24.000,1.209600,1.209900,D
173301169,EUR/USD,2005-07-29 04:05:24.000,1.209500,1.209800,D
173301178,EUR/USD,2005-07-29 04:05:25.000,1.209400,1.209700,D
173301202,EUR/USD,2005-07-29 04:05:27.000,1.209300,1.209600,D
173301227,EUR/USD,2005-07-29 04:05:29.000,1.209200,1.209500,D
173301230,EUR/USD,2005-07-29 04:05:29.000,1.209300,1.209600,D
173301239,EUR/USD,2005-07-29 04:05:30.000,1.209200,1.209500,D
173301249,EUR/USD,2005-07-29 04:05:31.000,1.209300,1.209600,D
173301262,EUR/USD,2005-07-29 04:05:33.000,1.209400,1.209700,D
173301268,EUR/USD,2005-07-29 04:05:33.000,1.209300,1.209600,D
173301271,EUR/USD,2005-07-29 04:05:34.000,1.209400,1.209700,D
173301282,EUR/USD,2005-07-29 04:05:36.000,1.209300,1.209600,D
173301369,EUR/USD,2005-07-29 04:05:48.000,1.209400,1.209700,D
173301376,EUR/USD,2005-07-29 04:05:49.000,1.209300,1.209600,D
173301381,EUR/USD,2005-07-29 04:05:50.000,1.209200,1.209500,D
173301390,EUR/USD,2005-07-29 04:05:50.000,1.209300,1.209600,D
173301398,EUR/USD,2005-07-29 04:05:51.000,1.209400,1.209700,D
173301411,EUR/USD,2005-07-29 04:05:52.000,1.209300,1.209600,D
173301440,EUR/USD,2005-07-29 04:06:00.000,1.209200,1.209500,D
173301443,EUR/USD,2005-07-29 04:06:01.000,1.209300,1.209600,D
173301448,EUR/USD,2005-07-29 04:06:01.000,1.209200,1.209500,D
173301481,EUR/USD,2005-07-29 04:06:08.000,1.209300,1.209600,D
173301487,EUR/USD,2005-07-29 04:06:09.000,1.209200,1.209500,D
173301511,EUR/USD,2005-07-29 04:06:12.000,1.209100,1.209400,D
173301514,EUR/USD,2005-07-29 04:06:12.000,1.209200,1.209500,D
173301549,EUR/USD,2005-07-29 04:06:19.000,1.209300,1.209600,D
173301577,EUR/USD,2005-07-29 04:06:29.000,1.209400,1.209700,D
173301588,EUR/USD,2005-07-29 04:06:30.000,1.209300,1.209600,D
173301596,EUR/USD,2005-07-29 04:06:31.000,1.209400,1.209700,D
173301602,EUR/USD,2005-07-29 04:06:32.000,1.209300,1.209600,D
173301616,EUR/USD,2005-07-29 04:06:35.000,1.209400,1.209700,D
173301625,EUR/USD,2005-07-29 04:06:36.000,1.209300,1.209600,D
173301646,EUR/USD,2005-07-29 04:06:41.000,1.209200,1.209500,D
173301670,EUR/USD,2005-07-29 04:06:44.000,1.209100,1.209400,D
173301692,EUR/USD,2005-07-29 04:06:47.000,1.209000,1.209300,D
173301719,EUR/USD,2005-07-29 04:06:51.000,1.208900,1.209200,D
173301722,EUR/USD,2005-07-29 04:06:51.000,1.208800,1.209100,D
173301732,EUR/USD,2005-07-29 04:06:52.000,1.208900,1.209200,D
173301740,EUR/USD,2005-07-29 04:06:55.000,1.208800,1.209100,D
173301746,EUR/USD,2005-07-29 04:06:55.000,1.208900,1.209200,D
173301754,EUR/USD,2005-07-29 04:06:57.000,1.208800,1.209100,D
173301757,EUR/USD,2005-07-29 04:06:57.000,1.208900,1.209200,D
173301760,EUR/USD,2005-07-29 04:06:58.000,1.208800,1.209100,D
173301790,EUR/USD,2005-07-29 04:07:01.000,1.208700,1.209000,D
173301806,EUR/USD,2005-07-29 04:07:04.000,1.208600,1.208900,D
173301815,EUR/USD,2005-07-29 04:07:06.000,1.208500,1.208800,D
173301824,EUR/USD,2005-07-29 04:07:06.000,1.208600,1.208900,D
173301851,EUR/USD,2005-07-29 04:07:10.000,1.208700,1.209000,D
173301862,EUR/USD,2005-07-29 04:07:12.000,1.208800,1.209100,D
173301878,EUR/USD,2005-07-29 04:07:16.000,1.208900,1.209200,D
173301908,EUR/USD,2005-07-29 04:07:20.000,1.208800,1.209100,D
173301916,EUR/USD,2005-07-29 04:07:20.000,1.208900,1.209200,D
173301965,EUR/USD,2005-07-29 04:07:33.000,1.209000,1.209300,D
173302004,EUR/USD,2005-07-29 04:07:41.000,1.209100,1.209400,D
173302032,EUR/USD,2005-07-29 04:07:50.000,1.209000,1.209300,D
173302045,EUR/USD,2005-07-29 04:07:53.000,1.209100,1.209400,D
173302072,EUR/USD,2005-07-29 04:07:59.000,1.209000,1.209300,D
173302102,EUR/USD,2005-07-29 04:08:12.000,1.208900,1.209200,D
173302143,EUR/USD,2005-07-29 04:08:21.000,1.209000,1.209300,D
173302208,EUR/USD,2005-07-29 04:08:38.000,1.208900,1.209200,D
173302223,EUR/USD,2005-07-29 04:08:41.000,1.209000,1.209300,D
173302238,EUR/USD,2005-07-29 04:08:43.000,1.208900,1.209200,D
173302242,EUR/USD,2005-07-29 04:08:44.000,1.209000,1.209300,D
173302259,EUR/USD,2005-07-29 04:08:47.000,1.208900,1.209200,D
173302265,EUR/USD,2005-07-29 04:08:49.000,1.209000,1.209300,D
173302268,EUR/USD,2005-07-29 04:08:50.000,1.208900,1.209200,D
173302274,EUR/USD,2005-07-29 04:08:53.000,1.209000,1.209300,D
173302285,EUR/USD,2005-07-29 04:08:58.000,1.209100,1.209400,D
173302306,EUR/USD,2005-07-29 04:09:06.000,1.209000,1.209300,D
173302338,EUR/USD,2005-07-29 04:09:15.000,1.208900,1.209200,D
173302355,EUR/USD,2005-07-29 04:09:18.000,1.208800,1.209100,D
173302359,EUR/USD,2005-07-29 04:09:19.000,1.208900,1.209200,D
173302367,EUR/USD,2005-07-29 04:09:20.000,1.208800,1.209100,D
173302393,EUR/USD,2005-07-29 04:09:24.000,1.208700,1.209000,D
173302414,EUR/USD,2005-07-29 04:09:28.000,1.208600,1.208900,D
173302445,EUR/USD,2005-07-29 04:09:34.000,1.208700,1.209000,D
173302472,EUR/USD,2005-07-29 04:09:38.000,1.208600,1.208900,D
173302477,EUR/USD,2005-07-29 04:09:39.000,1.208700,1.209000,D
173302500,EUR/USD,2005-07-29 04:09:48.000,1.208800,1.209100,D
173302522,EUR/USD,2005-07-29 04:09:52.000,1.208900,1.209200,D
173302549,EUR/USD,2005-07-29 04:09:57.000,1.209000,1.209300,D
173302649,EUR/USD,2005-07-29 04:10:13.000,1.208900,1.209200,D
173302743,EUR/USD,2005-07-29 04:10:37.000,1.209000,1.209300,D
173302778,EUR/USD,2005-07-29 04:10:43.000,1.209100,1.209400,D
173302796,EUR/USD,2005-07-29 04:10:47.000,1.209200,1.209500,D
173302832,EUR/USD,2005-07-29 04:10:57.000,1.209100,1.209400,D
173302845,EUR/USD,2005-07-29 04:10:59.000,1.208900,1.209200,D
173302855,EUR/USD,2005-07-29 04:11:00.000,1.209000,1.209300,D
173302870,EUR/USD,2005-07-29 04:11:01.000,1.208800,1.209100,D
173302896,EUR/USD,2005-07-29 04:11:03.000,1.208700,1.209000,D
173302938,EUR/USD,2005-07-29 04:11:08.000,1.208600,1.208900,D
173302968,EUR/USD,2005-07-29 04:11:13.000,1.208500,1.208800,D
173302970,EUR/USD,2005-07-29 04:11:14.000,1.208600,1.208900,D
173303001,EUR/USD,2005-07-29 04:11:20.000,1.208700,1.209000,D
173303067,EUR/USD,2005-07-29 04:11:29.000,1.208600,1.208900,D
173303084,EUR/USD,2005-07-29 04:11:31.000,1.208700,1.209000,D
173303099,EUR/USD,2005-07-29 04:11:32.000,1.208600,1.208900,D
173303100,EUR/USD,2005-07-29 04:11:32.000,1.208700,1.209000,D
173303146,EUR/USD,2005-07-29 04:11:41.000,1.208800,1.209100,D
173303150,EUR/USD,2005-07-29 04:11:42.000,1.208700,1.209000,D
173303159,EUR/USD,2005-07-29 04:11:44.000,1.208800,1.209100,D
173303188,EUR/USD,2005-07-29 04:11:48.000,1.208900,1.209200,D
173303248,EUR/USD,2005-07-29 04:12:01.000,1.208800,1.209100,D
173303257,EUR/USD,2005-07-29 04:12:02.000,1.208900,1.209200,D
173303268,EUR/USD,2005-07-29 04:12:06.000,1.208800,1.209100,D
173303274,EUR/USD,2005-07-29 04:12:10.000,1.208900,1.209200,D
173303279,EUR/USD,2005-07-29 04:12:12.000,1.208800,1.209100,D
173303282,EUR/USD,2005-07-29 04:12:14.000,1.208900,1.209200,D
173303305,EUR/USD,2005-07-29 04:12:25.000,1.209000,1.209300,D
173303374,EUR/USD,2005-07-29 04:12:35.000,1.208900,1.209200,D
173303382,EUR/USD,2005-07-29 04:12:37.000,1.209000,1.209300,D
173303411,EUR/USD,2005-07-29 04:12:44.000,1.208900,1.209200,D
173303436,EUR/USD,2005-07-29 04:12:50.000,1.208800,1.209100,D
173303442,EUR/USD,2005-07-29 04:12:53.000,1.208900,1.209200,D
173303445,EUR/USD,2005-07-29 04:12:55.000,1.208800,1.209100,D
173303461,EUR/USD,2005-07-29 04:12:59.000,1.208700,1.209000,D
173303498,EUR/USD,2005-07-29 04:13:09.000,1.208600,1.208900,D
173303506,EUR/USD,2005-07-29 04:13:12.000,1.208700,1.209000,D
173303508,EUR/USD,2005-07-29 04:13:12.000,1.208600,1.208900,D
173303512,EUR/USD,2005-07-29 04:13:14.000,1.208500,1.208800,D
173303513,EUR/USD,2005-07-29 04:13:14.000,1.208600,1.208900,D
173303531,EUR/USD,2005-07-29 04:13:19.000,1.208700,1.209000,D
173303546,EUR/USD,2005-07-29 04:13:22.000,1.208600,1.208900,D
173303611,EUR/USD,2005-07-29 04:13:40.000,1.208500,1.208800,D
173303617,EUR/USD,2005-07-29 04:13:42.000,1.208400,1.208700,D
173303623,EUR/USD,2005-07-29 04:13:43.000,1.208300,1.208600,D
173303645,EUR/USD,2005-07-29 04:13:46.000,1.208200,1.208500,D
173303651,EUR/USD,2005-07-29 04:13:47.000,1.208300,1.208600,D
173303657,EUR/USD,2005-07-29 04:13:49.000,1.208200,1.208500,D
173303667,EUR/USD,2005-07-29 04:13:50.000,1.208300,1.208600,D
173303684,EUR/USD,2005-07-29 04:13:52.000,1.208400,1.208700,D
173303693,EUR/USD,2005-07-29 04:13:55.000,1.208500,1.208800,D
173303704,EUR/USD,2005-07-29 04:13:56.000,1.208400,1.208700,D
173303713,EUR/USD,2005-07-29 04:13:57.000,1.208500,1.208800,D
173303733,EUR/USD,2005-07-29 04:13:59.000,1.208400,1.208700,D
173303746,EUR/USD,2005-07-29 04:14:00.000,1.208500,1.208800,D
173303778,EUR/USD,2005-07-29 04:14:03.000,1.208400,1.208700,D
173303828,EUR/USD,2005-07-29 04:14:18.000,1.208300,1.208600,D
173303838,EUR/USD,2005-07-29 04:14:19.000,1.208400,1.208700,D
173303855,EUR/USD,2005-07-29 04:14:21.000,1.208500,1.208800,D
173303873,EUR/USD,2005-07-29 04:14:26.000,1.208600,1.208900,D
173303891,EUR/USD,2005-07-29 04:14:29.000,1.208700,1.209000,D
173303969,EUR/USD,2005-07-29 04:14:41.000,1.208600,1.208900,D
173303998,EUR/USD,2005-07-29 04:14:49.000,1.208700,1.209000,D
173304010,EUR/USD,2005-07-29 04:14:51.000,1.208600,1.208900,D
173304024,EUR/USD,2005-07-29 04:14:52.000,1.208700,1.209000,D
173304034,EUR/USD,2005-07-29 04:14:54.000,1.208600,1.208900,D
173304044,EUR/USD,2005-07-29 04:14:56.000,1.208700,1.209000,D
173304061,EUR/USD,2005-07-29 04:14:59.000,1.208600,1.208900,D
173304091,EUR/USD,2005-07-29 04:15:07.000,1.208700,1.209000,D
173304137,EUR/USD,2005-07-29 04:15:26.000,1.208800,1.209100,D
173304146,EUR/USD,2005-07-29 04:15:27.000,1.208700,1.209000,D
173304168,EUR/USD,2005-07-29 04:15:37.000,1.208800,1.209100,D
173304197,EUR/USD,2005-07-29 04:15:52.000,1.208700,1.209000,D
173304200,EUR/USD,2005-07-29 04:15:53.000,1.208800,1.209100,D
173304223,EUR/USD,2005-07-29 04:15:58.000,1.208700,1.209000,D
173304227,EUR/USD,2005-07-29 04:15:59.000,1.208800,1.209100,D
173304268,EUR/USD,2005-07-29 04:16:20.000,1.208900,1.209200,D
173304273,EUR/USD,2005-07-29 04:16:21.000,1.208800,1.209100,D
173304281,EUR/USD,2005-07-29 04:16:23.000,1.208900,1.209200,D
173304299,EUR/USD,2005-07-29 04:16:27.000,1.209000,1.209300,D
173304368,EUR/USD,2005-07-29 04:16:45.000,1.208900,1.209200,D
173304374,EUR/USD,2005-07-29 04:16:46.000,1.209000,1.209300,D
173304382,EUR/USD,2005-07-29 04:16:46.000,1.208900,1.209200,D
173304390,EUR/USD,2005-07-29 04:16:48.000,1.209000,1.209300,D
173304410,EUR/USD,2005-07-29 04:16:56.000,1.209100,1.209400,D
173304444,EUR/USD,2005-07-29 04:17:05.000,1.209200,1.209500,D
173304481,EUR/USD,2005-07-29 04:17:15.000,1.209300,1.209600,D
173304498,EUR/USD,2005-07-29 04:17:18.000,1.209200,1.209500,D
173304500,EUR/USD,2005-07-29 04:17:19.000,1.209300,1.209600,D
173304512,EUR/USD,2005-07-29 04:17:22.000,1.209200,1.209500,D
173304521,EUR/USD,2005-07-29 04:17:24.000,1.209100,1.209400,D
173304570,EUR/USD,2005-07-29 04:17:31.000,1.209000,1.209300,D
173304579,EUR/USD,2005-07-29 04:17:32.000,1.209100,1.209400,D
173304680,EUR/USD,2005-07-29 04:18:24.000,1.209200,1.209500,D
173304716,EUR/USD,2005-07-29 04:18:30.000,1.209100,1.209400,D
173304733,EUR/USD,2005-07-29 04:18:37.000,1.209000,1.209300,D
173304752,EUR/USD,2005-07-29 04:18:40.000,1.208900,1.209200,D
173304880,EUR/USD,2005-07-29 04:19:16.000,1.208800,1.209100,D
173304889,EUR/USD,2005-07-29 04:19:16.000,1.208900,1.209200,D
173304902,EUR/USD,2005-07-29 04:19:19.000,1.208800,1.209100,D
173304906,EUR/USD,2005-07-29 04:19:19.000,1.208900,1.209200,D
173304926,EUR/USD,2005-07-29 04:19:27.000,1.209000,1.209300,D
173304947,EUR/USD,2005-07-29 04:19:31.000,1.209100,1.209400,D
173305003,EUR/USD,2005-07-29 04:19:49.000,1.209000,1.209300,D
173305025,EUR/USD,2005-07-29 04:20:01.000,1.208900,1.209200,D
173305031,EUR/USD,2005-07-29 04:20:01.000,1.209000,1.209300,D
173305051,EUR/USD,2005-07-29 04:20:10.000,1.208900,1.209200,D
173305087,EUR/USD,2005-07-29 04:20:26.000,1.208800,1.209100,D
173305095,EUR/USD,2005-07-29 04:20:28.000,1.208900,1.209200,D
173305142,EUR/USD,2005-07-29 04:20:37.000,1.208800,1.209100,D
173305153,EUR/USD,2005-07-29 04:20:39.000,1.208900,1.209200,D
173305163,EUR/USD,2005-07-29 04:20:42.000,1.208800,1.209100,D
173305179,EUR/USD,2005-07-29 04:20:44.000,1.208700,1.209000,D
173305206,EUR/USD,2005-07-29 04:20:54.000,1.208800,1.209100,D
173305267,EUR/USD,2005-07-29 04:21:04.000,1.208900,1.209200,D
173305290,EUR/USD,2005-07-29 04:21:11.000,1.208800,1.209100,D
173305376,EUR/USD,2005-07-29 04:21:34.000,1.208900,1.209200,D
173305414,EUR/USD,2005-07-29 04:21:58.000,1.208800,1.209100,D
173305442,EUR/USD,2005-07-29 04:22:17.000,1.208900,1.209200,D
173305465,EUR/USD,2005-07-29 04:22:29.000,1.208800,1.209100,D
173305470,EUR/USD,2005-07-29 04:22:32.000,1.208900,1.209200,D
173305520,EUR/USD,2005-07-29 04:23:29.000,1.209000,1.209300,D
173305595,EUR/USD,2005-07-29 04:23:53.000,1.208900,1.209200,D
173305600,EUR/USD,2005-07-29 04:23:55.000,1.209000,1.209300,D
173305685,EUR/USD,2005-07-29 04:24:25.000,1.209100,1.209400,D
173305707,EUR/USD,2005-07-29 04:24:36.000,1.209000,1.209300,D
173305743,EUR/USD,2005-07-29 04:24:44.000,1.208900,1.209200,D
173305794,EUR/USD,2005-07-29 04:25:05.000,1.209000,1.209300,D
173305805,EUR/USD,2005-07-29 04:25:06.000,1.208900,1.209200,D
173305812,EUR/USD,2005-07-29 04:25:06.000,1.209000,1.209300,D
173305817,EUR/USD,2005-07-29 04:25:07.000,1.208900,1.209200,D
173305892,EUR/USD,2005-07-29 04:25:30.000,1.208800,1.209100,D
173305894,EUR/USD,2005-07-29 04:25:30.000,1.208900,1.209200,D
173305911,EUR/USD,2005-07-29 04:25:38.000,1.208800,1.209100,D
173305916,EUR/USD,2005-07-29 04:25:40.000,1.208900,1.209200,D
173305956,EUR/USD,2005-07-29 04:26:05.000,1.208800,1.209100,D
173305960,EUR/USD,2005-07-29 04:26:05.000,1.208900,1.209200,D
173305993,EUR/USD,2005-07-29 04:26:29.000,1.209000,1.209300,D
173306022,EUR/USD,2005-07-29 04:26:38.000,1.209100,1.209400,D
173306100,EUR/USD,2005-07-29 04:26:57.000,1.209000,1.209300,D
173306102,EUR/USD,2005-07-29 04:26:59.000,1.209100,1.209400,D
173306107,EUR/USD,2005-07-29 04:27:02.000,1.209000,1.209300,D
173306116,EUR/USD,2005-07-29 04:27:05.000,1.209100,1.209400,D
173306123,EUR/USD,2005-07-29 04:27:06.000,1.209000,1.209300,D
173306140,EUR/USD,2005-07-29 04:27:18.000,1.208900,1.209200,D
173306143,EUR/USD,2005-07-29 04:27:18.000,1.209000,1.209300,D
173306156,EUR/USD,2005-07-29 04:27:21.000,1.208900,1.209200,D
173306187,EUR/USD,2005-07-29 04:27:38.000,1.208800,1.209100,D
173306211,EUR/USD,2005-07-29 04:27:48.000,1.208700,1.209000,D
173306221,EUR/USD,2005-07-29 04:27:50.000,1.208600,1.208900,D
173306226,EUR/USD,2005-07-29 04:27:51.000,1.208700,1.209000,D
173306261,EUR/USD,2005-07-29 04:27:57.000,1.208600,1.208900,D
173306277,EUR/USD,2005-07-29 04:28:03.000,1.208700,1.209000,D
173306288,EUR/USD,2005-07-29 04:28:04.000,1.208600,1.208900,D
173306293,EUR/USD,2005-07-29 04:28:05.000,1.208700,1.209000,D
173306339,EUR/USD,2005-07-29 04:28:17.000,1.208600,1.208900,D
173306370,EUR/USD,2005-07-29 04:28:25.000,1.208500,1.208800,D
173306381,EUR/USD,2005-07-29 04:28:27.000,1.208600,1.208900,D
173306390,EUR/USD,2005-07-29 04:28:28.000,1.208500,1.208800,D
173306395,EUR/USD,2005-07-29 04:28:28.000,1.208600,1.208900,D
173306427,EUR/USD,2005-07-29 04:28:31.000,1.208500,1.208800,D
173306505,EUR/USD,2005-07-29 04:28:43.000,1.208400,1.208700,D
173306508,EUR/USD,2005-07-29 04:28:44.000,1.208500,1.208800,D
173306526,EUR/USD,2005-07-29 04:28:46.000,1.208400,1.208700,D
173306537,EUR/USD,2005-07-29 04:28:47.000,1.208500,1.208800,D
173306554,EUR/USD,2005-07-29 04:28:48.000,1.208400,1.208700,D
173306561,EUR/USD,2005-07-29 04:28:49.000,1.208500,1.208800,D
173306569,EUR/USD,2005-07-29 04:28:49.000,1.208400,1.208700,D
173306575,EUR/USD,2005-07-29 04:28:50.000,1.208500,1.208800,D
173306587,EUR/USD,2005-07-29 04:28:55.000,1.208600,1.208900,D
173306604,EUR/USD,2005-07-29 04:29:00.000,1.208500,1.208800,D
173306607,EUR/USD,2005-07-29 04:29:01.000,1.208600,1.208900,D
173306622,EUR/USD,2005-07-29 04:29:10.000,1.208700,1.209000,D
173306631,EUR/USD,2005-07-29 04:29:11.000,1.208600,1.208900,D
173306644,EUR/USD,2005-07-29 04:29:17.000,1.208700,1.209000,D
173306653,EUR/USD,2005-07-29 04:29:19.000,1.208600,1.208900,D
173306670,EUR/USD,2005-07-29 04:29:24.000,1.208700,1.209000,D
173306758,EUR/USD,2005-07-29 04:29:44.000,1.208600,1.208900,D
173306792,EUR/USD,2005-07-29 04:29:52.000,1.208500,1.208800,D
173306796,EUR/USD,2005-07-29 04:29:53.000,1.208600,1.208900,D
173306823,EUR/USD,2005-07-29 04:29:57.000,1.208500,1.208800,D
173306825,EUR/USD,2005-07-29 04:29:57.000,1.208600,1.208900,D
173306839,EUR/USD,2005-07-29 04:29:59.000,1.208500,1.208800,D
173306841,EUR/USD,2005-07-29 04:30:00.000,1.208600,1.208900,D
173306869,EUR/USD,2005-07-29 04:30:05.000,1.208500,1.208800,D
173306873,EUR/USD,2005-07-29 04:30:05.000,1.208600,1.208900,D
173306928,EUR/USD,2005-07-29 04:30:18.000,1.208500,1.208800,D
173306934,EUR/USD,2005-07-29 04:30:19.000,1.208600,1.208900,D
173306964,EUR/USD,2005-07-29 04:30:23.000,1.208700,1.209000,D
173306967,EUR/USD,2005-07-29 04:30:24.000,1.208600,1.208900,D
173306974,EUR/USD,2005-07-29 04:30:25.000,1.208700,1.209000,D
173307064,EUR/USD,2005-07-29 04:30:41.000,1.208800,1.209100,D
173307121,EUR/USD,2005-07-29 04:31:06.000,1.208900,1.209200,D
173307135,EUR/USD,2005-07-29 04:31:09.000,1.209000,1.209300,D
173307192,EUR/USD,2005-07-29 04:31:17.000,1.208900,1.209200,D
173307248,EUR/USD,2005-07-29 04:31:29.000,1.208800,1.209100,D
173307324,EUR/USD,2005-07-29 04:32:12.000,1.208700,1.209000,D
173307335,EUR/USD,2005-07-29 04:32:15.000,1.208600,1.208900,D
173307415,EUR/USD,2005-07-29 04:32:51.000,1.208500,1.208800,D
173307423,EUR/USD,2005-07-29 04:32:52.000,1.208400,1.208700,D
173307448,EUR/USD,2005-07-29 04:32:57.000,1.208500,1.208800,D
173307477,EUR/USD,2005-07-29 04:33:03.000,1.208600,1.208900,D
173307507,EUR/USD,2005-07-29 04:33:09.000,1.208700,1.209000,D
173307526,EUR/USD,2005-07-29 04:33:15.000,1.208600,1.208900,D
173307538,EUR/USD,2005-07-29 04:33:23.000,1.208700,1.209000,D
173307572,EUR/USD,2005-07-29 04:33:31.000,1.208600,1.208900,D
173307579,EUR/USD,2005-07-29 04:33:32.000,1.208700,1.209000,D
173307621,EUR/USD,2005-07-29 04:33:47.000,1.208800,1.209100,D
173307658,EUR/USD,2005-07-29 04:34:10.000,1.208700,1.209000,D
173307665,EUR/USD,2005-07-29 04:34:10.000,1.208600,1.208900,D
173307681,EUR/USD,2005-07-29 04:34:11.000,1.208700,1.209000,D
173307726,EUR/USD,2005-07-29 04:34:19.000,1.208600,1.208900,D
173307753,EUR/USD,2005-07-29 04:34:26.000,1.208700,1.209000,D
173307767,EUR/USD,2005-07-29 04:34:28.000,1.208800,1.209100,D
173307810,EUR/USD,2005-07-29 04:34:35.000,1.208900,1.209200,D
173307828,EUR/USD,2005-07-29 04:34:37.000,1.208800,1.209100,D
173307890,EUR/USD,2005-07-29 04:34:55.000,1.208700,1.209000,D
173307911,EUR/USD,2005-07-29 04:35:02.000,1.208800,1.209100,D
173307929,EUR/USD,2005-07-29 04:35:04.000,1.208700,1.209000,D
173307966,EUR/USD,2005-07-29 04:35:14.000,1.208600,1.208900,D
173308013,EUR/USD,2005-07-29 04:35:36.000,1.208700,1.209000,D
173308038,EUR/USD,2005-07-29 04:35:40.000,1.208600,1.208900,D
173308127,EUR/USD,2005-07-29 04:36:15.000,1.208500,1.208800,D
173308135,EUR/USD,2005-07-29 04:36:19.000,1.208400,1.208700,D
173308139,EUR/USD,2005-07-29 04:36:20.000,1.208300,1.208600,D
173308172,EUR/USD,2005-07-29 04:36:28.000,1.208400,1.208700,D
173308202,EUR/USD,2005-07-29 04:36:37.000,1.208300,1.208600,D
173308221,EUR/USD,2005-07-29 04:36:43.000,1.208400,1.208700,D
173308227,EUR/USD,2005-07-29 04:36:44.000,1.208300,1.208600,D
173308243,EUR/USD,2005-07-29 04:36:47.000,1.208400,1.208700,D
173308292,EUR/USD,2005-07-29 04:37:08.000,1.208500,1.208800,D
173308295,EUR/USD,2005-07-29 04:37:09.000,1.208600,1.208900,D
173308308,EUR/USD,2005-07-29 04:37:12.000,1.208500,1.208800,D
173308320,EUR/USD,2005-07-29 04:37:13.000,1.208600,1.208900,D
173308337,EUR/USD,2005-07-29 04:37:17.000,1.208700,1.209000,D
173308340,EUR/USD,2005-07-29 04:37:18.000,1.208800,1.209100,D
173308347,EUR/USD,2005-07-29 04:37:19.000,1.208900,1.209200,D
173308361,EUR/USD,2005-07-29 04:37:20.000,1.208800,1.209100,D
173308365,EUR/USD,2005-07-29 04:37:20.000,1.208900,1.209200,D
173308372,EUR/USD,2005-07-29 04:37:21.000,1.208600,1.208900,D
173308397,EUR/USD,2005-07-29 04:37:23.000,1.208400,1.208700,D
173308411,EUR/USD,2005-07-29 04:37:24.000,1.208500,1.208800,D
173308416,EUR/USD,2005-07-29 04:37:24.000,1.208600,1.208900,D
173308468,EUR/USD,2005-07-29 04:37:35.000,1.208700,1.209000,D
173308482,EUR/USD,2005-07-29 04:37:39.000,1.208600,1.208900,D
173308487,EUR/USD,2005-07-29 04:37:39.000,1.208700,1.209000,D
173308489,EUR/USD,2005-07-29 04:37:40.000,1.208600,1.208900,D
173308502,EUR/USD,2005-07-29 04:37:42.000,1.208500,1.208800,D
173308503,EUR/USD,2005-07-29 04:37:42.000,1.208600,1.208900,D
173308537,EUR/USD,2005-07-29 04:37:59.000,1.208500,1.208800,D
173308632,EUR/USD,2005-07-29 04:39:11.000,1.208600,1.208900,D
173308659,EUR/USD,2005-07-29 04:39:17.000,1.208500,1.208800,D
173308694,EUR/USD,2005-07-29 04:39:36.000,1.208600,1.208900,D
173308705,EUR/USD,2005-07-29 04:39:40.000,1.208700,1.209000,D
173308731,EUR/USD,2005-07-29 04:39:53.000,1.208800,1.209100,D
173308732,EUR/USD,2005-07-29 04:39:53.000,1.208700,1.209000,D
173308733,EUR/USD,2005-07-29 04:39:54.000,1.208800,1.209100,D
173308739,EUR/USD,2005-07-29 04:39:55.000,1.208700,1.209000,D
173308743,EUR/USD,2005-07-29 04:39:56.000,1.208800,1.209100,D
173308751,EUR/USD,2005-07-29 04:39:57.000,1.208700,1.209000,D
173308761,EUR/USD,2005-07-29 04:40:06.000,1.208800,1.209100,D
173308822,EUR/USD,2005-07-29 04:40:30.000,1.208700,1.209000,D
173308827,EUR/USD,2005-07-29 04:40:31.000,1.208800,1.209100,D
173308858,EUR/USD,2005-07-29 04:40:42.000,1.208700,1.209000,D
173308941,EUR/USD,2005-07-29 04:41:04.000,1.208600,1.208900,D
173308963,EUR/USD,2005-07-29 04:41:15.000,1.208500,1.208800,D
173308982,EUR/USD,2005-07-29 04:41:27.000,1.208600,1.208900,D
173308990,EUR/USD,2005-07-29 04:41:28.000,1.208500,1.208800,D
173309042,EUR/USD,2005-07-29 04:41:51.000,1.208600,1.208900,D
173309060,EUR/USD,2005-07-29 04:41:56.000,1.208500,1.208800,D
173309065,EUR/USD,2005-07-29 04:41:57.000,1.208400,1.208700,D
173309068,EUR/USD,2005-07-29 04:41:57.000,1.208500,1.208800,D
173309073,EUR/USD,2005-07-29 04:41:59.000,1.208400,1.208700,D
173309088,EUR/USD,2005-07-29 04:42:13.000,1.208300,1.208600,D
173309126,EUR/USD,2005-07-29 04:42:25.000,1.208400,1.208700,D
173309143,EUR/USD,2005-07-29 04:42:30.000,1.208300,1.208600,D
173309149,EUR/USD,2005-07-29 04:42:34.000,1.208400,1.208700,D
173309162,EUR/USD,2005-07-29 04:42:39.000,1.208500,1.208800,D
173309174,EUR/USD,2005-07-29 04:42:41.000,1.208400,1.208700,D
173309175,EUR/USD,2005-07-29 04:42:41.000,1.208500,1.208800,D
173309190,EUR/USD,2005-07-29 04:42:45.000,1.208400,1.208700,D
173309194,EUR/USD,2005-07-29 04:42:45.000,1.208500,1.208800,D
173309198,EUR/USD,2005-07-29 04:42:47.000,1.208400,1.208700,D
173309211,EUR/USD,2005-07-29 04:42:52.000,1.208500,1.208800,D
173309213,EUR/USD,2005-07-29 04:42:53.000,1.208400,1.208700,D
173309223,EUR/USD,2005-07-29 04:42:55.000,1.208500,1.208800,D
173309239,EUR/USD,2005-07-29 04:43:05.000,1.208400,1.208700,D
173309242,EUR/USD,2005-07-29 04:43:06.000,1.208500,1.208800,D
173309299,EUR/USD,2005-07-29 04:43:30.000,1.208600,1.208900,D
173309302,EUR/USD,2005-07-29 04:43:30.000,1.208500,1.208800,D
173309305,EUR/USD,2005-07-29 04:43:31.000,1.208600,1.208900,D
173309334,EUR/USD,2005-07-29 04:44:00.000,1.208700,1.209000,D
173309377,EUR/USD,2005-07-29 04:44:12.000,1.208800,1.209100,D
173309385,EUR/USD,2005-07-29 04:44:13.000,1.208700,1.209000,D
173309404,EUR/USD,2005-07-29 04:44:19.000,1.208600,1.208900,D
173309413,EUR/USD,2005-07-29 04:44:26.000,1.208700,1.209000,D
173309431,EUR/USD,2005-07-29 04:44:35.000,1.208600,1.208900,D
173309433,EUR/USD,2005-07-29 04:44:36.000,1.208500,1.208800,D
173309444,EUR/USD,2005-07-29 04:44:42.000,1.208600,1.208900,D
173309458,EUR/USD,2005-07-29 04:44:45.000,1.208500,1.208800,D
173309462,EUR/USD,2005-07-29 04:44:47.000,1.208600,1.208900,D
173309604,EUR/USD,2005-07-29 04:46:36.000,1.208700,1.209000,D
173309633,EUR/USD,2005-07-29 04:46:45.000,1.208800,1.209100,D
173309715,EUR/USD,2005-07-29 04:48:00.000,1.208700,1.209000,D
173309730,EUR/USD,2005-07-29 04:48:17.000,1.208800,1.209100,D
173309735,EUR/USD,2005-07-29 04:48:18.000,1.208700,1.209000,D
173309738,EUR/USD,2005-07-29 04:48:18.000,1.208800,1.209100,D
173309854,EUR/USD,2005-07-29 04:49:50.000,1.208900,1.209200,D
173309882,EUR/USD,2005-07-29 04:50:08.000,1.209000,1.209300,D
173309897,EUR/USD,2005-07-29 04:50:12.000,1.209100,1.209400,D
173309910,EUR/USD,2005-07-29 04:50:15.000,1.209200,1.209500,D
173309994,EUR/USD,2005-07-29 04:51:05.000,1.209300,1.209600,D
173310016,EUR/USD,2005-07-29 04:51:13.000,1.209200,1.209500,D
173310026,EUR/USD,2005-07-29 04:51:15.000,1.209300,1.209600,D
173310037,EUR/USD,2005-07-29 04:51:17.000,1.209200,1.209500,D
173310042,EUR/USD,2005-07-29 04:51:18.000,1.209300,1.209600,D
173310084,EUR/USD,2005-07-29 04:51:34.000,1.209400,1.209700,D
173310098,EUR/USD,2005-07-29 04:51:36.000,1.209500,1.209800,D
173310131,EUR/USD,2005-07-29 04:51:41.000,1.209600,1.209900,D
173310191,EUR/USD,2005-07-29 04:52:01.000,1.209500,1.209800,D
173310195,EUR/USD,2005-07-29 04:52:01.000,1.209600,1.209900,D
173310212,EUR/USD,2005-07-29 04:52:03.000,1.209500,1.209800,D
173310241,EUR/USD,2005-07-29 04:52:21.000,1.209600,1.209900,D
173310268,EUR/USD,2005-07-29 04:52:26.000,1.209700,1.210000,D
173310285,EUR/USD,2005-07-29 04:52:29.000,1.209800,1.210100,D
173310303,EUR/USD,2005-07-29 04:52:31.000,1.209700,1.210000,D
173310325,EUR/USD,2005-07-29 04:52:35.000,1.209600,1.209900,D
173310350,EUR/USD,2005-07-29 04:52:39.000,1.209700,1.210000,D
173310374,EUR/USD,2005-07-29 04:52:43.000,1.209800,1.210100,D
173310393,EUR/USD,2005-07-29 04:52:46.000,1.209700,1.210000,D
173310406,EUR/USD,2005-07-29 04:52:54.000,1.209600,1.209900,D
173310428,EUR/USD,2005-07-29 04:53:04.000,1.209700,1.210000,D
173310457,EUR/USD,2005-07-29 04:53:13.000,1.209600,1.209900,D
173310461,EUR/USD,2005-07-29 04:53:14.000,1.209700,1.210000,D
173310475,EUR/USD,2005-07-29 04:53:20.000,1.209600,1.209900,D
173310529,EUR/USD,2005-07-29 04:53:57.000,1.209700,1.210000,D
173310546,EUR/USD,2005-07-29 04:54:07.000,1.209600,1.209900,D
173310581,EUR/USD,2005-07-29 04:54:31.000,1.209700,1.210000,D
173310587,EUR/USD,2005-07-29 04:54:33.000,1.209600,1.209900,D
173310599,EUR/USD,2005-07-29 04:54:35.000,1.209700,1.210000,D
173310614,EUR/USD,2005-07-29 04:54:37.000,1.209600,1.209900,D
173310621,EUR/USD,2005-07-29 04:54:42.000,1.209700,1.210000,D
173310628,EUR/USD,2005-07-29 04:54:44.000,1.209800,1.210100,D
173310638,EUR/USD,2005-07-29 04:54:46.000,1.209700,1.210000,D
173310650,EUR/USD,2005-07-29 04:54:49.000,1.209800,1.210100,D
173310673,EUR/USD,2005-07-29 04:54:55.000,1.209700,1.210000,D
173310704,EUR/USD,2005-07-29 04:55:07.000,1.209800,1.210100,D
173310706,EUR/USD,2005-07-29 04:55:08.000,1.209700,1.210000,D
173310711,EUR/USD,2005-07-29 04:55:10.000,1.209800,1.210100,D
173310751,EUR/USD,2005-07-29 04:55:28.000,1.209900,1.210200,D
173310763,EUR/USD,2005-07-29 04:55:30.000,1.209800,1.210100,D
173310765,EUR/USD,2005-07-29 04:55:31.000,1.209900,1.210200,D
173310774,EUR/USD,2005-07-29 04:55:36.000,1.209800,1.210100,D
173310803,EUR/USD,2005-07-29 04:55:43.000,1.209700,1.210000,D
173310828,EUR/USD,2005-07-29 04:55:54.000,1.209800,1.210100,D
173310846,EUR/USD,2005-07-29 04:55:59.000,1.209700,1.210000,D
173310879,EUR/USD,2005-07-29 04:56:05.000,1.209800,1.210100,D
173310941,EUR/USD,2005-07-29 04:56:28.000,1.209900,1.210200,D
173310971,EUR/USD,2005-07-29 04:56:38.000,1.209800,1.210100,D
173311008,EUR/USD,2005-07-29 04:56:50.000,1.209700,1.210000,D
173311040,EUR/USD,2005-07-29 04:56:58.000,1.209600,1.209900,D
173311047,EUR/USD,2005-07-29 04:57:02.000,1.209700,1.210000,D
173311062,EUR/USD,2005-07-29 04:57:08.000,1.209600,1.209900,D
173311063,EUR/USD,2005-07-29 04:57:09.000,1.209700,1.210000,D
173311139,EUR/USD,2005-07-29 04:57:30.000,1.209600,1.209900,D
173311150,EUR/USD,2005-07-29 04:57:31.000,1.209700,1.210000,D
173311164,EUR/USD,2005-07-29 04:57:32.000,1.209600,1.209900,D
173311180,EUR/USD,2005-07-29 04:57:42.000,1.209700,1.210000,D
173311186,EUR/USD,2005-07-29 04:57:43.000,1.209600,1.209900,D
173311237,EUR/USD,2005-07-29 04:58:28.000,1.209500,1.209800,D
173311246,EUR/USD,2005-07-29 04:58:33.000,1.209600,1.209900,D
173311301,EUR/USD,2005-07-29 04:59:15.000,1.209500,1.209800,D
173311338,EUR/USD,2005-07-29 04:59:40.000,1.209400,1.209700,D
173311448,EUR/USD,2005-07-29 05:00:47.000,1.209300,1.209600,D
173311451,EUR/USD,2005-07-29 05:00:48.000,1.209400,1.209700,D
173311514,EUR/USD,2005-07-29 05:01:12.000,1.209300,1.209600,D
173311520,EUR/USD,2005-07-29 05:01:13.000,1.209400,1.209700,D
173311528,EUR/USD,2005-07-29 05:01:16.000,1.209300,1.209600,D
173311532,EUR/USD,2005-07-29 05:01:18.000,1.209400,1.209700,D
173311564,EUR/USD,2005-07-29 05:01:37.000,1.209300,1.209600,D
173311570,EUR/USD,2005-07-29 05:01:43.000,1.209400,1.209700,D
173311579,EUR/USD,2005-07-29 05:01:48.000,1.209300,1.209600,D
173311583,EUR/USD,2005-07-29 05:01:48.000,1.209400,1.209700,D
173311608,EUR/USD,2005-07-29 05:01:55.000,1.209300,1.209600,D
173311657,EUR/USD,2005-07-29 05:02:32.000,1.209400,1.209700,D
173311698,EUR/USD,2005-07-29 05:02:52.000,1.209500,1.209800,D
173311712,EUR/USD,2005-07-29 05:02:53.000,1.209400,1.209700,D
173311733,EUR/USD,2005-07-29 05:02:57.000,1.209500,1.209800,D
173311762,EUR/USD,2005-07-29 05:03:04.000,1.209400,1.209700,D
173311771,EUR/USD,2005-07-29 05:03:05.000,1.209500,1.209800,D
173311785,EUR/USD,2005-07-29 05:03:06.000,1.209400,1.209700,D
173311794,EUR/USD,2005-07-29 05:03:07.000,1.209500,1.209800,D
173311843,EUR/USD,2005-07-29 05:03:42.000,1.209400,1.209700,D
173311875,EUR/USD,2005-07-29 05:04:21.000,1.209500,1.209800,D
173311877,EUR/USD,2005-07-29 05:04:22.000,1.209400,1.209700,D
173311880,EUR/USD,2005-07-29 05:04:23.000,1.209500,1.209800,D
173311896,EUR/USD,2005-07-29 05:04:26.000,1.209400,1.209700,D
173311975,EUR/USD,2005-07-29 05:05:40.000,1.209300,1.209600,D
173311980,EUR/USD,2005-07-29 05:05:41.000,1.209400,1.209700,D
173312182,EUR/USD,2005-07-29 05:09:01.000,1.209300,1.209600,D
173312240,EUR/USD,2005-07-29 05:09:49.000,1.209400,1.209700,D
173312329,EUR/USD,2005-07-29 05:10:25.000,1.209300,1.209600,D
173312335,EUR/USD,2005-07-29 05:10:28.000,1.209400,1.209700,D
173312350,EUR/USD,2005-07-29 05:10:31.000,1.209300,1.209600,D
173312366,EUR/USD,2005-07-29 05:10:36.000,1.209400,1.209700,D
173312370,EUR/USD,2005-07-29 05:10:38.000,1.209300,1.209600,D
173312384,EUR/USD,2005-07-29 05:10:46.000,1.209400,1.209700,D
173312389,EUR/USD,2005-07-29 05:10:51.000,1.209300,1.209600,D
173312395,EUR/USD,2005-07-29 05:10:52.000,1.209400,1.209700,D
173312458,EUR/USD,2005-07-29 05:11:21.000,1.209300,1.209600,D
173312464,EUR/USD,2005-07-29 05:11:23.000,1.209400,1.209700,D
173312492,EUR/USD,2005-07-29 05:12:08.000,1.209300,1.209600,D
173312494,EUR/USD,2005-07-29 05:12:08.000,1.209400,1.209700,D
173312497,EUR/USD,2005-07-29 05:12:09.000,1.209300,1.209600,D
173312594,EUR/USD,2005-07-29 05:13:38.000,1.209200,1.209500,D
173312597,EUR/USD,2005-07-29 05:13:38.000,1.209300,1.209600,D
173312608,EUR/USD,2005-07-29 05:13:39.000,1.209200,1.209500,D
173312613,EUR/USD,2005-07-29 05:13:39.000,1.209300,1.209600,D
173312630,EUR/USD,2005-07-29 05:13:45.000,1.209200,1.209500,D
173312640,EUR/USD,2005-07-29 05:13:47.000,1.209100,1.209400,D
173312651,EUR/USD,2005-07-29 05:13:49.000,1.209200,1.209500,D
173312684,EUR/USD,2005-07-29 05:14:08.000,1.209100,1.209400,D
173312700,EUR/USD,2005-07-29 05:14:21.000,1.209000,1.209300,D
173312702,EUR/USD,2005-07-29 05:14:21.000,1.209100,1.209400,D
173312706,EUR/USD,2005-07-29 05:14:22.000,1.209000,1.209300,D
173312711,EUR/USD,2005-07-29 05:14:24.000,1.208900,1.209200,D
173312735,EUR/USD,2005-07-29 05:14:30.000,1.209000,1.209300,D
173312741,EUR/USD,2005-07-29 05:14:33.000,1.208900,1.209200,D
173312770,EUR/USD,2005-07-29 05:14:57.000,1.209000,1.209300,D
173312774,EUR/USD,2005-07-29 05:14:57.000,1.208900,1.209200,D
173312826,EUR/USD,2005-07-29 05:15:35.000,1.208800,1.209100,D
173312844,EUR/USD,2005-07-29 05:15:47.000,1.208700,1.209000,D
173312847,EUR/USD,2005-07-29 05:15:48.000,1.208800,1.209100,D
173312896,EUR/USD,2005-07-29 05:16:27.000,1.208700,1.209000,D
173312923,EUR/USD,2005-07-29 05:17:07.000,1.208800,1.209100,D
173312928,EUR/USD,2005-07-29 05:17:10.000,1.208700,1.209000,D
173312937,EUR/USD,2005-07-29 05:17:15.000,1.208800,1.209100,D
173312944,EUR/USD,2005-07-29 05:17:17.000,1.208700,1.209000,D
173312961,EUR/USD,2005-07-29 05:17:30.000,1.208800,1.209100,D
173313004,EUR/USD,2005-07-29 05:17:47.000,1.208700,1.209000,D
173313040,EUR/USD,2005-07-29 05:18:06.000,1.208800,1.209100,D
173313046,EUR/USD,2005-07-29 05:18:07.000,1.208700,1.209000,D
173313049,EUR/USD,2005-07-29 05:18:09.000,1.208800,1.209100,D
173313108,EUR/USD,2005-07-29 05:18:55.000,1.208700,1.209000,D
173313126,EUR/USD,2005-07-29 05:19:13.000,1.208600,1.208900,D
173313146,EUR/USD,2005-07-29 05:19:22.000,1.208700,1.209000,D
173313176,EUR/USD,2005-07-29 05:19:33.000,1.208500,1.208800,D
173313184,EUR/USD,2005-07-29 05:19:33.000,1.208600,1.208900,D
173313192,EUR/USD,2005-07-29 05:19:36.000,1.208500,1.208800,D
173313228,EUR/USD,2005-07-29 05:19:47.000,1.208600,1.208900,D
173313230,EUR/USD,2005-07-29 05:19:48.000,1.208500,1.208800,D
173313235,EUR/USD,2005-07-29 05:19:48.000,1.208600,1.208900,D
173313244,EUR/USD,2005-07-29 05:19:51.000,1.208500,1.208800,D
173313270,EUR/USD,2005-07-29 05:20:13.000,1.208400,1.208700,D
173313274,EUR/USD,2005-07-29 05:20:16.000,1.208500,1.208800,D
173313280,EUR/USD,2005-07-29 05:20:17.000,1.208400,1.208700,D
173313294,EUR/USD,2005-07-29 05:20:25.000,1.208300,1.208600,D
173313297,EUR/USD,2005-07-29 05:20:25.000,1.208400,1.208700,D
173313302,EUR/USD,2005-07-29 05:20:27.000,1.208300,1.208600,D
173313308,EUR/USD,2005-07-29 05:20:27.000,1.208400,1.208700,D
173313316,EUR/USD,2005-07-29 05:20:28.000,1.208300,1.208600,D
173313354,EUR/USD,2005-07-29 05:20:47.000,1.208400,1.208700,D
173313388,EUR/USD,2005-07-29 05:20:56.000,1.208300,1.208600,D
173313403,EUR/USD,2005-07-29 05:21:01.000,1.208400,1.208700,D
173313469,EUR/USD,2005-07-29 05:22:55.000,1.208300,1.208600,D
173313473,EUR/USD,2005-07-29 05:22:56.000,1.208400,1.208700,D
173313477,EUR/USD,2005-07-29 05:23:00.000,1.208300,1.208600,D
173313489,EUR/USD,2005-07-29 05:23:07.000,1.208400,1.208700,D
173313492,EUR/USD,2005-07-29 05:23:10.000,1.208300,1.208600,D
173313506,EUR/USD,2005-07-29 05:23:30.000,1.208200,1.208500,D
173313521,EUR/USD,2005-07-29 05:23:34.000,1.208300,1.208600,D
173313540,EUR/USD,2005-07-29 05:23:38.000,1.208200,1.208500,D
173313548,EUR/USD,2005-07-29 05:23:40.000,1.208300,1.208600,D
173313626,EUR/USD,2005-07-29 05:24:52.000,1.208400,1.208700,D
173313711,EUR/USD,2005-07-29 05:25:42.000,1.208300,1.208600,D
173313815,EUR/USD,2005-07-29 05:26:55.000,1.208400,1.208700,D
173313855,EUR/USD,2005-07-29 05:27:31.000,1.208300,1.208600,D
173313880,EUR/USD,2005-07-29 05:28:12.000,1.208400,1.208700,D
173313903,EUR/USD,2005-07-29 05:28:23.000,1.208300,1.208600,D
173314038,EUR/USD,2005-07-29 05:29:42.000,1.208400,1.208700,D
173314166,EUR/USD,2005-07-29 05:30:22.000,1.208500,1.208800,D
173314229,EUR/USD,2005-07-29 05:30:37.000,1.208400,1.208700,D
173314295,EUR/USD,2005-07-29 05:30:50.000,1.208500,1.208800,D
173314323,EUR/USD,2005-07-29 05:30:54.000,1.208400,1.208700,D
173314337,EUR/USD,2005-07-29 05:30:55.000,1.208500,1.208800,D
173314362,EUR/USD,2005-07-29 05:31:00.000,1.208600,1.208900,D
173314391,EUR/USD,2005-07-29 05:31:04.000,1.208500,1.208800,D
173314409,EUR/USD,2005-07-29 05:31:06.000,1.208600,1.208900,D
173314564,EUR/USD,2005-07-29 05:31:44.000,1.208700,1.209000,D
173314577,EUR/USD,2005-07-29 05:31:46.000,1.208600,1.208900,D
173314589,EUR/USD,2005-07-29 05:31:49.000,1.208700,1.209000,D
173314601,EUR/USD,2005-07-29 05:31:52.000,1.208600,1.208900,D
173314615,EUR/USD,2005-07-29 05:31:59.000,1.208700,1.209000,D
173314650,EUR/USD,2005-07-29 05:32:10.000,1.208600,1.208900,D
173314722,EUR/USD,2005-07-29 05:32:35.000,1.208700,1.209000,D
173314734,EUR/USD,2005-07-29 05:32:36.000,1.208600,1.208900,D
173314918,EUR/USD,2005-07-29 05:33:48.000,1.208500,1.208800,D
173314941,EUR/USD,2005-07-29 05:33:59.000,1.208400,1.208700,D
173314942,EUR/USD,2005-07-29 05:33:59.000,1.208300,1.208600,D
173314961,EUR/USD,2005-07-29 05:34:09.000,1.208200,1.208500,D
173314975,EUR/USD,2005-07-29 05:34:17.000,1.208100,1.208400,D
173314980,EUR/USD,2005-07-29 05:34:17.000,1.208200,1.208500,D
173315008,EUR/USD,2005-07-29 05:34:42.000,1.208300,1.208600,D
173315063,EUR/USD,2005-07-29 05:35:42.000,1.208400,1.208700,D
173315077,EUR/USD,2005-07-29 05:35:47.000,1.208300,1.208600,D
173315092,EUR/USD,2005-07-29 05:35:52.000,1.208400,1.208700,D
173315096,EUR/USD,2005-07-29 05:35:53.000,1.208500,1.208800,D
173315103,EUR/USD,2005-07-29 05:35:54.000,1.208400,1.208700,D
173315119,EUR/USD,2005-07-29 05:36:07.000,1.208500,1.208800,D
173315128,EUR/USD,2005-07-29 05:36:15.000,1.208600,1.208900,D
173315141,EUR/USD,2005-07-29 05:36:18.000,1.208500,1.208800,D
173315143,EUR/USD,2005-07-29 05:36:19.000,1.208600,1.208900,D
173315154,EUR/USD,2005-07-29 05:36:23.000,1.208500,1.208800,D
173315171,EUR/USD,2005-07-29 05:36:42.000,1.208400,1.208700,D
173315237,EUR/USD,2005-07-29 05:37:28.000,1.208300,1.208600,D
173315252,EUR/USD,2005-07-29 05:37:33.000,1.208400,1.208700,D
173315264,EUR/USD,2005-07-29 05:37:35.000,1.208300,1.208600,D
173315279,EUR/USD,2005-07-29 05:37:41.000,1.208400,1.208700,D
173315285,EUR/USD,2005-07-29 05:37:45.000,1.208300,1.208600,D
173315297,EUR/USD,2005-07-29 05:37:47.000,1.208400,1.208700,D
173315325,EUR/USD,2005-07-29 05:37:52.000,1.208300,1.208600,D
173315335,EUR/USD,2005-07-29 05:37:56.000,1.208200,1.208500,D
173315352,EUR/USD,2005-07-29 05:37:59.000,1.208300,1.208600,D
173315399,EUR/USD,2005-07-29 05:38:20.000,1.208200,1.208500,D
173315411,EUR/USD,2005-07-29 05:38:25.000,1.208300,1.208600,D
173315416,EUR/USD,2005-07-29 05:38:27.000,1.208200,1.208500,D
173315429,EUR/USD,2005-07-29 05:38:37.000,1.208100,1.208400,D
173315437,EUR/USD,2005-07-29 05:38:40.000,1.208000,1.208300,D
173315444,EUR/USD,2005-07-29 05:38:41.000,1.207900,1.208200,D
173315450,EUR/USD,2005-07-29 05:38:41.000,1.207800,1.208100,D
173315451,EUR/USD,2005-07-29 05:38:41.000,1.207700,1.208000,D
173315468,EUR/USD,2005-07-29 05:38:43.000,1.207600,1.207900,D
173315481,EUR/USD,2005-07-29 05:38:45.000,1.207700,1.208000,D
173315487,EUR/USD,2005-07-29 05:38:45.000,1.207600,1.207900,D
173315511,EUR/USD,2005-07-29 05:38:49.000,1.207500,1.207800,D
173315515,EUR/USD,2005-07-29 05:38:50.000,1.207600,1.207900,D
173315539,EUR/USD,2005-07-29 05:38:57.000,1.207700,1.208000,D
173315541,EUR/USD,2005-07-29 05:38:58.000,1.207600,1.207900,D
173315550,EUR/USD,2005-07-29 05:39:02.000,1.207500,1.207800,D
173315563,EUR/USD,2005-07-29 05:39:03.000,1.207600,1.207900,D
173315566,EUR/USD,2005-07-29 05:39:03.000,1.207700,1.208000,D
173315579,EUR/USD,2005-07-29 05:39:08.000,1.207600,1.207900,D
173315589,EUR/USD,2005-07-29 05:39:13.000,1.207700,1.208000,D
173315592,EUR/USD,2005-07-29 05:39:13.000,1.207600,1.207900,D
173315628,EUR/USD,2005-07-29 05:39:38.000,1.207700,1.208000,D
173315650,EUR/USD,2005-07-29 05:39:42.000,1.207600,1.207900,D
173315653,EUR/USD,2005-07-29 05:39:42.000,1.207700,1.208000,D
173315658,EUR/USD,2005-07-29 05:39:43.000,1.207600,1.207900,D
173315692,EUR/USD,2005-07-29 05:39:53.000,1.207500,1.207800,D
173315710,EUR/USD,2005-07-29 05:40:00.000,1.207400,1.207700,D
173315714,EUR/USD,2005-07-29 05:40:00.000,1.207500,1.207800,D
173315732,EUR/USD,2005-07-29 05:40:05.000,1.207400,1.207700,D
173315738,EUR/USD,2005-07-29 05:40:05.000,1.207500,1.207800,D
173315740,EUR/USD,2005-07-29 05:40:07.000,1.207400,1.207700,D
173315749,EUR/USD,2005-07-29 05:40:09.000,1.207500,1.207800,D
173315758,EUR/USD,2005-07-29 05:40:11.000,1.207400,1.207700,D
173315763,EUR/USD,2005-07-29 05:40:12.000,1.207500,1.207800,D
173315785,EUR/USD,2005-07-29 05:40:21.000,1.207600,1.207900,D
173315794,EUR/USD,2005-07-29 05:40:22.000,1.207500,1.207800,D
173315815,EUR/USD,2005-07-29 05:40:32.000,1.207600,1.207900,D
173315832,EUR/USD,2005-07-29 05:40:48.000,1.207700,1.208000,D
173315835,EUR/USD,2005-07-29 05:40:49.000,1.207600,1.207900,D
173315839,EUR/USD,2005-07-29 05:40:49.000,1.207700,1.208000,D
173315847,EUR/USD,2005-07-29 05:40:53.000,1.207600,1.207900,D
173315852,EUR/USD,2005-07-29 05:40:54.000,1.207700,1.208000,D
173315857,EUR/USD,2005-07-29 05:40:55.000,1.207600,1.207900,D
173315878,EUR/USD,2005-07-29 05:41:02.000,1.207700,1.208000,D
173315882,EUR/USD,2005-07-29 05:41:03.000,1.207600,1.207900,D
173315890,EUR/USD,2005-07-29 05:41:05.000,1.207700,1.208000,D
173315920,EUR/USD,2005-07-29 05:41:15.000,1.207800,1.208100,D
173315934,EUR/USD,2005-07-29 05:41:17.000,1.207900,1.208200,D
173315946,EUR/USD,2005-07-29 05:41:19.000,1.207800,1.208100,D
173315979,EUR/USD,2005-07-29 05:41:37.000,1.207900,1.208200,D
173315994,EUR/USD,2005-07-29 05:41:41.000,1.207800,1.208100,D
173316001,EUR/USD,2005-07-29 05:41:42.000,1.207900,1.208200,D
173316015,EUR/USD,2005-07-29 05:41:44.000,1.207800,1.208100,D
173316029,EUR/USD,2005-07-29 05:41:47.000,1.207900,1.208200,D
173316050,EUR/USD,2005-07-29 05:41:53.000,1.208000,1.208300,D
173316057,EUR/USD,2005-07-29 05:41:58.000,1.207900,1.208200,D
173316099,EUR/USD,2005-07-29 05:42:27.000,1.208000,1.208300,D
173316107,EUR/USD,2005-07-29 05:42:30.000,1.207900,1.208200,D
173316123,EUR/USD,2005-07-29 05:42:46.000,1.208000,1.208300,D
173316143,EUR/USD,2005-07-29 05:42:51.000,1.208100,1.208400,D
173316150,EUR/USD,2005-07-29 05:42:53.000,1.208200,1.208500,D
173316152,EUR/USD,2005-07-29 05:42:53.000,1.208100,1.208400,D
173316161,EUR/USD,2005-07-29 05:42:54.000,1.208000,1.208300,D
173316171,EUR/USD,2005-07-29 05:42:55.000,1.208100,1.208400,D
173316179,EUR/USD,2005-07-29 05:42:55.000,1.208200,1.208500,D
173316181,EUR/USD,2005-07-29 05:42:56.000,1.208100,1.208400,D
173316198,EUR/USD,2005-07-29 05:42:58.000,1.208200,1.208500,D
173316227,EUR/USD,2005-07-29 05:43:08.000,1.208100,1.208400,D
173316232,EUR/USD,2005-07-29 05:43:09.000,1.208200,1.208500,D
173316238,EUR/USD,2005-07-29 05:43:11.000,1.208100,1.208400,D
173316243,EUR/USD,2005-07-29 05:43:12.000,1.208200,1.208500,D
173316245,EUR/USD,2005-07-29 05:43:13.000,1.208100,1.208400,D
173316251,EUR/USD,2005-07-29 05:43:14.000,1.208200,1.208500,D
173316279,EUR/USD,2005-07-29 05:43:20.000,1.208300,1.208600,D
173316292,EUR/USD,2005-07-29 05:43:23.000,1.208200,1.208500,D
173316307,EUR/USD,2005-07-29 05:43:26.000,1.208300,1.208600,D
173316313,EUR/USD,2005-07-29 05:43:28.000,1.208400,1.208700,D
173316323,EUR/USD,2005-07-29 05:43:29.000,1.208300,1.208600,D
173316336,EUR/USD,2005-07-29 05:43:30.000,1.208400,1.208700,D
173316351,EUR/USD,2005-07-29 05:43:33.000,1.208500,1.208800,D
173316391,EUR/USD,2005-07-29 05:43:40.000,1.208400,1.208700,D
173316405,EUR/USD,2005-07-29 05:43:42.000,1.208500,1.208800,D
173316413,EUR/USD,2005-07-29 05:43:44.000,1.208400,1.208700,D
173316446,EUR/USD,2005-07-29 05:44:05.000,1.208500,1.208800,D
173316457,EUR/USD,2005-07-29 05:44:07.000,1.208400,1.208700,D
173316464,EUR/USD,2005-07-29 05:44:08.000,1.208500,1.208800,D
173316467,EUR/USD,2005-07-29 05:44:09.000,1.208400,1.208700,D
173316473,EUR/USD,2005-07-29 05:44:10.000,1.208500,1.208800,D
173316481,EUR/USD,2005-07-29 05:44:11.000,1.208400,1.208700,D
173316484,EUR/USD,2005-07-29 05:44:13.000,1.208500,1.208800,D
173316494,EUR/USD,2005-07-29 05:44:15.000,1.208400,1.208700,D
173316507,EUR/USD,2005-07-29 05:44:18.000,1.208300,1.208600,D
173316513,EUR/USD,2005-07-29 05:44:21.000,1.208400,1.208700,D
173316524,EUR/USD,2005-07-29 05:44:26.000,1.208300,1.208600,D
173316546,EUR/USD,2005-07-29 05:44:33.000,1.208200,1.208500,D
173316554,EUR/USD,2005-07-29 05:44:34.000,1.208300,1.208600,D
173316575,EUR/USD,2005-07-29 05:44:41.000,1.208200,1.208500,D
173316604,EUR/USD,2005-07-29 05:44:58.000,1.208100,1.208400,D
173316609,EUR/USD,2005-07-29 05:44:58.000,1.208000,1.208300,D
173316612,EUR/USD,2005-07-29 05:44:59.000,1.207900,1.208200,D
173316618,EUR/USD,2005-07-29 05:45:00.000,1.208000,1.208300,D
173316628,EUR/USD,2005-07-29 05:45:00.000,1.208100,1.208400,D
173316661,EUR/USD,2005-07-29 05:45:16.000,1.208000,1.208300,D
173316691,EUR/USD,2005-07-29 05:45:26.000,1.207900,1.208200,D
173316693,EUR/USD,2005-07-29 05:45:27.000,1.208000,1.208300,D
173316698,EUR/USD,2005-07-29 05:45:28.000,1.207900,1.208200,D
173316718,EUR/USD,2005-07-29 05:45:35.000,1.207800,1.208100,D
173316733,EUR/USD,2005-07-29 05:45:38.000,1.207900,1.208200,D
173316789,EUR/USD,2005-07-29 05:46:10.000,1.208000,1.208300,D
173316791,EUR/USD,2005-07-29 05:46:10.000,1.207900,1.208200,D
173316808,EUR/USD,2005-07-29 05:46:15.000,1.208000,1.208300,D
173316833,EUR/USD,2005-07-29 05:46:31.000,1.207900,1.208200,D
173316883,EUR/USD,2005-07-29 05:47:16.000,1.207800,1.208100,D
173316926,EUR/USD,2005-07-29 05:47:41.000,1.207900,1.208200,D
173316935,EUR/USD,2005-07-29 05:47:42.000,1.207800,1.208100,D
173316941,EUR/USD,2005-07-29 05:47:45.000,1.207900,1.208200,D
173316945,EUR/USD,2005-07-29 05:47:45.000,1.207800,1.208100,D
173316983,EUR/USD,2005-07-29 05:48:15.000,1.207900,1.208200,D
173316990,EUR/USD,2005-07-29 05:48:17.000,1.208000,1.208300,D
173317001,EUR/USD,2005-07-29 05:48:19.000,1.208100,1.208400,D
173317010,EUR/USD,2005-07-29 05:48:20.000,1.208000,1.208300,D
173317041,EUR/USD,2005-07-29 05:48:26.000,1.207900,1.208200,D
173317049,EUR/USD,2005-07-29 05:48:29.000,1.208000,1.208300,D
173317076,EUR/USD,2005-07-29 05:48:34.000,1.208100,1.208400,D
173317082,EUR/USD,2005-07-29 05:48:35.000,1.208000,1.208300,D
173317100,EUR/USD,2005-07-29 05:48:39.000,1.208100,1.208400,D
173317115,EUR/USD,2005-07-29 05:48:46.000,1.208200,1.208500,D
173317141,EUR/USD,2005-07-29 05:48:51.000,1.208100,1.208400,D
173317149,EUR/USD,2005-07-29 05:48:52.000,1.208200,1.208500,D
173317160,EUR/USD,2005-07-29 05:48:54.000,1.208100,1.208400,D
173317222,EUR/USD,2005-07-29 05:49:07.000,1.208000,1.208300,D
173317227,EUR/USD,2005-07-29 05:49:08.000,1.208100,1.208400,D
173317257,EUR/USD,2005-07-29 05:49:12.000,1.208000,1.208300,D
173317267,EUR/USD,2005-07-29 05:49:13.000,1.208100,1.208400,D
173317308,EUR/USD,2005-07-29 05:49:29.000,1.208000,1.208300,D
173317321,EUR/USD,2005-07-29 05:49:32.000,1.207900,1.208200,D
173317326,EUR/USD,2005-07-29 05:49:32.000,1.208000,1.208300,D
173317337,EUR/USD,2005-07-29 05:49:33.000,1.207900,1.208200,D
173317350,EUR/USD,2005-07-29 05:49:38.000,1.208000,1.208300,D
173317389,EUR/USD,2005-07-29 05:49:55.000,1.207900,1.208200,D
173317397,EUR/USD,2005-07-29 05:50:02.000,1.208000,1.208300,D
173317409,EUR/USD,2005-07-29 05:50:08.000,1.208100,1.208400,D
173317450,EUR/USD,2005-07-29 05:50:27.000,1.208000,1.208300,D
173317451,EUR/USD,2005-07-29 05:50:28.000,1.208100,1.208400,D
173317453,EUR/USD,2005-07-29 05:50:28.000,1.208200,1.208500,D
173317461,EUR/USD,2005-07-29 05:50:29.000,1.208100,1.208400,D
173317526,EUR/USD,2005-07-29 05:50:48.000,1.208200,1.208500,D
173317568,EUR/USD,2005-07-29 05:51:13.000,1.208300,1.208600,D
173317585,EUR/USD,2005-07-29 05:51:20.000,1.208400,1.208700,D
173317605,EUR/USD,2005-07-29 05:51:29.000,1.208500,1.208800,D
173317717,EUR/USD,2005-07-29 05:52:20.000,1.208600,1.208900,D
173317727,EUR/USD,2005-07-29 05:52:22.000,1.208500,1.208800,D
173317739,EUR/USD,2005-07-29 05:52:26.000,1.208600,1.208900,D
173317746,EUR/USD,2005-07-29 05:52:28.000,1.208500,1.208800,D
173317753,EUR/USD,2005-07-29 05:52:29.000,1.208600,1.208900,D
173317770,EUR/USD,2005-07-29 05:52:34.000,1.208500,1.208800,D
173317786,EUR/USD,2005-07-29 05:52:39.000,1.208400,1.208700,D
173317811,EUR/USD,2005-07-29 05:53:09.000,1.208300,1.208600,D
173317832,EUR/USD,2005-07-29 05:53:17.000,1.208200,1.208500,D
173317839,EUR/USD,2005-07-29 05:53:17.000,1.208300,1.208600,D
173317843,EUR/USD,2005-07-29 05:53:18.000,1.208200,1.208500,D
173317858,EUR/USD,2005-07-29 05:53:28.000,1.208100,1.208400,D
173317878,EUR/USD,2005-07-29 05:53:32.000,1.208200,1.208500,D
173317896,EUR/USD,2005-07-29 05:53:35.000,1.208300,1.208600,D
173317901,EUR/USD,2005-07-29 05:53:39.000,1.208200,1.208500,D
173317909,EUR/USD,2005-07-29 05:53:46.000,1.208300,1.208600,D
173317912,EUR/USD,2005-07-29 05:53:46.000,1.208400,1.208700,D
173317943,EUR/USD,2005-07-29 05:54:04.000,1.208300,1.208600,D
173317953,EUR/USD,2005-07-29 05:54:06.000,1.208400,1.208700,D
173317979,EUR/USD,2005-07-29 05:54:17.000,1.208500,1.208800,D
173317999,EUR/USD,2005-07-29 05:54:27.000,1.208400,1.208700,D
173318005,EUR/USD,2005-07-29 05:54:30.000,1.208500,1.208800,D
173318012,EUR/USD,2005-07-29 05:54:38.000,1.208400,1.208700,D
173318028,EUR/USD,2005-07-29 05:54:43.000,1.208500,1.208800,D
173318039,EUR/USD,2005-07-29 05:54:47.000,1.208600,1.208900,D
173318059,EUR/USD,2005-07-29 05:54:56.000,1.208500,1.208800,D
173318146,EUR/USD,2005-07-29 05:56:31.000,1.208400,1.208700,D
173318180,EUR/USD,2005-07-29 05:56:42.000,1.208500,1.208800,D
173318241,EUR/USD,2005-07-29 05:56:58.000,1.208400,1.208700,D
173318262,EUR/USD,2005-07-29 05:57:08.000,1.208500,1.208800,D
173318419,EUR/USD,2005-07-29 05:58:22.000,1.208600,1.208900,D
173318435,EUR/USD,2005-07-29 05:58:27.000,1.208700,1.209000,D
173318459,EUR/USD,2005-07-29 05:58:35.000,1.208800,1.209100,D
173318500,EUR/USD,2005-07-29 05:59:00.000,1.208900,1.209200,D
173318545,EUR/USD,2005-07-29 05:59:18.000,1.209000,1.209300,D
173318555,EUR/USD,2005-07-29 05:59:21.000,1.209100,1.209400,D
173318593,EUR/USD,2005-07-29 05:59:30.000,1.209000,1.209300,D
173318655,EUR/USD,2005-07-29 05:59:51.000,1.208900,1.209200,D
173318667,EUR/USD,2005-07-29 05:59:55.000,1.209000,1.209300,D
173318680,EUR/USD,2005-07-29 05:59:59.000,1.208900,1.209200,D
173318695,EUR/USD,2005-07-29 06:00:13.000,1.208800,1.209100,D
173318714,EUR/USD,2005-07-29 06:00:22.000,1.208700,1.209000,D
173318745,EUR/USD,2005-07-29 06:00:29.000,1.208800,1.209100,D
173318753,EUR/USD,2005-07-29 06:00:32.000,1.208700,1.209000,D
173318805,EUR/USD,2005-07-29 06:01:01.000,1.208600,1.208900,D
173318806,EUR/USD,2005-07-29 06:01:01.000,1.208700,1.209000,D
173318813,EUR/USD,2005-07-29 06:01:03.000,1.208600,1.208900,D
173318852,EUR/USD,2005-07-29 06:01:12.000,1.208500,1.208800,D
173318862,EUR/USD,2005-07-29 06:01:16.000,1.208600,1.208900,D
173318867,EUR/USD,2005-07-29 06:01:18.000,1.208500,1.208800,D
173318869,EUR/USD,2005-07-29 06:01:18.000,1.208600,1.208900,D
173318884,EUR/USD,2005-07-29 06:01:21.000,1.208500,1.208800,D
173318927,EUR/USD,2005-07-29 06:01:57.000,1.208600,1.208900,D
173318965,EUR/USD,2005-07-29 06:02:09.000,1.208500,1.208800,D
173318993,EUR/USD,2005-07-29 06:02:19.000,1.208600,1.208900,D
173319006,EUR/USD,2005-07-29 06:02:21.000,1.208500,1.208800,D
173319013,EUR/USD,2005-07-29 06:02:28.000,1.208400,1.208700,D
173319025,EUR/USD,2005-07-29 06:02:32.000,1.208300,1.208600,D
173319060,EUR/USD,2005-07-29 06:02:42.000,1.208400,1.208700,D
173319084,EUR/USD,2005-07-29 06:02:53.000,1.208500,1.208800,D
173319093,EUR/USD,2005-07-29 06:02:54.000,1.208400,1.208700,D
173319104,EUR/USD,2005-07-29 06:02:58.000,1.208500,1.208800,D
173319115,EUR/USD,2005-07-29 06:03:01.000,1.208400,1.208700,D
173319131,EUR/USD,2005-07-29 06:03:03.000,1.208500,1.208800,D
173319149,EUR/USD,2005-07-29 06:03:08.000,1.208400,1.208700,D
173319150,EUR/USD,2005-07-29 06:03:09.000,1.208500,1.208800,D
173319156,EUR/USD,2005-07-29 06:03:13.000,1.208600,1.208900,D
173319167,EUR/USD,2005-07-29 06:03:15.000,1.208500,1.208800,D
173319175,EUR/USD,2005-07-29 06:03:17.000,1.208600,1.208900,D
173319192,EUR/USD,2005-07-29 06:03:23.000,1.208700,1.209000,D
173319208,EUR/USD,2005-07-29 06:03:27.000,1.208800,1.209100,D
173319221,EUR/USD,2005-07-29 06:03:30.000,1.208700,1.209000,D
173319223,EUR/USD,2005-07-29 06:03:32.000,1.208800,1.209100,D
173319242,EUR/USD,2005-07-29 06:03:38.000,1.208900,1.209200,D
173319257,EUR/USD,2005-07-29 06:03:41.000,1.209000,1.209300,D
173319277,EUR/USD,2005-07-29 06:03:46.000,1.208900,1.209200,D
173319292,EUR/USD,2005-07-29 06:03:52.000,1.208800,1.209100,D
173319318,EUR/USD,2005-07-29 06:04:20.000,1.208700,1.209000,D
173319329,EUR/USD,2005-07-29 06:04:24.000,1.208800,1.209100,D
173319396,EUR/USD,2005-07-29 06:05:35.000,1.208700,1.209000,D
173319430,EUR/USD,2005-07-29 06:06:09.000,1.208800,1.209100,D
173319450,EUR/USD,2005-07-29 06:06:20.000,1.208700,1.209000,D
173319469,EUR/USD,2005-07-29 06:06:23.000,1.208800,1.209100,D
173319490,EUR/USD,2005-07-29 06:06:31.000,1.208900,1.209200,D
173319498,EUR/USD,2005-07-29 06:06:37.000,1.208800,1.209100,D
173319510,EUR/USD,2005-07-29 06:06:39.000,1.208900,1.209200,D
173319519,EUR/USD,2005-07-29 06:06:41.000,1.208800,1.209100,D
173319523,EUR/USD,2005-07-29 06:06:42.000,1.208800,1.209000,D
173319527,EUR/USD,2005-07-29 06:06:42.000,1.208600,1.208900,D
173319567,EUR/USD,2005-07-29 06:06:51.000,1.208700,1.209000,D
173319616,EUR/USD,2005-07-29 06:07:17.000,1.208800,1.209100,D
173319648,EUR/USD,2005-07-29 06:07:29.000,1.208700,1.209000,D
173319660,EUR/USD,2005-07-29 06:07:36.000,1.208800,1.209100,D
173319720,EUR/USD,2005-07-29 06:08:21.000,1.208900,1.209200,D
173319747,EUR/USD,2005-07-29 06:08:40.000,1.208800,1.209100,D
173319759,EUR/USD,2005-07-29 06:08:41.000,1.208900,1.209200,D
173319800,EUR/USD,2005-07-29 06:09:05.000,1.208800,1.209100,D
173319807,EUR/USD,2005-07-29 06:09:06.000,1.208900,1.209200,D
173319838,EUR/USD,2005-07-29 06:09:17.000,1.208800,1.209100,D
173319859,EUR/USD,2005-07-29 06:09:19.000,1.208900,1.209200,D
173319861,EUR/USD,2005-07-29 06:09:20.000,1.208800,1.209100,D
173319921,EUR/USD,2005-07-29 06:10:16.000,1.208900,1.209200,D
173319939,EUR/USD,2005-07-29 06:10:21.000,1.208800,1.209100,D
173319962,EUR/USD,2005-07-29 06:10:35.000,1.208700,1.209000,D
173319979,EUR/USD,2005-07-29 06:10:47.000,1.208800,1.209100,D
173319982,EUR/USD,2005-07-29 06:10:47.000,1.208900,1.209200,D
173319990,EUR/USD,2005-07-29 06:10:48.000,1.208800,1.209100,D
173319992,EUR/USD,2005-07-29 06:10:49.000,1.208900,1.209200,D
173319998,EUR/USD,2005-07-29 06:10:50.000,1.208800,1.209100,D
173320000,EUR/USD,2005-07-29 06:10:51.000,1.208700,1.209000,D
173320005,EUR/USD,2005-07-29 06:10:52.000,1.208800,1.209100,D
173320013,EUR/USD,2005-07-29 06:10:54.000,1.208900,1.209200,D
173320026,EUR/USD,2005-07-29 06:11:01.000,1.208800,1.209100,D
173320030,EUR/USD,2005-07-29 06:11:03.000,1.208900,1.209200,D
173320039,EUR/USD,2005-07-29 06:11:08.000,1.208800,1.209100,D
173320042,EUR/USD,2005-07-29 06:11:10.000,1.208900,1.209200,D
173320047,EUR/USD,2005-07-29 06:11:11.000,1.209000,1.209300,D
173320059,EUR/USD,2005-07-29 06:11:13.000,1.208900,1.209200,D
173320123,EUR/USD,2005-07-29 06:11:40.000,1.208800,1.209100,D
173320147,EUR/USD,2005-07-29 06:11:47.000,1.208700,1.209000,D
173320174,EUR/USD,2005-07-29 06:12:05.000,1.208800,1.209100,D
173320195,EUR/USD,2005-07-29 06:12:08.000,1.208700,1.209000,D
173320214,EUR/USD,2005-07-29 06:12:17.000,1.208800,1.209100,D
173320220,EUR/USD,2005-07-29 06:12:19.000,1.208700,1.209000,D
173320234,EUR/USD,2005-07-29 06:12:21.000,1.208800,1.209100,D
173320253,EUR/USD,2005-07-29 06:12:27.000,1.208700,1.209000,D
173320266,EUR/USD,2005-07-29 06:12:32.000,1.208800,1.209100,D
173320271,EUR/USD,2005-07-29 06:12:33.000,1.208900,1.209200,D
173320292,EUR/USD,2005-07-29 06:12:37.000,1.208800,1.209100,D
173320299,EUR/USD,2005-07-29 06:12:39.000,1.208900,1.209200,D
173320315,EUR/USD,2005-07-29 06:12:45.000,1.209000,1.209300,D
173320322,EUR/USD,2005-07-29 06:12:46.000,1.208900,1.209200,D
173320334,EUR/USD,2005-07-29 06:12:58.000,1.209000,1.209300,D
173320358,EUR/USD,2005-07-29 06:13:23.000,1.208900,1.209200,D
173320378,EUR/USD,2005-07-29 06:13:29.000,1.209000,1.209300,D
173320385,EUR/USD,2005-07-29 06:13:30.000,1.208900,1.209200,D
173320391,EUR/USD,2005-07-29 06:13:37.000,1.208800,1.209100,D
173320412,EUR/USD,2005-07-29 06:13:41.000,1.208900,1.209200,D
173320430,EUR/USD,2005-07-29 06:13:47.000,1.209000,1.209300,D
173320443,EUR/USD,2005-07-29 06:13:54.000,1.208900,1.209200,D
173320458,EUR/USD,2005-07-29 06:13:59.000,1.209000,1.209300,D
173320475,EUR/USD,2005-07-29 06:14:19.000,1.208900,1.209200,D
173320491,EUR/USD,2005-07-29 06:14:22.000,1.208800,1.209100,D
173320494,EUR/USD,2005-07-29 06:14:23.000,1.208900,1.209200,D
173320560,EUR/USD,2005-07-29 06:14:58.000,1.209000,1.209300,D
173320568,EUR/USD,2005-07-29 06:15:01.000,1.209100,1.209400,D
173320587,EUR/USD,2005-07-29 06:15:13.000,1.209000,1.209300,D
173320599,EUR/USD,2005-07-29 06:15:19.000,1.208900,1.209200,D
173320603,EUR/USD,2005-07-29 06:15:20.000,1.209000,1.209300,D
173320606,EUR/USD,2005-07-29 06:15:20.000,1.209100,1.209400,D
173320617,EUR/USD,2005-07-29 06:15:22.000,1.209000,1.209300,D
173320622,EUR/USD,2005-07-29 06:15:24.000,1.208900,1.209200,D
173320627,EUR/USD,2005-07-29 06:15:24.000,1.209000,1.209300,D
173320632,EUR/USD,2005-07-29 06:15:25.000,1.209100,1.209400,D
173320640,EUR/USD,2005-07-29 06:15:27.000,1.209000,1.209300,D
173320667,EUR/USD,2005-07-29 06:15:35.000,1.208900,1.209200,D
173320673,EUR/USD,2005-07-29 06:15:35.000,1.209000,1.209300,D
173320685,EUR/USD,2005-07-29 06:15:39.000,1.208900,1.209200,D
173320703,EUR/USD,2005-07-29 06:15:43.000,1.209000,1.209300,D
173320731,EUR/USD,2005-07-29 06:15:56.000,1.209100,1.209400,D
173320776,EUR/USD,2005-07-29 06:16:12.000,1.209000,1.209300,D
173320792,EUR/USD,2005-07-29 06:16:18.000,1.209100,1.209400,D
173320803,EUR/USD,2005-07-29 06:16:21.000,1.209000,1.209300,D
173320810,EUR/USD,2005-07-29 06:16:22.000,1.209100,1.209400,D
173320827,EUR/USD,2005-07-29 06:16:25.000,1.209000,1.209300,D
173320830,EUR/USD,2005-07-29 06:16:25.000,1.209100,1.209400,D
173320864,EUR/USD,2005-07-29 06:16:46.000,1.209000,1.209300,D
173320869,EUR/USD,2005-07-29 06:16:49.000,1.209100,1.209400,D
173320881,EUR/USD,2005-07-29 06:16:55.000,1.209000,1.209300,D
173320960,EUR/USD,2005-07-29 06:18:39.000,1.209100,1.209400,D
173320972,EUR/USD,2005-07-29 06:18:54.000,1.209000,1.209300,D
173320976,EUR/USD,2005-07-29 06:18:54.000,1.209100,1.209400,D
173320990,EUR/USD,2005-07-29 06:18:57.000,1.209000,1.209300,D
173320999,EUR/USD,2005-07-29 06:19:00.000,1.209100,1.209400,D
173321035,EUR/USD,2005-07-29 06:19:28.000,1.209000,1.209300,D
173321038,EUR/USD,2005-07-29 06:19:29.000,1.209100,1.209400,D
173321062,EUR/USD,2005-07-29 06:19:44.000,1.209000,1.209300,D
173321084,EUR/USD,2005-07-29 06:19:49.000,1.209100,1.209400,D
173321156,EUR/USD,2005-07-29 06:21:17.000,1.209200,1.209500,D
173321229,EUR/USD,2005-07-29 06:21:45.000,1.209300,1.209600,D
173321234,EUR/USD,2005-07-29 06:21:46.000,1.209200,1.209500,D
173321240,EUR/USD,2005-07-29 06:21:47.000,1.209300,1.209600,D
173321258,EUR/USD,2005-07-29 06:21:59.000,1.209200,1.209500,D
173321282,EUR/USD,2005-07-29 06:22:07.000,1.209100,1.209400,D
173321290,EUR/USD,2005-07-29 06:22:24.000,1.209000,1.209300,D
173321334,EUR/USD,2005-07-29 06:22:46.000,1.208900,1.209200,D
173321343,EUR/USD,2005-07-29 06:22:48.000,1.209000,1.209300,D
173321367,EUR/USD,2005-07-29 06:23:00.000,1.209100,1.209400,D
173321375,EUR/USD,2005-07-29 06:23:02.000,1.209000,1.209300,D
173321398,EUR/USD,2005-07-29 06:23:10.000,1.208900,1.209200,D
173321403,EUR/USD,2005-07-29 06:23:12.000,1.209000,1.209300,D
173321428,EUR/USD,2005-07-29 06:23:43.000,1.208900,1.209200,D
173321433,EUR/USD,2005-07-29 06:23:46.000,1.209000,1.209300,D
173321460,EUR/USD,2005-07-29 06:24:11.000,1.208900,1.209200,D
173321462,EUR/USD,2005-07-29 06:24:12.000,1.209000,1.209300,D
173321485,EUR/USD,2005-07-29 06:24:21.000,1.208900,1.209200,D
173321579,EUR/USD,2005-07-29 06:25:07.000,1.208800,1.209100,D
173321643,EUR/USD,2005-07-29 06:25:36.000,1.208700,1.209000,D
173321646,EUR/USD,2005-07-29 06:25:36.000,1.208800,1.209100,D
173321651,EUR/USD,2005-07-29 06:25:39.000,1.208700,1.209000,D
173321666,EUR/USD,2005-07-29 06:25:42.000,1.208800,1.209100,D
173321696,EUR/USD,2005-07-29 06:26:01.000,1.208700,1.209000,D
173321705,EUR/USD,2005-07-29 06:26:02.000,1.208800,1.209100,D
173321707,EUR/USD,2005-07-29 06:26:02.000,1.208700,1.209000,D
173321717,EUR/USD,2005-07-29 06:26:05.000,1.208600,1.208900,D
173321734,EUR/USD,2005-07-29 06:26:13.000,1.208500,1.208800,D
173321771,EUR/USD,2005-07-29 06:26:23.000,1.208400,1.208700,D
173321881,EUR/USD,2005-07-29 06:27:53.000,1.208500,1.208800,D
173321883,EUR/USD,2005-07-29 06:27:54.000,1.208600,1.208900,D
173321895,EUR/USD,2005-07-29 06:27:54.000,1.208500,1.208800,D
173321906,EUR/USD,2005-07-29 06:27:56.000,1.208600,1.208900,D
173321919,EUR/USD,2005-07-29 06:27:58.000,1.208500,1.208800,D
173321926,EUR/USD,2005-07-29 06:27:58.000,1.208600,1.208900,D
173321933,EUR/USD,2005-07-29 06:27:59.000,1.208500,1.208800,D
173322021,EUR/USD,2005-07-29 06:28:52.000,1.208400,1.208700,D
173322033,EUR/USD,2005-07-29 06:28:55.000,1.208300,1.208600,D
173322053,EUR/USD,2005-07-29 06:29:05.000,1.208400,1.208700,D
173322060,EUR/USD,2005-07-29 06:29:05.000,1.208500,1.208800,D
173322070,EUR/USD,2005-07-29 06:29:07.000,1.208400,1.208700,D
173322182,EUR/USD,2005-07-29 06:29:55.000,1.208500,1.208800,D
173322207,EUR/USD,2005-07-29 06:30:11.000,1.208600,1.208900,D
173322283,EUR/USD,2005-07-29 06:30:43.000,1.208700,1.209000,D
173322305,EUR/USD,2005-07-29 06:30:49.000,1.208600,1.208900,D
173322322,EUR/USD,2005-07-29 06:30:57.000,1.208700,1.209000,D
173322332,EUR/USD,2005-07-29 06:31:01.000,1.208600,1.208900,D
173322356,EUR/USD,2005-07-29 06:31:09.000,1.208700,1.209000,D
173322365,EUR/USD,2005-07-29 06:31:11.000,1.208600,1.208900,D
173322382,EUR/USD,2005-07-29 06:31:16.000,1.208700,1.209000,D
173322418,EUR/USD,2005-07-29 06:31:37.000,1.208800,1.209100,D
173322434,EUR/USD,2005-07-29 06:31:43.000,1.208700,1.209000,D
173322490,EUR/USD,2005-07-29 06:31:56.000,1.208800,1.209100,D
173322492,EUR/USD,2005-07-29 06:31:57.000,1.208700,1.209000,D
173322500,EUR/USD,2005-07-29 06:32:02.000,1.208800,1.209100,D
173322516,EUR/USD,2005-07-29 06:32:06.000,1.208700,1.209000,D
173322519,EUR/USD,2005-07-29 06:32:06.000,1.208800,1.209100,D
173322538,EUR/USD,2005-07-29 06:32:11.000,1.208700,1.209000,D
173322541,EUR/USD,2005-07-29 06:32:11.000,1.208800,1.209100,D
173322544,EUR/USD,2005-07-29 06:32:13.000,1.208700,1.209000,D
173322560,EUR/USD,2005-07-29 06:32:20.000,1.208600,1.208900,D
173322610,EUR/USD,2005-07-29 06:32:47.000,1.208500,1.208800,D
173322619,EUR/USD,2005-07-29 06:32:49.000,1.208600,1.208900,D
173322627,EUR/USD,2005-07-29 06:32:51.000,1.208500,1.208800,D
173322670,EUR/USD,2005-07-29 06:33:28.000,1.208400,1.208700,D
173322689,EUR/USD,2005-07-29 06:33:46.000,1.208500,1.208800,D
173322693,EUR/USD,2005-07-29 06:33:47.000,1.208400,1.208700,D
173322784,EUR/USD,2005-07-29 06:34:32.000,1.208500,1.208800,D
173322797,EUR/USD,2005-07-29 06:34:42.000,1.208400,1.208700,D
173322836,EUR/USD,2005-07-29 06:34:54.000,1.208300,1.208600,D
173322847,EUR/USD,2005-07-29 06:34:56.000,1.208200,1.208500,D
173322854,EUR/USD,2005-07-29 06:34:57.000,1.208300,1.208600,D
173322857,EUR/USD,2005-07-29 06:34:58.000,1.208400,1.208700,D
173322861,EUR/USD,2005-07-29 06:34:58.000,1.208300,1.208600,D
173322866,EUR/USD,2005-07-29 06:34:59.000,1.208200,1.208500,D
173322872,EUR/USD,2005-07-29 06:35:00.000,1.208300,1.208600,D
173322883,EUR/USD,2005-07-29 06:35:03.000,1.208200,1.208500,D
173322889,EUR/USD,2005-07-29 06:35:04.000,1.208300,1.208600,D
173322920,EUR/USD,2005-07-29 06:35:20.000,1.208200,1.208500,D
173322930,EUR/USD,2005-07-29 06:35:24.000,1.208100,1.208400,D
173322950,EUR/USD,2005-07-29 06:35:28.000,1.208000,1.208300,D
173322973,EUR/USD,2005-07-29 06:35:33.000,1.207900,1.208200,D
173322978,EUR/USD,2005-07-29 06:35:33.000,1.208000,1.208300,D
173323003,EUR/USD,2005-07-29 06:35:36.000,1.208100,1.208400,D
173323011,EUR/USD,2005-07-29 06:35:37.000,1.208000,1.208300,D
173323029,EUR/USD,2005-07-29 06:35:40.000,1.208100,1.208400,D
173323097,EUR/USD,2005-07-29 06:36:02.000,1.208000,1.208300,D
173323111,EUR/USD,2005-07-29 06:36:10.000,1.208100,1.208400,D
173323129,EUR/USD,2005-07-29 06:36:17.000,1.208000,1.208300,D
173323135,EUR/USD,2005-07-29 06:36:17.000,1.208100,1.208400,D
173323138,EUR/USD,2005-07-29 06:36:18.000,1.208000,1.208300,D
173323150,EUR/USD,2005-07-29 06:36:30.000,1.208100,1.208400,D
173323242,EUR/USD,2005-07-29 06:37:13.000,1.208200,1.208500,D
173323258,EUR/USD,2005-07-29 06:37:25.000,1.208300,1.208600,D
173323277,EUR/USD,2005-07-29 06:37:37.000,1.208400,1.208700,D
173323304,EUR/USD,2005-07-29 06:37:44.000,1.208300,1.208600,D
173323318,EUR/USD,2005-07-29 06:37:58.000,1.208400,1.208700,D
173323325,EUR/USD,2005-07-29 06:38:03.000,1.208300,1.208600,D
173323333,EUR/USD,2005-07-29 06:38:05.000,1.208400,1.208700,D
173323363,EUR/USD,2005-07-29 06:38:13.000,1.208500,1.208800,D
173323370,EUR/USD,2005-07-29 06:38:16.000,1.208400,1.208700,D
173323393,EUR/USD,2005-07-29 06:38:25.000,1.208500,1.208800,D
173323422,EUR/USD,2005-07-29 06:38:31.000,1.208600,1.208900,D
173323429,EUR/USD,2005-07-29 06:38:31.000,1.208500,1.208800,D
173323433,EUR/USD,2005-07-29 06:38:35.000,1.208600,1.208900,D
173323435,EUR/USD,2005-07-29 06:38:38.000,1.208500,1.208800,D
173323438,EUR/USD,2005-07-29 06:38:38.000,1.208600,1.208900,D
173323454,EUR/USD,2005-07-29 06:38:44.000,1.208500,1.208800,D
173323460,EUR/USD,2005-07-29 06:38:45.000,1.208600,1.208900,D
173323464,EUR/USD,2005-07-29 06:38:45.000,1.208700,1.209000,D
173323499,EUR/USD,2005-07-29 06:39:05.000,1.208600,1.208900,D
173323512,EUR/USD,2005-07-29 06:39:11.000,1.208500,1.208800,D
173323515,EUR/USD,2005-07-29 06:39:12.000,1.208600,1.208900,D
173323521,EUR/USD,2005-07-29 06:39:14.000,1.208500,1.208800,D
173323543,EUR/USD,2005-07-29 06:39:39.000,1.208600,1.208900,D
173323551,EUR/USD,2005-07-29 06:39:40.000,1.208500,1.208800,D
173323579,EUR/USD,2005-07-29 06:39:54.000,1.208600,1.208900,D
173323583,EUR/USD,2005-07-29 06:39:56.000,1.208500,1.208800,D
173323589,EUR/USD,2005-07-29 06:39:59.000,1.208600,1.208900,D
173323598,EUR/USD,2005-07-29 06:40:07.000,1.208700,1.209000,D
173323622,EUR/USD,2005-07-29 06:40:13.000,1.208800,1.209100,D
173323627,EUR/USD,2005-07-29 06:40:14.000,1.208700,1.209000,D
173323711,EUR/USD,2005-07-29 06:41:04.000,1.208800,1.209100,D
173323726,EUR/USD,2005-07-29 06:41:07.000,1.208900,1.209200,D
173323749,EUR/USD,2005-07-29 06:41:19.000,1.209000,1.209300,D
173323759,EUR/USD,2005-07-29 06:41:20.000,1.209100,1.209400,D
173323785,EUR/USD,2005-07-29 06:41:23.000,1.209200,1.209500,D
173323807,EUR/USD,2005-07-29 06:41:26.000,1.209300,1.209600,D
173323820,EUR/USD,2005-07-29 06:41:27.000,1.209200,1.209500,D
173323842,EUR/USD,2005-07-29 06:41:36.000,1.209100,1.209400,D
173323845,EUR/USD,2005-07-29 06:41:37.000,1.209200,1.209500,D
173323888,EUR/USD,2005-07-29 06:41:56.000,1.209100,1.209400,D
173323891,EUR/USD,2005-07-29 06:41:56.000,1.209200,1.209500,D
173323895,EUR/USD,2005-07-29 06:41:57.000,1.209300,1.209600,D
173323910,EUR/USD,2005-07-29 06:41:58.000,1.209200,1.209500,D
173323925,EUR/USD,2005-07-29 06:42:01.000,1.209100,1.209400,D
173323931,EUR/USD,2005-07-29 06:42:01.000,1.209200,1.209500,D
173323984,EUR/USD,2005-07-29 06:42:20.000,1.209100,1.209400,D
173323990,EUR/USD,2005-07-29 06:42:22.000,1.209200,1.209500,D
173323996,EUR/USD,2005-07-29 06:42:25.000,1.209300,1.209600,D
173324017,EUR/USD,2005-07-29 06:42:32.000,1.209400,1.209700,D
173324026,EUR/USD,2005-07-29 06:42:34.000,1.209300,1.209600,D
173324061,EUR/USD,2005-07-29 06:42:44.000,1.209400,1.209700,D
173324068,EUR/USD,2005-07-29 06:42:45.000,1.209300,1.209600,D
173324073,EUR/USD,2005-07-29 06:42:46.000,1.209400,1.209700,D
173324082,EUR/USD,2005-07-29 06:42:47.000,1.209300,1.209600,D
173324085,EUR/USD,2005-07-29 06:42:52.000,1.209400,1.209700,D
173324111,EUR/USD,2005-07-29 06:43:02.000,1.209500,1.209800,D
173324142,EUR/USD,2005-07-29 06:43:09.000,1.209600,1.209900,D
173324148,EUR/USD,2005-07-29 06:43:11.000,1.209500,1.209800,D
173324155,EUR/USD,2005-07-29 06:43:12.000,1.209600,1.209900,D
173324177,EUR/USD,2005-07-29 06:43:19.000,1.209700,1.210000,D
173324199,EUR/USD,2005-07-29 06:43:24.000,1.209800,1.210100,D
173324218,EUR/USD,2005-07-29 06:43:26.000,1.209700,1.210000,D
173324231,EUR/USD,2005-07-29 06:43:28.000,1.209600,1.209900,D
173324275,EUR/USD,2005-07-29 06:43:46.000,1.209500,1.209800,D
173324290,EUR/USD,2005-07-29 06:43:49.000,1.209600,1.209900,D
173324300,EUR/USD,2005-07-29 06:43:55.000,1.209700,1.210000,D
173324307,EUR/USD,2005-07-29 06:43:57.000,1.209600,1.209900,D
173324316,EUR/USD,2005-07-29 06:44:01.000,1.209700,1.210000,D
173324326,EUR/USD,2005-07-29 06:44:04.000,1.209600,1.209900,D
173324343,EUR/USD,2005-07-29 06:44:07.000,1.209700,1.210000,D
173324366,EUR/USD,2005-07-29 06:44:11.000,1.209600,1.209900,D
173324370,EUR/USD,2005-07-29 06:44:14.000,1.209700,1.210000,D
173324379,EUR/USD,2005-07-29 06:44:15.000,1.209600,1.209900,D
173324390,EUR/USD,2005-07-29 06:44:19.000,1.209700,1.210000,D
173324399,EUR/USD,2005-07-29 06:44:19.000,1.209800,1.210100,D
173324412,EUR/USD,2005-07-29 06:44:21.000,1.209700,1.210000,D
173324452,EUR/USD,2005-07-29 06:44:32.000,1.209800,1.210100,D
173324462,EUR/USD,2005-07-29 06:44:33.000,1.209900,1.210200,D
173324476,EUR/USD,2005-07-29 06:44:35.000,1.209800,1.210100,D
173324487,EUR/USD,2005-07-29 06:44:37.000,1.209900,1.210200,D
173324497,EUR/USD,2005-07-29 06:44:38.000,1.209800,1.210100,D
173324552,EUR/USD,2005-07-29 06:44:57.000,1.209900,1.210200,D
173324579,EUR/USD,2005-07-29 06:45:07.000,1.210000,1.210300,D
173324610,EUR/USD,2005-07-29 06:45:15.000,1.210100,1.210400,D
173324629,EUR/USD,2005-07-29 06:45:21.000,1.210000,1.210300,D
173324643,EUR/USD,2005-07-29 06:45:25.000,1.209900,1.210200,D
173324647,EUR/USD,2005-07-29 06:45:26.000,1.210000,1.210300,D
173324661,EUR/USD,2005-07-29 06:45:32.000,1.209900,1.210200,D
173324668,EUR/USD,2005-07-29 06:45:37.000,1.210000,1.210300,D
173324685,EUR/USD,2005-07-29 06:45:44.000,1.210100,1.210400,D
173324700,EUR/USD,2005-07-29 06:45:45.000,1.210000,1.210300,D
173324725,EUR/USD,2005-07-29 06:45:53.000,1.210100,1.210400,D
173324730,EUR/USD,2005-07-29 06:45:56.000,1.210000,1.210300,D
173324742,EUR/USD,2005-07-29 06:45:58.000,1.210100,1.210400,D
173324748,EUR/USD,2005-07-29 06:46:01.000,1.210000,1.210300,D
173324779,EUR/USD,2005-07-29 06:46:09.000,1.209900,1.210200,D
173324806,EUR/USD,2005-07-29 06:46:18.000,1.210000,1.210300,D
173324817,EUR/USD,2005-07-29 06:46:25.000,1.210100,1.210400,D
173324827,EUR/USD,2005-07-29 06:46:27.000,1.210000,1.210300,D
173324833,EUR/USD,2005-07-29 06:46:29.000,1.210100,1.210400,D
173324849,EUR/USD,2005-07-29 06:46:33.000,1.210200,1.210500,D
173324857,EUR/USD,2005-07-29 06:46:34.000,1.210100,1.210400,D
173324865,EUR/USD,2005-07-29 06:46:36.000,1.210000,1.210300,D
173324880,EUR/USD,2005-07-29 06:46:40.000,1.209900,1.210200,D
173324925,EUR/USD,2005-07-29 06:46:51.000,1.209800,1.210100,D
173324974,EUR/USD,2005-07-29 06:47:08.000,1.209700,1.210000,D
173324980,EUR/USD,2005-07-29 06:47:09.000,1.209800,1.210100,D
173324993,EUR/USD,2005-07-29 06:47:12.000,1.209700,1.210000,D
173325077,EUR/USD,2005-07-29 06:47:40.000,1.209800,1.210100,D
173325092,EUR/USD,2005-07-29 06:47:46.000,1.209900,1.210200,D
173325105,EUR/USD,2005-07-29 06:47:50.000,1.209800,1.210100,D
173325210,EUR/USD,2005-07-29 06:48:23.000,1.209700,1.210000,D
173325273,EUR/USD,2005-07-29 06:48:59.000,1.209600,1.209900,D
173325278,EUR/USD,2005-07-29 06:49:01.000,1.209700,1.210000,D
173325286,EUR/USD,2005-07-29 06:49:03.000,1.209600,1.209900,D
173325326,EUR/USD,2005-07-29 06:49:36.000,1.209700,1.210000,D
173325338,EUR/USD,2005-07-29 06:49:38.000,1.209600,1.209900,D
173325340,EUR/USD,2005-07-29 06:49:38.000,1.209700,1.210000,D
173325346,EUR/USD,2005-07-29 06:49:41.000,1.209600,1.209900,D
173325368,EUR/USD,2005-07-29 06:49:52.000,1.209700,1.210000,D
173325372,EUR/USD,2005-07-29 06:49:53.000,1.209600,1.209900,D
173325411,EUR/USD,2005-07-29 06:50:18.000,1.209700,1.210000,D
173325418,EUR/USD,2005-07-29 06:50:21.000,1.209600,1.209900,D
173325424,EUR/USD,2005-07-29 06:50:22.000,1.209700,1.210000,D
173325445,EUR/USD,2005-07-29 06:50:38.000,1.209800,1.210100,D
173325471,EUR/USD,2005-07-29 06:50:50.000,1.209700,1.210000,D
173325501,EUR/USD,2005-07-29 06:51:06.000,1.209600,1.209900,D
173325521,EUR/USD,2005-07-29 06:51:15.000,1.209500,1.209800,D
173325532,EUR/USD,2005-07-29 06:51:17.000,1.209600,1.209900,D
173325540,EUR/USD,2005-07-29 06:51:20.000,1.209500,1.209800,D
173325549,EUR/USD,2005-07-29 06:51:29.000,1.209600,1.209900,D
173325634,EUR/USD,2005-07-29 06:52:25.000,1.209700,1.210000,D
173325673,EUR/USD,2005-07-29 06:52:36.000,1.209800,1.210100,D
173325738,EUR/USD,2005-07-29 06:53:04.000,1.209900,1.210200,D
173325785,EUR/USD,2005-07-29 06:53:24.000,1.209800,1.210100,D
173325806,EUR/USD,2005-07-29 06:53:29.000,1.209700,1.210000,D
173325822,EUR/USD,2005-07-29 06:53:38.000,1.209800,1.210100,D
173325844,EUR/USD,2005-07-29 06:53:49.000,1.209700,1.210000,D
173325846,EUR/USD,2005-07-29 06:53:50.000,1.209800,1.210100,D
173325862,EUR/USD,2005-07-29 06:53:58.000,1.209700,1.210000,D
173325889,EUR/USD,2005-07-29 06:54:09.000,1.209600,1.209900,D
173325917,EUR/USD,2005-07-29 06:54:17.000,1.209500,1.209800,D
173325945,EUR/USD,2005-07-29 06:54:26.000,1.209400,1.209700,D
173325956,EUR/USD,2005-07-29 06:54:45.000,1.209500,1.209800,D
173325990,EUR/USD,2005-07-29 06:55:04.000,1.209400,1.209700,D
173325994,EUR/USD,2005-07-29 06:55:04.000,1.209500,1.209800,D
173326018,EUR/USD,2005-07-29 06:55:11.000,1.209400,1.209700,D
173326042,EUR/USD,2005-07-29 06:55:47.000,1.209500,1.209800,D
173326090,EUR/USD,2005-07-29 06:56:20.000,1.209400,1.209700,D
173326093,EUR/USD,2005-07-29 06:56:23.000,1.209500,1.209800,D
173326115,EUR/USD,2005-07-29 06:56:26.000,1.209400,1.209700,D
173326148,EUR/USD,2005-07-29 06:56:56.000,1.209500,1.209800,D
173326160,EUR/USD,2005-07-29 06:56:59.000,1.209600,1.209900,D
173326166,EUR/USD,2005-07-29 06:57:01.000,1.209500,1.209800,D
173326219,EUR/USD,2005-07-29 06:57:59.000,1.209400,1.209700,D
173326222,EUR/USD,2005-07-29 06:57:59.000,1.209500,1.209800,D
173326229,EUR/USD,2005-07-29 06:58:01.000,1.209400,1.209700,D
173326236,EUR/USD,2005-07-29 06:58:02.000,1.209300,1.209600,D
173326251,EUR/USD,2005-07-29 06:58:07.000,1.209200,1.209500,D
173326262,EUR/USD,2005-07-29 06:58:10.000,1.209100,1.209400,D
173326273,EUR/USD,2005-07-29 06:58:13.000,1.209200,1.209500,D
173326281,EUR/USD,2005-07-29 06:58:14.000,1.209100,1.209400,D
173326286,EUR/USD,2005-07-29 06:58:15.000,1.209000,1.209300,D
173326290,EUR/USD,2005-07-29 06:58:16.000,1.209100,1.209400,D
173326297,EUR/USD,2005-07-29 06:58:20.000,1.209000,1.209300,D
173326326,EUR/USD,2005-07-29 06:58:29.000,1.208900,1.209200,D
173326338,EUR/USD,2005-07-29 06:58:31.000,1.209000,1.209300,D
173326356,EUR/USD,2005-07-29 06:58:34.000,1.208900,1.209200,D
173326360,EUR/USD,2005-07-29 06:58:35.000,1.209000,1.209300,D
173326384,EUR/USD,2005-07-29 06:58:39.000,1.209100,1.209400,D
173326393,EUR/USD,2005-07-29 06:58:41.000,1.209000,1.209300,D
173326399,EUR/USD,2005-07-29 06:58:45.000,1.208900,1.209200,D
173326413,EUR/USD,2005-07-29 06:58:48.000,1.209000,1.209300,D
173326493,EUR/USD,2005-07-29 06:59:10.000,1.208900,1.209200,D
173326509,EUR/USD,2005-07-29 06:59:17.000,1.209000,1.209300,D
173326511,EUR/USD,2005-07-29 06:59:18.000,1.208900,1.209200,D
173326533,EUR/USD,2005-07-29 06:59:24.000,1.208800,1.209100,D
173326543,EUR/USD,2005-07-29 06:59:26.000,1.208900,1.209200,D
173326556,EUR/USD,2005-07-29 06:59:28.000,1.208800,1.209100,D
173326569,EUR/USD,2005-07-29 06:59:30.000,1.208900,1.209200,D
173326598,EUR/USD,2005-07-29 06:59:38.000,1.209000,1.209300,D
173326638,EUR/USD,2005-07-29 06:59:46.000,1.209100,1.209400,D
173326665,EUR/USD,2005-07-29 06:59:50.000,1.209000,1.209300,D
173326668,EUR/USD,2005-07-29 06:59:52.000,1.208900,1.209200,D
173326690,EUR/USD,2005-07-29 06:59:55.000,1.208800,1.209100,D
173326709,EUR/USD,2005-07-29 06:59:57.000,1.208900,1.209200,D
173326724,EUR/USD,2005-07-29 06:59:59.000,1.208800,1.209100,D
173326738,EUR/USD,2005-07-29 07:00:00.000,1.208900,1.209200,D
173326745,EUR/USD,2005-07-29 07:00:02.000,1.208800,1.209100,D
173326754,EUR/USD,2005-07-29 07:00:03.000,1.208900,1.209200,D
173326824,EUR/USD,2005-07-29 07:00:19.000,1.209000,1.209300,D
173326842,EUR/USD,2005-07-29 07:00:23.000,1.209100,1.209400,D
173326880,EUR/USD,2005-07-29 07:00:31.000,1.209200,1.209500,D
173326892,EUR/USD,2005-07-29 07:00:33.000,1.209100,1.209400,D
173326941,EUR/USD,2005-07-29 07:00:45.000,1.209000,1.209300,D
173326960,EUR/USD,2005-07-29 07:00:49.000,1.209100,1.209400,D
173326969,EUR/USD,2005-07-29 07:00:50.000,1.209000,1.209300,D
173326988,EUR/USD,2005-07-29 07:00:55.000,1.209100,1.209400,D
173327010,EUR/USD,2005-07-29 07:00:59.000,1.209000,1.209300,D
173327014,EUR/USD,2005-07-29 07:01:00.000,1.208900,1.209200,D
173327018,EUR/USD,2005-07-29 07:01:01.000,1.209000,1.209300,D
173327028,EUR/USD,2005-07-29 07:01:03.000,1.208900,1.209200,D
173327033,EUR/USD,2005-07-29 07:01:03.000,1.209000,1.209300,D
173327048,EUR/USD,2005-07-29 07:01:04.000,1.208900,1.209200,D
173327060,EUR/USD,2005-07-29 07:01:11.000,1.209000,1.209300,D
173327076,EUR/USD,2005-07-29 07:01:26.000,1.208900,1.209200,D
173327114,EUR/USD,2005-07-29 07:01:53.000,1.208800,1.209100,D
173327154,EUR/USD,2005-07-29 07:02:07.000,1.208900,1.209200,D
173327176,EUR/USD,2005-07-29 07:02:16.000,1.209000,1.209300,D
173327191,EUR/USD,2005-07-29 07:02:17.000,1.208900,1.209200,D
173327197,EUR/USD,2005-07-29 07:02:18.000,1.208800,1.209100,D
173327200,EUR/USD,2005-07-29 07:02:19.000,1.208900,1.209200,D
173327205,EUR/USD,2005-07-29 07:02:20.000,1.209000,1.209300,D
173327217,EUR/USD,2005-07-29 07:02:22.000,1.208900,1.209200,D
173327222,EUR/USD,2005-07-29 07:02:23.000,1.209000,1.209300,D
173327244,EUR/USD,2005-07-29 07:02:35.000,1.208900,1.209200,D
173327278,EUR/USD,2005-07-29 07:02:46.000,1.209000,1.209300,D
173327298,EUR/USD,2005-07-29 07:02:53.000,1.209100,1.209400,D
173327363,EUR/USD,2005-07-29 07:03:18.000,1.209200,1.209500,D
173327373,EUR/USD,2005-07-29 07:03:20.000,1.209100,1.209400,D
173327376,EUR/USD,2005-07-29 07:03:20.000,1.209200,1.209500,D
173327407,EUR/USD,2005-07-29 07:03:35.000,1.209100,1.209400,D
173327419,EUR/USD,2005-07-29 07:03:39.000,1.209000,1.209300,D
173327451,EUR/USD,2005-07-29 07:03:58.000,1.209100,1.209400,D
173327455,EUR/USD,2005-07-29 07:03:59.000,1.209000,1.209300,D
173327458,EUR/USD,2005-07-29 07:03:59.000,1.209100,1.209400,D
173327462,EUR/USD,2005-07-29 07:04:00.000,1.209000,1.209300,D
173327483,EUR/USD,2005-07-29 07:04:06.000,1.209100,1.209400,D
173327504,EUR/USD,2005-07-29 07:04:23.000,1.209200,1.209500,D
173327581,EUR/USD,2005-07-29 07:04:52.000,1.209300,1.209600,D
173327618,EUR/USD,2005-07-29 07:05:02.000,1.209400,1.209700,D
173327629,EUR/USD,2005-07-29 07:05:04.000,1.209300,1.209600,D
173327635,EUR/USD,2005-07-29 07:05:05.000,1.209400,1.209700,D
173327652,EUR/USD,2005-07-29 07:05:10.000,1.209300,1.209600,D
173327669,EUR/USD,2005-07-29 07:05:17.000,1.209400,1.209700,D
173327679,EUR/USD,2005-07-29 07:05:22.000,1.209300,1.209600,D
173327686,EUR/USD,2005-07-29 07:05:25.000,1.209400,1.209700,D
173327695,EUR/USD,2005-07-29 07:05:30.000,1.209300,1.209600,D
173327774,EUR/USD,2005-07-29 07:06:36.000,1.209200,1.209500,D
173327775,EUR/USD,2005-07-29 07:06:36.000,1.209300,1.209600,D
173327785,EUR/USD,2005-07-29 07:06:39.000,1.209200,1.209500,D
173327788,EUR/USD,2005-07-29 07:06:43.000,1.209300,1.209600,D
173327882,EUR/USD,2005-07-29 07:08:44.000,1.209400,1.209700,D
173327896,EUR/USD,2005-07-29 07:08:53.000,1.209500,1.209800,D
173327901,EUR/USD,2005-07-29 07:08:53.000,1.209400,1.209700,D
173327918,EUR/USD,2005-07-29 07:09:01.000,1.209300,1.209600,D
173327923,EUR/USD,2005-07-29 07:09:03.000,1.209400,1.209700,D
173327926,EUR/USD,2005-07-29 07:09:05.000,1.209300,1.209600,D
173327938,EUR/USD,2005-07-29 07:09:12.000,1.209400,1.209700,D
173327947,EUR/USD,2005-07-29 07:09:18.000,1.209300,1.209600,D
173327955,EUR/USD,2005-07-29 07:09:22.000,1.209400,1.209700,D
173328008,EUR/USD,2005-07-29 07:10:24.000,1.209500,1.209800,D
173328023,EUR/USD,2005-07-29 07:10:26.000,1.209400,1.209700,D
173328026,EUR/USD,2005-07-29 07:10:27.000,1.209500,1.209800,D
173328066,EUR/USD,2005-07-29 07:10:38.000,1.209600,1.209900,D
173328077,EUR/USD,2005-07-29 07:10:40.000,1.209500,1.209800,D
173328081,EUR/USD,2005-07-29 07:10:41.000,1.209600,1.209900,D
173328100,EUR/USD,2005-07-29 07:10:45.000,1.209700,1.210000,D
173328105,EUR/USD,2005-07-29 07:10:46.000,1.209600,1.209900,D
173328108,EUR/USD,2005-07-29 07:10:46.000,1.209700,1.210000,D
173328195,EUR/USD,2005-07-29 07:11:15.000,1.209800,1.210100,D
173328201,EUR/USD,2005-07-29 07:11:15.000,1.209700,1.210000,D
173328205,EUR/USD,2005-07-29 07:11:16.000,1.209800,1.210100,D
173328245,EUR/USD,2005-07-29 07:11:25.000,1.209700,1.210000,D
173328251,EUR/USD,2005-07-29 07:11:26.000,1.209800,1.210100,D
173328272,EUR/USD,2005-07-29 07:11:28.000,1.209700,1.210000,D
173328291,EUR/USD,2005-07-29 07:11:31.000,1.209800,1.210100,D
173328304,EUR/USD,2005-07-29 07:11:34.000,1.209700,1.210000,D
173328307,EUR/USD,2005-07-29 07:11:35.000,1.209800,1.210100,D
173328316,EUR/USD,2005-07-29 07:11:40.000,1.209900,1.210200,D
173328346,EUR/USD,2005-07-29 07:11:45.000,1.209800,1.210100,D
173328380,EUR/USD,2005-07-29 07:11:57.000,1.209700,1.210000,D
173328388,EUR/USD,2005-07-29 07:12:02.000,1.209800,1.210100,D
173328406,EUR/USD,2005-07-29 07:12:09.000,1.209900,1.210200,D
173328434,EUR/USD,2005-07-29 07:12:15.000,1.210000,1.210300,D
173328448,EUR/USD,2005-07-29 07:12:18.000,1.209900,1.210200,D
173328457,EUR/USD,2005-07-29 07:12:21.000,1.210000,1.210300,D
173328481,EUR/USD,2005-07-29 07:12:33.000,1.209900,1.210200,D
173328558,EUR/USD,2005-07-29 07:13:01.000,1.210000,1.210300,D
173328580,EUR/USD,2005-07-29 07:13:09.000,1.209900,1.210200,D
173328626,EUR/USD,2005-07-29 07:13:31.000,1.210000,1.210300,D
173328638,EUR/USD,2005-07-29 07:13:41.000,1.210100,1.210400,D
173328655,EUR/USD,2005-07-29 07:13:46.000,1.210000,1.210300,D
173328665,EUR/USD,2005-07-29 07:13:53.000,1.210100,1.210400,D
173328682,EUR/USD,2005-07-29 07:13:57.000,1.210000,1.210300,D
173328692,EUR/USD,2005-07-29 07:13:58.000,1.210100,1.210400,D
173328743,EUR/USD,2005-07-29 07:14:11.000,1.210200,1.210500,D
173328748,EUR/USD,2005-07-29 07:14:12.000,1.210100,1.210400,D
173328765,EUR/USD,2005-07-29 07:14:15.000,1.210200,1.210500,D
173328773,EUR/USD,2005-07-29 07:14:17.000,1.210100,1.210400,D
173328777,EUR/USD,2005-07-29 07:14:18.000,1.210200,1.210500,D
173328783,EUR/USD,2005-07-29 07:14:26.000,1.210100,1.210400,D
173328813,EUR/USD,2005-07-29 07:14:36.000,1.210000,1.210300,D
173328819,EUR/USD,2005-07-29 07:14:37.000,1.210100,1.210400,D
173328861,EUR/USD,2005-07-29 07:15:25.000,1.210000,1.210300,D
173328871,EUR/USD,2005-07-29 07:15:29.000,1.210100,1.210400,D
173328887,EUR/USD,2005-07-29 07:15:34.000,1.210000,1.210300,D
173328891,EUR/USD,2005-07-29 07:15:36.000,1.210100,1.210400,D
173328894,EUR/USD,2005-07-29 07:15:37.000,1.210000,1.210300,D
173328914,EUR/USD,2005-07-29 07:15:56.000,1.210100,1.210400,D
173328965,EUR/USD,2005-07-29 07:16:18.000,1.210200,1.210500,D
173328980,EUR/USD,2005-07-29 07:16:21.000,1.210300,1.210600,D
173328985,EUR/USD,2005-07-29 07:16:21.000,1.210400,1.210700,D
173329004,EUR/USD,2005-07-29 07:16:23.000,1.210500,1.210800,D
173329035,EUR/USD,2005-07-29 07:16:30.000,1.210400,1.210700,D
173329070,EUR/USD,2005-07-29 07:16:35.000,1.210300,1.210600,D
173329103,EUR/USD,2005-07-29 07:16:39.000,1.210400,1.210700,D
173329122,EUR/USD,2005-07-29 07:16:43.000,1.210500,1.210800,D
173329190,EUR/USD,2005-07-29 07:17:01.000,1.210600,1.210900,D
173329199,EUR/USD,2005-07-29 07:17:05.000,1.210700,1.211000,D
173329218,EUR/USD,2005-07-29 07:17:08.000,1.210800,1.211100,D
173329235,EUR/USD,2005-07-29 07:17:09.000,1.210900,1.211200,D
173329245,EUR/USD,2005-07-29 07:17:11.000,1.210800,1.211100,D
173329261,EUR/USD,2005-07-29 07:17:12.000,1.210700,1.211000,D
173329299,EUR/USD,2005-07-29 07:17:17.000,1.210600,1.210900,D
173329308,EUR/USD,2005-07-29 07:17:20.000,1.210500,1.210800,D
173329355,EUR/USD,2005-07-29 07:17:43.000,1.210400,1.210700,D
173329421,EUR/USD,2005-07-29 07:18:07.000,1.210300,1.210600,D
173329429,EUR/USD,2005-07-29 07:18:09.000,1.210400,1.210700,D
173329447,EUR/USD,2005-07-29 07:18:21.000,1.210500,1.210800,D
173329455,EUR/USD,2005-07-29 07:18:22.000,1.210400,1.210700,D
173329461,EUR/USD,2005-07-29 07:18:24.000,1.210500,1.210800,D
173329488,EUR/USD,2005-07-29 07:18:31.000,1.210400,1.210700,D
173329502,EUR/USD,2005-07-29 07:18:36.000,1.210300,1.210600,D
173329507,EUR/USD,2005-07-29 07:18:37.000,1.210400,1.210700,D
173329523,EUR/USD,2005-07-29 07:18:39.000,1.210300,1.210600,D
173329555,EUR/USD,2005-07-29 07:18:47.000,1.210200,1.210500,D
173329573,EUR/USD,2005-07-29 07:18:50.000,1.210100,1.210400,D
173329577,EUR/USD,2005-07-29 07:18:50.000,1.210200,1.210500,D
173329584,EUR/USD,2005-07-29 07:18:51.000,1.210100,1.210400,D
173329586,EUR/USD,2005-07-29 07:18:51.000,1.210200,1.210500,D
173329603,EUR/USD,2005-07-29 07:18:54.000,1.210100,1.210400,D
173329619,EUR/USD,2005-07-29 07:18:56.000,1.210000,1.210300,D
173329637,EUR/USD,2005-07-29 07:19:02.000,1.210100,1.210400,D
173329647,EUR/USD,2005-07-29 07:19:04.000,1.210000,1.210300,D
173329666,EUR/USD,2005-07-29 07:19:12.000,1.210100,1.210400,D
173329678,EUR/USD,2005-07-29 07:19:17.000,1.210200,1.210500,D
173329680,EUR/USD,2005-07-29 07:19:18.000,1.210100,1.210400,D
173329692,EUR/USD,2005-07-29 07:19:19.000,1.210200,1.210500,D
173329699,EUR/USD,2005-07-29 07:19:23.000,1.210300,1.210600,D
173329744,EUR/USD,2005-07-29 07:19:40.000,1.210200,1.210500,D
173329757,EUR/USD,2005-07-29 07:19:44.000,1.210300,1.210600,D
173329761,EUR/USD,2005-07-29 07:19:45.000,1.210200,1.210500,D
173329776,EUR/USD,2005-07-29 07:19:50.000,1.210300,1.210600,D
173329789,EUR/USD,2005-07-29 07:19:57.000,1.210200,1.210500,D
173329819,EUR/USD,2005-07-29 07:20:10.000,1.210300,1.210600,D
173329844,EUR/USD,2005-07-29 07:20:21.000,1.210400,1.210700,D
173329856,EUR/USD,2005-07-29 07:20:25.000,1.210300,1.210600,D
173329868,EUR/USD,2005-07-29 07:20:27.000,1.210400,1.210700,D
173329898,EUR/USD,2005-07-29 07:20:45.000,1.210300,1.210600,D
173329903,EUR/USD,2005-07-29 07:20:46.000,1.210400,1.210700,D
173329923,EUR/USD,2005-07-29 07:20:57.000,1.210300,1.210600,D
173329930,EUR/USD,2005-07-29 07:20:58.000,1.210400,1.210700,D
173329933,EUR/USD,2005-07-29 07:21:02.000,1.210300,1.210600,D
173329948,EUR/USD,2005-07-29 07:21:09.000,1.210200,1.210500,D
173329996,EUR/USD,2005-07-29 07:21:33.000,1.210300,1.210600,D
173330007,EUR/USD,2005-07-29 07:21:39.000,1.210200,1.210500,D
173330036,EUR/USD,2005-07-29 07:22:06.000,1.210100,1.210400,D
173330044,EUR/USD,2005-07-29 07:22:08.000,1.210000,1.210300,D
173330057,EUR/USD,2005-07-29 07:22:12.000,1.209900,1.210200,D
173330058,EUR/USD,2005-07-29 07:22:13.000,1.210000,1.210300,D
173330062,EUR/USD,2005-07-29 07:22:14.000,1.209900,1.210200,D
173330076,EUR/USD,2005-07-29 07:22:20.000,1.210000,1.210300,D
173330090,EUR/USD,2005-07-29 07:22:23.000,1.209900,1.210200,D
173330112,EUR/USD,2005-07-29 07:22:33.000,1.209800,1.210100,D
173330121,EUR/USD,2005-07-29 07:22:35.000,1.209900,1.210200,D
173330136,EUR/USD,2005-07-29 07:22:37.000,1.209800,1.210100,D
173330142,EUR/USD,2005-07-29 07:22:40.000,1.209900,1.210200,D
173330160,EUR/USD,2005-07-29 07:22:58.000,1.209800,1.210100,D
173330204,EUR/USD,2005-07-29 07:23:19.000,1.209700,1.210000,D
173330207,EUR/USD,2005-07-29 07:23:19.000,1.209800,1.210100,D
173330210,EUR/USD,2005-07-29 07:23:21.000,1.209700,1.210000,D
173330304,EUR/USD,2005-07-29 07:24:27.000,1.209800,1.210100,D
173330309,EUR/USD,2005-07-29 07:24:28.000,1.209700,1.210000,D
173330321,EUR/USD,2005-07-29 07:24:30.000,1.209800,1.210100,D
173330345,EUR/USD,2005-07-29 07:24:40.000,1.209900,1.210200,D
173330351,EUR/USD,2005-07-29 07:24:42.000,1.210000,1.210300,D
173330360,EUR/USD,2005-07-29 07:24:43.000,1.209900,1.210200,D
173330367,EUR/USD,2005-07-29 07:24:45.000,1.210000,1.210300,D
173330371,EUR/USD,2005-07-29 07:24:45.000,1.210100,1.210400,D
173330422,EUR/USD,2005-07-29 07:24:58.000,1.210000,1.210300,D
173330483,EUR/USD,2005-07-29 07:25:30.000,1.210100,1.210400,D
173330518,EUR/USD,2005-07-29 07:26:07.000,1.210200,1.210500,D
173330521,EUR/USD,2005-07-29 07:26:08.000,1.210100,1.210400,D
173330526,EUR/USD,2005-07-29 07:26:10.000,1.210200,1.210500,D
173330548,EUR/USD,2005-07-29 07:26:45.000,1.210100,1.210400,D
173330564,EUR/USD,2005-07-29 07:27:04.000,1.210200,1.210500,D
173330570,EUR/USD,2005-07-29 07:27:05.000,1.210100,1.210400,D
173330587,EUR/USD,2005-07-29 07:27:11.000,1.210200,1.210500,D
173330591,EUR/USD,2005-07-29 07:27:17.000,1.210100,1.210400,D
173330596,EUR/USD,2005-07-29 07:27:24.000,1.210000,1.210300,D
173330602,EUR/USD,2005-07-29 07:27:32.000,1.210100,1.210400,D
173330670,EUR/USD,2005-07-29 07:28:19.000,1.210200,1.210500,D
173330678,EUR/USD,2005-07-29 07:28:25.000,1.210100,1.210400,D
173330685,EUR/USD,2005-07-29 07:28:29.000,1.210200,1.210500,D
173330690,EUR/USD,2005-07-29 07:28:33.000,1.210100,1.210400,D
173330740,EUR/USD,2005-07-29 07:29:05.000,1.210200,1.210500,D
173330783,EUR/USD,2005-07-29 07:29:23.000,1.210100,1.210400,D
173330791,EUR/USD,2005-07-29 07:29:27.000,1.210200,1.210500,D
173330803,EUR/USD,2005-07-29 07:29:31.000,1.210100,1.210400,D
173330811,EUR/USD,2005-07-29 07:29:32.000,1.210200,1.210500,D
173330837,EUR/USD,2005-07-29 07:29:43.000,1.210300,1.210600,D
173330856,EUR/USD,2005-07-29 07:29:48.000,1.210200,1.210500,D
173330880,EUR/USD,2005-07-29 07:30:02.000,1.210300,1.210600,D
173330885,EUR/USD,2005-07-29 07:30:03.000,1.210200,1.210500,D
173330892,EUR/USD,2005-07-29 07:30:15.000,1.210300,1.210600,D
173330934,EUR/USD,2005-07-29 07:30:35.000,1.210200,1.210500,D
173330941,EUR/USD,2005-07-29 07:30:37.000,1.210300,1.210600,D
173330999,EUR/USD,2005-07-29 07:31:10.000,1.210400,1.210700,D
173331036,EUR/USD,2005-07-29 07:31:29.000,1.210300,1.210600,D
173331047,EUR/USD,2005-07-29 07:31:35.000,1.210400,1.210700,D
173331050,EUR/USD,2005-07-29 07:31:36.000,1.210300,1.210600,D
173331054,EUR/USD,2005-07-29 07:31:37.000,1.210400,1.210700,D
173331121,EUR/USD,2005-07-29 07:32:13.000,1.210300,1.210600,D
173331137,EUR/USD,2005-07-29 07:32:14.000,1.210200,1.210500,D
173331157,EUR/USD,2005-07-29 07:32:20.000,1.210100,1.210400,D
173331162,EUR/USD,2005-07-29 07:32:22.000,1.210200,1.210500,D
173331199,EUR/USD,2005-07-29 07:32:35.000,1.210100,1.210400,D
173331210,EUR/USD,2005-07-29 07:32:38.000,1.210000,1.210300,D
173331229,EUR/USD,2005-07-29 07:32:43.000,1.209900,1.210200,D
173331234,EUR/USD,2005-07-29 07:32:44.000,1.210000,1.210300,D
173331256,EUR/USD,2005-07-29 07:32:57.000,1.210100,1.210400,D
173331262,EUR/USD,2005-07-29 07:32:58.000,1.210000,1.210300,D
173331284,EUR/USD,2005-07-29 07:33:07.000,1.209900,1.210200,D
173331290,EUR/USD,2005-07-29 07:33:08.000,1.210000,1.210300,D
173331355,EUR/USD,2005-07-29 07:33:24.000,1.209900,1.210200,D
173331361,EUR/USD,2005-07-29 07:33:28.000,1.210000,1.210300,D
173331462,EUR/USD,2005-07-29 07:34:35.000,1.209900,1.210200,D
173331493,EUR/USD,2005-07-29 07:35:00.000,1.210000,1.210300,D
173331520,EUR/USD,2005-07-29 07:35:12.000,1.210100,1.210400,D
173331549,EUR/USD,2005-07-29 07:35:26.000,1.210200,1.210500,D
173331567,EUR/USD,2005-07-29 07:35:28.000,1.210100,1.210400,D
173331651,EUR/USD,2005-07-29 07:36:21.000,1.210000,1.210300,D
173331692,EUR/USD,2005-07-29 07:36:47.000,1.209900,1.210200,D
173331696,EUR/USD,2005-07-29 07:36:52.000,1.210000,1.210300,D
173331762,EUR/USD,2005-07-29 07:37:36.000,1.210100,1.210400,D
173331838,EUR/USD,2005-07-29 07:38:14.000,1.210000,1.210300,D
173331843,EUR/USD,2005-07-29 07:38:16.000,1.209900,1.210200,D
173331885,EUR/USD,2005-07-29 07:38:39.000,1.209800,1.210100,D
173331919,EUR/USD,2005-07-29 07:38:49.000,1.209700,1.210000,D
173331928,EUR/USD,2005-07-29 07:38:52.000,1.209600,1.209900,D
173331934,EUR/USD,2005-07-29 07:38:53.000,1.209700,1.210000,D
173331940,EUR/USD,2005-07-29 07:38:54.000,1.209600,1.209900,D
173331943,EUR/USD,2005-07-29 07:38:54.000,1.209700,1.210000,D
173331977,EUR/USD,2005-07-29 07:39:21.000,1.209600,1.209900,D
173331994,EUR/USD,2005-07-29 07:39:25.000,1.209700,1.210000,D
173332029,EUR/USD,2005-07-29 07:39:37.000,1.209800,1.210100,D
173332044,EUR/USD,2005-07-29 07:39:39.000,1.209700,1.210000,D
173332063,EUR/USD,2005-07-29 07:39:45.000,1.209600,1.209900,D
173332067,EUR/USD,2005-07-29 07:39:47.000,1.209500,1.209800,D
173332093,EUR/USD,2005-07-29 07:39:51.000,1.209400,1.209700,D
173332094,EUR/USD,2005-07-29 07:39:51.000,1.209500,1.209800,D
173332152,EUR/USD,2005-07-29 07:40:13.000,1.209600,1.209900,D
173332187,EUR/USD,2005-07-29 07:40:23.000,1.209500,1.209800,D
173332202,EUR/USD,2005-07-29 07:40:33.000,1.209400,1.209700,D
173332211,EUR/USD,2005-07-29 07:40:35.000,1.209500,1.209800,D
173332230,EUR/USD,2005-07-29 07:40:37.000,1.209400,1.209700,D
173332262,EUR/USD,2005-07-29 07:40:50.000,1.209300,1.209600,D
173332269,EUR/USD,2005-07-29 07:40:53.000,1.209400,1.209700,D
173332283,EUR/USD,2005-07-29 07:40:59.000,1.209300,1.209600,D
173332299,EUR/USD,2005-07-29 07:41:01.000,1.209200,1.209500,D
173332315,EUR/USD,2005-07-29 07:41:07.000,1.209100,1.209400,D
173332359,EUR/USD,2005-07-29 07:41:14.000,1.209000,1.209300,D
173332379,EUR/USD,2005-07-29 07:41:19.000,1.209100,1.209400,D
173332405,EUR/USD,2005-07-29 07:41:24.000,1.209000,1.209300,D
173332406,EUR/USD,2005-07-29 07:41:25.000,1.209100,1.209400,D
173332443,EUR/USD,2005-07-29 07:41:35.000,1.209000,1.209300,D
173332450,EUR/USD,2005-07-29 07:41:36.000,1.209100,1.209400,D
173332456,EUR/USD,2005-07-29 07:41:38.000,1.209200,1.209500,D
173332466,EUR/USD,2005-07-29 07:41:39.000,1.209100,1.209400,D
173332478,EUR/USD,2005-07-29 07:41:48.000,1.209200,1.209500,D
173332488,EUR/USD,2005-07-29 07:41:52.000,1.209100,1.209400,D
173332498,EUR/USD,2005-07-29 07:41:55.000,1.209200,1.209500,D
173332538,EUR/USD,2005-07-29 07:42:22.000,1.209300,1.209600,D
173332540,EUR/USD,2005-07-29 07:42:25.000,1.209200,1.209500,D
173332556,EUR/USD,2005-07-29 07:42:28.000,1.209300,1.209600,D
173332611,EUR/USD,2005-07-29 07:42:36.000,1.209200,1.209500,D
173332620,EUR/USD,2005-07-29 07:42:37.000,1.209300,1.209600,D
173332644,EUR/USD,2005-07-29 07:42:48.000,1.209200,1.209500,D
173332648,EUR/USD,2005-07-29 07:42:49.000,1.209300,1.209600,D
173332666,EUR/USD,2005-07-29 07:43:05.000,1.209400,1.209700,D
173332677,EUR/USD,2005-07-29 07:43:10.000,1.209300,1.209600,D
173332694,EUR/USD,2005-07-29 07:43:20.000,1.209400,1.209700,D
173332721,EUR/USD,2005-07-29 07:43:36.000,1.209500,1.209800,D
173332727,EUR/USD,2005-07-29 07:43:37.000,1.209400,1.209700,D
173332730,EUR/USD,2005-07-29 07:43:38.000,1.209500,1.209800,D
173332766,EUR/USD,2005-07-29 07:43:52.000,1.209400,1.209700,D
173332773,EUR/USD,2005-07-29 07:43:54.000,1.209500,1.209800,D
173332784,EUR/USD,2005-07-29 07:43:57.000,1.209400,1.209700,D
173332800,EUR/USD,2005-07-29 07:44:11.000,1.209500,1.209800,D
173332826,EUR/USD,2005-07-29 07:44:18.000,1.209400,1.209700,D
173332845,EUR/USD,2005-07-29 07:44:23.000,1.209300,1.209600,D
173332858,EUR/USD,2005-07-29 07:44:25.000,1.209200,1.209500,D
173332868,EUR/USD,2005-07-29 07:44:28.000,1.209100,1.209400,D
173332897,EUR/USD,2005-07-29 07:44:35.000,1.209000,1.209300,D
173332904,EUR/USD,2005-07-29 07:44:37.000,1.209100,1.209400,D
173332938,EUR/USD,2005-07-29 07:44:58.000,1.209200,1.209500,D
173332949,EUR/USD,2005-07-29 07:45:00.000,1.209100,1.209400,D
173332951,EUR/USD,2005-07-29 07:45:00.000,1.209000,1.209300,D
173332957,EUR/USD,2005-07-29 07:45:01.000,1.209100,1.209400,D
173332964,EUR/USD,2005-07-29 07:45:02.000,1.209200,1.209500,D
173332972,EUR/USD,2005-07-29 07:45:04.000,1.209100,1.209400,D
173332977,EUR/USD,2005-07-29 07:45:06.000,1.209200,1.209500,D
173333009,EUR/USD,2005-07-29 07:45:36.000,1.209300,1.209600,D
173333022,EUR/USD,2005-07-29 07:45:41.000,1.209400,1.209700,D
173333088,EUR/USD,2005-07-29 07:46:10.000,1.209500,1.209800,D
173333092,EUR/USD,2005-07-29 07:46:13.000,1.209400,1.209700,D
173333176,EUR/USD,2005-07-29 07:47:21.000,1.209500,1.209800,D
173333264,EUR/USD,2005-07-29 07:48:12.000,1.209600,1.209900,D
173333265,EUR/USD,2005-07-29 07:48:13.000,1.209500,1.209800,D
173333266,EUR/USD,2005-07-29 07:48:14.000,1.209600,1.209900,D
173333278,EUR/USD,2005-07-29 07:48:16.000,1.209500,1.209800,D
173333282,EUR/USD,2005-07-29 07:48:17.000,1.209600,1.209900,D
173333289,EUR/USD,2005-07-29 07:48:35.000,1.209700,1.210000,D
173333367,EUR/USD,2005-07-29 07:49:13.000,1.209800,1.210100,D
173333392,EUR/USD,2005-07-29 07:49:24.000,1.209900,1.210200,D
173333400,EUR/USD,2005-07-29 07:49:25.000,1.209800,1.210100,D
173333423,EUR/USD,2005-07-29 07:49:33.000,1.209700,1.210000,D
173333481,EUR/USD,2005-07-29 07:49:55.000,1.209600,1.209900,D
173333491,EUR/USD,2005-07-29 07:49:56.000,1.209700,1.210000,D
173333514,EUR/USD,2005-07-29 07:50:03.000,1.209800,1.210100,D
173333519,EUR/USD,2005-07-29 07:50:04.000,1.209700,1.210000,D
173333534,EUR/USD,2005-07-29 07:50:17.000,1.209800,1.210100,D
173333564,EUR/USD,2005-07-29 07:50:27.000,1.209900,1.210200,D
173333578,EUR/USD,2005-07-29 07:50:30.000,1.209800,1.210100,D
173333582,EUR/USD,2005-07-29 07:50:31.000,1.209900,1.210200,D
173333596,EUR/USD,2005-07-29 07:50:34.000,1.210000,1.210300,D
173333606,EUR/USD,2005-07-29 07:50:37.000,1.210100,1.210400,D
173333656,EUR/USD,2005-07-29 07:50:57.000,1.210200,1.210500,D
173333682,EUR/USD,2005-07-29 07:51:02.000,1.210300,1.210600,D
173333690,EUR/USD,2005-07-29 07:51:04.000,1.210200,1.210500,D
173333705,EUR/USD,2005-07-29 07:51:10.000,1.210100,1.210400,D
173333711,EUR/USD,2005-07-29 07:51:12.000,1.210000,1.210300,D
173333719,EUR/USD,2005-07-29 07:51:17.000,1.210100,1.210400,D
173333778,EUR/USD,2005-07-29 07:51:28.000,1.210000,1.210300,D
173333781,EUR/USD,2005-07-29 07:51:29.000,1.210100,1.210400,D
173333793,EUR/USD,2005-07-29 07:51:40.000,1.210000,1.210300,D
173333806,EUR/USD,2005-07-29 07:51:43.000,1.209900,1.210200,D
173333839,EUR/USD,2005-07-29 07:51:52.000,1.209800,1.210100,D
173333855,EUR/USD,2005-07-29 07:51:54.000,1.209700,1.210000,D
173333865,EUR/USD,2005-07-29 07:51:55.000,1.209800,1.210100,D
173333886,EUR/USD,2005-07-29 07:51:58.000,1.209700,1.210000,D
173333900,EUR/USD,2005-07-29 07:52:00.000,1.209800,1.210100,D
173333930,EUR/USD,2005-07-29 07:52:06.000,1.209900,1.210200,D
173333959,EUR/USD,2005-07-29 07:52:11.000,1.209800,1.210100,D
173333998,EUR/USD,2005-07-29 07:52:29.000,1.209700,1.210000,D
173334015,EUR/USD,2005-07-29 07:52:36.000,1.209800,1.210100,D
173334024,EUR/USD,2005-07-29 07:52:40.000,1.209700,1.210000,D
173334108,EUR/USD,2005-07-29 07:53:28.000,1.209600,1.209900,D
173334113,EUR/USD,2005-07-29 07:53:29.000,1.209700,1.210000,D
173334120,EUR/USD,2005-07-29 07:53:31.000,1.209600,1.209900,D
173334137,EUR/USD,2005-07-29 07:53:35.000,1.209700,1.210000,D
173334147,EUR/USD,2005-07-29 07:53:38.000,1.209600,1.209900,D
173334231,EUR/USD,2005-07-29 07:54:12.000,1.209500,1.209800,D
173334250,EUR/USD,2005-07-29 07:54:14.000,1.209600,1.209900,D
173334257,EUR/USD,2005-07-29 07:54:15.000,1.209500,1.209800,D
173334288,EUR/USD,2005-07-29 07:54:19.000,1.209600,1.209900,D
173334402,EUR/USD,2005-07-29 07:54:53.000,1.209700,1.210000,D
173334412,EUR/USD,2005-07-29 07:54:59.000,1.209600,1.209900,D
173334419,EUR/USD,2005-07-29 07:55:01.000,1.209700,1.210000,D
173334423,EUR/USD,2005-07-29 07:55:03.000,1.209600,1.209900,D
173334441,EUR/USD,2005-07-29 07:55:07.000,1.209500,1.209800,D
173334459,EUR/USD,2005-07-29 07:55:08.000,1.209600,1.209900,D
173334570,EUR/USD,2005-07-29 07:55:46.000,1.209700,1.210000,D
173334594,EUR/USD,2005-07-29 07:56:01.000,1.209600,1.209900,D
173334621,EUR/USD,2005-07-29 07:56:19.000,1.209700,1.210000,D
173334650,EUR/USD,2005-07-29 07:56:25.000,1.209600,1.209900,D
173334668,EUR/USD,2005-07-29 07:56:34.000,1.209700,1.210000,D
173334699,EUR/USD,2005-07-29 07:56:48.000,1.209600,1.209900,D
173334702,EUR/USD,2005-07-29 07:56:49.000,1.209700,1.210000,D
173334707,EUR/USD,2005-07-29 07:56:50.000,1.209600,1.209900,D
173334709,EUR/USD,2005-07-29 07:56:50.000,1.209700,1.210000,D
173334730,EUR/USD,2005-07-29 07:56:53.000,1.209600,1.209900,D
173334733,EUR/USD,2005-07-29 07:56:55.000,1.209700,1.210000,D
173334754,EUR/USD,2005-07-29 07:57:03.000,1.209800,1.210100,D
173334771,EUR/USD,2005-07-29 07:57:05.000,1.209700,1.210000,D
173334793,EUR/USD,2005-07-29 07:57:20.000,1.209800,1.210100,D
173334796,EUR/USD,2005-07-29 07:57:21.000,1.209700,1.210000,D
173334837,EUR/USD,2005-07-29 07:57:48.000,1.209800,1.210100,D
173334851,EUR/USD,2005-07-29 07:57:56.000,1.209700,1.210000,D
173334858,EUR/USD,2005-07-29 07:57:57.000,1.209800,1.210100,D
173334879,EUR/USD,2005-07-29 07:58:06.000,1.209700,1.210000,D
173334911,EUR/USD,2005-07-29 07:58:55.000,1.209600,1.209900,D
173334917,EUR/USD,2005-07-29 07:58:58.000,1.209700,1.210000,D
173334956,EUR/USD,2005-07-29 07:59:10.000,1.209600,1.209900,D
173334987,EUR/USD,2005-07-29 07:59:32.000,1.209500,1.209800,D
173335026,EUR/USD,2005-07-29 07:59:51.000,1.209600,1.209900,D
173335036,EUR/USD,2005-07-29 07:59:53.000,1.209500,1.209800,D
173335038,EUR/USD,2005-07-29 07:59:55.000,1.209600,1.209900,D
173335048,EUR/USD,2005-07-29 07:59:57.000,1.209500,1.209800,D
173335076,EUR/USD,2005-07-29 08:00:29.000,1.209600,1.209900,D
173335088,EUR/USD,2005-07-29 08:00:31.000,1.209500,1.209800,D
173335104,EUR/USD,2005-07-29 08:00:43.000,1.209400,1.209700,D
173335118,EUR/USD,2005-07-29 08:00:48.000,1.209500,1.209800,D
173335120,EUR/USD,2005-07-29 08:00:49.000,1.209400,1.209700,D
173335122,EUR/USD,2005-07-29 08:00:51.000,1.209300,1.209600,D
173335129,EUR/USD,2005-07-29 08:00:52.000,1.209400,1.209700,D
173335212,EUR/USD,2005-07-29 08:01:32.000,1.209300,1.209600,D
173335220,EUR/USD,2005-07-29 08:01:33.000,1.209400,1.209700,D
173335230,EUR/USD,2005-07-29 08:01:35.000,1.209300,1.209600,D
173335298,EUR/USD,2005-07-29 08:02:06.000,1.209400,1.209700,D
173335306,EUR/USD,2005-07-29 08:02:08.000,1.209300,1.209600,D
173335307,EUR/USD,2005-07-29 08:02:09.000,1.209400,1.209700,D
173335314,EUR/USD,2005-07-29 08:02:12.000,1.209300,1.209600,D
173335324,EUR/USD,2005-07-29 08:02:17.000,1.209400,1.209700,D
173335331,EUR/USD,2005-07-29 08:02:21.000,1.209300,1.209600,D
173335352,EUR/USD,2005-07-29 08:02:32.000,1.209400,1.209700,D
173335362,EUR/USD,2005-07-29 08:02:35.000,1.209300,1.209600,D
173335371,EUR/USD,2005-07-29 08:02:38.000,1.209400,1.209700,D
173335379,EUR/USD,2005-07-29 08:02:40.000,1.209300,1.209600,D
173335383,EUR/USD,2005-07-29 08:02:42.000,1.209400,1.209700,D
173335407,EUR/USD,2005-07-29 08:03:17.000,1.209500,1.209800,D
173335413,EUR/USD,2005-07-29 08:03:19.000,1.209400,1.209700,D
173335416,EUR/USD,2005-07-29 08:03:20.000,1.209500,1.209800,D
173335419,EUR/USD,2005-07-29 08:03:20.000,1.209400,1.209700,D
173335458,EUR/USD,2005-07-29 08:03:41.000,1.209300,1.209600,D
173335481,EUR/USD,2005-07-29 08:03:54.000,1.209400,1.209700,D
173335511,EUR/USD,2005-07-29 08:04:13.000,1.209500,1.209800,D
173335521,EUR/USD,2005-07-29 08:04:21.000,1.209400,1.209700,D
173335523,EUR/USD,2005-07-29 08:04:22.000,1.209500,1.209800,D
173335566,EUR/USD,2005-07-29 08:04:36.000,1.209400,1.209700,D
173335569,EUR/USD,2005-07-29 08:04:36.000,1.209500,1.209800,D
173335576,EUR/USD,2005-07-29 08:04:37.000,1.209400,1.209700,D
173335609,EUR/USD,2005-07-29 08:05:00.000,1.209500,1.209800,D
173335651,EUR/USD,2005-07-29 08:05:22.000,1.209400,1.209700,D
173335656,EUR/USD,2005-07-29 08:05:23.000,1.209500,1.209800,D
173335705,EUR/USD,2005-07-29 08:05:52.000,1.209400,1.209700,D
173335717,EUR/USD,2005-07-29 08:06:08.000,1.209300,1.209600,D
173335733,EUR/USD,2005-07-29 08:06:11.000,1.209200,1.209500,D
173335768,EUR/USD,2005-07-29 08:06:29.000,1.209300,1.209600,D
173335783,EUR/USD,2005-07-29 08:06:34.000,1.209400,1.209700,D
173335798,EUR/USD,2005-07-29 08:06:37.000,1.209300,1.209600,D
173335833,EUR/USD,2005-07-29 08:06:50.000,1.209200,1.209500,D
173335860,EUR/USD,2005-07-29 08:07:01.000,1.209300,1.209600,D
173335916,EUR/USD,2005-07-29 08:08:23.000,1.209400,1.209700,D
173335937,EUR/USD,2005-07-29 08:08:31.000,1.209500,1.209800,D
173335951,EUR/USD,2005-07-29 08:08:34.000,1.209400,1.209700,D
173335956,EUR/USD,2005-07-29 08:08:36.000,1.209500,1.209800,D
173335969,EUR/USD,2005-07-29 08:08:42.000,1.209400,1.209700,D
173335976,EUR/USD,2005-07-29 08:08:45.000,1.209500,1.209800,D
173335993,EUR/USD,2005-07-29 08:08:52.000,1.209600,1.209900,D
173336003,EUR/USD,2005-07-29 08:08:54.000,1.209500,1.209800,D
173336006,EUR/USD,2005-07-29 08:08:56.000,1.209600,1.209900,D
173336011,EUR/USD,2005-07-29 08:09:00.000,1.209700,1.210000,D
173336053,EUR/USD,2005-07-29 08:09:10.000,1.209600,1.209900,D
173336064,EUR/USD,2005-07-29 08:09:13.000,1.209700,1.210000,D
173336073,EUR/USD,2005-07-29 08:09:15.000,1.209600,1.209900,D
173336078,EUR/USD,2005-07-29 08:09:17.000,1.209700,1.210000,D
173336091,EUR/USD,2005-07-29 08:09:20.000,1.209600,1.209900,D
173336102,EUR/USD,2005-07-29 08:09:22.000,1.209700,1.210000,D
173336112,EUR/USD,2005-07-29 08:09:24.000,1.209600,1.209900,D
173336120,EUR/USD,2005-07-29 08:09:27.000,1.209700,1.210000,D
173336141,EUR/USD,2005-07-29 08:09:40.000,1.209800,1.210100,D
173336153,EUR/USD,2005-07-29 08:09:43.000,1.209900,1.210200,D
173336173,EUR/USD,2005-07-29 08:09:53.000,1.209800,1.210100,D
173336183,EUR/USD,2005-07-29 08:10:00.000,1.209700,1.210000,D
173336191,EUR/USD,2005-07-29 08:10:03.000,1.209600,1.209900,D
173336193,EUR/USD,2005-07-29 08:10:03.000,1.209700,1.210000,D
173336199,EUR/USD,2005-07-29 08:10:04.000,1.209800,1.210100,D
173336206,EUR/USD,2005-07-29 08:10:06.000,1.209700,1.210000,D
173336222,EUR/USD,2005-07-29 08:10:09.000,1.209600,1.209900,D
173336229,EUR/USD,2005-07-29 08:10:10.000,1.209700,1.210000,D
173336280,EUR/USD,2005-07-29 08:10:42.000,1.209600,1.209900,D
173336290,EUR/USD,2005-07-29 08:10:56.000,1.209500,1.209800,D
173336299,EUR/USD,2005-07-29 08:10:57.000,1.209600,1.209900,D
173336320,EUR/USD,2005-07-29 08:11:08.000,1.209500,1.209800,D
173336330,EUR/USD,2005-07-29 08:11:19.000,1.209400,1.209700,D
173336346,EUR/USD,2005-07-29 08:11:25.000,1.209500,1.209800,D
173336355,EUR/USD,2005-07-29 08:11:26.000,1.209600,1.209900,D
173336383,EUR/USD,2005-07-29 08:11:35.000,1.209700,1.210000,D
173336458,EUR/USD,2005-07-29 08:12:18.000,1.209600,1.209900,D
173336468,EUR/USD,2005-07-29 08:12:24.000,1.209500,1.209800,D
173336474,EUR/USD,2005-07-29 08:12:31.000,1.209600,1.209900,D
173336488,EUR/USD,2005-07-29 08:12:40.000,1.209500,1.209800,D
173336503,EUR/USD,2005-07-29 08:12:51.000,1.209400,1.209700,D
173336510,EUR/USD,2005-07-29 08:12:52.000,1.209500,1.209800,D
173336546,EUR/USD,2005-07-29 08:13:21.000,1.209400,1.209700,D
173336575,EUR/USD,2005-07-29 08:13:39.000,1.209300,1.209600,D
173336592,EUR/USD,2005-07-29 08:13:47.000,1.209200,1.209500,D
173336601,EUR/USD,2005-07-29 08:13:48.000,1.209300,1.209600,D
173336609,EUR/USD,2005-07-29 08:13:49.000,1.209200,1.209500,D
173336671,EUR/USD,2005-07-29 08:14:31.000,1.209300,1.209600,D
173336703,EUR/USD,2005-07-29 08:14:41.000,1.209200,1.209500,D
173336717,EUR/USD,2005-07-29 08:14:51.000,1.209300,1.209600,D
173336721,EUR/USD,2005-07-29 08:14:51.000,1.209200,1.209500,D
173336734,EUR/USD,2005-07-29 08:14:56.000,1.209100,1.209400,D
173336736,EUR/USD,2005-07-29 08:14:56.000,1.209200,1.209500,D
173336745,EUR/USD,2005-07-29 08:14:57.000,1.209100,1.209400,D
173336777,EUR/USD,2005-07-29 08:15:03.000,1.209200,1.209500,D
173336783,EUR/USD,2005-07-29 08:15:03.000,1.209300,1.209600,D
173336789,EUR/USD,2005-07-29 08:15:04.000,1.209200,1.209500,D
173336808,EUR/USD,2005-07-29 08:15:10.000,1.209000,1.209300,D
173336821,EUR/USD,2005-07-29 08:15:12.000,1.208900,1.209200,D
173336828,EUR/USD,2005-07-29 08:15:12.000,1.209000,1.209300,D
173336832,EUR/USD,2005-07-29 08:15:13.000,1.209100,1.209400,D
173336841,EUR/USD,2005-07-29 08:15:16.000,1.209000,1.209300,D
173336847,EUR/USD,2005-07-29 08:15:16.000,1.209100,1.209400,D
173336855,EUR/USD,2005-07-29 08:15:17.000,1.209000,1.209300,D
173336863,EUR/USD,2005-07-29 08:15:18.000,1.209100,1.209400,D
173336877,EUR/USD,2005-07-29 08:15:20.000,1.209000,1.209300,D
173336881,EUR/USD,2005-07-29 08:15:21.000,1.209100,1.209400,D
173336905,EUR/USD,2005-07-29 08:15:32.000,1.209200,1.209500,D
173336917,EUR/USD,2005-07-29 08:15:36.000,1.209100,1.209400,D
173336922,EUR/USD,2005-07-29 08:15:37.000,1.209200,1.209500,D
173336948,EUR/USD,2005-07-29 08:16:10.000,1.209300,1.209600,D
173336955,EUR/USD,2005-07-29 08:16:14.000,1.209400,1.209700,D
173336961,EUR/USD,2005-07-29 08:16:15.000,1.209300,1.209600,D
173336977,EUR/USD,2005-07-29 08:16:37.000,1.209400,1.209700,D
173336988,EUR/USD,2005-07-29 08:16:41.000,1.209300,1.209600,D
173337002,EUR/USD,2005-07-29 08:16:44.000,1.209400,1.209700,D
173337059,EUR/USD,2005-07-29 08:17:02.000,1.209300,1.209600,D
173337120,EUR/USD,2005-07-29 08:17:34.000,1.209400,1.209700,D
173337142,EUR/USD,2005-07-29 08:17:55.000,1.209500,1.209800,D
173337153,EUR/USD,2005-07-29 08:17:58.000,1.209400,1.209700,D
173337169,EUR/USD,2005-07-29 08:18:03.000,1.209500,1.209800,D
173337173,EUR/USD,2005-07-29 08:18:05.000,1.209400,1.209700,D
173337176,EUR/USD,2005-07-29 08:18:05.000,1.209500,1.209800,D
173337183,EUR/USD,2005-07-29 08:18:08.000,1.209400,1.209700,D
173337189,EUR/USD,2005-07-29 08:18:10.000,1.209500,1.209800,D
173337197,EUR/USD,2005-07-29 08:18:11.000,1.209400,1.209700,D
173337206,EUR/USD,2005-07-29 08:18:16.000,1.209500,1.209800,D
173337242,EUR/USD,2005-07-29 08:18:26.000,1.209400,1.209700,D
173337249,EUR/USD,2005-07-29 08:18:29.000,1.209500,1.209800,D
173337258,EUR/USD,2005-07-29 08:18:31.000,1.209400,1.209700,D
173337282,EUR/USD,2005-07-29 08:18:37.000,1.209500,1.209800,D
173337303,EUR/USD,2005-07-29 08:18:43.000,1.209400,1.209700,D
173337306,EUR/USD,2005-07-29 08:18:44.000,1.209500,1.209800,D
173337311,EUR/USD,2005-07-29 08:18:46.000,1.209400,1.209700,D
173337350,EUR/USD,2005-07-29 08:18:59.000,1.209500,1.209800,D
173337372,EUR/USD,2005-07-29 08:19:03.000,1.209400,1.209700,D
173337386,EUR/USD,2005-07-29 08:19:05.000,1.209500,1.209800,D
173337398,EUR/USD,2005-07-29 08:19:07.000,1.209400,1.209700,D
173337526,EUR/USD,2005-07-29 08:20:05.000,1.209300,1.209600,D
173337535,EUR/USD,2005-07-29 08:20:11.000,1.209400,1.209700,D
173337538,EUR/USD,2005-07-29 08:20:13.000,1.209300,1.209600,D
173337565,EUR/USD,2005-07-29 08:20:27.000,1.209400,1.209700,D
173337677,EUR/USD,2005-07-29 08:21:15.000,1.209300,1.209600,D
173337683,EUR/USD,2005-07-29 08:21:17.000,1.209400,1.209700,D
173337691,EUR/USD,2005-07-29 08:21:19.000,1.209300,1.209600,D
173337715,EUR/USD,2005-07-29 08:21:31.000,1.209400,1.209700,D
173337719,EUR/USD,2005-07-29 08:21:33.000,1.209300,1.209600,D
173337773,EUR/USD,2005-07-29 08:22:06.000,1.209400,1.209700,D
173337847,EUR/USD,2005-07-29 08:22:51.000,1.209300,1.209600,D
173337853,EUR/USD,2005-07-29 08:22:54.000,1.209400,1.209700,D
173337856,EUR/USD,2005-07-29 08:22:57.000,1.209300,1.209600,D
173337882,EUR/USD,2005-07-29 08:23:20.000,1.209400,1.209700,D
173337893,EUR/USD,2005-07-29 08:23:28.000,1.209300,1.209600,D
173337896,EUR/USD,2005-07-29 08:23:29.000,1.209400,1.209700,D
173337907,EUR/USD,2005-07-29 08:23:33.000,1.209500,1.209800,D
173337916,EUR/USD,2005-07-29 08:23:36.000,1.209600,1.209900,D
173337938,EUR/USD,2005-07-29 08:23:38.000,1.209500,1.209800,D
173337969,EUR/USD,2005-07-29 08:23:46.000,1.209600,1.209900,D
173337979,EUR/USD,2005-07-29 08:23:50.000,1.209500,1.209800,D
173337996,EUR/USD,2005-07-29 08:23:58.000,1.209600,1.209900,D
173338005,EUR/USD,2005-07-29 08:23:59.000,1.209700,1.210000,D
173338053,EUR/USD,2005-07-29 08:24:22.000,1.209600,1.209900,D
173338065,EUR/USD,2005-07-29 08:24:32.000,1.209700,1.210000,D
173338071,EUR/USD,2005-07-29 08:24:35.000,1.209600,1.209900,D
173338089,EUR/USD,2005-07-29 08:24:48.000,1.209700,1.210000,D
173338095,EUR/USD,2005-07-29 08:24:49.000,1.209600,1.209900,D
173338107,EUR/USD,2005-07-29 08:24:59.000,1.209700,1.210000,D
173338111,EUR/USD,2005-07-29 08:25:00.000,1.209600,1.209900,D
173338128,EUR/USD,2005-07-29 08:25:12.000,1.209700,1.210000,D
173338163,EUR/USD,2005-07-29 08:25:35.000,1.209800,1.210100,D
173338171,EUR/USD,2005-07-29 08:25:36.000,1.209700,1.210000,D
173338186,EUR/USD,2005-07-29 08:25:41.000,1.209600,1.209900,D
173338217,EUR/USD,2005-07-29 08:25:56.000,1.209500,1.209800,D
173338230,EUR/USD,2005-07-29 08:26:00.000,1.209400,1.209700,D
173338250,EUR/USD,2005-07-29 08:26:05.000,1.209300,1.209600,D
173338271,EUR/USD,2005-07-29 08:26:10.000,1.209400,1.209700,D
173338276,EUR/USD,2005-07-29 08:26:11.000,1.209300,1.209600,D
173338296,EUR/USD,2005-07-29 08:26:19.000,1.209200,1.209500,D
173338318,EUR/USD,2005-07-29 08:26:28.000,1.209300,1.209600,D
173338319,EUR/USD,2005-07-29 08:26:29.000,1.209400,1.209700,D
173338398,EUR/USD,2005-07-29 08:27:17.000,1.209500,1.209800,D
173338421,EUR/USD,2005-07-29 08:27:23.000,1.209400,1.209700,D
173338434,EUR/USD,2005-07-29 08:27:28.000,1.209500,1.209800,D
173338445,EUR/USD,2005-07-29 08:27:29.000,1.209400,1.209700,D
173338453,EUR/USD,2005-07-29 08:27:31.000,1.209500,1.209800,D
173338470,EUR/USD,2005-07-29 08:27:36.000,1.209400,1.209700,D
173338473,EUR/USD,2005-07-29 08:27:38.000,1.209500,1.209800,D
173338492,EUR/USD,2005-07-29 08:27:43.000,1.209400,1.209700,D
173338525,EUR/USD,2005-07-29 08:28:01.000,1.209300,1.209600,D
173338545,EUR/USD,2005-07-29 08:28:08.000,1.209400,1.209700,D
173338554,EUR/USD,2005-07-29 08:28:10.000,1.209300,1.209600,D
173338577,EUR/USD,2005-07-29 08:28:17.000,1.209200,1.209500,D
173338591,EUR/USD,2005-07-29 08:28:20.000,1.209300,1.209600,D
173338600,EUR/USD,2005-07-29 08:28:21.000,1.209200,1.209500,D
173338617,EUR/USD,2005-07-29 08:28:25.000,1.209300,1.209600,D
173338622,EUR/USD,2005-07-29 08:28:26.000,1.209400,1.209700,D
173338629,EUR/USD,2005-07-29 08:28:27.000,1.209300,1.209600,D
173338630,EUR/USD,2005-07-29 08:28:28.000,1.209400,1.209700,D
173338648,EUR/USD,2005-07-29 08:28:32.000,1.209300,1.209600,D
173338698,EUR/USD,2005-07-29 08:29:02.000,1.209200,1.209500,D
173338720,EUR/USD,2005-07-29 08:29:08.000,1.209100,1.209400,D
173338736,EUR/USD,2005-07-29 08:29:11.000,1.209200,1.209500,D
173338743,EUR/USD,2005-07-29 08:29:11.000,1.209100,1.209400,D
173338751,EUR/USD,2005-07-29 08:29:17.000,1.209200,1.209500,D
173338762,EUR/USD,2005-07-29 08:29:19.000,1.209100,1.209400,D
173338826,EUR/USD,2005-07-29 08:29:32.000,1.209200,1.209500,D
173338877,EUR/USD,2005-07-29 08:29:44.000,1.209300,1.209600,D
173338878,EUR/USD,2005-07-29 08:29:45.000,1.209200,1.209500,D
173338905,EUR/USD,2005-07-29 08:29:49.000,1.209300,1.209600,D
173338917,EUR/USD,2005-07-29 08:29:51.000,1.209200,1.209500,D
173338938,EUR/USD,2005-07-29 08:29:56.000,1.209300,1.209600,D
173338950,EUR/USD,2005-07-29 08:30:02.000,1.209400,1.209700,D
173338961,EUR/USD,2005-07-29 08:30:03.000,1.209500,1.209800,D
173338967,EUR/USD,2005-07-29 08:30:03.000,1.209600,1.209900,D
173338973,EUR/USD,2005-07-29 08:30:03.000,1.209800,1.210100,D
173338998,EUR/USD,2005-07-29 08:30:04.000,1.210000,1.210300,D
173339004,EUR/USD,2005-07-29 08:30:05.000,1.210100,1.210400,D
173339014,EUR/USD,2005-07-29 08:30:05.000,1.210000,1.210300,D
173339024,EUR/USD,2005-07-29 08:30:06.000,1.209900,1.210200,D
173339041,EUR/USD,2005-07-29 08:30:07.000,1.209800,1.210100,D
173339045,EUR/USD,2005-07-29 08:30:08.000,1.209900,1.210200,D
173339048,EUR/USD,2005-07-29 08:30:08.000,1.209800,1.210100,D
173339052,EUR/USD,2005-07-29 08:30:09.000,1.209700,1.210000,D
173339057,EUR/USD,2005-07-29 08:30:09.000,1.209600,1.209900,D
173339086,EUR/USD,2005-07-29 08:30:12.000,1.209700,1.210000,D
173339103,EUR/USD,2005-07-29 08:30:13.000,1.209800,1.210100,D
173339105,EUR/USD,2005-07-29 08:30:14.000,1.210000,1.210300,D
173339115,EUR/USD,2005-07-29 08:30:14.000,1.210100,1.210400,D
173339161,EUR/USD,2005-07-29 08:30:18.000,1.210000,1.210300,D
173339166,EUR/USD,2005-07-29 08:30:18.000,1.209900,1.210200,D
173339188,EUR/USD,2005-07-29 08:30:20.000,1.210000,1.210300,D
173339203,EUR/USD,2005-07-29 08:30:20.000,1.209900,1.210200,D
173339222,EUR/USD,2005-07-29 08:30:21.000,1.209800,1.210100,D
173339229,EUR/USD,2005-07-29 08:30:22.000,1.209900,1.210200,D
173339239,EUR/USD,2005-07-29 08:30:22.000,1.210100,1.210400,D
173339260,EUR/USD,2005-07-29 08:30:24.000,1.210200,1.210500,D
173339268,EUR/USD,2005-07-29 08:30:24.000,1.210300,1.210600,D
173339286,EUR/USD,2005-07-29 08:30:26.000,1.210400,1.210700,D
173339297,EUR/USD,2005-07-29 08:30:27.000,1.210500,1.210800,D
173339308,EUR/USD,2005-07-29 08:30:29.000,1.210600,1.210900,D
173339322,EUR/USD,2005-07-29 08:30:30.000,1.210700,1.211000,D
173339347,EUR/USD,2005-07-29 08:30:34.000,1.210600,1.210900,D
173339353,EUR/USD,2005-07-29 08:30:35.000,1.210400,1.210700,D
173339382,EUR/USD,2005-07-29 08:30:38.000,1.210300,1.210600,D
173339399,EUR/USD,2005-07-29 08:30:40.000,1.210400,1.210700,D
173339408,EUR/USD,2005-07-29 08:30:41.000,1.210500,1.210700,D
173339409,EUR/USD,2005-07-29 08:30:41.000,1.210600,1.210900,D
173339426,EUR/USD,2005-07-29 08:30:43.000,1.210700,1.211000,D
173339445,EUR/USD,2005-07-29 08:30:45.000,1.210800,1.211100,D
173339453,EUR/USD,2005-07-29 08:30:46.000,1.210900,1.211200,D
173339463,EUR/USD,2005-07-29 08:30:48.000,1.210800,1.211100,D
173339492,EUR/USD,2005-07-29 08:30:51.000,1.210700,1.211000,D
173339502,EUR/USD,2005-07-29 08:30:52.000,1.210600,1.210900,D
173339527,EUR/USD,2005-07-29 08:30:55.000,1.210700,1.211000,D
173339533,EUR/USD,2005-07-29 08:30:55.000,1.210600,1.210900,D
173339539,EUR/USD,2005-07-29 08:30:56.000,1.210700,1.211000,D
173339546,EUR/USD,2005-07-29 08:30:57.000,1.210800,1.211100,D
173339567,EUR/USD,2005-07-29 08:30:59.000,1.210700,1.211000,D
173339588,EUR/USD,2005-07-29 08:31:05.000,1.210600,1.210900,D
173339599,EUR/USD,2005-07-29 08:31:07.000,1.210500,1.210800,D
173339612,EUR/USD,2005-07-29 08:31:08.000,1.210400,1.210700,D
173339629,EUR/USD,2005-07-29 08:31:11.000,1.210300,1.210600,D
173339631,EUR/USD,2005-07-29 08:31:11.000,1.210200,1.210500,D
173339637,EUR/USD,2005-07-29 08:31:13.000,1.210100,1.210400,D
173339692,EUR/USD,2005-07-29 08:31:20.000,1.209900,1.210200,D
173339730,EUR/USD,2005-07-29 08:31:24.000,1.209800,1.210100,D
173339743,EUR/USD,2005-07-29 08:31:25.000,1.209900,1.210200,D
173339754,EUR/USD,2005-07-29 08:31:26.000,1.210000,1.210300,D
173339770,EUR/USD,2005-07-29 08:31:28.000,1.209900,1.210200,D
173339771,EUR/USD,2005-07-29 08:31:28.000,1.210000,1.210300,D
173339786,EUR/USD,2005-07-29 08:31:31.000,1.210100,1.210400,D
173339789,EUR/USD,2005-07-29 08:31:31.000,1.210200,1.210500,D
173339800,EUR/USD,2005-07-29 08:31:32.000,1.210100,1.210400,D
173339801,EUR/USD,2005-07-29 08:31:32.000,1.210000,1.210200,D
173339803,EUR/USD,2005-07-29 08:31:33.000,1.209900,1.210200,D
173339811,EUR/USD,2005-07-29 08:31:33.000,1.209900,1.210100,D
173339816,EUR/USD,2005-07-29 08:31:34.000,1.209900,1.210200,D
173339833,EUR/USD,2005-07-29 08:31:35.000,1.210000,1.210300,D
173339835,EUR/USD,2005-07-29 08:31:36.000,1.209900,1.210200,D
173339838,EUR/USD,2005-07-29 08:31:36.000,1.209800,1.210100,D
173339844,EUR/USD,2005-07-29 08:31:36.000,1.209700,1.210000,D
173339848,EUR/USD,2005-07-29 08:31:37.000,1.209800,1.210100,D
173339851,EUR/USD,2005-07-29 08:31:37.000,1.209700,1.210000,D
173339854,EUR/USD,2005-07-29 08:31:37.000,1.209600,1.209900,D
173339876,EUR/USD,2005-07-29 08:31:39.000,1.209700,1.210000,D
173339881,EUR/USD,2005-07-29 08:31:39.000,1.209600,1.209900,D
173339901,EUR/USD,2005-07-29 08:31:42.000,1.209500,1.209800,D
173339906,EUR/USD,2005-07-29 08:31:42.000,1.209600,1.209900,D
173339924,EUR/USD,2005-07-29 08:31:44.000,1.209500,1.209800,D
173339934,EUR/USD,2005-07-29 08:31:45.000,1.209600,1.209900,D
173339942,EUR/USD,2005-07-29 08:31:46.000,1.209500,1.209800,D
173339944,EUR/USD,2005-07-29 08:31:46.000,1.209600,1.209900,D
173339945,EUR/USD,2005-07-29 08:31:46.000,1.209500,1.209800,D
173339947,EUR/USD,2005-07-29 08:31:47.000,1.209400,1.209700,D
173339954,EUR/USD,2005-07-29 08:31:47.000,1.209300,1.209600,D
173339967,EUR/USD,2005-07-29 08:31:50.000,1.209200,1.209500,D
173340001,EUR/USD,2005-07-29 08:31:54.000,1.209100,1.209400,D
173340010,EUR/USD,2005-07-29 08:31:55.000,1.209200,1.209500,D
173340034,EUR/USD,2005-07-29 08:31:56.000,1.209100,1.209400,D
173340041,EUR/USD,2005-07-29 08:31:57.000,1.209200,1.209500,D
173340067,EUR/USD,2005-07-29 08:32:00.000,1.209100,1.209400,D
173340068,EUR/USD,2005-07-29 08:32:01.000,1.209200,1.209500,D
173340098,EUR/USD,2005-07-29 08:32:05.000,1.209300,1.209600,D
173340104,EUR/USD,2005-07-29 08:32:05.000,1.209200,1.209500,D
173340112,EUR/USD,2005-07-29 08:32:07.000,1.209300,1.209600,D
173340126,EUR/USD,2005-07-29 08:32:10.000,1.209200,1.209500,D
173340137,EUR/USD,2005-07-29 08:32:12.000,1.209100,1.209400,D
173340140,EUR/USD,2005-07-29 08:32:13.000,1.209200,1.209500,D
173340144,EUR/USD,2005-07-29 08:32:13.000,1.209300,1.209600,D
173340157,EUR/USD,2005-07-29 08:32:16.000,1.209200,1.209500,D
173340170,EUR/USD,2005-07-29 08:32:19.000,1.209100,1.209400,D
173340175,EUR/USD,2005-07-29 08:32:20.000,1.209000,1.209300,D
173340207,EUR/USD,2005-07-29 08:32:23.000,1.208900,1.209200,D
173340278,EUR/USD,2005-07-29 08:32:32.000,1.208700,1.209000,D
173340284,EUR/USD,2005-07-29 08:32:33.000,1.208800,1.209100,D
173340294,EUR/USD,2005-07-29 08:32:34.000,1.208700,1.209000,D
173340297,EUR/USD,2005-07-29 08:32:34.000,1.208600,1.208900,D
173340317,EUR/USD,2005-07-29 08:32:37.000,1.208400,1.208700,D
173340323,EUR/USD,2005-07-29 08:32:37.000,1.208600,1.208900,D
173340341,EUR/USD,2005-07-29 08:32:39.000,1.208700,1.209000,D
173340352,EUR/USD,2005-07-29 08:32:40.000,1.208600,1.208900,D
173340355,EUR/USD,2005-07-29 08:32:40.000,1.208700,1.209000,D
173340361,EUR/USD,2005-07-29 08:32:41.000,1.208900,1.209200,D
173340390,EUR/USD,2005-07-29 08:32:47.000,1.208800,1.209100,D
173340394,EUR/USD,2005-07-29 08:32:47.000,1.208900,1.209200,D
173340411,EUR/USD,2005-07-29 08:32:51.000,1.209000,1.209300,D
173340417,EUR/USD,2005-07-29 08:32:52.000,1.209100,1.209400,D
173340431,EUR/USD,2005-07-29 08:32:55.000,1.209200,1.209500,D
173340449,EUR/USD,2005-07-29 08:32:59.000,1.209100,1.209400,D
173340451,EUR/USD,2005-07-29 08:32:59.000,1.209000,1.209300,D
173340479,EUR/USD,2005-07-29 08:33:03.000,1.208900,1.209200,D
173340484,EUR/USD,2005-07-29 08:33:04.000,1.209000,1.209300,D
173340487,EUR/USD,2005-07-29 08:33:04.000,1.208900,1.209200,D
173340512,EUR/USD,2005-07-29 08:33:08.000,1.208800,1.209100,D
173340536,EUR/USD,2005-07-29 08:33:12.000,1.208900,1.209200,D
173340556,EUR/USD,2005-07-29 08:33:14.000,1.208800,1.209100,D
173340564,EUR/USD,2005-07-29 08:33:14.000,1.208900,1.209200,D
173340576,EUR/USD,2005-07-29 08:33:16.000,1.209000,1.209300,D
173340620,EUR/USD,2005-07-29 08:33:24.000,1.209100,1.209400,D
173340650,EUR/USD,2005-07-29 08:33:31.000,1.209200,1.209500,D
173340665,EUR/USD,2005-07-29 08:33:34.000,1.209300,1.209600,D
173340678,EUR/USD,2005-07-29 08:33:37.000,1.209200,1.209500,D
173340684,EUR/USD,2005-07-29 08:33:38.000,1.209300,1.209600,D
173340693,EUR/USD,2005-07-29 08:33:39.000,1.209200,1.209500,D
173340726,EUR/USD,2005-07-29 08:33:43.000,1.209100,1.209400,D
173340729,EUR/USD,2005-07-29 08:33:44.000,1.209200,1.209500,D
173340754,EUR/USD,2005-07-29 08:33:47.000,1.209100,1.209400,D
173340776,EUR/USD,2005-07-29 08:33:51.000,1.209000,1.209300,D
173340804,EUR/USD,2005-07-29 08:33:55.000,1.208900,1.209200,D
173340821,EUR/USD,2005-07-29 08:33:57.000,1.208800,1.209100,D
173340833,EUR/USD,2005-07-29 08:33:59.000,1.208900,1.209200,D
173340835,EUR/USD,2005-07-29 08:33:59.000,1.208800,1.209100,D
173340850,EUR/USD,2005-07-29 08:34:01.000,1.208800,1.209000,D
173340858,EUR/USD,2005-07-29 08:34:01.000,1.208800,1.209100,D
173340866,EUR/USD,2005-07-29 08:34:02.000,1.208700,1.209000,D
173340874,EUR/USD,2005-07-29 08:34:03.000,1.208800,1.209100,D
173340880,EUR/USD,2005-07-29 08:34:04.000,1.208600,1.208900,D
173340900,EUR/USD,2005-07-29 08:34:05.000,1.208700,1.209000,D
173340901,EUR/USD,2005-07-29 08:34:05.000,1.208600,1.208900,D
173340930,EUR/USD,2005-07-29 08:34:10.000,1.208500,1.208800,D
173340946,EUR/USD,2005-07-29 08:34:12.000,1.208600,1.208900,D
173340954,EUR/USD,2005-07-29 08:34:14.000,1.208500,1.208800,D
173340964,EUR/USD,2005-07-29 08:34:16.000,1.208300,1.208600,D
173340990,EUR/USD,2005-07-29 08:34:21.000,1.208400,1.208700,D
173341000,EUR/USD,2005-07-29 08:34:23.000,1.208300,1.208600,D
173341014,EUR/USD,2005-07-29 08:34:26.000,1.208400,1.208700,D
173341035,EUR/USD,2005-07-29 08:34:32.000,1.208500,1.208800,D
173341042,EUR/USD,2005-07-29 08:34:35.000,1.208600,1.208900,D
173341060,EUR/USD,2005-07-29 08:34:39.000,1.208500,1.208800,D
173341070,EUR/USD,2005-07-29 08:34:43.000,1.208600,1.208900,D
173341085,EUR/USD,2005-07-29 08:34:47.000,1.208700,1.209000,D
173341091,EUR/USD,2005-07-29 08:34:48.000,1.208800,1.209100,D
173341095,EUR/USD,2005-07-29 08:34:49.000,1.208700,1.209000,D
173341104,EUR/USD,2005-07-29 08:34:50.000,1.208800,1.209100,D
173341112,EUR/USD,2005-07-29 08:34:52.000,1.208900,1.209200,D
173341120,EUR/USD,2005-07-29 08:34:53.000,1.209000,1.209300,D
173341127,EUR/USD,2005-07-29 08:34:54.000,1.208900,1.209200,D
173341137,EUR/USD,2005-07-29 08:34:57.000,1.209000,1.209300,D
173341150,EUR/USD,2005-07-29 08:35:00.000,1.209100,1.209400,D
173341159,EUR/USD,2005-07-29 08:35:02.000,1.209200,1.209500,D
173341177,EUR/USD,2005-07-29 08:35:04.000,1.209300,1.209600,D
173341195,EUR/USD,2005-07-29 08:35:07.000,1.209200,1.209500,D
173341201,EUR/USD,2005-07-29 08:35:08.000,1.209300,1.209600,D
173341204,EUR/USD,2005-07-29 08:35:08.000,1.209200,1.209500,D
173341207,EUR/USD,2005-07-29 08:35:09.000,1.209300,1.209600,D
173341233,EUR/USD,2005-07-29 08:35:15.000,1.209400,1.209700,D
173341236,EUR/USD,2005-07-29 08:35:15.000,1.209300,1.209600,D
173341243,EUR/USD,2005-07-29 08:35:17.000,1.209400,1.209700,D
173341266,EUR/USD,2005-07-29 08:35:20.000,1.209500,1.209800,D
173341286,EUR/USD,2005-07-29 08:35:22.000,1.209600,1.209900,D
173341295,EUR/USD,2005-07-29 08:35:23.000,1.209700,1.210000,D
173341309,EUR/USD,2005-07-29 08:35:24.000,1.209800,1.210100,D
173341312,EUR/USD,2005-07-29 08:35:24.000,1.209700,1.210000,D
173341328,EUR/USD,2005-07-29 08:35:25.000,1.209900,1.210200,D
173341330,EUR/USD,2005-07-29 08:35:26.000,1.210000,1.210300,D
173341344,EUR/USD,2005-07-29 08:35:27.000,1.210100,1.210400,D
173341357,EUR/USD,2005-07-29 08:35:27.000,1.210000,1.210300,D
173341369,EUR/USD,2005-07-29 08:35:29.000,1.209900,1.210200,D
173341371,EUR/USD,2005-07-29 08:35:30.000,1.210000,1.210300,D
173341396,EUR/USD,2005-07-29 08:35:34.000,1.209900,1.210200,D
173341414,EUR/USD,2005-07-29 08:35:36.000,1.210000,1.210300,D
173341434,EUR/USD,2005-07-29 08:35:39.000,1.210100,1.210400,D
173341445,EUR/USD,2005-07-29 08:35:40.000,1.210200,1.210500,D
173341449,EUR/USD,2005-07-29 08:35:41.000,1.210300,1.210600,D
173341473,EUR/USD,2005-07-29 08:35:43.000,1.210400,1.210700,D
173341476,EUR/USD,2005-07-29 08:35:44.000,1.210300,1.210600,D
173341478,EUR/USD,2005-07-29 08:35:44.000,1.210400,1.210700,D
173341483,EUR/USD,2005-07-29 08:35:44.000,1.210300,1.210600,D
173341485,EUR/USD,2005-07-29 08:35:44.000,1.210400,1.210700,D
173341508,EUR/USD,2005-07-29 08:35:47.000,1.210300,1.210600,D
173341529,EUR/USD,2005-07-29 08:35:50.000,1.210200,1.210500,D
173341569,EUR/USD,2005-07-29 08:35:56.000,1.210100,1.210400,D
173341572,EUR/USD,2005-07-29 08:35:56.000,1.210000,1.210300,D
173341580,EUR/USD,2005-07-29 08:35:57.000,1.210100,1.210400,D
173341589,EUR/USD,2005-07-29 08:35:58.000,1.210000,1.210300,D
173341594,EUR/USD,2005-07-29 08:36:00.000,1.210100,1.210400,D
173341597,EUR/USD,2005-07-29 08:36:00.000,1.210000,1.210300,D
173341598,EUR/USD,2005-07-29 08:36:01.000,1.209900,1.210200,D
173341611,EUR/USD,2005-07-29 08:36:02.000,1.210000,1.210300,D
173341634,EUR/USD,2005-07-29 08:36:04.000,1.210100,1.210400,D
173341648,EUR/USD,2005-07-29 08:36:06.000,1.210200,1.210500,D
173341657,EUR/USD,2005-07-29 08:36:07.000,1.210300,1.210600,D
173341676,EUR/USD,2005-07-29 08:36:11.000,1.210400,1.210700,D
173341694,EUR/USD,2005-07-29 08:36:13.000,1.210500,1.210800,D
173341710,EUR/USD,2005-07-29 08:36:15.000,1.210600,1.210900,D
173341715,EUR/USD,2005-07-29 08:36:16.000,1.210700,1.211000,D
173341721,EUR/USD,2005-07-29 08:36:16.000,1.210800,1.211100,D
173341724,EUR/USD,2005-07-29 08:36:17.000,1.210700,1.211000,D
173341734,EUR/USD,2005-07-29 08:36:17.000,1.210800,1.211100,D
173341750,EUR/USD,2005-07-29 08:36:19.000,1.210900,1.211200,D
173341762,EUR/USD,2005-07-29 08:36:20.000,1.211000,1.211300,D
173341780,EUR/USD,2005-07-29 08:36:22.000,1.211100,1.211400,D
173341818,EUR/USD,2005-07-29 08:36:27.000,1.211000,1.211300,D
173341820,EUR/USD,2005-07-29 08:36:27.000,1.210900,1.211200,D
173341847,EUR/USD,2005-07-29 08:36:30.000,1.210800,1.211100,D
173341855,EUR/USD,2005-07-29 08:36:30.000,1.210900,1.211200,D
173341870,EUR/USD,2005-07-29 08:36:31.000,1.210800,1.211100,D
173341875,EUR/USD,2005-07-29 08:36:32.000,1.210900,1.211200,D
173341887,EUR/USD,2005-07-29 08:36:34.000,1.211000,1.211300,D
173341920,EUR/USD,2005-07-29 08:36:37.000,1.211100,1.211400,D
173341927,EUR/USD,2005-07-29 08:36:37.000,1.211200,1.211500,D
173341952,EUR/USD,2005-07-29 08:36:39.000,1.211300,1.211600,D
173341974,EUR/USD,2005-07-29 08:36:40.000,1.211400,1.211700,D
173341983,EUR/USD,2005-07-29 08:36:41.000,1.211500,1.211800,D
173341991,EUR/USD,2005-07-29 08:36:42.000,1.211600,1.211900,D
173342005,EUR/USD,2005-07-29 08:36:43.000,1.211700,1.212000,D
173342021,EUR/USD,2005-07-29 08:36:45.000,1.211800,1.212100,D
173342025,EUR/USD,2005-07-29 08:36:46.000,1.211700,1.212000,D
173342056,EUR/USD,2005-07-29 08:36:50.000,1.211600,1.211900,D
173342073,EUR/USD,2005-07-29 08:36:54.000,1.211500,1.211800,D
173342091,EUR/USD,2005-07-29 08:36:58.000,1.211400,1.211700,D
173342109,EUR/USD,2005-07-29 08:37:00.000,1.211500,1.211800,D
173342138,EUR/USD,2005-07-29 08:37:07.000,1.211400,1.211700,D
173342153,EUR/USD,2005-07-29 08:37:09.000,1.211300,1.211600,D
173342175,EUR/USD,2005-07-29 08:37:13.000,1.211200,1.211500,D
173342193,EUR/USD,2005-07-29 08:37:16.000,1.211300,1.211600,D
173342228,EUR/USD,2005-07-29 08:37:24.000,1.211200,1.211500,D
173342232,EUR/USD,2005-07-29 08:37:24.000,1.211300,1.211600,D
173342235,EUR/USD,2005-07-29 08:37:25.000,1.211400,1.211700,D
173342254,EUR/USD,2005-07-29 08:37:30.000,1.211500,1.211800,D
173342264,EUR/USD,2005-07-29 08:37:32.000,1.211400,1.211700,D
173342268,EUR/USD,2005-07-29 08:37:33.000,1.211500,1.211800,D
173342280,EUR/USD,2005-07-29 08:37:34.000,1.211400,1.211700,D
173342288,EUR/USD,2005-07-29 08:37:35.000,1.211500,1.211800,D
173342296,EUR/USD,2005-07-29 08:37:37.000,1.211400,1.211700,D
173342300,EUR/USD,2005-07-29 08:37:38.000,1.211500,1.211800,D
173342304,EUR/USD,2005-07-29 08:37:38.000,1.211400,1.211700,D
173342325,EUR/USD,2005-07-29 08:37:40.000,1.211300,1.211600,D
173342336,EUR/USD,2005-07-29 08:37:41.000,1.211200,1.211500,D
173342344,EUR/USD,2005-07-29 08:37:42.000,1.211300,1.211600,D
173342372,EUR/USD,2005-07-29 08:37:46.000,1.211200,1.211500,D
173342376,EUR/USD,2005-07-29 08:37:46.000,1.211300,1.211600,D
173342388,EUR/USD,2005-07-29 08:37:47.000,1.211200,1.211500,D
173342426,EUR/USD,2005-07-29 08:37:51.000,1.211100,1.211400,D
173342455,EUR/USD,2005-07-29 08:37:55.000,1.211200,1.211500,D
173342464,EUR/USD,2005-07-29 08:37:56.000,1.211100,1.211400,D
173342477,EUR/USD,2005-07-29 08:37:59.000,1.211200,1.211500,D
173342503,EUR/USD,2005-07-29 08:38:02.000,1.211300,1.211600,D
173342506,EUR/USD,2005-07-29 08:38:03.000,1.211200,1.211500,D
173342517,EUR/USD,2005-07-29 08:38:06.000,1.211100,1.211400,D
173342524,EUR/USD,2005-07-29 08:38:08.000,1.211000,1.211300,D
173342544,EUR/USD,2005-07-29 08:38:12.000,1.210900,1.211200,D
173342552,EUR/USD,2005-07-29 08:38:13.000,1.211000,1.211300,D
173342575,EUR/USD,2005-07-29 08:38:15.000,1.210900,1.211200,D
173342593,EUR/USD,2005-07-29 08:38:17.000,1.210800,1.211100,D
173342597,EUR/USD,2005-07-29 08:38:17.000,1.210900,1.211200,D
173342610,EUR/USD,2005-07-29 08:38:20.000,1.211000,1.211300,D
173342628,EUR/USD,2005-07-29 08:38:23.000,1.211100,1.211400,D
173342637,EUR/USD,2005-07-29 08:38:25.000,1.211000,1.211300,D
173342648,EUR/USD,2005-07-29 08:38:26.000,1.211100,1.211400,D
173342652,EUR/USD,2005-07-29 08:38:26.000,1.211200,1.211500,D
173342657,EUR/USD,2005-07-29 08:38:27.000,1.211100,1.211400,D
173342686,EUR/USD,2005-07-29 08:38:35.000,1.211200,1.211500,D
173342695,EUR/USD,2005-07-29 08:38:36.000,1.211100,1.211400,D
173342705,EUR/USD,2005-07-29 08:38:40.000,1.211200,1.211500,D
173342733,EUR/USD,2005-07-29 08:38:45.000,1.211300,1.211600,D
173342764,EUR/USD,2005-07-29 08:38:50.000,1.211400,1.211700,D
173342785,EUR/USD,2005-07-29 08:38:54.000,1.211500,1.211800,D
173342793,EUR/USD,2005-07-29 08:38:55.000,1.211600,1.211900,D
173342812,EUR/USD,2005-07-29 08:38:57.000,1.211700,1.212000,D
173342815,EUR/USD,2005-07-29 08:38:58.000,1.211600,1.211900,D
173342823,EUR/USD,2005-07-29 08:38:58.000,1.211700,1.212000,D
173342840,EUR/USD,2005-07-29 08:39:00.000,1.211600,1.211900,D
173342848,EUR/USD,2005-07-29 08:39:01.000,1.211700,1.212000,D
173342851,EUR/USD,2005-07-29 08:39:01.000,1.211600,1.211900,D
173342861,EUR/USD,2005-07-29 08:39:03.000,1.211700,1.212000,D
173342865,EUR/USD,2005-07-29 08:39:03.000,1.211600,1.211900,D
173342867,EUR/USD,2005-07-29 08:39:04.000,1.211700,1.212000,D
173342876,EUR/USD,2005-07-29 08:39:05.000,1.211600,1.211900,D
173342884,EUR/USD,2005-07-29 08:39:06.000,1.211700,1.212000,D
173342900,EUR/USD,2005-07-29 08:39:08.000,1.211600,1.211900,D
173342920,EUR/USD,2005-07-29 08:39:12.000,1.211500,1.211800,D
173342922,EUR/USD,2005-07-29 08:39:12.000,1.211600,1.211900,D
173342929,EUR/USD,2005-07-29 08:39:16.000,1.211700,1.212000,D
173342933,EUR/USD,2005-07-29 08:39:17.000,1.211600,1.211900,D
173342935,EUR/USD,2005-07-29 08:39:19.000,1.211500,1.211800,D
173342950,EUR/USD,2005-07-29 08:39:22.000,1.211400,1.211700,D
173342965,EUR/USD,2005-07-29 08:39:24.000,1.211300,1.211600,D
173342969,EUR/USD,2005-07-29 08:39:25.000,1.211400,1.211700,D
173342996,EUR/USD,2005-07-29 08:39:28.000,1.211500,1.211800,D
173343008,EUR/USD,2005-07-29 08:39:29.000,1.211600,1.211900,D
173343025,EUR/USD,2005-07-29 08:39:31.000,1.211700,1.212000,D
173343043,EUR/USD,2005-07-29 08:39:33.000,1.211800,1.212100,D
173343060,EUR/USD,2005-07-29 08:39:35.000,1.211900,1.212200,D
173343075,EUR/USD,2005-07-29 08:39:36.000,1.212000,1.212300,D
173343091,EUR/USD,2005-07-29 08:39:37.000,1.212100,1.212400,D
173343097,EUR/USD,2005-07-29 08:39:38.000,1.212200,1.212500,D
173343101,EUR/USD,2005-07-29 08:39:38.000,1.212100,1.212400,D
173343111,EUR/USD,2005-07-29 08:39:39.000,1.212200,1.212500,D
173343114,EUR/USD,2005-07-29 08:39:39.000,1.212300,1.212600,D
173343154,EUR/USD,2005-07-29 08:39:45.000,1.212400,1.212700,D
173343160,EUR/USD,2005-07-29 08:39:46.000,1.212300,1.212600,D
173343166,EUR/USD,2005-07-29 08:39:46.000,1.212400,1.212700,D
173343171,EUR/USD,2005-07-29 08:39:47.000,1.212300,1.212600,D
173343175,EUR/USD,2005-07-29 08:39:48.000,1.212200,1.212500,D
173343178,EUR/USD,2005-07-29 08:39:48.000,1.212300,1.212600,D
173343181,EUR/USD,2005-07-29 08:39:49.000,1.212200,1.212500,D
173343187,EUR/USD,2005-07-29 08:39:49.000,1.212100,1.212400,D
173343196,EUR/USD,2005-07-29 08:39:50.000,1.212000,1.212300,D
173343207,EUR/USD,2005-07-29 08:39:51.000,1.212100,1.212400,D
173343223,EUR/USD,2005-07-29 08:39:52.000,1.212000,1.212300,D
173343251,EUR/USD,2005-07-29 08:39:59.000,1.211900,1.212200,D
173343289,EUR/USD,2005-07-29 08:40:04.000,1.211800,1.212100,D
173343298,EUR/USD,2005-07-29 08:40:05.000,1.211900,1.212200,D
173343306,EUR/USD,2005-07-29 08:40:06.000,1.211800,1.212100,D
173343332,EUR/USD,2005-07-29 08:40:11.000,1.211700,1.212000,D
173343373,EUR/USD,2005-07-29 08:40:18.000,1.211600,1.211900,D
173343391,EUR/USD,2005-07-29 08:40:22.000,1.211700,1.212000,D
173343410,EUR/USD,2005-07-29 08:40:25.000,1.211800,1.212100,D
173343444,EUR/USD,2005-07-29 08:40:30.000,1.211700,1.212000,D
173343459,EUR/USD,2005-07-29 08:40:32.000,1.211600,1.211900,D
173343474,EUR/USD,2005-07-29 08:40:35.000,1.211500,1.211800,D
173343504,EUR/USD,2005-07-29 08:40:39.000,1.211400,1.211700,D
173343510,EUR/USD,2005-07-29 08:40:39.000,1.211300,1.211600,D
173343515,EUR/USD,2005-07-29 08:40:40.000,1.211400,1.211700,D
173343534,EUR/USD,2005-07-29 08:40:43.000,1.211300,1.211600,D
173343591,EUR/USD,2005-07-29 08:40:56.000,1.211200,1.211500,D
173343600,EUR/USD,2005-07-29 08:40:58.000,1.211300,1.211600,D
173343615,EUR/USD,2005-07-29 08:41:01.000,1.211200,1.211500,D
173343618,EUR/USD,2005-07-29 08:41:01.000,1.211300,1.211600,D
173343651,EUR/USD,2005-07-29 08:41:14.000,1.211400,1.211700,D
173343662,EUR/USD,2005-07-29 08:41:16.000,1.211300,1.211600,D
173343670,EUR/USD,2005-07-29 08:41:20.000,1.211400,1.211700,D
173343707,EUR/USD,2005-07-29 08:41:29.000,1.211300,1.211600,D
173343736,EUR/USD,2005-07-29 08:41:35.000,1.211200,1.211500,D
173343737,EUR/USD,2005-07-29 08:41:35.000,1.211300,1.211600,D
173343760,EUR/USD,2005-07-29 08:41:41.000,1.211400,1.211700,D
173343780,EUR/USD,2005-07-29 08:41:45.000,1.211500,1.211800,D
173343796,EUR/USD,2005-07-29 08:41:46.000,1.211400,1.211700,D
173343801,EUR/USD,2005-07-29 08:41:46.000,1.211500,1.211800,D
173343817,EUR/USD,2005-07-29 08:41:48.000,1.211600,1.211900,D
173343845,EUR/USD,2005-07-29 08:41:51.000,1.211700,1.212000,D
173343856,EUR/USD,2005-07-29 08:41:54.000,1.211800,1.212100,D
173343866,EUR/USD,2005-07-29 08:41:55.000,1.211900,1.212200,D
173343896,EUR/USD,2005-07-29 08:41:59.000,1.212000,1.212300,D
173343908,EUR/USD,2005-07-29 08:42:00.000,1.212100,1.212400,D
173343925,EUR/USD,2005-07-29 08:42:02.000,1.212000,1.212300,D
173343926,EUR/USD,2005-07-29 08:42:02.000,1.211900,1.212200,D
173343943,EUR/USD,2005-07-29 08:42:05.000,1.212000,1.212300,D
173343972,EUR/USD,2005-07-29 08:42:10.000,1.211900,1.212200,D
173343986,EUR/USD,2005-07-29 08:42:12.000,1.211800,1.212100,D
173343988,EUR/USD,2005-07-29 08:42:12.000,1.211900,1.212200,D
173344000,EUR/USD,2005-07-29 08:42:14.000,1.211800,1.212100,D
173344007,EUR/USD,2005-07-29 08:42:15.000,1.211900,1.212200,D
173344022,EUR/USD,2005-07-29 08:42:18.000,1.212000,1.212300,D
173344035,EUR/USD,2005-07-29 08:42:19.000,1.212100,1.212400,D
173344045,EUR/USD,2005-07-29 08:42:20.000,1.212000,1.212300,D
173344048,EUR/USD,2005-07-29 08:42:20.000,1.211900,1.212200,D
173344068,EUR/USD,2005-07-29 08:42:22.000,1.211800,1.212100,D
173344070,EUR/USD,2005-07-29 08:42:23.000,1.211900,1.212200,D
173344074,EUR/USD,2005-07-29 08:42:24.000,1.211800,1.212100,D
173344077,EUR/USD,2005-07-29 08:42:24.000,1.211700,1.212000,D
173344103,EUR/USD,2005-07-29 08:42:27.000,1.211800,1.212100,D
173344109,EUR/USD,2005-07-29 08:42:29.000,1.211900,1.212200,D
173344135,EUR/USD,2005-07-29 08:42:34.000,1.211800,1.212100,D
173344146,EUR/USD,2005-07-29 08:42:36.000,1.211700,1.212000,D
173344157,EUR/USD,2005-07-29 08:42:37.000,1.211600,1.211900,D
173344175,EUR/USD,2005-07-29 08:42:40.000,1.211700,1.212000,D
173344185,EUR/USD,2005-07-29 08:42:41.000,1.211800,1.212100,D
173344197,EUR/USD,2005-07-29 08:42:43.000,1.211900,1.212200,D
173344215,EUR/USD,2005-07-29 08:42:45.000,1.212000,1.212300,D
173344225,EUR/USD,2005-07-29 08:42:46.000,1.212100,1.212400,D
173344261,EUR/USD,2005-07-29 08:42:51.000,1.212200,1.212500,D
173344270,EUR/USD,2005-07-29 08:42:53.000,1.212300,1.212600,D
173344287,EUR/USD,2005-07-29 08:42:55.000,1.212400,1.212700,D
173344294,EUR/USD,2005-07-29 08:42:56.000,1.212500,1.212800,D
173344306,EUR/USD,2005-07-29 08:42:58.000,1.212400,1.212700,D
173344344,EUR/USD,2005-07-29 08:43:02.000,1.212300,1.212600,D
173344355,EUR/USD,2005-07-29 08:43:03.000,1.212400,1.212700,D
173344366,EUR/USD,2005-07-29 08:43:04.000,1.212300,1.212600,D
173344375,EUR/USD,2005-07-29 08:43:06.000,1.212400,1.212700,D
173344380,EUR/USD,2005-07-29 08:43:06.000,1.212300,1.212600,D
173344402,EUR/USD,2005-07-29 08:43:10.000,1.212200,1.212500,D
173344423,EUR/USD,2005-07-29 08:43:12.000,1.212100,1.212400,D
173344435,EUR/USD,2005-07-29 08:43:13.000,1.212000,1.212300,D
173344443,EUR/USD,2005-07-29 08:43:13.000,1.212100,1.212400,D
173344472,EUR/USD,2005-07-29 08:43:20.000,1.212200,1.212500,D
173344491,EUR/USD,2005-07-29 08:43:23.000,1.212300,1.212600,D
173344503,EUR/USD,2005-07-29 08:43:25.000,1.212400,1.212700,D
173344519,EUR/USD,2005-07-29 08:43:29.000,1.212500,1.212800,D
173344527,EUR/USD,2005-07-29 08:43:30.000,1.212400,1.212700,D
173344535,EUR/USD,2005-07-29 08:43:32.000,1.212300,1.212600,D
173344550,EUR/USD,2005-07-29 08:43:35.000,1.212200,1.212500,D
173344570,EUR/USD,2005-07-29 08:43:38.000,1.212100,1.212400,D
173344573,EUR/USD,2005-07-29 08:43:39.000,1.212000,1.212300,D
173344616,EUR/USD,2005-07-29 08:43:45.000,1.211900,1.212200,D
173344635,EUR/USD,2005-07-29 08:43:48.000,1.211800,1.212100,D
173344640,EUR/USD,2005-07-29 08:43:49.000,1.211900,1.212200,D
173344668,EUR/USD,2005-07-29 08:44:02.000,1.211800,1.212100,D
173344684,EUR/USD,2005-07-29 08:44:06.000,1.211700,1.212000,D
173344702,EUR/USD,2005-07-29 08:44:10.000,1.211800,1.212100,D
173344705,EUR/USD,2005-07-29 08:44:10.000,1.211900,1.212200,D
173344707,EUR/USD,2005-07-29 08:44:11.000,1.211800,1.212100,D
173344710,EUR/USD,2005-07-29 08:44:11.000,1.211900,1.212200,D
173344712,EUR/USD,2005-07-29 08:44:11.000,1.211800,1.212100,D
173344721,EUR/USD,2005-07-29 08:44:12.000,1.211900,1.212200,D
173344730,EUR/USD,2005-07-29 08:44:12.000,1.211800,1.212100,D
173344742,EUR/USD,2005-07-29 08:44:16.000,1.211900,1.212200,D
173344759,EUR/USD,2005-07-29 08:44:21.000,1.212000,1.212300,D
173344762,EUR/USD,2005-07-29 08:44:22.000,1.211900,1.212200,D
173344774,EUR/USD,2005-07-29 08:44:24.000,1.212000,1.212300,D
173344790,EUR/USD,2005-07-29 08:44:28.000,1.212100,1.212400,D
173344810,EUR/USD,2005-07-29 08:44:30.000,1.212200,1.212500,D
173344813,EUR/USD,2005-07-29 08:44:30.000,1.212100,1.212400,D
173344827,EUR/USD,2005-07-29 08:44:33.000,1.212200,1.212500,D
173344882,EUR/USD,2005-07-29 08:44:42.000,1.212100,1.212400,D
173344889,EUR/USD,2005-07-29 08:44:43.000,1.212200,1.212500,D
173344896,EUR/USD,2005-07-29 08:44:44.000,1.212100,1.212400,D
173344899,EUR/USD,2005-07-29 08:44:44.000,1.212200,1.212500,D
173344908,EUR/USD,2005-07-29 08:44:45.000,1.212300,1.212600,D
173344927,EUR/USD,2005-07-29 08:44:47.000,1.212400,1.212700,D
173344932,EUR/USD,2005-07-29 08:44:49.000,1.212500,1.212800,D
173344957,EUR/USD,2005-07-29 08:44:53.000,1.212600,1.212900,D
173344964,EUR/USD,2005-07-29 08:44:54.000,1.212700,1.213000,D
173344971,EUR/USD,2005-07-29 08:44:55.000,1.212800,1.213100,D
173344985,EUR/USD,2005-07-29 08:44:57.000,1.212900,1.213200,D
173345014,EUR/USD,2005-07-29 08:45:00.000,1.213000,1.213300,D
173345017,EUR/USD,2005-07-29 08:45:00.000,1.212900,1.213200,D
173345026,EUR/USD,2005-07-29 08:45:01.000,1.213000,1.213300,D
173345031,EUR/USD,2005-07-29 08:45:01.000,1.212900,1.213200,D
173345077,EUR/USD,2005-07-29 08:45:11.000,1.213000,1.213300,D
173345111,EUR/USD,2005-07-29 08:45:14.000,1.213100,1.213400,D
173345124,EUR/USD,2005-07-29 08:45:17.000,1.213200,1.213500,D
173345136,EUR/USD,2005-07-29 08:45:19.000,1.213300,1.213600,D
173345149,EUR/USD,2005-07-29 08:45:20.000,1.213200,1.213500,D
173345156,EUR/USD,2005-07-29 08:45:21.000,1.213100,1.213400,D
173345161,EUR/USD,2005-07-29 08:45:21.000,1.213200,1.213500,D
173345176,EUR/USD,2005-07-29 08:45:22.000,1.213100,1.213400,D
173345204,EUR/USD,2005-07-29 08:45:25.000,1.213000,1.213300,D
173345206,EUR/USD,2005-07-29 08:45:26.000,1.213100,1.213400,D
173345208,EUR/USD,2005-07-29 08:45:26.000,1.213000,1.213300,D
173345213,EUR/USD,2005-07-29 08:45:26.000,1.213100,1.213400,D
173345219,EUR/USD,2005-07-29 08:45:27.000,1.213000,1.213300,D
173345225,EUR/USD,2005-07-29 08:45:29.000,1.213100,1.213400,D
173345236,EUR/USD,2005-07-29 08:45:29.000,1.213000,1.213300,D
173345261,EUR/USD,2005-07-29 08:45:32.000,1.213100,1.213400,D
173345268,EUR/USD,2005-07-29 08:45:34.000,1.213200,1.213500,D
173345273,EUR/USD,2005-07-29 08:45:35.000,1.213100,1.213400,D
173345281,EUR/USD,2005-07-29 08:45:37.000,1.213200,1.213500,D
173345299,EUR/USD,2005-07-29 08:45:39.000,1.213100,1.213400,D
173345313,EUR/USD,2005-07-29 08:45:40.000,1.213200,1.213500,D
173345322,EUR/USD,2005-07-29 08:45:42.000,1.213100,1.213400,D
173345421,EUR/USD,2005-07-29 08:45:58.000,1.213000,1.213300,D
173345442,EUR/USD,2005-07-29 08:45:59.000,1.213100,1.213400,D
173345471,EUR/USD,2005-07-29 08:46:08.000,1.213200,1.213500,D
173345480,EUR/USD,2005-07-29 08:46:09.000,1.213100,1.213400,D
173345503,EUR/USD,2005-07-29 08:46:13.000,1.213000,1.213300,D
173345523,EUR/USD,2005-07-29 08:46:16.000,1.212900,1.213200,D
173345535,EUR/USD,2005-07-29 08:46:17.000,1.213000,1.213300,D
173345552,EUR/USD,2005-07-29 08:46:19.000,1.212900,1.213200,D
173345556,EUR/USD,2005-07-29 08:46:20.000,1.213000,1.213300,D
173345572,EUR/USD,2005-07-29 08:46:23.000,1.212900,1.213200,D
173345584,EUR/USD,2005-07-29 08:46:26.000,1.212800,1.213100,D
173345610,EUR/USD,2005-07-29 08:46:29.000,1.212700,1.213000,D
173345624,EUR/USD,2005-07-29 08:46:31.000,1.212800,1.213100,D
173345731,EUR/USD,2005-07-29 08:46:46.000,1.212700,1.213000,D
173345751,EUR/USD,2005-07-29 08:46:51.000,1.212600,1.212900,D
173345758,EUR/USD,2005-07-29 08:46:52.000,1.212700,1.213000,D
173345764,EUR/USD,2005-07-29 08:46:54.000,1.212600,1.212900,D
173345768,EUR/USD,2005-07-29 08:46:54.000,1.212700,1.213000,D
173345801,EUR/USD,2005-07-29 08:47:04.000,1.212900,1.213200,D
173345815,EUR/USD,2005-07-29 08:47:05.000,1.212800,1.213100,D
173345855,EUR/USD,2005-07-29 08:47:10.000,1.212700,1.213000,D
173345871,EUR/USD,2005-07-29 08:47:12.000,1.212600,1.212900,D
173345903,EUR/USD,2005-07-29 08:47:16.000,1.212500,1.212800,D
173345925,EUR/USD,2005-07-29 08:47:21.000,1.212600,1.212900,D
173345948,EUR/USD,2005-07-29 08:47:24.000,1.212500,1.212800,D
173345953,EUR/USD,2005-07-29 08:47:25.000,1.212600,1.212900,D
173345980,EUR/USD,2005-07-29 08:47:31.000,1.212700,1.213000,D
173346024,EUR/USD,2005-07-29 08:47:44.000,1.212600,1.212900,D
173346028,EUR/USD,2005-07-29 08:47:45.000,1.212700,1.213000,D
173346040,EUR/USD,2005-07-29 08:47:48.000,1.212600,1.212900,D
173346053,EUR/USD,2005-07-29 08:47:51.000,1.212500,1.212800,D
173346063,EUR/USD,2005-07-29 08:47:53.000,1.212400,1.212700,D
173346065,EUR/USD,2005-07-29 08:47:53.000,1.212500,1.212800,D
173346085,EUR/USD,2005-07-29 08:47:56.000,1.212400,1.212700,D
173346098,EUR/USD,2005-07-29 08:47:57.000,1.212500,1.212800,D
173346099,EUR/USD,2005-07-29 08:47:58.000,1.212600,1.212900,D
173346124,EUR/USD,2005-07-29 08:48:03.000,1.212500,1.212800,D
173346130,EUR/USD,2005-07-29 08:48:03.000,1.212600,1.212900,D
173346167,EUR/USD,2005-07-29 08:48:09.000,1.212700,1.213000,D
173346188,EUR/USD,2005-07-29 08:48:11.000,1.212800,1.213100,D
173346190,EUR/USD,2005-07-29 08:48:12.000,1.212900,1.213200,D
173346199,EUR/USD,2005-07-29 08:48:13.000,1.212800,1.213100,D
173346204,EUR/USD,2005-07-29 08:48:13.000,1.212900,1.213200,D
173346211,EUR/USD,2005-07-29 08:48:14.000,1.213000,1.213300,D
173346224,EUR/USD,2005-07-29 08:48:15.000,1.213100,1.213400,D
173346241,EUR/USD,2005-07-29 08:48:17.000,1.213200,1.213500,D
173346250,EUR/USD,2005-07-29 08:48:18.000,1.213100,1.213400,D
173346270,EUR/USD,2005-07-29 08:48:19.000,1.213200,1.213500,D
173346295,EUR/USD,2005-07-29 08:48:22.000,1.213100,1.213400,D
173346301,EUR/USD,2005-07-29 08:48:22.000,1.213200,1.213500,D
173346311,EUR/USD,2005-07-29 08:48:24.000,1.213100,1.213400,D
173346313,EUR/USD,2005-07-29 08:48:24.000,1.213200,1.213500,D
173346334,EUR/USD,2005-07-29 08:48:26.000,1.213300,1.213600,D
173346373,EUR/USD,2005-07-29 08:48:30.000,1.213400,1.213700,D
173346378,EUR/USD,2005-07-29 08:48:30.000,1.213300,1.213600,D
173346400,EUR/USD,2005-07-29 08:48:33.000,1.213400,1.213700,D
173346414,EUR/USD,2005-07-29 08:48:34.000,1.213500,1.213800,D
173346426,EUR/USD,2005-07-29 08:48:35.000,1.213400,1.213700,D
173346433,EUR/USD,2005-07-29 08:48:36.000,1.213500,1.213800,D
173346441,EUR/USD,2005-07-29 08:48:38.000,1.213400,1.213700,D
173346446,EUR/USD,2005-07-29 08:48:38.000,1.213600,1.213900,D
173346490,EUR/USD,2005-07-29 08:48:46.000,1.213500,1.213800,D
173346511,EUR/USD,2005-07-29 08:48:49.000,1.213400,1.213700,D
173346531,EUR/USD,2005-07-29 08:48:50.000,1.213300,1.213600,D
173346566,EUR/USD,2005-07-29 08:48:55.000,1.213400,1.213700,D
173346592,EUR/USD,2005-07-29 08:49:00.000,1.213500,1.213800,D
173346621,EUR/USD,2005-07-29 08:49:04.000,1.213600,1.213900,D
173346630,EUR/USD,2005-07-29 08:49:05.000,1.213500,1.213800,D
173346639,EUR/USD,2005-07-29 08:49:06.000,1.213400,1.213700,D
173346665,EUR/USD,2005-07-29 08:49:11.000,1.213500,1.213800,D
173346681,EUR/USD,2005-07-29 08:49:14.000,1.213600,1.213900,D
173346706,EUR/USD,2005-07-29 08:49:17.000,1.213500,1.213800,D
173346723,EUR/USD,2005-07-29 08:49:19.000,1.213600,1.213900,D
173346740,EUR/USD,2005-07-29 08:49:21.000,1.213500,1.213800,D
173346744,EUR/USD,2005-07-29 08:49:22.000,1.213600,1.213900,D
173346780,EUR/USD,2005-07-29 08:49:27.000,1.213500,1.213800,D
173346782,EUR/USD,2005-07-29 08:49:27.000,1.213600,1.213900,D
173346788,EUR/USD,2005-07-29 08:49:28.000,1.213500,1.213800,D
173346814,EUR/USD,2005-07-29 08:49:34.000,1.213600,1.213900,D
173346815,EUR/USD,2005-07-29 08:49:34.000,1.213500,1.213800,D
173346831,EUR/USD,2005-07-29 08:49:36.000,1.213600,1.213900,D
173346869,EUR/USD,2005-07-29 08:49:44.000,1.213700,1.214000,D
173346903,EUR/USD,2005-07-29 08:49:49.000,1.213600,1.213900,D
173346908,EUR/USD,2005-07-29 08:49:50.000,1.213500,1.213800,D
173346936,EUR/USD,2005-07-29 08:49:55.000,1.213400,1.213700,D
173346986,EUR/USD,2005-07-29 08:50:03.000,1.213500,1.213800,D
173347004,EUR/USD,2005-07-29 08:50:06.000,1.213400,1.213700,D
173347013,EUR/USD,2005-07-29 08:50:10.000,1.213300,1.213600,D
173347049,EUR/USD,2005-07-29 08:50:16.000,1.213400,1.213700,D
173347063,EUR/USD,2005-07-29 08:50:18.000,1.213500,1.213800,D
173347086,EUR/USD,2005-07-29 08:50:21.000,1.213400,1.213700,D
173347104,EUR/USD,2005-07-29 08:50:25.000,1.213300,1.213600,D
173347108,EUR/USD,2005-07-29 08:50:26.000,1.213400,1.213700,D
173347120,EUR/USD,2005-07-29 08:50:28.000,1.213300,1.213600,D
173347134,EUR/USD,2005-07-29 08:50:31.000,1.213200,1.213500,D
173347150,EUR/USD,2005-07-29 08:50:32.000,1.213300,1.213600,D
173347152,EUR/USD,2005-07-29 08:50:33.000,1.213200,1.213500,D
173347158,EUR/USD,2005-07-29 08:50:34.000,1.213100,1.213400,D
173347180,EUR/USD,2005-07-29 08:50:39.000,1.213200,1.213500,D
173347189,EUR/USD,2005-07-29 08:50:41.000,1.213100,1.213400,D
173347198,EUR/USD,2005-07-29 08:50:43.000,1.213000,1.213300,D
173347219,EUR/USD,2005-07-29 08:50:48.000,1.212900,1.213200,D
173347243,EUR/USD,2005-07-29 08:50:51.000,1.213000,1.213300,D
173347296,EUR/USD,2005-07-29 08:51:02.000,1.212900,1.213200,D
173347308,EUR/USD,2005-07-29 08:51:04.000,1.213000,1.213300,D
173347312,EUR/USD,2005-07-29 08:51:05.000,1.212900,1.213200,D
173347324,EUR/USD,2005-07-29 08:51:09.000,1.212800,1.213100,D
173347352,EUR/USD,2005-07-29 08:51:17.000,1.212700,1.213000,D
173347363,EUR/USD,2005-07-29 08:51:18.000,1.212800,1.213100,D
173347367,EUR/USD,2005-07-29 08:51:19.000,1.212700,1.213000,D
173347378,EUR/USD,2005-07-29 08:51:21.000,1.212600,1.212900,D
173347382,EUR/USD,2005-07-29 08:51:21.000,1.212700,1.213000,D
173347387,EUR/USD,2005-07-29 08:51:22.000,1.212600,1.212900,D
173347395,EUR/USD,2005-07-29 08:51:22.000,1.212700,1.213000,D
173347398,EUR/USD,2005-07-29 08:51:23.000,1.212600,1.212900,D
173347402,EUR/USD,2005-07-29 08:51:24.000,1.212700,1.213000,D
173347412,EUR/USD,2005-07-29 08:51:26.000,1.212800,1.213100,D
173347455,EUR/USD,2005-07-29 08:51:32.000,1.212900,1.213200,D
173347485,EUR/USD,2005-07-29 08:51:36.000,1.213000,1.213300,D
173347486,EUR/USD,2005-07-29 08:51:36.000,1.212900,1.213200,D
173347494,EUR/USD,2005-07-29 08:51:37.000,1.213000,1.213300,D
173347539,EUR/USD,2005-07-29 08:51:44.000,1.212900,1.213200,D
173347559,EUR/USD,2005-07-29 08:51:46.000,1.212800,1.213100,D
173347576,EUR/USD,2005-07-29 08:51:49.000,1.212900,1.213200,D
173347581,EUR/USD,2005-07-29 08:51:49.000,1.212800,1.213100,D
173347617,EUR/USD,2005-07-29 08:51:57.000,1.212700,1.213000,D
173347624,EUR/USD,2005-07-29 08:51:58.000,1.212800,1.213100,D
173347665,EUR/USD,2005-07-29 08:52:02.000,1.212900,1.213200,D
173347738,EUR/USD,2005-07-29 08:52:19.000,1.213000,1.213300,D
173347749,EUR/USD,2005-07-29 08:52:22.000,1.212900,1.213200,D
173347751,EUR/USD,2005-07-29 08:52:22.000,1.213000,1.213300,D
173347758,EUR/USD,2005-07-29 08:52:24.000,1.212900,1.213200,D
173347773,EUR/USD,2005-07-29 08:52:27.000,1.212800,1.213100,D
173347783,EUR/USD,2005-07-29 08:52:29.000,1.212700,1.213000,D
173347820,EUR/USD,2005-07-29 08:52:36.000,1.212600,1.212900,D
173347826,EUR/USD,2005-07-29 08:52:37.000,1.212700,1.213000,D
173347842,EUR/USD,2005-07-29 08:52:38.000,1.212600,1.212900,D
173347846,EUR/USD,2005-07-29 08:52:39.000,1.212500,1.212800,D
173347884,EUR/USD,2005-07-29 08:52:44.000,1.212400,1.212700,D
173347913,EUR/USD,2005-07-29 08:52:49.000,1.212500,1.212800,D
173347921,EUR/USD,2005-07-29 08:52:51.000,1.212600,1.212900,D
173347926,EUR/USD,2005-07-29 08:52:52.000,1.212700,1.213000,D
173347940,EUR/USD,2005-07-29 08:52:55.000,1.212800,1.213100,D
173347960,EUR/USD,2005-07-29 08:52:59.000,1.212900,1.213200,D
173347988,EUR/USD,2005-07-29 08:53:03.000,1.212800,1.213100,D
173347989,EUR/USD,2005-07-29 08:53:03.000,1.212900,1.213200,D
173347996,EUR/USD,2005-07-29 08:53:04.000,1.212800,1.213100,D
173348020,EUR/USD,2005-07-29 08:53:08.000,1.212700,1.213000,D
173348044,EUR/USD,2005-07-29 08:53:14.000,1.212800,1.213100,D
173348063,EUR/USD,2005-07-29 08:53:17.000,1.212900,1.213200,D
173348069,EUR/USD,2005-07-29 08:53:20.000,1.213000,1.213300,D
173348083,EUR/USD,2005-07-29 08:53:23.000,1.213100,1.213400,D
173348095,EUR/USD,2005-07-29 08:53:25.000,1.213000,1.213300,D
173348111,EUR/USD,2005-07-29 08:53:29.000,1.213100,1.213400,D
173348122,EUR/USD,2005-07-29 08:53:33.000,1.213200,1.213500,D
173348130,EUR/USD,2005-07-29 08:53:35.000,1.213100,1.213400,D
173348134,EUR/USD,2005-07-29 08:53:35.000,1.213200,1.213500,D
173348143,EUR/USD,2005-07-29 08:53:37.000,1.213100,1.213400,D
173348171,EUR/USD,2005-07-29 08:53:45.000,1.213000,1.213300,D
173348193,EUR/USD,2005-07-29 08:53:49.000,1.212900,1.213200,D
173348196,EUR/USD,2005-07-29 08:53:49.000,1.213000,1.213300,D
173348227,EUR/USD,2005-07-29 08:53:54.000,1.213100,1.213400,D
173348254,EUR/USD,2005-07-29 08:53:58.000,1.213200,1.213500,D
173348274,EUR/USD,2005-07-29 08:54:05.000,1.213100,1.213400,D
173348279,EUR/USD,2005-07-29 08:54:06.000,1.213200,1.213500,D
173348298,EUR/USD,2005-07-29 08:54:13.000,1.213300,1.213600,D
173348301,EUR/USD,2005-07-29 08:54:14.000,1.213200,1.213500,D
173348333,EUR/USD,2005-07-29 08:54:26.000,1.213300,1.213600,D
173348348,EUR/USD,2005-07-29 08:54:32.000,1.213400,1.213700,D
173348352,EUR/USD,2005-07-29 08:54:33.000,1.213500,1.213800,D
173348413,EUR/USD,2005-07-29 08:54:43.000,1.213400,1.213700,D
173348449,EUR/USD,2005-07-29 08:54:51.000,1.213500,1.213800,D
173348457,EUR/USD,2005-07-29 08:54:52.000,1.213400,1.213700,D
173348461,EUR/USD,2005-07-29 08:54:52.000,1.213500,1.213800,D
173348473,EUR/USD,2005-07-29 08:54:54.000,1.213400,1.213700,D
173348486,EUR/USD,2005-07-29 08:54:58.000,1.213300,1.213600,D
173348514,EUR/USD,2005-07-29 08:55:06.000,1.213400,1.213700,D
173348518,EUR/USD,2005-07-29 08:55:08.000,1.213300,1.213600,D
173348539,EUR/USD,2005-07-29 08:55:12.000,1.213200,1.213500,D
173348546,EUR/USD,2005-07-29 08:55:13.000,1.213300,1.213600,D
173348561,EUR/USD,2005-07-29 08:55:17.000,1.213200,1.213500,D
173348571,EUR/USD,2005-07-29 08:55:19.000,1.213300,1.213600,D
173348575,EUR/USD,2005-07-29 08:55:20.000,1.213200,1.213500,D
173348579,EUR/USD,2005-07-29 08:55:20.000,1.213300,1.213600,D
173348587,EUR/USD,2005-07-29 08:55:22.000,1.213200,1.213500,D
173348609,EUR/USD,2005-07-29 08:55:26.000,1.213300,1.213600,D
173348630,EUR/USD,2005-07-29 08:55:28.000,1.213200,1.213500,D
173348683,EUR/USD,2005-07-29 08:55:36.000,1.213100,1.213400,D
173348724,EUR/USD,2005-07-29 08:55:47.000,1.213000,1.213300,D
173348728,EUR/USD,2005-07-29 08:55:48.000,1.213100,1.213400,D
173348734,EUR/USD,2005-07-29 08:55:50.000,1.213000,1.213300,D
173348755,EUR/USD,2005-07-29 08:55:55.000,1.212900,1.213200,D
173348804,EUR/USD,2005-07-29 08:56:08.000,1.212800,1.213100,D
173348821,EUR/USD,2005-07-29 08:56:11.000,1.212700,1.213000,D
173348876,EUR/USD,2005-07-29 08:56:27.000,1.212800,1.213100,D
173348884,EUR/USD,2005-07-29 08:56:28.000,1.212700,1.213000,D
173348888,EUR/USD,2005-07-29 08:56:28.000,1.212800,1.213100,D
173348915,EUR/USD,2005-07-29 08:56:34.000,1.212700,1.213000,D
173348935,EUR/USD,2005-07-29 08:56:37.000,1.212600,1.212900,D
173348941,EUR/USD,2005-07-29 08:56:40.000,1.212700,1.213000,D
173348949,EUR/USD,2005-07-29 08:56:42.000,1.212600,1.212900,D
173348999,EUR/USD,2005-07-29 08:57:04.000,1.212700,1.213000,D
173349024,EUR/USD,2005-07-29 08:57:10.000,1.212600,1.212900,D
173349046,EUR/USD,2005-07-29 08:57:21.000,1.212500,1.212800,D
173349072,EUR/USD,2005-07-29 08:57:27.000,1.212600,1.212900,D
173349092,EUR/USD,2005-07-29 08:57:33.000,1.212700,1.213000,D
173349119,EUR/USD,2005-07-29 08:57:38.000,1.212800,1.213100,D
173349134,EUR/USD,2005-07-29 08:57:40.000,1.212900,1.213200,D
173349152,EUR/USD,2005-07-29 08:57:42.000,1.213000,1.213300,D
173349166,EUR/USD,2005-07-29 08:57:44.000,1.213100,1.213400,D
173349170,EUR/USD,2005-07-29 08:57:44.000,1.213000,1.213300,D
173349174,EUR/USD,2005-07-29 08:57:45.000,1.213100,1.213400,D
173349195,EUR/USD,2005-07-29 08:57:49.000,1.213200,1.213500,D
173349211,EUR/USD,2005-07-29 08:57:50.000,1.213300,1.213600,D
173349237,EUR/USD,2005-07-29 08:57:52.000,1.213400,1.213700,D
173349239,EUR/USD,2005-07-29 08:57:52.000,1.213300,1.213600,D
173349244,EUR/USD,2005-07-29 08:57:53.000,1.213400,1.213700,D
173349263,EUR/USD,2005-07-29 08:57:55.000,1.213300,1.213600,D
173349277,EUR/USD,2005-07-29 08:57:56.000,1.213400,1.213700,D
173349318,EUR/USD,2005-07-29 08:58:04.000,1.213300,1.213600,D
173349328,EUR/USD,2005-07-29 08:58:06.000,1.213400,1.213700,D
173349336,EUR/USD,2005-07-29 08:58:08.000,1.213300,1.213600,D
173349338,EUR/USD,2005-07-29 08:58:08.000,1.213200,1.213500,D
173349376,EUR/USD,2005-07-29 08:58:21.000,1.213100,1.213400,D
173349387,EUR/USD,2005-07-29 08:58:24.000,1.213000,1.213300,D
173349425,EUR/USD,2005-07-29 08:58:33.000,1.212900,1.213200,D
173349442,EUR/USD,2005-07-29 08:58:36.000,1.212800,1.213100,D
173349476,EUR/USD,2005-07-29 08:58:42.000,1.212700,1.213000,D
173349509,EUR/USD,2005-07-29 08:58:47.000,1.212600,1.212900,D
173349533,EUR/USD,2005-07-29 08:58:52.000,1.212700,1.213000,D
173349539,EUR/USD,2005-07-29 08:58:53.000,1.212600,1.212900,D
173349561,EUR/USD,2005-07-29 08:59:00.000,1.212500,1.212800,D
173349563,EUR/USD,2005-07-29 08:59:01.000,1.212400,1.212700,D
173349598,EUR/USD,2005-07-29 08:59:05.000,1.212500,1.212800,D
173349610,EUR/USD,2005-07-29 08:59:09.000,1.212600,1.212900,D
173349629,EUR/USD,2005-07-29 08:59:12.000,1.212700,1.213000,D
173349640,EUR/USD,2005-07-29 08:59:14.000,1.212800,1.213100,D
173349641,EUR/USD,2005-07-29 08:59:14.000,1.212700,1.213000,D
173349659,EUR/USD,2005-07-29 08:59:15.000,1.212800,1.213100,D
173349662,EUR/USD,2005-07-29 08:59:16.000,1.212700,1.213000,D
173349680,EUR/USD,2005-07-29 08:59:17.000,1.212800,1.213100,D
173349689,EUR/USD,2005-07-29 08:59:18.000,1.212900,1.213200,D
173349696,EUR/USD,2005-07-29 08:59:18.000,1.212800,1.213100,D
173349710,EUR/USD,2005-07-29 08:59:20.000,1.212700,1.213000,D
173349721,EUR/USD,2005-07-29 08:59:21.000,1.212800,1.213100,D
173349734,EUR/USD,2005-07-29 08:59:25.000,1.212900,1.213200,D
173349746,EUR/USD,2005-07-29 08:59:26.000,1.213000,1.213300,D
173349787,EUR/USD,2005-07-29 08:59:35.000,1.212900,1.213200,D
173349836,EUR/USD,2005-07-29 08:59:45.000,1.212800,1.213100,D
173349868,EUR/USD,2005-07-29 08:59:52.000,1.212700,1.213000,D
173349896,EUR/USD,2005-07-29 08:59:57.000,1.212600,1.212900,D
173349914,EUR/USD,2005-07-29 09:00:00.000,1.212700,1.213000,D
173349922,EUR/USD,2005-07-29 09:00:02.000,1.212600,1.212900,D
173349934,EUR/USD,2005-07-29 09:00:05.000,1.212700,1.213000,D
173349951,EUR/USD,2005-07-29 09:00:14.000,1.212800,1.213100,D
173349995,EUR/USD,2005-07-29 09:00:23.000,1.212900,1.213200,D
173350008,EUR/USD,2005-07-29 09:00:25.000,1.213000,1.213300,D
173350034,EUR/USD,2005-07-29 09:00:30.000,1.212900,1.213200,D
173350044,EUR/USD,2005-07-29 09:00:32.000,1.213000,1.213300,D
173350055,EUR/USD,2005-07-29 09:00:37.000,1.212900,1.213200,D
173350103,EUR/USD,2005-07-29 09:01:02.000,1.212800,1.213100,D
173350109,EUR/USD,2005-07-29 09:01:03.000,1.212700,1.213000,D
173350146,EUR/USD,2005-07-29 09:01:14.000,1.212600,1.212900,D
173350149,EUR/USD,2005-07-29 09:01:15.000,1.212700,1.213000,D
173350160,EUR/USD,2005-07-29 09:01:17.000,1.212800,1.213100,D
173350172,EUR/USD,2005-07-29 09:01:19.000,1.212900,1.213200,D
173350185,EUR/USD,2005-07-29 09:01:23.000,1.213000,1.213300,D
173350202,EUR/USD,2005-07-29 09:01:25.000,1.213100,1.213400,D
173350213,EUR/USD,2005-07-29 09:01:27.000,1.213000,1.213300,D
173350225,EUR/USD,2005-07-29 09:01:30.000,1.212900,1.213200,D
173350240,EUR/USD,2005-07-29 09:01:32.000,1.213000,1.213300,D
173350251,EUR/USD,2005-07-29 09:01:34.000,1.212900,1.213200,D
173350264,EUR/USD,2005-07-29 09:01:35.000,1.213000,1.213300,D
173350272,EUR/USD,2005-07-29 09:01:40.000,1.213100,1.213400,D
173350287,EUR/USD,2005-07-29 09:01:42.000,1.213200,1.213500,D
173350315,EUR/USD,2005-07-29 09:01:48.000,1.213300,1.213600,D
173350327,EUR/USD,2005-07-29 09:01:50.000,1.213200,1.213500,D
173350331,EUR/USD,2005-07-29 09:01:51.000,1.213100,1.213400,D
173350344,EUR/USD,2005-07-29 09:01:52.000,1.213000,1.213300,D
173350364,EUR/USD,2005-07-29 09:01:54.000,1.212900,1.213200,D
173350377,EUR/USD,2005-07-29 09:01:56.000,1.213000,1.213300,D
173350397,EUR/USD,2005-07-29 09:01:59.000,1.212900,1.213200,D
173350400,EUR/USD,2005-07-29 09:02:00.000,1.213000,1.213300,D
173350417,EUR/USD,2005-07-29 09:02:04.000,1.213100,1.213400,D
173350423,EUR/USD,2005-07-29 09:02:07.000,1.213000,1.213300,D
173350433,EUR/USD,2005-07-29 09:02:07.000,1.213100,1.213400,D
173350442,EUR/USD,2005-07-29 09:02:08.000,1.213000,1.213300,D
173350450,EUR/USD,2005-07-29 09:02:09.000,1.213100,1.213400,D
173350461,EUR/USD,2005-07-29 09:02:10.000,1.213000,1.213300,D
173350476,EUR/USD,2005-07-29 09:02:13.000,1.213100,1.213400,D
173350499,EUR/USD,2005-07-29 09:02:18.000,1.213200,1.213500,D
173350511,EUR/USD,2005-07-29 09:02:21.000,1.213100,1.213400,D
173350571,EUR/USD,2005-07-29 09:02:34.000,1.213000,1.213300,D
173350578,EUR/USD,2005-07-29 09:02:35.000,1.213100,1.213400,D
173350588,EUR/USD,2005-07-29 09:02:36.000,1.213000,1.213300,D
173350596,EUR/USD,2005-07-29 09:02:37.000,1.212900,1.213200,D
173350599,EUR/USD,2005-07-29 09:02:37.000,1.213000,1.213300,D
173350604,EUR/USD,2005-07-29 09:02:38.000,1.212900,1.213200,D
173350620,EUR/USD,2005-07-29 09:02:40.000,1.213000,1.213300,D
173350657,EUR/USD,2005-07-29 09:02:45.000,1.212900,1.213200,D
173350665,EUR/USD,2005-07-29 09:02:47.000,1.213000,1.213300,D
173350677,EUR/USD,2005-07-29 09:02:48.000,1.212900,1.213200,D
173350687,EUR/USD,2005-07-29 09:02:50.000,1.212800,1.213100,D
173350695,EUR/USD,2005-07-29 09:02:51.000,1.212900,1.213200,D
173350700,EUR/USD,2005-07-29 09:02:52.000,1.212800,1.213100,D
173350720,EUR/USD,2005-07-29 09:02:58.000,1.212700,1.213000,D
173350750,EUR/USD,2005-07-29 09:03:09.000,1.212800,1.213100,D
173350789,EUR/USD,2005-07-29 09:03:15.000,1.212900,1.213200,D
173350792,EUR/USD,2005-07-29 09:03:17.000,1.213000,1.213300,D
173350795,EUR/USD,2005-07-29 09:03:17.000,1.212900,1.213200,D
173350806,EUR/USD,2005-07-29 09:03:23.000,1.213000,1.213300,D
173350827,EUR/USD,2005-07-29 09:03:28.000,1.213100,1.213400,D
173350860,EUR/USD,2005-07-29 09:03:33.000,1.213200,1.213500,D
173350916,EUR/USD,2005-07-29 09:03:45.000,1.213100,1.213400,D
173350925,EUR/USD,2005-07-29 09:03:47.000,1.213200,1.213500,D
173350938,EUR/USD,2005-07-29 09:03:48.000,1.213100,1.213400,D
173350961,EUR/USD,2005-07-29 09:03:54.000,1.213200,1.213500,D
173350966,EUR/USD,2005-07-29 09:03:54.000,1.213100,1.213400,D
173350982,EUR/USD,2005-07-29 09:03:57.000,1.213200,1.213500,D
173351027,EUR/USD,2005-07-29 09:04:07.000,1.213300,1.213600,D
173351040,EUR/USD,2005-07-29 09:04:08.000,1.213400,1.213700,D
173351056,EUR/USD,2005-07-29 09:04:11.000,1.213500,1.213800,D
173351065,EUR/USD,2005-07-29 09:04:12.000,1.213600,1.213900,D
173351082,EUR/USD,2005-07-29 09:04:14.000,1.213700,1.214000,D
173351099,EUR/USD,2005-07-29 09:04:16.000,1.213600,1.213900,D
173351130,EUR/USD,2005-07-29 09:04:18.000,1.213500,1.213800,D
173351134,EUR/USD,2005-07-29 09:04:19.000,1.213600,1.213900,D
173351146,EUR/USD,2005-07-29 09:04:22.000,1.213500,1.213800,D
173351161,EUR/USD,2005-07-29 09:04:25.000,1.213600,1.213900,D
173351166,EUR/USD,2005-07-29 09:04:26.000,1.213500,1.213800,D
173351202,EUR/USD,2005-07-29 09:04:29.000,1.213400,1.213700,D
173351210,EUR/USD,2005-07-29 09:04:31.000,1.213500,1.213800,D
173351236,EUR/USD,2005-07-29 09:04:34.000,1.213600,1.213900,D
173351260,EUR/USD,2005-07-29 09:04:37.000,1.213700,1.214000,D
173351288,EUR/USD,2005-07-29 09:04:41.000,1.213800,1.214100,D
173351314,EUR/USD,2005-07-29 09:04:43.000,1.213700,1.214000,D
173351348,EUR/USD,2005-07-29 09:04:48.000,1.213800,1.214100,D
173351376,EUR/USD,2005-07-29 09:04:51.000,1.213900,1.214200,D
173351392,EUR/USD,2005-07-29 09:04:53.000,1.214000,1.214300,D
173351398,EUR/USD,2005-07-29 09:04:53.000,1.213900,1.214100,D
173351405,EUR/USD,2005-07-29 09:04:54.000,1.213800,1.214100,D
173351418,EUR/USD,2005-07-29 09:04:54.000,1.213900,1.214200,D
173351420,EUR/USD,2005-07-29 09:04:55.000,1.213800,1.214100,D
173351439,EUR/USD,2005-07-29 09:04:57.000,1.213700,1.214000,D
173351454,EUR/USD,2005-07-29 09:04:58.000,1.213600,1.213900,D
173351460,EUR/USD,2005-07-29 09:04:59.000,1.213700,1.214000,D
173351470,EUR/USD,2005-07-29 09:05:00.000,1.213600,1.213900,D
173351483,EUR/USD,2005-07-29 09:05:01.000,1.213700,1.214000,D
173351492,EUR/USD,2005-07-29 09:05:02.000,1.213600,1.213900,D
173351516,EUR/USD,2005-07-29 09:05:04.000,1.213500,1.213800,D
173351525,EUR/USD,2005-07-29 09:05:05.000,1.213600,1.213900,D
173351529,EUR/USD,2005-07-29 09:05:06.000,1.213500,1.213800,D
173351550,EUR/USD,2005-07-29 09:05:09.000,1.213400,1.213700,D
173351554,EUR/USD,2005-07-29 09:05:10.000,1.213500,1.213800,D
173351588,EUR/USD,2005-07-29 09:05:13.000,1.213600,1.213900,D
173351627,EUR/USD,2005-07-29 09:05:24.000,1.213700,1.214000,D
173351657,EUR/USD,2005-07-29 09:05:28.000,1.213800,1.214100,D
173351670,EUR/USD,2005-07-29 09:05:31.000,1.213900,1.214200,D
173351700,EUR/USD,2005-07-29 09:05:35.000,1.213800,1.214100,D
173351706,EUR/USD,2005-07-29 09:05:36.000,1.213900,1.214200,D
173351710,EUR/USD,2005-07-29 09:05:36.000,1.213800,1.214100,D
173351748,EUR/USD,2005-07-29 09:05:39.000,1.213700,1.214000,D
173351810,EUR/USD,2005-07-29 09:05:46.000,1.213600,1.213900,D
173351863,EUR/USD,2005-07-29 09:05:54.000,1.213700,1.214000,D
173351896,EUR/USD,2005-07-29 09:06:00.000,1.213600,1.213900,D
173351905,EUR/USD,2005-07-29 09:06:04.000,1.213700,1.214000,D
173351926,EUR/USD,2005-07-29 09:06:09.000,1.213600,1.213900,D
173351930,EUR/USD,2005-07-29 09:06:13.000,1.213700,1.214000,D
173351950,EUR/USD,2005-07-29 09:06:17.000,1.213600,1.213900,D
173351951,EUR/USD,2005-07-29 09:06:19.000,1.213700,1.214000,D
173351973,EUR/USD,2005-07-29 09:06:22.000,1.213600,1.213900,D
173351980,EUR/USD,2005-07-29 09:06:23.000,1.213500,1.213800,D
173352000,EUR/USD,2005-07-29 09:06:24.000,1.213600,1.213900,D
173352007,EUR/USD,2005-07-29 09:06:25.000,1.213700,1.214000,D
173352034,EUR/USD,2005-07-29 09:06:27.000,1.213600,1.213900,D
173352060,EUR/USD,2005-07-29 09:06:30.000,1.213500,1.213800,D
173352074,EUR/USD,2005-07-29 09:06:34.000,1.213400,1.213700,D
173352148,EUR/USD,2005-07-29 09:06:46.000,1.213300,1.213600,D
173352185,EUR/USD,2005-07-29 09:06:50.000,1.213200,1.213500,D
173352191,EUR/USD,2005-07-29 09:06:51.000,1.213100,1.213400,D
173352244,EUR/USD,2005-07-29 09:07:01.000,1.213000,1.213300,D
173352287,EUR/USD,2005-07-29 09:07:07.000,1.212900,1.213200,D
173352293,EUR/USD,2005-07-29 09:07:08.000,1.212800,1.213100,D
173352316,EUR/USD,2005-07-29 09:07:10.000,1.212700,1.213000,D
173352326,EUR/USD,2005-07-29 09:07:11.000,1.212800,1.213100,D
173352344,EUR/USD,2005-07-29 09:07:14.000,1.212900,1.213200,D
173352378,EUR/USD,2005-07-29 09:07:18.000,1.213000,1.213300,D
173352423,EUR/USD,2005-07-29 09:07:23.000,1.213100,1.213400,D
173352442,EUR/USD,2005-07-29 09:07:26.000,1.213200,1.213500,D
173352455,EUR/USD,2005-07-29 09:07:27.000,1.213100,1.213400,D
173352531,EUR/USD,2005-07-29 09:07:42.000,1.213200,1.213500,D
173352562,EUR/USD,2005-07-29 09:07:50.000,1.213300,1.213600,D
173352566,EUR/USD,2005-07-29 09:07:51.000,1.213200,1.213500,D
173352570,EUR/USD,2005-07-29 09:07:52.000,1.213300,1.213600,D
173352599,EUR/USD,2005-07-29 09:07:57.000,1.213400,1.213700,D
173352620,EUR/USD,2005-07-29 09:08:00.000,1.213300,1.213600,D
173352624,EUR/USD,2005-07-29 09:08:01.000,1.213400,1.213700,D
173352636,EUR/USD,2005-07-29 09:08:03.000,1.213300,1.213600,D
173352656,EUR/USD,2005-07-29 09:08:07.000,1.213400,1.213700,D
173352683,EUR/USD,2005-07-29 09:08:14.000,1.213500,1.213800,D
173352698,EUR/USD,2005-07-29 09:08:16.000,1.213400,1.213700,D
173352707,EUR/USD,2005-07-29 09:08:18.000,1.213500,1.213800,D
173352714,EUR/USD,2005-07-29 09:08:19.000,1.213600,1.213900,D
173352737,EUR/USD,2005-07-29 09:08:24.000,1.213500,1.213800,D
173352770,EUR/USD,2005-07-29 09:08:29.000,1.213400,1.213700,D
173352832,EUR/USD,2005-07-29 09:08:51.000,1.213300,1.213600,D
173352851,EUR/USD,2005-07-29 09:08:53.000,1.213200,1.213500,D
173352863,EUR/USD,2005-07-29 09:08:56.000,1.213100,1.213400,D
173352868,EUR/USD,2005-07-29 09:08:57.000,1.213200,1.213500,D
173352872,EUR/USD,2005-07-29 09:08:57.000,1.213100,1.213400,D
173352892,EUR/USD,2005-07-29 09:09:02.000,1.213200,1.213500,D
173352911,EUR/USD,2005-07-29 09:09:04.000,1.213100,1.213400,D
173352922,EUR/USD,2005-07-29 09:09:09.000,1.213200,1.213500,D
173352928,EUR/USD,2005-07-29 09:09:09.000,1.213100,1.213400,D
173352956,EUR/USD,2005-07-29 09:09:16.000,1.213000,1.213300,D
173352970,EUR/USD,2005-07-29 09:09:18.000,1.212900,1.213200,D
173352972,EUR/USD,2005-07-29 09:09:18.000,1.213000,1.213300,D
173352994,EUR/USD,2005-07-29 09:09:19.000,1.212900,1.213200,D
173352998,EUR/USD,2005-07-29 09:09:19.000,1.213000,1.213300,D
173353010,EUR/USD,2005-07-29 09:09:21.000,1.212900,1.213200,D
173353033,EUR/USD,2005-07-29 09:09:26.000,1.213000,1.213300,D
173353047,EUR/USD,2005-07-29 09:09:29.000,1.213100,1.213400,D
173353071,EUR/USD,2005-07-29 09:09:34.000,1.213200,1.213500,D
173353093,EUR/USD,2005-07-29 09:09:37.000,1.213300,1.213600,D
173353122,EUR/USD,2005-07-29 09:09:43.000,1.213400,1.213700,D
173353125,EUR/USD,2005-07-29 09:09:43.000,1.213300,1.213600,D
173353139,EUR/USD,2005-07-29 09:09:48.000,1.213200,1.213500,D
173353171,EUR/USD,2005-07-29 09:09:53.000,1.213300,1.213600,D
173353190,EUR/USD,2005-07-29 09:09:55.000,1.213400,1.213700,D
173353199,EUR/USD,2005-07-29 09:09:55.000,1.213300,1.213600,D
173353209,EUR/USD,2005-07-29 09:09:56.000,1.213400,1.213700,D
173353218,EUR/USD,2005-07-29 09:09:57.000,1.213300,1.213600,D
173353222,EUR/USD,2005-07-29 09:09:57.000,1.213400,1.213700,D
173353262,EUR/USD,2005-07-29 09:10:07.000,1.213500,1.213800,D
173353285,EUR/USD,2005-07-29 09:10:12.000,1.213600,1.213900,D
173353376,EUR/USD,2005-07-29 09:10:33.000,1.213500,1.213800,D
173353378,EUR/USD,2005-07-29 09:10:33.000,1.213600,1.213900,D
173353398,EUR/USD,2005-07-29 09:10:36.000,1.213700,1.214000,D
173353423,EUR/USD,2005-07-29 09:10:39.000,1.213800,1.214100,D
173353430,EUR/USD,2005-07-29 09:10:40.000,1.213700,1.214000,D
173353443,EUR/USD,2005-07-29 09:10:42.000,1.213600,1.213900,D
173353447,EUR/USD,2005-07-29 09:10:44.000,1.213700,1.214000,D
173353451,EUR/USD,2005-07-29 09:10:45.000,1.213600,1.213900,D
173353454,EUR/USD,2005-07-29 09:10:45.000,1.213500,1.213800,D
173353493,EUR/USD,2005-07-29 09:10:53.000,1.213400,1.213700,D
173353515,EUR/USD,2005-07-29 09:11:00.000,1.213300,1.213600,D
173353542,EUR/USD,2005-07-29 09:11:04.000,1.213200,1.213500,D
173353576,EUR/USD,2005-07-29 09:11:18.000,1.213300,1.213600,D
173353579,EUR/USD,2005-07-29 09:11:19.000,1.213400,1.213700,D
173353596,EUR/USD,2005-07-29 09:11:21.000,1.213300,1.213600,D
173353609,EUR/USD,2005-07-29 09:11:27.000,1.213200,1.213500,D
173353611,EUR/USD,2005-07-29 09:11:27.000,1.213300,1.213600,D
173353629,EUR/USD,2005-07-29 09:11:30.000,1.213200,1.213500,D
173353637,EUR/USD,2005-07-29 09:11:31.000,1.213300,1.213600,D
173353642,EUR/USD,2005-07-29 09:11:32.000,1.213200,1.213500,D
173353650,EUR/USD,2005-07-29 09:11:33.000,1.213300,1.213600,D
173353677,EUR/USD,2005-07-29 09:11:41.000,1.213200,1.213500,D
173353686,EUR/USD,2005-07-29 09:11:42.000,1.213300,1.213600,D
173353695,EUR/USD,2005-07-29 09:11:43.000,1.213200,1.213500,D
173353702,EUR/USD,2005-07-29 09:11:44.000,1.213300,1.213600,D
173353711,EUR/USD,2005-07-29 09:11:45.000,1.213200,1.213500,D
173353736,EUR/USD,2005-07-29 09:11:52.000,1.213300,1.213600,D
173353759,EUR/USD,2005-07-29 09:11:56.000,1.213400,1.213700,D
173353791,EUR/USD,2005-07-29 09:12:06.000,1.213500,1.213800,D
173353836,EUR/USD,2005-07-29 09:12:16.000,1.213600,1.213900,D
173353846,EUR/USD,2005-07-29 09:12:21.000,1.213700,1.214000,D
173353876,EUR/USD,2005-07-29 09:12:28.000,1.213600,1.213900,D
173353884,EUR/USD,2005-07-29 09:12:30.000,1.213500,1.213800,D
173353902,EUR/USD,2005-07-29 09:12:34.000,1.213400,1.213700,D
173353915,EUR/USD,2005-07-29 09:12:38.000,1.213300,1.213600,D
173353931,EUR/USD,2005-07-29 09:12:40.000,1.213400,1.213700,D
173353950,EUR/USD,2005-07-29 09:12:44.000,1.213500,1.213800,D
173354013,EUR/USD,2005-07-29 09:12:58.000,1.213600,1.213900,D
173354016,EUR/USD,2005-07-29 09:12:59.000,1.213700,1.214000,D
173354024,EUR/USD,2005-07-29 09:12:59.000,1.213600,1.213900,D
173354033,EUR/USD,2005-07-29 09:13:01.000,1.213700,1.214000,D
173354034,EUR/USD,2005-07-29 09:13:02.000,1.213600,1.213900,D
173354041,EUR/USD,2005-07-29 09:13:02.000,1.213500,1.213800,D
173354047,EUR/USD,2005-07-29 09:13:03.000,1.213600,1.213900,D
173354066,EUR/USD,2005-07-29 09:13:08.000,1.213500,1.213800,D
173354079,EUR/USD,2005-07-29 09:13:11.000,1.213400,1.213700,D
173354136,EUR/USD,2005-07-29 09:13:17.000,1.213300,1.213600,D
173354152,EUR/USD,2005-07-29 09:13:20.000,1.213200,1.213500,D
173354162,EUR/USD,2005-07-29 09:13:20.000,1.213300,1.213600,D
173354188,EUR/USD,2005-07-29 09:13:26.000,1.213200,1.213500,D
173354208,EUR/USD,2005-07-29 09:13:30.000,1.213100,1.213400,D
173354233,EUR/USD,2005-07-29 09:13:35.000,1.213200,1.213500,D
173354238,EUR/USD,2005-07-29 09:13:37.000,1.213100,1.213400,D
173354239,EUR/USD,2005-07-29 09:13:38.000,1.213200,1.213500,D
173354249,EUR/USD,2005-07-29 09:13:40.000,1.213100,1.213400,D
173354264,EUR/USD,2005-07-29 09:13:43.000,1.213000,1.213300,D
173354290,EUR/USD,2005-07-29 09:13:50.000,1.213100,1.213400,D
173354310,EUR/USD,2005-07-29 09:13:57.000,1.213200,1.213500,D
173354317,EUR/USD,2005-07-29 09:13:58.000,1.213100,1.213400,D
173354321,EUR/USD,2005-07-29 09:13:58.000,1.213000,1.213300,D
173354331,EUR/USD,2005-07-29 09:14:00.000,1.213100,1.213400,D
173354377,EUR/USD,2005-07-29 09:14:28.000,1.213200,1.213500,D
173354408,EUR/USD,2005-07-29 09:14:41.000,1.213300,1.213600,D
173354416,EUR/USD,2005-07-29 09:14:42.000,1.213400,1.213700,D
173354428,EUR/USD,2005-07-29 09:14:44.000,1.213500,1.213800,D
173354434,EUR/USD,2005-07-29 09:14:46.000,1.213400,1.213700,D
173354449,EUR/USD,2005-07-29 09:14:51.000,1.213500,1.213800,D
173354460,EUR/USD,2005-07-29 09:14:53.000,1.213600,1.213900,D
173354471,EUR/USD,2005-07-29 09:14:55.000,1.213500,1.213800,D
173354486,EUR/USD,2005-07-29 09:14:58.000,1.213400,1.213700,D
173354499,EUR/USD,2005-07-29 09:15:02.000,1.213300,1.213600,D
173354511,EUR/USD,2005-07-29 09:15:04.000,1.213400,1.213700,D
173354519,EUR/USD,2005-07-29 09:15:05.000,1.213500,1.213800,D
173354530,EUR/USD,2005-07-29 09:15:08.000,1.213600,1.213900,D
173354545,EUR/USD,2005-07-29 09:15:10.000,1.213700,1.214000,D
173354573,EUR/USD,2005-07-29 09:15:12.000,1.213800,1.214100,D
173354590,EUR/USD,2005-07-29 09:15:15.000,1.213900,1.214200,D
173354612,EUR/USD,2005-07-29 09:15:19.000,1.213800,1.214100,D
173354618,EUR/USD,2005-07-29 09:15:19.000,1.213700,1.214000,D
173354645,EUR/USD,2005-07-29 09:15:23.000,1.213600,1.213900,D
173354679,EUR/USD,2005-07-29 09:15:28.000,1.213500,1.213800,D
173354703,EUR/USD,2005-07-29 09:15:33.000,1.213600,1.213900,D
173354707,EUR/USD,2005-07-29 09:15:33.000,1.213700,1.214000,D
173354723,EUR/USD,2005-07-29 09:15:36.000,1.213800,1.214100,D
173354733,EUR/USD,2005-07-29 09:15:38.000,1.213700,1.214000,D
173354749,EUR/USD,2005-07-29 09:15:42.000,1.213800,1.214100,D
173354765,EUR/USD,2005-07-29 09:15:45.000,1.213900,1.214200,D
173354771,EUR/USD,2005-07-29 09:15:45.000,1.214000,1.214300,D
173354789,EUR/USD,2005-07-29 09:15:48.000,1.214100,1.214400,D
173354817,EUR/USD,2005-07-29 09:15:51.000,1.214200,1.214500,D
173354825,EUR/USD,2005-07-29 09:15:52.000,1.214100,1.214400,D
173354831,EUR/USD,2005-07-29 09:15:54.000,1.214000,1.214300,D
173354838,EUR/USD,2005-07-29 09:15:55.000,1.214100,1.214400,D
173354847,EUR/USD,2005-07-29 09:15:56.000,1.214000,1.214300,D
173354879,EUR/USD,2005-07-29 09:16:01.000,1.213900,1.214200,D
173354894,EUR/USD,2005-07-29 09:16:03.000,1.214000,1.214300,D
173354921,EUR/USD,2005-07-29 09:16:13.000,1.214100,1.214400,D
173354933,EUR/USD,2005-07-29 09:16:15.000,1.214200,1.214500,D
173354953,EUR/USD,2005-07-29 09:16:17.000,1.214100,1.214400,D
173354961,EUR/USD,2005-07-29 09:16:18.000,1.214200,1.214500,D
173354977,EUR/USD,2005-07-29 09:16:22.000,1.214100,1.214400,D
173354986,EUR/USD,2005-07-29 09:16:23.000,1.214000,1.214300,D
173354994,EUR/USD,2005-07-29 09:16:23.000,1.214100,1.214400,D
173355009,EUR/USD,2005-07-29 09:16:25.000,1.214000,1.214300,D
173355049,EUR/USD,2005-07-29 09:16:37.000,1.213900,1.214200,D
173355066,EUR/USD,2005-07-29 09:16:40.000,1.213800,1.214100,D
173355079,EUR/USD,2005-07-29 09:16:42.000,1.213900,1.214200,D
173355097,EUR/USD,2005-07-29 09:16:45.000,1.213800,1.214100,D
173355109,EUR/USD,2005-07-29 09:16:47.000,1.213700,1.214000,D
173355117,EUR/USD,2005-07-29 09:16:48.000,1.213600,1.213900,D
173355146,EUR/USD,2005-07-29 09:16:50.000,1.213500,1.213800,D
173355167,EUR/USD,2005-07-29 09:16:53.000,1.213400,1.213700,D
173355173,EUR/USD,2005-07-29 09:16:54.000,1.213300,1.213600,D
173355180,EUR/USD,2005-07-29 09:16:55.000,1.213200,1.213500,D
173355194,EUR/USD,2005-07-29 09:16:56.000,1.213300,1.213600,D
173355245,EUR/USD,2005-07-29 09:17:08.000,1.213400,1.213700,D
173355257,EUR/USD,2005-07-29 09:17:10.000,1.213300,1.213600,D
173355260,EUR/USD,2005-07-29 09:17:11.000,1.213200,1.213500,D
173355265,EUR/USD,2005-07-29 09:17:14.000,1.213300,1.213600,D
173355266,EUR/USD,2005-07-29 09:17:15.000,1.213200,1.213500,D
173355270,EUR/USD,2005-07-29 09:17:16.000,1.213300,1.213600,D
173355285,EUR/USD,2005-07-29 09:17:19.000,1.213400,1.213700,D
173355335,EUR/USD,2005-07-29 09:17:46.000,1.213300,1.213600,D
173355340,EUR/USD,2005-07-29 09:17:46.000,1.213200,1.213500,D
173355343,EUR/USD,2005-07-29 09:17:47.000,1.213300,1.213600,D
173355346,EUR/USD,2005-07-29 09:17:48.000,1.213200,1.213500,D
173355379,EUR/USD,2005-07-29 09:17:52.000,1.213300,1.213600,D
173355403,EUR/USD,2005-07-29 09:17:59.000,1.213200,1.213500,D
173355426,EUR/USD,2005-07-29 09:18:04.000,1.213100,1.213400,D
173355431,EUR/USD,2005-07-29 09:18:05.000,1.213200,1.213500,D
173355452,EUR/USD,2005-07-29 09:18:12.000,1.213300,1.213600,D
173355471,EUR/USD,2005-07-29 09:18:21.000,1.213200,1.213500,D
173355491,EUR/USD,2005-07-29 09:18:27.000,1.213100,1.213400,D
173355499,EUR/USD,2005-07-29 09:18:30.000,1.213200,1.213500,D
173355503,EUR/USD,2005-07-29 09:18:31.000,1.213100,1.213400,D
173355515,EUR/USD,2005-07-29 09:18:36.000,1.213000,1.213300,D
173355526,EUR/USD,2005-07-29 09:18:38.000,1.212900,1.213200,D
173355551,EUR/USD,2005-07-29 09:18:42.000,1.213000,1.213300,D
173355587,EUR/USD,2005-07-29 09:18:47.000,1.213100,1.213400,D
173355602,EUR/USD,2005-07-29 09:18:49.000,1.213000,1.213300,D
173355628,EUR/USD,2005-07-29 09:18:54.000,1.212900,1.213200,D
173355630,EUR/USD,2005-07-29 09:18:54.000,1.212800,1.213100,D
173355660,EUR/USD,2005-07-29 09:19:01.000,1.212900,1.213200,D
173355683,EUR/USD,2005-07-29 09:19:04.000,1.212800,1.213100,D
173355695,EUR/USD,2005-07-29 09:19:06.000,1.212900,1.213200,D
173355709,EUR/USD,2005-07-29 09:19:09.000,1.213000,1.213300,D
173355738,EUR/USD,2005-07-29 09:19:15.000,1.213100,1.213400,D
173355763,EUR/USD,2005-07-29 09:19:24.000,1.213000,1.213300,D
173355772,EUR/USD,2005-07-29 09:19:35.000,1.213100,1.213400,D
173355774,EUR/USD,2005-07-29 09:19:36.000,1.213000,1.213300,D
173355794,EUR/USD,2005-07-29 09:19:46.000,1.212900,1.213200,D
173355798,EUR/USD,2005-07-29 09:19:46.000,1.213000,1.213300,D
173355801,EUR/USD,2005-07-29 09:19:47.000,1.212900,1.213200,D
173355811,EUR/USD,2005-07-29 09:19:52.000,1.213000,1.213300,D
173355815,EUR/USD,2005-07-29 09:19:52.000,1.212900,1.213200,D
173355822,EUR/USD,2005-07-29 09:19:53.000,1.213000,1.213300,D
173355846,EUR/USD,2005-07-29 09:20:00.000,1.212900,1.213200,D
173355860,EUR/USD,2005-07-29 09:20:04.000,1.212800,1.213100,D
173355882,EUR/USD,2005-07-29 09:20:08.000,1.212700,1.213000,D
173355896,EUR/USD,2005-07-29 09:20:10.000,1.212600,1.212900,D
173355899,EUR/USD,2005-07-29 09:20:11.000,1.212700,1.213000,D
173355925,EUR/USD,2005-07-29 09:20:14.000,1.212600,1.212900,D
173355928,EUR/USD,2005-07-29 09:20:15.000,1.212700,1.213000,D
173355943,EUR/USD,2005-07-29 09:20:17.000,1.212600,1.212900,D
173355947,EUR/USD,2005-07-29 09:20:18.000,1.212700,1.213000,D
173355968,EUR/USD,2005-07-29 09:20:23.000,1.212600,1.212900,D
173355983,EUR/USD,2005-07-29 09:20:26.000,1.212500,1.212800,D
173356016,EUR/USD,2005-07-29 09:20:32.000,1.212400,1.212700,D
173356023,EUR/USD,2005-07-29 09:20:34.000,1.212500,1.212800,D
173356050,EUR/USD,2005-07-29 09:20:39.000,1.212400,1.212700,D
173356090,EUR/USD,2005-07-29 09:20:46.000,1.212300,1.212600,D
173356095,EUR/USD,2005-07-29 09:20:47.000,1.212200,1.212500,D
173356112,EUR/USD,2005-07-29 09:20:49.000,1.212100,1.212400,D
173356117,EUR/USD,2005-07-29 09:20:50.000,1.212200,1.212500,D
173356122,EUR/USD,2005-07-29 09:20:50.000,1.212100,1.212400,D
173356165,EUR/USD,2005-07-29 09:20:54.000,1.212200,1.212500,D
173356205,EUR/USD,2005-07-29 09:21:03.000,1.212300,1.212600,D
173356245,EUR/USD,2005-07-29 09:21:08.000,1.212400,1.212700,D
173356249,EUR/USD,2005-07-29 09:21:09.000,1.212300,1.212600,D
173356255,EUR/USD,2005-07-29 09:21:09.000,1.212400,1.212700,D
173356267,EUR/USD,2005-07-29 09:21:10.000,1.212300,1.212600,D
173356272,EUR/USD,2005-07-29 09:21:12.000,1.212400,1.212700,D
173356285,EUR/USD,2005-07-29 09:21:13.000,1.212500,1.212800,D
173356298,EUR/USD,2005-07-29 09:21:14.000,1.212400,1.212700,D
173356309,EUR/USD,2005-07-29 09:21:15.000,1.212500,1.212800,D
173356317,EUR/USD,2005-07-29 09:21:15.000,1.212600,1.212900,D
173356322,EUR/USD,2005-07-29 09:21:16.000,1.212500,1.212800,D
173356323,EUR/USD,2005-07-29 09:21:17.000,1.212600,1.212900,D
173356334,EUR/USD,2005-07-29 09:21:18.000,1.212500,1.212800,D
173356343,EUR/USD,2005-07-29 09:21:19.000,1.212600,1.212900,D
173356360,EUR/USD,2005-07-29 09:21:20.000,1.212500,1.212800,D
173356384,EUR/USD,2005-07-29 09:21:24.000,1.212600,1.212900,D
173356401,EUR/USD,2005-07-29 09:21:26.000,1.212700,1.213000,D
173356441,EUR/USD,2005-07-29 09:21:33.000,1.212800,1.213100,D
173356457,EUR/USD,2005-07-29 09:21:36.000,1.212900,1.213200,D
173356467,EUR/USD,2005-07-29 09:21:37.000,1.212800,1.213100,D
173356482,EUR/USD,2005-07-29 09:21:40.000,1.212700,1.213000,D
173356487,EUR/USD,2005-07-29 09:21:41.000,1.212800,1.213100,D
173356517,EUR/USD,2005-07-29 09:21:45.000,1.212700,1.213000,D
173356526,EUR/USD,2005-07-29 09:21:47.000,1.212800,1.213100,D
173356543,EUR/USD,2005-07-29 09:21:51.000,1.212900,1.213200,D
173356561,EUR/USD,2005-07-29 09:21:52.000,1.212800,1.213100,D
173356564,EUR/USD,2005-07-29 09:21:53.000,1.212900,1.213200,D
173356568,EUR/USD,2005-07-29 09:21:53.000,1.213000,1.213300,D
173356587,EUR/USD,2005-07-29 09:21:56.000,1.212900,1.213200,D
173356607,EUR/USD,2005-07-29 09:21:57.000,1.213000,1.213300,D
173356623,EUR/USD,2005-07-29 09:21:58.000,1.212900,1.213200,D
173356627,EUR/USD,2005-07-29 09:21:59.000,1.212800,1.213100,D
173356630,EUR/USD,2005-07-29 09:21:59.000,1.212900,1.213200,D
173356635,EUR/USD,2005-07-29 09:21:59.000,1.213000,1.213300,D
173356641,EUR/USD,2005-07-29 09:22:00.000,1.213100,1.213400,D
173356654,EUR/USD,2005-07-29 09:22:01.000,1.213200,1.213500,D
173356661,EUR/USD,2005-07-29 09:22:02.000,1.213100,1.213400,D
173356686,EUR/USD,2005-07-29 09:22:07.000,1.213000,1.213300,D
173356698,EUR/USD,2005-07-29 09:22:09.000,1.213100,1.213400,D
173356712,EUR/USD,2005-07-29 09:22:12.000,1.213200,1.213500,D
173356732,EUR/USD,2005-07-29 09:22:17.000,1.213300,1.213600,D
173356750,EUR/USD,2005-07-29 09:22:22.000,1.213400,1.213700,D
173356756,EUR/USD,2005-07-29 09:22:22.000,1.213200,1.213500,D
173356776,EUR/USD,2005-07-29 09:22:28.000,1.213100,1.213400,D
173356793,EUR/USD,2005-07-29 09:22:31.000,1.213200,1.213500,D
173356809,EUR/USD,2005-07-29 09:22:33.000,1.213100,1.213400,D
173356823,EUR/USD,2005-07-29 09:22:34.000,1.213200,1.213500,D
173356829,EUR/USD,2005-07-29 09:22:36.000,1.213300,1.213600,D
173356856,EUR/USD,2005-07-29 09:22:41.000,1.213400,1.213700,D
173356871,EUR/USD,2005-07-29 09:22:44.000,1.213300,1.213600,D
173356888,EUR/USD,2005-07-29 09:22:46.000,1.213400,1.213700,D
173356906,EUR/USD,2005-07-29 09:22:48.000,1.213300,1.213600,D
173356911,EUR/USD,2005-07-29 09:22:48.000,1.213200,1.213500,D
173356941,EUR/USD,2005-07-29 09:22:52.000,1.213100,1.213400,D
173356972,EUR/USD,2005-07-29 09:22:57.000,1.213000,1.213300,D
173356989,EUR/USD,2005-07-29 09:22:59.000,1.212900,1.213200,D
173356992,EUR/USD,2005-07-29 09:22:59.000,1.213000,1.213300,D
173357002,EUR/USD,2005-07-29 09:23:00.000,1.212900,1.213200,D
173357015,EUR/USD,2005-07-29 09:23:02.000,1.213000,1.213300,D
173357025,EUR/USD,2005-07-29 09:23:07.000,1.213100,1.213400,D
173357042,EUR/USD,2005-07-29 09:23:11.000,1.213000,1.213300,D
173357051,EUR/USD,2005-07-29 09:23:13.000,1.212900,1.213200,D
173357063,EUR/USD,2005-07-29 09:23:15.000,1.212800,1.213100,D
173357122,EUR/USD,2005-07-29 09:23:24.000,1.212900,1.213200,D
173357124,EUR/USD,2005-07-29 09:23:24.000,1.212800,1.213100,D
173357167,EUR/USD,2005-07-29 09:23:40.000,1.212900,1.213200,D
173357191,EUR/USD,2005-07-29 09:23:49.000,1.212800,1.213100,D
173357212,EUR/USD,2005-07-29 09:23:53.000,1.212900,1.213200,D
173357239,EUR/USD,2005-07-29 09:24:02.000,1.212800,1.213100,D
173357243,EUR/USD,2005-07-29 09:24:03.000,1.212900,1.213200,D
173357246,EUR/USD,2005-07-29 09:24:03.000,1.212800,1.213100,D
173357271,EUR/USD,2005-07-29 09:24:06.000,1.212700,1.213000,D
173357281,EUR/USD,2005-07-29 09:24:08.000,1.212800,1.213100,D
173357307,EUR/USD,2005-07-29 09:24:16.000,1.212900,1.213200,D
173357338,EUR/USD,2005-07-29 09:24:20.000,1.213000,1.213300,D
173357343,EUR/USD,2005-07-29 09:24:21.000,1.212900,1.213200,D
173357352,EUR/USD,2005-07-29 09:24:23.000,1.213000,1.213300,D
173357369,EUR/USD,2005-07-29 09:24:25.000,1.212900,1.213200,D
173357378,EUR/USD,2005-07-29 09:24:26.000,1.213000,1.213300,D
173357444,EUR/USD,2005-07-29 09:25:14.000,1.212900,1.213200,D
173357453,EUR/USD,2005-07-29 09:25:16.000,1.212800,1.213100,D
173357477,EUR/USD,2005-07-29 09:25:20.000,1.212700,1.213000,D
173357522,EUR/USD,2005-07-29 09:25:26.000,1.212600,1.212900,D
173357573,EUR/USD,2005-07-29 09:25:42.000,1.212700,1.213000,D
173357578,EUR/USD,2005-07-29 09:25:44.000,1.212600,1.212900,D
173357583,EUR/USD,2005-07-29 09:25:45.000,1.212700,1.213000,D
173357610,EUR/USD,2005-07-29 09:25:51.000,1.212800,1.213100,D
173357625,EUR/USD,2005-07-29 09:25:55.000,1.212900,1.213200,D
173357665,EUR/USD,2005-07-29 09:26:05.000,1.213000,1.213300,D
173357685,EUR/USD,2005-07-29 09:26:07.000,1.212900,1.213200,D
173357696,EUR/USD,2005-07-29 09:26:09.000,1.213000,1.213300,D
173357741,EUR/USD,2005-07-29 09:26:22.000,1.212900,1.213200,D
173357813,EUR/USD,2005-07-29 09:26:47.000,1.213000,1.213300,D
173357817,EUR/USD,2005-07-29 09:26:48.000,1.212900,1.213200,D
173357864,EUR/USD,2005-07-29 09:26:57.000,1.213000,1.213300,D
173357873,EUR/USD,2005-07-29 09:26:58.000,1.212900,1.213200,D
173357902,EUR/USD,2005-07-29 09:27:01.000,1.213000,1.213300,D
173357924,EUR/USD,2005-07-29 09:27:05.000,1.213100,1.213400,D
173357951,EUR/USD,2005-07-29 09:27:11.000,1.213000,1.213300,D
173357958,EUR/USD,2005-07-29 09:27:12.000,1.213100,1.213400,D
173357967,EUR/USD,2005-07-29 09:27:14.000,1.213000,1.213300,D
173357998,EUR/USD,2005-07-29 09:27:20.000,1.212900,1.213200,D
173358036,EUR/USD,2005-07-29 09:27:33.000,1.212800,1.213100,D
173358040,EUR/USD,2005-07-29 09:27:35.000,1.212900,1.213200,D
173358074,EUR/USD,2005-07-29 09:27:47.000,1.213000,1.213300,D
173358133,EUR/USD,2005-07-29 09:28:00.000,1.212900,1.213200,D
173358146,EUR/USD,2005-07-29 09:28:02.000,1.213000,1.213300,D
173358151,EUR/USD,2005-07-29 09:28:04.000,1.213100,1.213400,D
173358168,EUR/USD,2005-07-29 09:28:07.000,1.213200,1.213500,D
173358185,EUR/USD,2005-07-29 09:28:11.000,1.213300,1.213600,D
173358195,EUR/USD,2005-07-29 09:28:11.000,1.213400,1.213700,D
173358220,EUR/USD,2005-07-29 09:28:17.000,1.213300,1.213600,D
173358235,EUR/USD,2005-07-29 09:28:19.000,1.213400,1.213700,D
173358244,EUR/USD,2005-07-29 09:28:20.000,1.213300,1.213600,D
173358247,EUR/USD,2005-07-29 09:28:20.000,1.213400,1.213700,D
173358290,EUR/USD,2005-07-29 09:28:27.000,1.213300,1.213600,D
173358313,EUR/USD,2005-07-29 09:28:37.000,1.213400,1.213700,D
173358338,EUR/USD,2005-07-29 09:28:41.000,1.213500,1.213800,D
173358347,EUR/USD,2005-07-29 09:28:43.000,1.213300,1.213600,D
173358351,EUR/USD,2005-07-29 09:28:43.000,1.213400,1.213700,D
173358360,EUR/USD,2005-07-29 09:28:48.000,1.213500,1.213800,D
173358364,EUR/USD,2005-07-29 09:28:49.000,1.213300,1.213600,D
173358375,EUR/USD,2005-07-29 09:28:52.000,1.213200,1.213500,D
173358378,EUR/USD,2005-07-29 09:28:52.000,1.213100,1.213400,D
173358389,EUR/USD,2005-07-29 09:28:54.000,1.213000,1.213300,D
173358403,EUR/USD,2005-07-29 09:28:56.000,1.212900,1.213200,D
173358427,EUR/USD,2005-07-29 09:29:01.000,1.212800,1.213100,D
173358430,EUR/USD,2005-07-29 09:29:01.000,1.212900,1.213200,D
173358447,EUR/USD,2005-07-29 09:29:04.000,1.213000,1.213300,D
173358449,EUR/USD,2005-07-29 09:29:04.000,1.212900,1.213200,D
173358454,EUR/USD,2005-07-29 09:29:04.000,1.213000,1.213300,D
173358474,EUR/USD,2005-07-29 09:29:07.000,1.213100,1.213400,D
173358500,EUR/USD,2005-07-29 09:29:11.000,1.213000,1.213300,D
173358518,EUR/USD,2005-07-29 09:29:17.000,1.213100,1.213400,D
173358546,EUR/USD,2005-07-29 09:29:36.000,1.213000,1.213300,D
173358551,EUR/USD,2005-07-29 09:29:36.000,1.213100,1.213400,D
173358601,EUR/USD,2005-07-29 09:30:02.000,1.213000,1.213300,D
173358674,EUR/USD,2005-07-29 09:30:32.000,1.212900,1.213200,D
173358684,EUR/USD,2005-07-29 09:30:36.000,1.213000,1.213300,D
173358696,EUR/USD,2005-07-29 09:30:38.000,1.212900,1.213200,D
173358701,EUR/USD,2005-07-29 09:30:38.000,1.212800,1.213100,D
173358707,EUR/USD,2005-07-29 09:30:39.000,1.212900,1.213200,D
173358718,EUR/USD,2005-07-29 09:30:42.000,1.213000,1.213300,D
173358722,EUR/USD,2005-07-29 09:30:43.000,1.212900,1.213200,D
173358744,EUR/USD,2005-07-29 09:31:02.000,1.212800,1.213100,D
173358758,EUR/USD,2005-07-29 09:31:07.000,1.212900,1.213200,D
173358771,EUR/USD,2005-07-29 09:31:11.000,1.213000,1.213300,D
173358798,EUR/USD,2005-07-29 09:31:19.000,1.213100,1.213400,D
173358812,EUR/USD,2005-07-29 09:31:22.000,1.213200,1.213500,D
173358856,EUR/USD,2005-07-29 09:31:34.000,1.213100,1.213400,D
173358867,EUR/USD,2005-07-29 09:31:38.000,1.213000,1.213300,D
173358875,EUR/USD,2005-07-29 09:31:40.000,1.213100,1.213400,D
173358886,EUR/USD,2005-07-29 09:31:42.000,1.213000,1.213300,D
173358896,EUR/USD,2005-07-29 09:31:43.000,1.213100,1.213400,D
173358905,EUR/USD,2005-07-29 09:31:46.000,1.213000,1.213300,D
173358910,EUR/USD,2005-07-29 09:31:47.000,1.213100,1.213400,D
173358930,EUR/USD,2005-07-29 09:31:57.000,1.213000,1.213300,D
173358944,EUR/USD,2005-07-29 09:31:59.000,1.213100,1.213400,D
173358953,EUR/USD,2005-07-29 09:32:01.000,1.213000,1.213300,D
173358997,EUR/USD,2005-07-29 09:32:18.000,1.213100,1.213400,D
173359001,EUR/USD,2005-07-29 09:32:19.000,1.213000,1.213300,D
173359020,EUR/USD,2005-07-29 09:32:24.000,1.213100,1.213400,D
173359031,EUR/USD,2005-07-29 09:32:28.000,1.213000,1.213300,D
173359034,EUR/USD,2005-07-29 09:32:28.000,1.213100,1.213400,D
173359071,EUR/USD,2005-07-29 09:32:34.000,1.213200,1.213500,D
173359075,EUR/USD,2005-07-29 09:32:35.000,1.213300,1.213600,D
173359085,EUR/USD,2005-07-29 09:32:37.000,1.213200,1.213500,D
173359107,EUR/USD,2005-07-29 09:32:40.000,1.213100,1.213400,D
173359119,EUR/USD,2005-07-29 09:32:42.000,1.213200,1.213500,D
173359132,EUR/USD,2005-07-29 09:32:44.000,1.213100,1.213400,D
173359154,EUR/USD,2005-07-29 09:32:49.000,1.213000,1.213300,D
173359164,EUR/USD,2005-07-29 09:32:50.000,1.213100,1.213400,D
173359209,EUR/USD,2005-07-29 09:33:03.000,1.213000,1.213300,D
173359239,EUR/USD,2005-07-29 09:33:11.000,1.212900,1.213200,D
173359260,EUR/USD,2005-07-29 09:33:16.000,1.213000,1.213300,D
173359287,EUR/USD,2005-07-29 09:33:23.000,1.213100,1.213400,D
173359306,EUR/USD,2005-07-29 09:33:31.000,1.213200,1.213500,D
173359315,EUR/USD,2005-07-29 09:33:32.000,1.213100,1.213400,D
173359318,EUR/USD,2005-07-29 09:33:32.000,1.213000,1.213300,D
173359321,EUR/USD,2005-07-29 09:33:33.000,1.213100,1.213400,D
173359333,EUR/USD,2005-07-29 09:33:35.000,1.213200,1.213500,D
173359340,EUR/USD,2005-07-29 09:33:37.000,1.213100,1.213400,D
173359344,EUR/USD,2005-07-29 09:33:37.000,1.213200,1.213500,D
173359354,EUR/USD,2005-07-29 09:33:39.000,1.213100,1.213400,D
173359374,EUR/USD,2005-07-29 09:33:46.000,1.213200,1.213500,D
173359390,EUR/USD,2005-07-29 09:33:53.000,1.213100,1.213400,D
173359413,EUR/USD,2005-07-29 09:34:05.000,1.213200,1.213500,D
173359427,EUR/USD,2005-07-29 09:34:06.000,1.213100,1.213400,D
173359434,EUR/USD,2005-07-29 09:34:07.000,1.213200,1.213500,D
173359441,EUR/USD,2005-07-29 09:34:09.000,1.213300,1.213600,D
173359447,EUR/USD,2005-07-29 09:34:10.000,1.213200,1.213500,D
173359455,EUR/USD,2005-07-29 09:34:12.000,1.213300,1.213600,D
173359467,EUR/USD,2005-07-29 09:34:13.000,1.213200,1.213500,D
173359473,EUR/USD,2005-07-29 09:34:15.000,1.213300,1.213600,D
173359512,EUR/USD,2005-07-29 09:34:28.000,1.213200,1.213500,D
173359522,EUR/USD,2005-07-29 09:34:29.000,1.213300,1.213600,D
173359556,EUR/USD,2005-07-29 09:34:40.000,1.213400,1.213700,D
173359561,EUR/USD,2005-07-29 09:34:42.000,1.213300,1.213600,D
173359566,EUR/USD,2005-07-29 09:34:44.000,1.213400,1.213700,D
173359572,EUR/USD,2005-07-29 09:34:45.000,1.213300,1.213600,D
173359633,EUR/USD,2005-07-29 09:35:10.000,1.213400,1.213700,D
173359715,EUR/USD,2005-07-29 09:35:41.000,1.213500,1.213800,D
173359721,EUR/USD,2005-07-29 09:35:43.000,1.213600,1.213900,D
173359742,EUR/USD,2005-07-29 09:35:46.000,1.213700,1.214000,D
173359765,EUR/USD,2005-07-29 09:35:50.000,1.213600,1.213900,D
173359795,EUR/USD,2005-07-29 09:35:58.000,1.213500,1.213800,D
173359818,EUR/USD,2005-07-29 09:36:04.000,1.213400,1.213700,D
173359829,EUR/USD,2005-07-29 09:36:07.000,1.213300,1.213600,D
173359837,EUR/USD,2005-07-29 09:36:08.000,1.213400,1.213700,D
173359846,EUR/USD,2005-07-29 09:36:09.000,1.213300,1.213600,D
173359876,EUR/USD,2005-07-29 09:36:24.000,1.213400,1.213700,D
173359886,EUR/USD,2005-07-29 09:36:25.000,1.213500,1.213800,D
173359927,EUR/USD,2005-07-29 09:36:33.000,1.213400,1.213700,D
173360002,EUR/USD,2005-07-29 09:37:03.000,1.213300,1.213600,D
173360006,EUR/USD,2005-07-29 09:37:05.000,1.213400,1.213700,D
173360018,EUR/USD,2005-07-29 09:37:14.000,1.213300,1.213600,D
173360023,EUR/USD,2005-07-29 09:37:17.000,1.213400,1.213700,D
173360042,EUR/USD,2005-07-29 09:37:20.000,1.213500,1.213800,D
173360051,EUR/USD,2005-07-29 09:37:21.000,1.213400,1.213700,D
173360060,EUR/USD,2005-07-29 09:37:22.000,1.213500,1.213800,D
173360126,EUR/USD,2005-07-29 09:37:51.000,1.213600,1.213900,D
173360143,EUR/USD,2005-07-29 09:37:58.000,1.213500,1.213800,D
173360171,EUR/USD,2005-07-29 09:38:09.000,1.213400,1.213700,D
173360185,EUR/USD,2005-07-29 09:38:12.000,1.213500,1.213800,D
173360188,EUR/USD,2005-07-29 09:38:13.000,1.213400,1.213700,D
173360195,EUR/USD,2005-07-29 09:38:17.000,1.213300,1.213600,D
173360231,EUR/USD,2005-07-29 09:38:28.000,1.213400,1.213700,D
173360236,EUR/USD,2005-07-29 09:38:29.000,1.213300,1.213600,D
173360240,EUR/USD,2005-07-29 09:38:31.000,1.213400,1.213700,D
173360293,EUR/USD,2005-07-29 09:38:59.000,1.213500,1.213800,D
173360330,EUR/USD,2005-07-29 09:39:07.000,1.213600,1.213900,D
173360348,EUR/USD,2005-07-29 09:39:12.000,1.213700,1.214000,D
173360360,EUR/USD,2005-07-29 09:39:14.000,1.213800,1.214100,D
173360399,EUR/USD,2005-07-29 09:39:20.000,1.213700,1.214000,D
173360435,EUR/USD,2005-07-29 09:39:26.000,1.213600,1.213900,D
173360476,EUR/USD,2005-07-29 09:39:39.000,1.213500,1.213800,D
173360506,EUR/USD,2005-07-29 09:39:47.000,1.213400,1.213700,D
173360512,EUR/USD,2005-07-29 09:39:50.000,1.213500,1.213800,D
173360524,EUR/USD,2005-07-29 09:39:51.000,1.213400,1.213700,D
173360532,EUR/USD,2005-07-29 09:39:56.000,1.213500,1.213800,D
173360536,EUR/USD,2005-07-29 09:39:58.000,1.213400,1.213700,D
173360554,EUR/USD,2005-07-29 09:40:04.000,1.213500,1.213800,D
173360556,EUR/USD,2005-07-29 09:40:06.000,1.213400,1.213700,D
173360562,EUR/USD,2005-07-29 09:40:10.000,1.213500,1.213800,D
173360572,EUR/USD,2005-07-29 09:40:19.000,1.213600,1.213900,D
173360583,EUR/USD,2005-07-29 09:40:20.000,1.213500,1.213800,D
173360588,EUR/USD,2005-07-29 09:40:21.000,1.213600,1.213900,D
173360597,EUR/USD,2005-07-29 09:40:23.000,1.213700,1.214000,D
173360622,EUR/USD,2005-07-29 09:40:26.000,1.213600,1.213900,D
173360642,EUR/USD,2005-07-29 09:40:30.000,1.213700,1.214000,D
173360651,EUR/USD,2005-07-29 09:40:32.000,1.213800,1.214100,D
173360656,EUR/USD,2005-07-29 09:40:33.000,1.213700,1.214000,D
173360728,EUR/USD,2005-07-29 09:40:46.000,1.213600,1.213900,D
173360755,EUR/USD,2005-07-29 09:40:54.000,1.213700,1.214000,D
173360765,EUR/USD,2005-07-29 09:40:56.000,1.213600,1.213900,D
173360769,EUR/USD,2005-07-29 09:41:00.000,1.213500,1.213800,D
173360775,EUR/USD,2005-07-29 09:41:00.000,1.213600,1.213900,D
173360790,EUR/USD,2005-07-29 09:41:08.000,1.213500,1.213800,D
173360801,EUR/USD,2005-07-29 09:41:09.000,1.213600,1.213900,D
173360815,EUR/USD,2005-07-29 09:41:15.000,1.213500,1.213800,D
173360826,EUR/USD,2005-07-29 09:41:18.000,1.213600,1.213900,D
173360838,EUR/USD,2005-07-29 09:41:21.000,1.213500,1.213800,D
173360854,EUR/USD,2005-07-29 09:41:29.000,1.213600,1.213900,D
173360878,EUR/USD,2005-07-29 09:41:37.000,1.213500,1.213800,D
173360887,EUR/USD,2005-07-29 09:41:39.000,1.213600,1.213900,D
173360893,EUR/USD,2005-07-29 09:41:40.000,1.213500,1.213800,D
173360901,EUR/USD,2005-07-29 09:41:42.000,1.213600,1.213900,D
173360906,EUR/USD,2005-07-29 09:41:44.000,1.213500,1.213800,D
173360916,EUR/USD,2005-07-29 09:41:46.000,1.213600,1.213900,D
173360922,EUR/USD,2005-07-29 09:41:48.000,1.213500,1.213800,D
173360927,EUR/USD,2005-07-29 09:41:49.000,1.213600,1.213900,D
173360959,EUR/USD,2005-07-29 09:41:58.000,1.213700,1.214000,D
173360970,EUR/USD,2005-07-29 09:42:00.000,1.213600,1.213900,D
173360981,EUR/USD,2005-07-29 09:42:07.000,1.213500,1.213800,D
173361009,EUR/USD,2005-07-29 09:42:13.000,1.213400,1.213700,D
173361044,EUR/USD,2005-07-29 09:42:20.000,1.213500,1.213800,D
173361055,EUR/USD,2005-07-29 09:42:25.000,1.213400,1.213700,D
173361087,EUR/USD,2005-07-29 09:42:44.000,1.213300,1.213600,D
173361091,EUR/USD,2005-07-29 09:42:45.000,1.213400,1.213700,D
173361094,EUR/USD,2005-07-29 09:42:46.000,1.213300,1.213600,D
173361159,EUR/USD,2005-07-29 09:43:22.000,1.213200,1.213500,D
173361206,EUR/USD,2005-07-29 09:43:41.000,1.213300,1.213600,D
173361230,EUR/USD,2005-07-29 09:43:48.000,1.213200,1.213500,D
173361242,EUR/USD,2005-07-29 09:43:53.000,1.213300,1.213600,D
173361243,EUR/USD,2005-07-29 09:43:56.000,1.213200,1.213500,D
173361247,EUR/USD,2005-07-29 09:43:57.000,1.213100,1.213400,D
173361320,EUR/USD,2005-07-29 09:44:30.000,1.213200,1.213500,D
173361354,EUR/USD,2005-07-29 09:44:39.000,1.213300,1.213600,D
173361378,EUR/USD,2005-07-29 09:44:48.000,1.213200,1.213500,D
173361392,EUR/USD,2005-07-29 09:44:59.000,1.213300,1.213600,D
173361430,EUR/USD,2005-07-29 09:45:11.000,1.213400,1.213700,D
173361437,EUR/USD,2005-07-29 09:45:12.000,1.213500,1.213800,D
173361517,EUR/USD,2005-07-29 09:45:40.000,1.213400,1.213700,D
173361536,EUR/USD,2005-07-29 09:45:45.000,1.213500,1.213800,D
173361577,EUR/USD,2005-07-29 09:45:55.000,1.213600,1.213900,D
173361602,EUR/USD,2005-07-29 09:46:05.000,1.213500,1.213800,D
173361607,EUR/USD,2005-07-29 09:46:06.000,1.213600,1.213900,D
173361614,EUR/USD,2005-07-29 09:46:07.000,1.213500,1.213800,D
173361631,EUR/USD,2005-07-29 09:46:12.000,1.213400,1.213700,D
173361648,EUR/USD,2005-07-29 09:46:22.000,1.213300,1.213600,D
173361657,EUR/USD,2005-07-29 09:46:24.000,1.213400,1.213700,D
173361666,EUR/USD,2005-07-29 09:46:29.000,1.213300,1.213600,D
173361668,EUR/USD,2005-07-29 09:46:30.000,1.213400,1.213700,D
173361672,EUR/USD,2005-07-29 09:46:32.000,1.213200,1.213500,D
173361700,EUR/USD,2005-07-29 09:46:40.000,1.213100,1.213400,D
173361713,EUR/USD,2005-07-29 09:46:43.000,1.213200,1.213500,D
173361727,EUR/USD,2005-07-29 09:46:47.000,1.213300,1.213600,D
173361734,EUR/USD,2005-07-29 09:46:48.000,1.213400,1.213700,D
173361759,EUR/USD,2005-07-29 09:46:52.000,1.213500,1.213800,D
173361784,EUR/USD,2005-07-29 09:47:01.000,1.213600,1.213900,D
173361839,EUR/USD,2005-07-29 09:47:08.000,1.213700,1.214000,D
173361843,EUR/USD,2005-07-29 09:47:08.000,1.213800,1.214100,D
173361845,EUR/USD,2005-07-29 09:47:08.000,1.213700,1.214000,D
173361863,EUR/USD,2005-07-29 09:47:11.000,1.213600,1.213900,D
173361882,EUR/USD,2005-07-29 09:47:14.000,1.213700,1.214000,D
173361934,EUR/USD,2005-07-29 09:47:20.000,1.213600,1.213900,D
173361950,EUR/USD,2005-07-29 09:47:23.000,1.213500,1.213800,D
173362002,EUR/USD,2005-07-29 09:47:42.000,1.213600,1.213900,D
173362017,EUR/USD,2005-07-29 09:47:49.000,1.213500,1.213800,D
173362023,EUR/USD,2005-07-29 09:47:51.000,1.213600,1.213900,D
173362042,EUR/USD,2005-07-29 09:48:01.000,1.213500,1.213800,D
173362052,EUR/USD,2005-07-29 09:48:03.000,1.213600,1.213900,D
173362083,EUR/USD,2005-07-29 09:48:20.000,1.213700,1.214000,D
173362103,EUR/USD,2005-07-29 09:48:24.000,1.213600,1.213900,D
173362114,EUR/USD,2005-07-29 09:48:35.000,1.213700,1.214000,D
173362136,EUR/USD,2005-07-29 09:48:41.000,1.213600,1.213900,D
173362161,EUR/USD,2005-07-29 09:48:54.000,1.213700,1.214000,D
173362168,EUR/USD,2005-07-29 09:48:56.000,1.213600,1.213900,D
173362193,EUR/USD,2005-07-29 09:49:01.000,1.213700,1.214000,D
173362194,EUR/USD,2005-07-29 09:49:02.000,1.213600,1.213900,D
173362195,EUR/USD,2005-07-29 09:49:03.000,1.213700,1.214000,D
173362215,EUR/USD,2005-07-29 09:49:19.000,1.213600,1.213900,D
173362216,EUR/USD,2005-07-29 09:49:21.000,1.213700,1.214000,D
173362218,EUR/USD,2005-07-29 09:49:22.000,1.213600,1.213900,D
173362233,EUR/USD,2005-07-29 09:49:25.000,1.213700,1.214000,D
173362270,EUR/USD,2005-07-29 09:49:34.000,1.213600,1.213900,D
173362271,EUR/USD,2005-07-29 09:49:36.000,1.213700,1.214000,D
173362287,EUR/USD,2005-07-29 09:49:38.000,1.213600,1.213900,D
173362381,EUR/USD,2005-07-29 09:50:01.000,1.213500,1.213800,D
173362396,EUR/USD,2005-07-29 09:50:05.000,1.213600,1.213900,D
173362432,EUR/USD,2005-07-29 09:50:20.000,1.213500,1.213800,D
173362445,EUR/USD,2005-07-29 09:50:23.000,1.213600,1.213900,D
173362457,EUR/USD,2005-07-29 09:50:27.000,1.213500,1.213800,D
173362462,EUR/USD,2005-07-29 09:50:29.000,1.213600,1.213900,D
173362483,EUR/USD,2005-07-29 09:50:38.000,1.213500,1.213800,D
173362517,EUR/USD,2005-07-29 09:50:50.000,1.213400,1.213700,D
173362562,EUR/USD,2005-07-29 09:51:00.000,1.213500,1.213800,D
173362563,EUR/USD,2005-07-29 09:51:00.000,1.213400,1.213700,D
173362567,EUR/USD,2005-07-29 09:51:03.000,1.213500,1.213800,D
173362568,EUR/USD,2005-07-29 09:51:03.000,1.213400,1.213700,D
173362582,EUR/USD,2005-07-29 09:51:05.000,1.213300,1.213600,D
173362592,EUR/USD,2005-07-29 09:51:08.000,1.213200,1.213500,D
173362622,EUR/USD,2005-07-29 09:51:13.000,1.213300,1.213600,D
173362635,EUR/USD,2005-07-29 09:51:16.000,1.213400,1.213700,D
173362671,EUR/USD,2005-07-29 09:51:24.000,1.213500,1.213800,D
173362685,EUR/USD,2005-07-29 09:51:25.000,1.213600,1.213900,D
173362713,EUR/USD,2005-07-29 09:51:28.000,1.213500,1.213800,D
173362725,EUR/USD,2005-07-29 09:51:31.000,1.213600,1.213900,D
173362732,EUR/USD,2005-07-29 09:51:33.000,1.213700,1.214000,D
173362749,EUR/USD,2005-07-29 09:51:36.000,1.213600,1.213900,D
173362810,EUR/USD,2005-07-29 09:51:49.000,1.213500,1.213800,D
173362820,EUR/USD,2005-07-29 09:51:50.000,1.213600,1.213900,D
173362832,EUR/USD,2005-07-29 09:51:52.000,1.213500,1.213800,D
173362841,EUR/USD,2005-07-29 09:51:55.000,1.213400,1.213700,D
173362936,EUR/USD,2005-07-29 09:52:34.000,1.213300,1.213600,D
173362960,EUR/USD,2005-07-29 09:52:42.000,1.213200,1.213500,D
173363003,EUR/USD,2005-07-29 09:52:46.000,1.213100,1.213400,D
173363005,EUR/USD,2005-07-29 09:52:47.000,1.213200,1.213500,D
173363009,EUR/USD,2005-07-29 09:52:47.000,1.213100,1.213400,D
173363045,EUR/USD,2005-07-29 09:53:00.000,1.213200,1.213500,D
173363062,EUR/USD,2005-07-29 09:53:04.000,1.213100,1.213400,D
173363103,EUR/USD,2005-07-29 09:53:20.000,1.213200,1.213500,D
173363133,EUR/USD,2005-07-29 09:53:26.000,1.213100,1.213400,D
173363147,EUR/USD,2005-07-29 09:53:29.000,1.213200,1.213500,D
173363213,EUR/USD,2005-07-29 09:53:52.000,1.213300,1.213600,D
173363219,EUR/USD,2005-07-29 09:53:53.000,1.213200,1.213500,D
173363260,EUR/USD,2005-07-29 09:54:04.000,1.213100,1.213400,D
173363266,EUR/USD,2005-07-29 09:54:06.000,1.213200,1.213500,D
173363275,EUR/USD,2005-07-29 09:54:09.000,1.213100,1.213400,D
173363279,EUR/USD,2005-07-29 09:54:09.000,1.213000,1.213300,D
173363285,EUR/USD,2005-07-29 09:54:10.000,1.213100,1.213400,D
173363293,EUR/USD,2005-07-29 09:54:11.000,1.213000,1.213300,D
173363298,EUR/USD,2005-07-29 09:54:12.000,1.212900,1.213200,D
173363308,EUR/USD,2005-07-29 09:54:13.000,1.213000,1.213300,D
173363340,EUR/USD,2005-07-29 09:54:20.000,1.212900,1.213100,D
173363349,EUR/USD,2005-07-29 09:54:21.000,1.212700,1.213000,D
173363357,EUR/USD,2005-07-29 09:54:21.000,1.212800,1.213100,D
173363388,EUR/USD,2005-07-29 09:54:24.000,1.212900,1.213200,D
173363393,EUR/USD,2005-07-29 09:54:24.000,1.212800,1.213100,D
173363403,EUR/USD,2005-07-29 09:54:26.000,1.212700,1.213000,D
173363413,EUR/USD,2005-07-29 09:54:29.000,1.212800,1.213100,D
173363430,EUR/USD,2005-07-29 09:54:31.000,1.212700,1.213000,D
173363437,EUR/USD,2005-07-29 09:54:31.000,1.212800,1.213100,D
173363452,EUR/USD,2005-07-29 09:54:36.000,1.212900,1.213200,D
173363509,EUR/USD,2005-07-29 09:54:47.000,1.212800,1.213100,D
173363544,EUR/USD,2005-07-29 09:54:54.000,1.212700,1.213000,D
173363574,EUR/USD,2005-07-29 09:55:02.000,1.212800,1.213100,D
173363580,EUR/USD,2005-07-29 09:55:03.000,1.212700,1.213000,D
173363592,EUR/USD,2005-07-29 09:55:08.000,1.212800,1.213100,D
173363621,EUR/USD,2005-07-29 09:55:15.000,1.212700,1.213000,D
173363642,EUR/USD,2005-07-29 09:55:24.000,1.212800,1.213100,D
173363675,EUR/USD,2005-07-29 09:55:34.000,1.212900,1.213200,D
173363697,EUR/USD,2005-07-29 09:55:37.000,1.212800,1.213100,D
173363701,EUR/USD,2005-07-29 09:55:38.000,1.212900,1.213200,D
173363707,EUR/USD,2005-07-29 09:55:39.000,1.212800,1.213100,D
173363715,EUR/USD,2005-07-29 09:55:40.000,1.212900,1.213200,D
173363716,EUR/USD,2005-07-29 09:55:41.000,1.212800,1.213100,D
173363733,EUR/USD,2005-07-29 09:55:43.000,1.212900,1.213200,D
173363762,EUR/USD,2005-07-29 09:55:55.000,1.213000,1.213300,D
173363768,EUR/USD,2005-07-29 09:55:57.000,1.212900,1.213200,D
173363817,EUR/USD,2005-07-29 09:56:11.000,1.213000,1.213300,D
173363823,EUR/USD,2005-07-29 09:56:12.000,1.212900,1.213200,D
173363854,EUR/USD,2005-07-29 09:56:21.000,1.212800,1.213100,D
173363866,EUR/USD,2005-07-29 09:56:22.000,1.212900,1.213200,D
173363879,EUR/USD,2005-07-29 09:56:24.000,1.212800,1.213100,D
173363889,EUR/USD,2005-07-29 09:56:25.000,1.212900,1.213200,D
173363911,EUR/USD,2005-07-29 09:56:33.000,1.212800,1.213100,D
173364003,EUR/USD,2005-07-29 09:57:08.000,1.212700,1.213000,D
173364008,EUR/USD,2005-07-29 09:57:09.000,1.212600,1.212900,D
173364030,EUR/USD,2005-07-29 09:57:12.000,1.212400,1.212700,D
173364054,EUR/USD,2005-07-29 09:57:15.000,1.212300,1.212600,D
173364074,EUR/USD,2005-07-29 09:57:17.000,1.212200,1.212500,D
173364095,EUR/USD,2005-07-29 09:57:18.000,1.212100,1.212400,D
173364107,EUR/USD,2005-07-29 09:57:19.000,1.212000,1.212300,D
173364115,EUR/USD,2005-07-29 09:57:21.000,1.211900,1.212200,D
173364118,EUR/USD,2005-07-29 09:57:21.000,1.211800,1.212100,D
173364153,EUR/USD,2005-07-29 09:57:23.000,1.211700,1.212000,D
173364155,EUR/USD,2005-07-29 09:57:24.000,1.211800,1.212100,D
173364199,EUR/USD,2005-07-29 09:57:27.000,1.212000,1.212300,D
173364215,EUR/USD,2005-07-29 09:57:28.000,1.211900,1.212200,D
173364244,EUR/USD,2005-07-29 09:57:30.000,1.211800,1.212100,D
173364259,EUR/USD,2005-07-29 09:57:32.000,1.211700,1.212000,D
173364272,EUR/USD,2005-07-29 09:57:34.000,1.211800,1.212100,D
173364288,EUR/USD,2005-07-29 09:57:36.000,1.211900,1.212200,D
173364292,EUR/USD,2005-07-29 09:57:37.000,1.212000,1.212300,D
173364304,EUR/USD,2005-07-29 09:57:39.000,1.212100,1.212400,D
173364322,EUR/USD,2005-07-29 09:57:41.000,1.212000,1.212300,D
173364335,EUR/USD,2005-07-29 09:57:42.000,1.212200,1.212500,D
173364353,EUR/USD,2005-07-29 09:57:44.000,1.212100,1.212400,D
173364355,EUR/USD,2005-07-29 09:57:44.000,1.212200,1.212500,D
173364362,EUR/USD,2005-07-29 09:57:45.000,1.212100,1.212400,D
173364372,EUR/USD,2005-07-29 09:57:46.000,1.212200,1.212500,D
173364378,EUR/USD,2005-07-29 09:57:47.000,1.212100,1.212400,D
173364404,EUR/USD,2005-07-29 09:57:49.000,1.212200,1.212500,D
173364427,EUR/USD,2005-07-29 09:57:53.000,1.212300,1.212600,D
173364441,EUR/USD,2005-07-29 09:57:56.000,1.212200,1.212500,D
173364452,EUR/USD,2005-07-29 09:57:57.000,1.212100,1.212400,D
173364473,EUR/USD,2005-07-29 09:57:59.000,1.212000,1.212300,D
173364485,EUR/USD,2005-07-29 09:58:00.000,1.211900,1.212200,D
173364518,EUR/USD,2005-07-29 09:58:04.000,1.212000,1.212300,D
173364529,EUR/USD,2005-07-29 09:58:05.000,1.212100,1.212400,D
173364596,EUR/USD,2005-07-29 09:58:13.000,1.212200,1.212500,D
173364609,EUR/USD,2005-07-29 09:58:14.000,1.212100,1.212400,D
173364629,EUR/USD,2005-07-29 09:58:15.000,1.212200,1.212500,D
173364658,EUR/USD,2005-07-29 09:58:18.000,1.212300,1.212600,D
173364676,EUR/USD,2005-07-29 09:58:21.000,1.212400,1.212700,D
173364701,EUR/USD,2005-07-29 09:58:24.000,1.212500,1.212800,D
173364707,EUR/USD,2005-07-29 09:58:25.000,1.212600,1.212900,D
173364722,EUR/USD,2005-07-29 09:58:26.000,1.212700,1.213000,D
173364743,EUR/USD,2005-07-29 09:58:28.000,1.212800,1.213100,D
173364773,EUR/USD,2005-07-29 09:58:31.000,1.212900,1.213200,D
173364812,EUR/USD,2005-07-29 09:58:34.000,1.213100,1.213400,D
173364834,EUR/USD,2005-07-29 09:58:35.000,1.213000,1.213300,D
173364846,EUR/USD,2005-07-29 09:58:35.000,1.212900,1.213200,D
173364847,EUR/USD,2005-07-29 09:58:36.000,1.213000,1.213300,D
173364864,EUR/USD,2005-07-29 09:58:37.000,1.212900,1.213200,D
173364880,EUR/USD,2005-07-29 09:58:38.000,1.212800,1.213100,D
173365020,EUR/USD,2005-07-29 09:58:50.000,1.212900,1.213200,D
173365061,EUR/USD,2005-07-29 09:58:55.000,1.213000,1.213300,D
173365076,EUR/USD,2005-07-29 09:58:58.000,1.213100,1.213400,D
173365079,EUR/USD,2005-07-29 09:58:58.000,1.213000,1.213300,D
173365086,EUR/USD,2005-07-29 09:58:59.000,1.212900,1.213200,D
173365087,EUR/USD,2005-07-29 09:58:59.000,1.213000,1.213300,D
173365093,EUR/USD,2005-07-29 09:59:00.000,1.213100,1.213400,D
173365112,EUR/USD,2005-07-29 09:59:02.000,1.213200,1.213500,D
173365118,EUR/USD,2005-07-29 09:59:03.000,1.213300,1.213600,D
173365160,EUR/USD,2005-07-29 09:59:06.000,1.213200,1.213500,D
173365267,EUR/USD,2005-07-29 09:59:22.000,1.213100,1.213400,D
173365293,EUR/USD,2005-07-29 09:59:30.000,1.213000,1.213300,D
173365297,EUR/USD,2005-07-29 09:59:31.000,1.213100,1.213400,D
173365306,EUR/USD,2005-07-29 09:59:32.000,1.213000,1.213300,D
173365309,EUR/USD,2005-07-29 09:59:32.000,1.212900,1.213200,D
173365333,EUR/USD,2005-07-29 09:59:34.000,1.212800,1.213100,D
173365361,EUR/USD,2005-07-29 09:59:37.000,1.212900,1.213200,D
173365373,EUR/USD,2005-07-29 09:59:39.000,1.213000,1.213300,D
173365375,EUR/USD,2005-07-29 09:59:40.000,1.212900,1.213200,D
173365381,EUR/USD,2005-07-29 09:59:40.000,1.213000,1.213300,D
173365408,EUR/USD,2005-07-29 09:59:43.000,1.213100,1.213400,D
173365436,EUR/USD,2005-07-29 09:59:46.000,1.212900,1.213200,D
173365449,EUR/USD,2005-07-29 09:59:47.000,1.213000,1.213300,D
173365479,EUR/USD,2005-07-29 09:59:52.000,1.213100,1.213400,D
173365496,EUR/USD,2005-07-29 09:59:53.000,1.213200,1.213500,D
173365513,EUR/USD,2005-07-29 09:59:55.000,1.213100,1.213400,D
173365521,EUR/USD,2005-07-29 09:59:55.000,1.213200,1.213500,D
173365525,EUR/USD,2005-07-29 09:59:56.000,1.213100,1.213400,D
173365547,EUR/USD,2005-07-29 09:59:59.000,1.213000,1.213300,D
173365562,EUR/USD,2005-07-29 10:00:01.000,1.212900,1.213200,D
173365565,EUR/USD,2005-07-29 10:00:02.000,1.212800,1.213100,D
173365589,EUR/USD,2005-07-29 10:00:03.000,1.212700,1.213000,D
173365609,EUR/USD,2005-07-29 10:00:04.000,1.212800,1.213100,D
173365638,EUR/USD,2005-07-29 10:00:06.000,1.212900,1.213200,D
173365650,EUR/USD,2005-07-29 10:00:06.000,1.212800,1.213100,D
173365660,EUR/USD,2005-07-29 10:00:07.000,1.212700,1.213000,D
173365667,EUR/USD,2005-07-29 10:00:08.000,1.212800,1.213100,D
173365692,EUR/USD,2005-07-29 10:00:11.000,1.212700,1.213000,D
173365695,EUR/USD,2005-07-29 10:00:11.000,1.212600,1.212900,D
173365722,EUR/USD,2005-07-29 10:00:14.000,1.212500,1.212800,D
173365737,EUR/USD,2005-07-29 10:00:15.000,1.212400,1.212700,D
173365770,EUR/USD,2005-07-29 10:00:17.000,1.212300,1.212600,D
173365778,EUR/USD,2005-07-29 10:00:18.000,1.212200,1.212500,D
173365795,EUR/USD,2005-07-29 10:00:20.000,1.212100,1.212400,D
173365815,EUR/USD,2005-07-29 10:00:21.000,1.212000,1.212300,D
173365826,EUR/USD,2005-07-29 10:00:22.000,1.212100,1.212400,D
173365848,EUR/USD,2005-07-29 10:00:24.000,1.212200,1.212500,D
173365867,EUR/USD,2005-07-29 10:00:27.000,1.212100,1.212400,D
173365868,EUR/USD,2005-07-29 10:00:27.000,1.212200,1.212500,D
173365876,EUR/USD,2005-07-29 10:00:28.000,1.212300,1.212600,D
173365894,EUR/USD,2005-07-29 10:00:30.000,1.212400,1.212700,D
173365896,EUR/USD,2005-07-29 10:00:30.000,1.212300,1.212600,D
173365899,EUR/USD,2005-07-29 10:00:31.000,1.212400,1.212700,D
173365921,EUR/USD,2005-07-29 10:00:34.000,1.212500,1.212800,D
173365936,EUR/USD,2005-07-29 10:00:35.000,1.212600,1.212900,D
173365960,EUR/USD,2005-07-29 10:00:37.000,1.212700,1.213000,D
173365974,EUR/USD,2005-07-29 10:00:38.000,1.212800,1.213100,D
173365991,EUR/USD,2005-07-29 10:00:39.000,1.212900,1.213200,D
173366031,EUR/USD,2005-07-29 10:00:43.000,1.212800,1.213100,D
173366044,EUR/USD,2005-07-29 10:00:45.000,1.212700,1.213000,D
173366053,EUR/USD,2005-07-29 10:00:46.000,1.212600,1.212900,D
173366062,EUR/USD,2005-07-29 10:00:47.000,1.212700,1.213000,D
173366068,EUR/USD,2005-07-29 10:00:49.000,1.212600,1.212900,D
173366074,EUR/USD,2005-07-29 10:00:49.000,1.212500,1.212800,D
173366084,EUR/USD,2005-07-29 10:00:50.000,1.212600,1.212900,D
173366092,EUR/USD,2005-07-29 10:00:51.000,1.212500,1.212800,D
173366122,EUR/USD,2005-07-29 10:00:55.000,1.212400,1.212700,D
173366162,EUR/USD,2005-07-29 10:01:02.000,1.212500,1.212800,D
173366177,EUR/USD,2005-07-29 10:01:03.000,1.212600,1.212900,D
173366184,EUR/USD,2005-07-29 10:01:04.000,1.212500,1.212800,D
173366195,EUR/USD,2005-07-29 10:01:07.000,1.212600,1.212900,D
173366201,EUR/USD,2005-07-29 10:01:08.000,1.212500,1.212800,D
173366209,EUR/USD,2005-07-29 10:01:08.000,1.212600,1.212900,D
173366216,EUR/USD,2005-07-29 10:01:09.000,1.212500,1.212800,D
173366230,EUR/USD,2005-07-29 10:01:11.000,1.212400,1.212700,D
173366254,EUR/USD,2005-07-29 10:01:14.000,1.212200,1.212500,D
173366274,EUR/USD,2005-07-29 10:01:16.000,1.212100,1.212400,D
173366280,EUR/USD,2005-07-29 10:01:17.000,1.212200,1.212500,D
173366310,EUR/USD,2005-07-29 10:01:20.000,1.212100,1.212400,D
173366328,EUR/USD,2005-07-29 10:01:24.000,1.212000,1.212300,D
173366337,EUR/USD,2005-07-29 10:01:25.000,1.211900,1.212200,D
173366352,EUR/USD,2005-07-29 10:01:28.000,1.211800,1.212100,D
173366370,EUR/USD,2005-07-29 10:01:29.000,1.211700,1.212000,D
173366377,EUR/USD,2005-07-29 10:01:30.000,1.211800,1.212100,D
173366399,EUR/USD,2005-07-29 10:01:32.000,1.211700,1.212000,D
173366418,EUR/USD,2005-07-29 10:01:35.000,1.211800,1.212100,D
173366447,EUR/USD,2005-07-29 10:01:40.000,1.211900,1.212200,D
173366458,EUR/USD,2005-07-29 10:01:42.000,1.211800,1.212100,D
173366461,EUR/USD,2005-07-29 10:01:42.000,1.211900,1.212200,D
173366468,EUR/USD,2005-07-29 10:01:43.000,1.211800,1.212100,D
173366478,EUR/USD,2005-07-29 10:01:44.000,1.211700,1.212000,D
173366490,EUR/USD,2005-07-29 10:01:46.000,1.211600,1.211900,D
173366516,EUR/USD,2005-07-29 10:01:49.000,1.211700,1.212000,D
173366548,EUR/USD,2005-07-29 10:01:53.000,1.211800,1.212100,D
173366565,EUR/USD,2005-07-29 10:01:55.000,1.211700,1.212000,D
173366573,EUR/USD,2005-07-29 10:01:55.000,1.211800,1.212100,D
173366602,EUR/USD,2005-07-29 10:01:59.000,1.211900,1.212200,D
173366630,EUR/USD,2005-07-29 10:02:02.000,1.212000,1.212300,D
173366633,EUR/USD,2005-07-29 10:02:02.000,1.211900,1.212200,D
173366636,EUR/USD,2005-07-29 10:02:03.000,1.212000,1.212300,D
173366656,EUR/USD,2005-07-29 10:02:04.000,1.211900,1.212200,D
173366678,EUR/USD,2005-07-29 10:02:06.000,1.211800,1.212100,D
173366691,EUR/USD,2005-07-29 10:02:07.000,1.211700,1.212000,D
173366734,EUR/USD,2005-07-29 10:02:12.000,1.211800,1.212100,D
173366762,EUR/USD,2005-07-29 10:02:17.000,1.211900,1.212200,D
173366774,EUR/USD,2005-07-29 10:02:18.000,1.212000,1.212300,D
173366790,EUR/USD,2005-07-29 10:02:19.000,1.211900,1.212200,D
173366800,EUR/USD,2005-07-29 10:02:20.000,1.212000,1.212300,D
173366837,EUR/USD,2005-07-29 10:02:24.000,1.212100,1.212400,D
173366847,EUR/USD,2005-07-29 10:02:25.000,1.212200,1.212500,D
173366859,EUR/USD,2005-07-29 10:02:25.000,1.212100,1.212400,D
173366944,EUR/USD,2005-07-29 10:02:36.000,1.212000,1.212300,D
173366975,EUR/USD,2005-07-29 10:02:40.000,1.212100,1.212400,D
173367025,EUR/USD,2005-07-29 10:02:49.000,1.212000,1.212300,D
173367037,EUR/USD,2005-07-29 10:02:52.000,1.211900,1.212200,D
173367069,EUR/USD,2005-07-29 10:02:56.000,1.211800,1.212100,D
173367095,EUR/USD,2005-07-29 10:02:59.000,1.211700,1.212000,D
173367131,EUR/USD,2005-07-29 10:03:06.000,1.211800,1.212100,D
173367164,EUR/USD,2005-07-29 10:03:10.000,1.211700,1.212000,D
173367173,EUR/USD,2005-07-29 10:03:11.000,1.211800,1.212100,D
173367183,EUR/USD,2005-07-29 10:03:11.000,1.211700,1.212000,D
173367207,EUR/USD,2005-07-29 10:03:15.000,1.211800,1.212100,D
173367210,EUR/USD,2005-07-29 10:03:17.000,1.211700,1.212000,D
173367219,EUR/USD,2005-07-29 10:03:18.000,1.211600,1.211900,D
173367270,EUR/USD,2005-07-29 10:03:25.000,1.211700,1.212000,D
173367281,EUR/USD,2005-07-29 10:03:26.000,1.211800,1.212100,D
173367295,EUR/USD,2005-07-29 10:03:28.000,1.211700,1.212000,D
173367304,EUR/USD,2005-07-29 10:03:28.000,1.211800,1.212100,D
173367320,EUR/USD,2005-07-29 10:03:30.000,1.211900,1.212200,D
173367327,EUR/USD,2005-07-29 10:03:31.000,1.211800,1.212100,D
173367348,EUR/USD,2005-07-29 10:03:34.000,1.211900,1.212200,D
173367355,EUR/USD,2005-07-29 10:03:36.000,1.212000,1.212300,D
173367370,EUR/USD,2005-07-29 10:03:36.000,1.212100,1.212400,D
173367437,EUR/USD,2005-07-29 10:03:43.000,1.212000,1.212300,D
173367447,EUR/USD,2005-07-29 10:03:44.000,1.211900,1.212200,D
173367488,EUR/USD,2005-07-29 10:03:48.000,1.212000,1.212300,D
173367511,EUR/USD,2005-07-29 10:03:51.000,1.211900,1.212200,D
173367522,EUR/USD,2005-07-29 10:03:52.000,1.212000,1.212300,D
173367526,EUR/USD,2005-07-29 10:03:52.000,1.211900,1.212200,D
173367536,EUR/USD,2005-07-29 10:03:53.000,1.212000,1.212300,D
173367541,EUR/USD,2005-07-29 10:03:54.000,1.211900,1.212200,D
173367545,EUR/USD,2005-07-29 10:03:55.000,1.211800,1.212100,D
173367555,EUR/USD,2005-07-29 10:03:56.000,1.211900,1.212200,D
173367586,EUR/USD,2005-07-29 10:04:01.000,1.212000,1.212300,D
173367617,EUR/USD,2005-07-29 10:04:07.000,1.212100,1.212400,D
173367632,EUR/USD,2005-07-29 10:04:09.000,1.212200,1.212500,D
173367648,EUR/USD,2005-07-29 10:04:10.000,1.212300,1.212600,D
173367661,EUR/USD,2005-07-29 10:04:11.000,1.212200,1.212500,D
173367685,EUR/USD,2005-07-29 10:04:14.000,1.212100,1.212400,D
173367694,EUR/USD,2005-07-29 10:04:15.000,1.212200,1.212500,D
173367729,EUR/USD,2005-07-29 10:04:20.000,1.212300,1.212600,D
173367737,EUR/USD,2005-07-29 10:04:21.000,1.212400,1.212700,D
173367739,EUR/USD,2005-07-29 10:04:22.000,1.212500,1.212800,D
173367751,EUR/USD,2005-07-29 10:04:24.000,1.212600,1.212900,D
173367763,EUR/USD,2005-07-29 10:04:26.000,1.212700,1.213000,D
173367788,EUR/USD,2005-07-29 10:04:28.000,1.212800,1.213100,D
173367792,EUR/USD,2005-07-29 10:04:28.000,1.212700,1.213000,D
173367802,EUR/USD,2005-07-29 10:04:30.000,1.212600,1.212900,D
173367818,EUR/USD,2005-07-29 10:04:33.000,1.212500,1.212800,D
173367829,EUR/USD,2005-07-29 10:04:34.000,1.212600,1.212900,D
173367840,EUR/USD,2005-07-29 10:04:38.000,1.212500,1.212800,D
173367851,EUR/USD,2005-07-29 10:04:40.000,1.212600,1.212900,D
173367861,EUR/USD,2005-07-29 10:04:44.000,1.212500,1.212800,D
173367869,EUR/USD,2005-07-29 10:04:47.000,1.212400,1.212700,D
173367903,EUR/USD,2005-07-29 10:04:53.000,1.212300,1.212600,D
173367911,EUR/USD,2005-07-29 10:04:54.000,1.212200,1.212500,D
173367918,EUR/USD,2005-07-29 10:04:55.000,1.212100,1.212400,D
173367930,EUR/USD,2005-07-29 10:04:58.000,1.212000,1.212300,D
173367949,EUR/USD,2005-07-29 10:05:02.000,1.211900,1.212200,D
173368018,EUR/USD,2005-07-29 10:05:14.000,1.211800,1.212100,D
173368026,EUR/USD,2005-07-29 10:05:16.000,1.211700,1.212000,D
173368103,EUR/USD,2005-07-29 10:05:23.000,1.211600,1.211900,D
173368167,EUR/USD,2005-07-29 10:05:32.000,1.211700,1.212000,D
173368213,EUR/USD,2005-07-29 10:05:40.000,1.211600,1.211900,D
173368227,EUR/USD,2005-07-29 10:05:42.000,1.211700,1.212000,D
173368242,EUR/USD,2005-07-29 10:05:46.000,1.211800,1.212100,D
173368258,EUR/USD,2005-07-29 10:05:48.000,1.211900,1.212200,D
173368281,EUR/USD,2005-07-29 10:05:50.000,1.212000,1.212300,D
173368312,EUR/USD,2005-07-29 10:05:57.000,1.212100,1.212400,D
173368354,EUR/USD,2005-07-29 10:06:05.000,1.212000,1.212300,D
173368431,EUR/USD,2005-07-29 10:06:14.000,1.212100,1.212400,D
173368444,EUR/USD,2005-07-29 10:06:18.000,1.212000,1.212300,D
173368464,EUR/USD,2005-07-29 10:06:21.000,1.211900,1.212200,D
173368476,EUR/USD,2005-07-29 10:06:23.000,1.212000,1.212300,D
173368491,EUR/USD,2005-07-29 10:06:25.000,1.211900,1.212200,D
173368500,EUR/USD,2005-07-29 10:06:26.000,1.211800,1.212100,D
173368515,EUR/USD,2005-07-29 10:06:27.000,1.211900,1.212200,D
173368520,EUR/USD,2005-07-29 10:06:28.000,1.211800,1.212100,D
173368525,EUR/USD,2005-07-29 10:06:29.000,1.211700,1.212000,D
173368560,EUR/USD,2005-07-29 10:06:32.000,1.211600,1.211900,D
173368574,EUR/USD,2005-07-29 10:06:36.000,1.211700,1.212000,D
173368576,EUR/USD,2005-07-29 10:06:37.000,1.211600,1.211900,D
173368620,EUR/USD,2005-07-29 10:06:45.000,1.211700,1.212000,D
173368648,EUR/USD,2005-07-29 10:06:48.000,1.211800,1.212100,D
173368664,EUR/USD,2005-07-29 10:06:50.000,1.211900,1.212200,D
173368682,EUR/USD,2005-07-29 10:06:53.000,1.211800,1.212100,D
173368691,EUR/USD,2005-07-29 10:06:55.000,1.211700,1.212000,D
173368712,EUR/USD,2005-07-29 10:06:58.000,1.211800,1.212100,D
173368731,EUR/USD,2005-07-29 10:07:00.000,1.211900,1.212200,D
173368747,EUR/USD,2005-07-29 10:07:03.000,1.212000,1.212300,D
173368765,EUR/USD,2005-07-29 10:07:05.000,1.212100,1.212400,D
173368773,EUR/USD,2005-07-29 10:07:07.000,1.212000,1.212300,D
173368795,EUR/USD,2005-07-29 10:07:09.000,1.211900,1.212200,D
173368826,EUR/USD,2005-07-29 10:07:13.000,1.211800,1.212100,D
173368830,EUR/USD,2005-07-29 10:07:14.000,1.211700,1.212000,D
173368843,EUR/USD,2005-07-29 10:07:15.000,1.211800,1.212100,D
173368863,EUR/USD,2005-07-29 10:07:20.000,1.211700,1.212000,D
173368901,EUR/USD,2005-07-29 10:07:32.000,1.211800,1.212100,D
173368906,EUR/USD,2005-07-29 10:07:32.000,1.211900,1.212200,D
173368921,EUR/USD,2005-07-29 10:07:35.000,1.211800,1.212100,D
173368945,EUR/USD,2005-07-29 10:07:41.000,1.211900,1.212200,D
173368967,EUR/USD,2005-07-29 10:07:46.000,1.212000,1.212300,D
173368977,EUR/USD,2005-07-29 10:07:48.000,1.211900,1.212200,D
173368994,EUR/USD,2005-07-29 10:07:50.000,1.212000,1.212300,D
173369030,EUR/USD,2005-07-29 10:07:54.000,1.212100,1.212400,D
173369070,EUR/USD,2005-07-29 10:08:00.000,1.212000,1.212300,D
173369078,EUR/USD,2005-07-29 10:08:02.000,1.212100,1.212400,D
173369082,EUR/USD,2005-07-29 10:08:03.000,1.212000,1.212300,D
173369093,EUR/USD,2005-07-29 10:08:04.000,1.211900,1.212200,D
173369126,EUR/USD,2005-07-29 10:08:10.000,1.212000,1.212300,D
173369141,EUR/USD,2005-07-29 10:08:12.000,1.211900,1.212200,D
173369146,EUR/USD,2005-07-29 10:08:12.000,1.211800,1.212100,D
173369158,EUR/USD,2005-07-29 10:08:13.000,1.211900,1.212200,D
173369192,EUR/USD,2005-07-29 10:08:17.000,1.211800,1.212100,D
173369198,EUR/USD,2005-07-29 10:08:18.000,1.211900,1.212200,D
173369203,EUR/USD,2005-07-29 10:08:18.000,1.211800,1.212100,D
173369219,EUR/USD,2005-07-29 10:08:24.000,1.211700,1.212000,D
173369237,EUR/USD,2005-07-29 10:08:28.000,1.211800,1.212100,D
173369291,EUR/USD,2005-07-29 10:08:40.000,1.211700,1.212000,D
173369292,EUR/USD,2005-07-29 10:08:40.000,1.211800,1.212100,D
173369323,EUR/USD,2005-07-29 10:08:50.000,1.211900,1.212200,D
173369325,EUR/USD,2005-07-29 10:08:51.000,1.211800,1.212100,D
173369337,EUR/USD,2005-07-29 10:08:53.000,1.211900,1.212200,D
173369350,EUR/USD,2005-07-29 10:08:57.000,1.212000,1.212300,D
173369369,EUR/USD,2005-07-29 10:08:59.000,1.212100,1.212400,D
173369384,EUR/USD,2005-07-29 10:09:02.000,1.212200,1.212500,D
173369415,EUR/USD,2005-07-29 10:09:04.000,1.212300,1.212600,D
173369437,EUR/USD,2005-07-29 10:09:07.000,1.212200,1.212500,D
173369455,EUR/USD,2005-07-29 10:09:10.000,1.212100,1.212400,D
173369471,EUR/USD,2005-07-29 10:09:13.000,1.212000,1.212300,D
173369481,EUR/USD,2005-07-29 10:09:15.000,1.211900,1.212200,D
173369486,EUR/USD,2005-07-29 10:09:15.000,1.212000,1.212300,D
173369497,EUR/USD,2005-07-29 10:09:16.000,1.211900,1.212200,D
173369528,EUR/USD,2005-07-29 10:09:21.000,1.211800,1.212100,D
173369535,EUR/USD,2005-07-29 10:09:22.000,1.211900,1.212200,D
173369543,EUR/USD,2005-07-29 10:09:24.000,1.212000,1.212300,D
173369549,EUR/USD,2005-07-29 10:09:26.000,1.211900,1.212200,D
173369555,EUR/USD,2005-07-29 10:09:27.000,1.212000,1.212300,D
173369566,EUR/USD,2005-07-29 10:09:30.000,1.211900,1.212200,D
173369574,EUR/USD,2005-07-29 10:09:31.000,1.211800,1.212100,D
173369590,EUR/USD,2005-07-29 10:09:34.000,1.211700,1.212000,D
173369596,EUR/USD,2005-07-29 10:09:34.000,1.211800,1.212100,D
173369601,EUR/USD,2005-07-29 10:09:35.000,1.211700,1.212000,D
173369618,EUR/USD,2005-07-29 10:09:37.000,1.211800,1.212100,D
173369620,EUR/USD,2005-07-29 10:09:38.000,1.211900,1.212200,D
173369621,EUR/USD,2005-07-29 10:09:38.000,1.211800,1.212100,D
173369641,EUR/USD,2005-07-29 10:09:41.000,1.211900,1.212200,D
173369646,EUR/USD,2005-07-29 10:09:41.000,1.211800,1.212100,D
173369673,EUR/USD,2005-07-29 10:09:46.000,1.211900,1.212200,D
173369681,EUR/USD,2005-07-29 10:09:46.000,1.211800,1.212100,D
173369735,EUR/USD,2005-07-29 10:09:53.000,1.211900,1.212200,D
173369745,EUR/USD,2005-07-29 10:09:56.000,1.212000,1.212300,D
173369752,EUR/USD,2005-07-29 10:09:56.000,1.211900,1.212200,D
173369780,EUR/USD,2005-07-29 10:10:00.000,1.211800,1.212100,D
173369797,EUR/USD,2005-07-29 10:10:02.000,1.211700,1.212000,D
173369827,EUR/USD,2005-07-29 10:10:08.000,1.211600,1.211900,D
173369838,EUR/USD,2005-07-29 10:10:09.000,1.211500,1.211800,D
173369850,EUR/USD,2005-07-29 10:10:10.000,1.211400,1.211700,D
173369867,EUR/USD,2005-07-29 10:10:12.000,1.211300,1.211600,D
173369884,EUR/USD,2005-07-29 10:10:15.000,1.211400,1.211700,D
173369907,EUR/USD,2005-07-29 10:10:17.000,1.211500,1.211800,D
173369915,EUR/USD,2005-07-29 10:10:17.000,1.211600,1.211900,D
173369926,EUR/USD,2005-07-29 10:10:18.000,1.211500,1.211800,D
173369946,EUR/USD,2005-07-29 10:10:22.000,1.211400,1.211700,D
173369951,EUR/USD,2005-07-29 10:10:23.000,1.211500,1.211800,D
173369957,EUR/USD,2005-07-29 10:10:24.000,1.211400,1.211700,D
173369995,EUR/USD,2005-07-29 10:10:31.000,1.211500,1.211800,D
173369999,EUR/USD,2005-07-29 10:10:31.000,1.211400,1.211700,D
173370001,EUR/USD,2005-07-29 10:10:31.000,1.211500,1.211800,D
173370024,EUR/USD,2005-07-29 10:10:36.000,1.211400,1.211700,D
173370043,EUR/USD,2005-07-29 10:10:41.000,1.211500,1.211800,D
173370069,EUR/USD,2005-07-29 10:10:48.000,1.211600,1.211900,D
173370086,EUR/USD,2005-07-29 10:10:51.000,1.211700,1.212000,D
173370099,EUR/USD,2005-07-29 10:10:52.000,1.211600,1.211900,D
173370107,EUR/USD,2005-07-29 10:10:54.000,1.211700,1.212000,D
173370122,EUR/USD,2005-07-29 10:10:56.000,1.211800,1.212100,D
173370123,EUR/USD,2005-07-29 10:10:56.000,1.211700,1.212000,D
173370133,EUR/USD,2005-07-29 10:11:01.000,1.211800,1.212100,D
173370136,EUR/USD,2005-07-29 10:11:03.000,1.211700,1.212000,D
173370154,EUR/USD,2005-07-29 10:11:07.000,1.211600,1.211900,D
173370174,EUR/USD,2005-07-29 10:11:11.000,1.211700,1.212000,D
173370199,EUR/USD,2005-07-29 10:11:15.000,1.211800,1.212100,D
173370220,EUR/USD,2005-07-29 10:11:18.000,1.211700,1.212000,D
173370223,EUR/USD,2005-07-29 10:11:20.000,1.211800,1.212100,D
173370234,EUR/USD,2005-07-29 10:11:23.000,1.211900,1.212200,D
173370240,EUR/USD,2005-07-29 10:11:23.000,1.212000,1.212300,D
173370258,EUR/USD,2005-07-29 10:11:25.000,1.211900,1.212200,D
173370265,EUR/USD,2005-07-29 10:11:26.000,1.212000,1.212300,D
173370281,EUR/USD,2005-07-29 10:11:28.000,1.211900,1.212200,D
173370286,EUR/USD,2005-07-29 10:11:29.000,1.212000,1.212300,D
173370313,EUR/USD,2005-07-29 10:11:31.000,1.211900,1.212200,D
173370350,EUR/USD,2005-07-29 10:11:44.000,1.212000,1.212300,D
173370366,EUR/USD,2005-07-29 10:11:46.000,1.212100,1.212400,D
173370378,EUR/USD,2005-07-29 10:11:48.000,1.212000,1.212300,D
173370386,EUR/USD,2005-07-29 10:11:50.000,1.212100,1.212400,D
173370398,EUR/USD,2005-07-29 10:11:54.000,1.212200,1.212500,D
173370427,EUR/USD,2005-07-29 10:12:02.000,1.212300,1.212600,D
173370434,EUR/USD,2005-07-29 10:12:04.000,1.212400,1.212700,D
173370444,EUR/USD,2005-07-29 10:12:05.000,1.212500,1.212800,D
173370463,EUR/USD,2005-07-29 10:12:07.000,1.212600,1.212900,D
173370475,EUR/USD,2005-07-29 10:12:09.000,1.212700,1.213000,D
173370490,EUR/USD,2005-07-29 10:12:11.000,1.212800,1.213100,D
173370505,EUR/USD,2005-07-29 10:12:12.000,1.212900,1.213200,D
173370512,EUR/USD,2005-07-29 10:12:12.000,1.212800,1.213100,D
173370538,EUR/USD,2005-07-29 10:12:16.000,1.212700,1.213000,D
173370558,EUR/USD,2005-07-29 10:12:19.000,1.212800,1.213100,D
173370584,EUR/USD,2005-07-29 10:12:22.000,1.212900,1.213200,D
173370607,EUR/USD,2005-07-29 10:12:25.000,1.213000,1.213300,D
173370613,EUR/USD,2005-07-29 10:12:26.000,1.212900,1.213200,D
173370643,EUR/USD,2005-07-29 10:12:31.000,1.212800,1.213100,D
173370662,EUR/USD,2005-07-29 10:12:35.000,1.212900,1.213200,D
173370674,EUR/USD,2005-07-29 10:12:36.000,1.213000,1.213300,D
173370712,EUR/USD,2005-07-29 10:12:44.000,1.212900,1.213200,D
173370740,EUR/USD,2005-07-29 10:12:50.000,1.212800,1.213100,D
173370757,EUR/USD,2005-07-29 10:12:56.000,1.212700,1.213000,D
173370771,EUR/USD,2005-07-29 10:13:00.000,1.212600,1.212900,D
173370784,EUR/USD,2005-07-29 10:13:02.000,1.212500,1.212800,D
173370800,EUR/USD,2005-07-29 10:13:05.000,1.212600,1.212900,D
173370803,EUR/USD,2005-07-29 10:13:06.000,1.212500,1.212800,D
173370832,EUR/USD,2005-07-29 10:13:10.000,1.212400,1.212700,D
173370840,EUR/USD,2005-07-29 10:13:11.000,1.212500,1.212800,D
173370864,EUR/USD,2005-07-29 10:13:17.000,1.212400,1.212700,D
173370873,EUR/USD,2005-07-29 10:13:17.000,1.212500,1.212800,D
173370880,EUR/USD,2005-07-29 10:13:18.000,1.212400,1.212700,D
173370913,EUR/USD,2005-07-29 10:13:24.000,1.212300,1.212600,D
173370927,EUR/USD,2005-07-29 10:13:25.000,1.212200,1.212500,D
173370957,EUR/USD,2005-07-29 10:13:30.000,1.212300,1.212600,D
173370962,EUR/USD,2005-07-29 10:13:31.000,1.212400,1.212700,D
173370968,EUR/USD,2005-07-29 10:13:31.000,1.212300,1.212600,D
173370998,EUR/USD,2005-07-29 10:13:42.000,1.212400,1.212700,D
173371025,EUR/USD,2005-07-29 10:13:51.000,1.212300,1.212600,D
173371032,EUR/USD,2005-07-29 10:13:52.000,1.212400,1.212700,D
173371042,EUR/USD,2005-07-29 10:13:56.000,1.212500,1.212800,D
173371069,EUR/USD,2005-07-29 10:14:05.000,1.212400,1.212700,D
173371074,EUR/USD,2005-07-29 10:14:05.000,1.212500,1.212800,D
173371080,EUR/USD,2005-07-29 10:14:07.000,1.212400,1.212700,D
173371089,EUR/USD,2005-07-29 10:14:08.000,1.212500,1.212800,D
173371096,EUR/USD,2005-07-29 10:14:11.000,1.212600,1.212900,D
173371114,EUR/USD,2005-07-29 10:14:16.000,1.212700,1.213000,D
173371134,EUR/USD,2005-07-29 10:14:20.000,1.212800,1.213100,D
173371159,EUR/USD,2005-07-29 10:14:23.000,1.212700,1.213000,D
173371160,EUR/USD,2005-07-29 10:14:23.000,1.212700,1.212900,D
173371163,EUR/USD,2005-07-29 10:14:23.000,1.212500,1.212800,D
173371178,EUR/USD,2005-07-29 10:14:25.000,1.212600,1.212900,D
173371191,EUR/USD,2005-07-29 10:14:27.000,1.212700,1.213000,D
173371204,EUR/USD,2005-07-29 10:14:30.000,1.212600,1.212900,D
173371213,EUR/USD,2005-07-29 10:14:31.000,1.212700,1.213000,D
173371224,EUR/USD,2005-07-29 10:14:35.000,1.212600,1.212900,D
173371226,EUR/USD,2005-07-29 10:14:36.000,1.212700,1.213000,D
173371231,EUR/USD,2005-07-29 10:14:36.000,1.212600,1.212900,D
173371240,EUR/USD,2005-07-29 10:14:42.000,1.212700,1.213000,D
173371245,EUR/USD,2005-07-29 10:14:42.000,1.212600,1.212900,D
173371253,EUR/USD,2005-07-29 10:14:50.000,1.212500,1.212800,D
173371260,EUR/USD,2005-07-29 10:14:52.000,1.212600,1.212900,D
173371265,EUR/USD,2005-07-29 10:14:52.000,1.212500,1.212800,D
173371272,EUR/USD,2005-07-29 10:14:55.000,1.212600,1.212900,D
173371301,EUR/USD,2005-07-29 10:15:11.000,1.212700,1.213000,D
173371306,EUR/USD,2005-07-29 10:15:13.000,1.212600,1.212900,D
173371320,EUR/USD,2005-07-29 10:15:19.000,1.212500,1.212800,D
173371365,EUR/USD,2005-07-29 10:15:55.000,1.212400,1.212700,D
173371386,EUR/USD,2005-07-29 10:16:10.000,1.212300,1.212600,D
173371398,EUR/USD,2005-07-29 10:16:11.000,1.212400,1.212700,D
173371418,EUR/USD,2005-07-29 10:16:16.000,1.212500,1.212800,D
173371421,EUR/USD,2005-07-29 10:16:16.000,1.212600,1.212900,D
173371428,EUR/USD,2005-07-29 10:16:18.000,1.212500,1.212800,D
173371436,EUR/USD,2005-07-29 10:16:21.000,1.212600,1.212900,D
173371448,EUR/USD,2005-07-29 10:16:28.000,1.212700,1.213000,D
173371449,EUR/USD,2005-07-29 10:16:29.000,1.212600,1.212900,D
173371452,EUR/USD,2005-07-29 10:16:29.000,1.212700,1.213000,D
173371459,EUR/USD,2005-07-29 10:16:32.000,1.212600,1.212900,D
173371464,EUR/USD,2005-07-29 10:16:34.000,1.212700,1.213000,D
173371484,EUR/USD,2005-07-29 10:16:38.000,1.212800,1.213100,D
173371506,EUR/USD,2005-07-29 10:16:43.000,1.212700,1.213000,D
173371515,EUR/USD,2005-07-29 10:16:44.000,1.212800,1.213100,D
173371537,EUR/USD,2005-07-29 10:16:47.000,1.212700,1.213000,D
173371576,EUR/USD,2005-07-29 10:16:55.000,1.212600,1.212900,D
173371580,EUR/USD,2005-07-29 10:16:55.000,1.212700,1.213000,D
173371607,EUR/USD,2005-07-29 10:16:57.000,1.212800,1.213100,D
173371615,EUR/USD,2005-07-29 10:17:00.000,1.212900,1.213200,D
173371624,EUR/USD,2005-07-29 10:17:02.000,1.213000,1.213300,D
173371640,EUR/USD,2005-07-29 10:17:05.000,1.212900,1.213200,D
173371658,EUR/USD,2005-07-29 10:17:08.000,1.212800,1.213100,D
173371694,EUR/USD,2005-07-29 10:17:25.000,1.212700,1.213000,D
173371702,EUR/USD,2005-07-29 10:17:28.000,1.212600,1.212900,D
173371719,EUR/USD,2005-07-29 10:17:32.000,1.212700,1.213000,D
173371731,EUR/USD,2005-07-29 10:17:37.000,1.212600,1.212900,D
173371747,EUR/USD,2005-07-29 10:17:43.000,1.212500,1.212800,D
173371782,EUR/USD,2005-07-29 10:17:53.000,1.212400,1.212700,D
173371810,EUR/USD,2005-07-29 10:18:03.000,1.212500,1.212800,D
173371820,EUR/USD,2005-07-29 10:18:06.000,1.212600,1.212900,D
173371840,EUR/USD,2005-07-29 10:18:10.000,1.212700,1.213000,D
173371861,EUR/USD,2005-07-29 10:18:21.000,1.212600,1.212900,D
173371872,EUR/USD,2005-07-29 10:18:22.000,1.212500,1.212800,D
173371885,EUR/USD,2005-07-29 10:18:25.000,1.212400,1.212700,D
173371909,EUR/USD,2005-07-29 10:18:33.000,1.212300,1.212600,D
173371913,EUR/USD,2005-07-29 10:18:35.000,1.212400,1.212700,D
173371916,EUR/USD,2005-07-29 10:18:36.000,1.212300,1.212600,D
173371919,EUR/USD,2005-07-29 10:18:36.000,1.212400,1.212700,D
173371928,EUR/USD,2005-07-29 10:18:37.000,1.212300,1.212600,D
173371932,EUR/USD,2005-07-29 10:18:38.000,1.212200,1.212500,D
173371949,EUR/USD,2005-07-29 10:18:40.000,1.212300,1.212600,D
173371964,EUR/USD,2005-07-29 10:18:41.000,1.212400,1.212700,D
173372081,EUR/USD,2005-07-29 10:19:14.000,1.212300,1.212600,D
173372094,EUR/USD,2005-07-29 10:19:19.000,1.212200,1.212500,D
173372122,EUR/USD,2005-07-29 10:19:27.000,1.212300,1.212600,D
173372129,EUR/USD,2005-07-29 10:19:29.000,1.212200,1.212500,D
173372133,EUR/USD,2005-07-29 10:19:29.000,1.212300,1.212600,D
173372140,EUR/USD,2005-07-29 10:19:35.000,1.212400,1.212700,D
173372169,EUR/USD,2005-07-29 10:19:42.000,1.212300,1.212600,D
173372177,EUR/USD,2005-07-29 10:19:56.000,1.212400,1.212700,D
173372197,EUR/USD,2005-07-29 10:20:07.000,1.212500,1.212800,D
173372199,EUR/USD,2005-07-29 10:20:09.000,1.212400,1.212700,D
173372205,EUR/USD,2005-07-29 10:20:10.000,1.212300,1.212600,D
173372222,EUR/USD,2005-07-29 10:20:30.000,1.212400,1.212700,D
173372226,EUR/USD,2005-07-29 10:20:32.000,1.212300,1.212600,D
173372236,EUR/USD,2005-07-29 10:20:34.000,1.212200,1.212500,D
173372240,EUR/USD,2005-07-29 10:20:34.000,1.212300,1.212600,D
173372257,EUR/USD,2005-07-29 10:20:36.000,1.212200,1.212500,D
173372258,EUR/USD,2005-07-29 10:20:37.000,1.212300,1.212600,D
173372262,EUR/USD,2005-07-29 10:20:37.000,1.212400,1.212700,D
173372283,EUR/USD,2005-07-29 10:20:41.000,1.212300,1.212600,D
173372332,EUR/USD,2005-07-29 10:20:51.000,1.212200,1.212500,D
173372336,EUR/USD,2005-07-29 10:20:52.000,1.212300,1.212600,D
173372340,EUR/USD,2005-07-29 10:20:55.000,1.212200,1.212500,D
173372341,EUR/USD,2005-07-29 10:20:57.000,1.212300,1.212600,D
173372356,EUR/USD,2005-07-29 10:21:09.000,1.212400,1.212700,D
173372384,EUR/USD,2005-07-29 10:21:28.000,1.212300,1.212600,D
173372397,EUR/USD,2005-07-29 10:21:38.000,1.212400,1.212700,D
173372421,EUR/USD,2005-07-29 10:21:52.000,1.212300,1.212600,D
173372435,EUR/USD,2005-07-29 10:21:59.000,1.212400,1.212700,D
173372507,EUR/USD,2005-07-29 10:22:37.000,1.212300,1.212600,D
173372520,EUR/USD,2005-07-29 10:22:39.000,1.212400,1.212700,D
173372533,EUR/USD,2005-07-29 10:22:42.000,1.212500,1.212800,D
173372580,EUR/USD,2005-07-29 10:22:51.000,1.212600,1.212900,D
173372588,EUR/USD,2005-07-29 10:22:55.000,1.212700,1.213000,D
173372611,EUR/USD,2005-07-29 10:23:01.000,1.212600,1.212900,D
173372659,EUR/USD,2005-07-29 10:23:18.000,1.212700,1.213000,D
173372685,EUR/USD,2005-07-29 10:23:26.000,1.212800,1.213100,D
173372701,EUR/USD,2005-07-29 10:23:29.000,1.212900,1.213200,D
173372707,EUR/USD,2005-07-29 10:23:31.000,1.213100,1.213400,D
173372712,EUR/USD,2005-07-29 10:23:32.000,1.213000,1.213300,D
173372721,EUR/USD,2005-07-29 10:23:32.000,1.213100,1.213400,D
173372731,EUR/USD,2005-07-29 10:23:33.000,1.213000,1.213300,D
173372753,EUR/USD,2005-07-29 10:23:36.000,1.212900,1.213200,D
173372757,EUR/USD,2005-07-29 10:23:37.000,1.213000,1.213300,D
173372766,EUR/USD,2005-07-29 10:23:39.000,1.213100,1.213400,D
173372773,EUR/USD,2005-07-29 10:23:40.000,1.213200,1.213500,D
173372778,EUR/USD,2005-07-29 10:23:41.000,1.213100,1.213400,D
173372781,EUR/USD,2005-07-29 10:23:41.000,1.213200,1.213500,D
173372840,EUR/USD,2005-07-29 10:23:51.000,1.213100,1.213400,D
173372854,EUR/USD,2005-07-29 10:23:54.000,1.213000,1.213300,D
173372861,EUR/USD,2005-07-29 10:23:57.000,1.212900,1.213200,D
173372891,EUR/USD,2005-07-29 10:24:05.000,1.213000,1.213300,D
173372897,EUR/USD,2005-07-29 10:24:06.000,1.212900,1.213200,D
173372910,EUR/USD,2005-07-29 10:24:07.000,1.212800,1.213100,D
173372978,EUR/USD,2005-07-29 10:24:20.000,1.212700,1.213000,D
173372993,EUR/USD,2005-07-29 10:24:23.000,1.212800,1.213100,D
173373019,EUR/USD,2005-07-29 10:24:35.000,1.212900,1.213200,D
173373040,EUR/USD,2005-07-29 10:24:41.000,1.213000,1.213300,D
173373051,EUR/USD,2005-07-29 10:24:44.000,1.213100,1.213400,D
173373058,EUR/USD,2005-07-29 10:24:45.000,1.213000,1.213300,D
173373073,EUR/USD,2005-07-29 10:24:48.000,1.213100,1.213400,D
173373100,EUR/USD,2005-07-29 10:24:53.000,1.213000,1.213300,D
173373107,EUR/USD,2005-07-29 10:24:54.000,1.213100,1.213400,D
173373133,EUR/USD,2005-07-29 10:25:01.000,1.213200,1.213500,D
173373138,EUR/USD,2005-07-29 10:25:01.000,1.213300,1.213600,D
173373148,EUR/USD,2005-07-29 10:25:03.000,1.213400,1.213700,D
173373154,EUR/USD,2005-07-29 10:25:04.000,1.213500,1.213800,D
173373164,EUR/USD,2005-07-29 10:25:05.000,1.213600,1.213900,D
173373176,EUR/USD,2005-07-29 10:25:06.000,1.213500,1.213800,D
173373182,EUR/USD,2005-07-29 10:25:07.000,1.213600,1.213900,D
173373189,EUR/USD,2005-07-29 10:25:07.000,1.213700,1.214000,D
173373214,EUR/USD,2005-07-29 10:25:09.000,1.213800,1.214100,D
173373238,EUR/USD,2005-07-29 10:25:11.000,1.213900,1.214200,D
173373293,EUR/USD,2005-07-29 10:25:19.000,1.213800,1.214100,D
173373300,EUR/USD,2005-07-29 10:25:19.000,1.213700,1.214000,D
173373326,EUR/USD,2005-07-29 10:25:22.000,1.213600,1.213900,D
173373330,EUR/USD,2005-07-29 10:25:23.000,1.213700,1.214000,D
173373333,EUR/USD,2005-07-29 10:25:24.000,1.213600,1.213900,D
173373339,EUR/USD,2005-07-29 10:25:25.000,1.213700,1.214000,D
173373345,EUR/USD,2005-07-29 10:25:26.000,1.213800,1.214100,D
173373370,EUR/USD,2005-07-29 10:25:28.000,1.213900,1.214200,D
173373381,EUR/USD,2005-07-29 10:25:29.000,1.214000,1.214300,D
173373385,EUR/USD,2005-07-29 10:25:30.000,1.214100,1.214400,D
173373399,EUR/USD,2005-07-29 10:25:31.000,1.214200,1.214500,D
173373403,EUR/USD,2005-07-29 10:25:31.000,1.214300,1.214600,D
173373409,EUR/USD,2005-07-29 10:25:32.000,1.214400,1.214700,D
173373423,EUR/USD,2005-07-29 10:25:33.000,1.214500,1.214800,D
173373428,EUR/USD,2005-07-29 10:25:33.000,1.214600,1.214900,D
173373435,EUR/USD,2005-07-29 10:25:34.000,1.214500,1.214800,D
173373442,EUR/USD,2005-07-29 10:25:34.000,1.214600,1.214900,D
173373444,EUR/USD,2005-07-29 10:25:34.000,1.214500,1.214800,D
173373457,EUR/USD,2005-07-29 10:25:36.000,1.214400,1.214700,D
173373472,EUR/USD,2005-07-29 10:25:37.000,1.214300,1.214600,D
173373488,EUR/USD,2005-07-29 10:25:40.000,1.214200,1.214500,D
173373507,EUR/USD,2005-07-29 10:25:41.000,1.214100,1.214400,D
173373516,EUR/USD,2005-07-29 10:25:42.000,1.214200,1.214500,D
173373537,EUR/USD,2005-07-29 10:25:44.000,1.214100,1.214400,D
173373635,EUR/USD,2005-07-29 10:25:56.000,1.214000,1.214300,D
173373640,EUR/USD,2005-07-29 10:25:58.000,1.213900,1.214200,D
173373653,EUR/USD,2005-07-29 10:25:59.000,1.214000,1.214300,D
173373669,EUR/USD,2005-07-29 10:26:01.000,1.213900,1.214200,D
173373687,EUR/USD,2005-07-29 10:26:04.000,1.214000,1.214300,D
173373702,EUR/USD,2005-07-29 10:26:07.000,1.213900,1.214200,D
173373720,EUR/USD,2005-07-29 10:26:09.000,1.213800,1.214100,D
173373744,EUR/USD,2005-07-29 10:26:11.000,1.213700,1.214000,D
173373751,EUR/USD,2005-07-29 10:26:11.000,1.213800,1.214100,D
173373767,EUR/USD,2005-07-29 10:26:13.000,1.213700,1.214000,D
173373796,EUR/USD,2005-07-29 10:26:17.000,1.213600,1.213900,D
173373819,EUR/USD,2005-07-29 10:26:20.000,1.213700,1.214000,D
173373821,EUR/USD,2005-07-29 10:26:21.000,1.213800,1.214100,D
173373831,EUR/USD,2005-07-29 10:26:22.000,1.213700,1.214000,D
173373842,EUR/USD,2005-07-29 10:26:23.000,1.213800,1.214100,D
173373844,EUR/USD,2005-07-29 10:26:23.000,1.213700,1.214000,D
173373847,EUR/USD,2005-07-29 10:26:23.000,1.213800,1.214100,D
173373862,EUR/USD,2005-07-29 10:26:25.000,1.213700,1.214000,D
173373878,EUR/USD,2005-07-29 10:26:28.000,1.213600,1.213900,D
173373889,EUR/USD,2005-07-29 10:26:33.000,1.213700,1.214000,D
173373912,EUR/USD,2005-07-29 10:26:42.000,1.213800,1.214100,D
173373930,EUR/USD,2005-07-29 10:26:46.000,1.213900,1.214200,D
173373944,EUR/USD,2005-07-29 10:26:49.000,1.213800,1.214100,D
173373949,EUR/USD,2005-07-29 10:26:50.000,1.213900,1.214200,D
173373959,EUR/USD,2005-07-29 10:26:51.000,1.213800,1.214100,D
173373976,EUR/USD,2005-07-29 10:26:55.000,1.213900,1.214200,D
173373991,EUR/USD,2005-07-29 10:27:01.000,1.214000,1.214300,D
173374000,EUR/USD,2005-07-29 10:27:02.000,1.213900,1.214200,D
173374018,EUR/USD,2005-07-29 10:27:06.000,1.214000,1.214300,D
173374027,EUR/USD,2005-07-29 10:27:08.000,1.213900,1.214200,D
173374048,EUR/USD,2005-07-29 10:27:15.000,1.213800,1.214100,D
173374069,EUR/USD,2005-07-29 10:27:20.000,1.213900,1.214200,D
173374089,EUR/USD,2005-07-29 10:27:23.000,1.213800,1.214100,D
173374116,EUR/USD,2005-07-29 10:27:31.000,1.213700,1.214000,D
173374142,EUR/USD,2005-07-29 10:27:36.000,1.213600,1.213900,D
173374159,EUR/USD,2005-07-29 10:27:37.000,1.213500,1.213800,D
173374270,EUR/USD,2005-07-29 10:27:55.000,1.213400,1.213700,D
173374283,EUR/USD,2005-07-29 10:27:56.000,1.213300,1.213600,D
173374289,EUR/USD,2005-07-29 10:27:57.000,1.213400,1.213700,D
173374318,EUR/USD,2005-07-29 10:28:01.000,1.213500,1.213800,D
173374342,EUR/USD,2005-07-29 10:28:06.000,1.213600,1.213900,D
173374359,EUR/USD,2005-07-29 10:28:08.000,1.213700,1.214000,D
173374384,EUR/USD,2005-07-29 10:28:11.000,1.213600,1.213900,D
173374394,EUR/USD,2005-07-29 10:28:16.000,1.213700,1.214000,D
173374411,EUR/USD,2005-07-29 10:28:20.000,1.213800,1.214100,D
173374452,EUR/USD,2005-07-29 10:28:26.000,1.213700,1.214000,D
173374459,EUR/USD,2005-07-29 10:28:26.000,1.213800,1.214100,D
173374495,EUR/USD,2005-07-29 10:28:31.000,1.213700,1.214000,D
173374498,EUR/USD,2005-07-29 10:28:31.000,1.213800,1.214100,D
173374528,EUR/USD,2005-07-29 10:28:38.000,1.213700,1.214000,D
173374545,EUR/USD,2005-07-29 10:28:40.000,1.213800,1.214100,D
173374576,EUR/USD,2005-07-29 10:28:45.000,1.213900,1.214200,D
173374591,EUR/USD,2005-07-29 10:28:47.000,1.214000,1.214300,D
173374613,EUR/USD,2005-07-29 10:28:49.000,1.214100,1.214400,D
173374634,EUR/USD,2005-07-29 10:28:51.000,1.214000,1.214300,D
173374644,EUR/USD,2005-07-29 10:28:53.000,1.213900,1.214200,D
173374652,EUR/USD,2005-07-29 10:28:54.000,1.213800,1.214100,D
173374670,EUR/USD,2005-07-29 10:28:56.000,1.213900,1.214200,D
173374685,EUR/USD,2005-07-29 10:28:57.000,1.213800,1.214100,D
173374691,EUR/USD,2005-07-29 10:28:57.000,1.213700,1.214000,D
173374694,EUR/USD,2005-07-29 10:28:57.000,1.213800,1.214100,D
173374728,EUR/USD,2005-07-29 10:29:02.000,1.213700,1.214000,D
173374747,EUR/USD,2005-07-29 10:29:06.000,1.213800,1.214100,D
173374764,EUR/USD,2005-07-29 10:29:07.000,1.213700,1.214000,D
173374789,EUR/USD,2005-07-29 10:29:12.000,1.213600,1.213900,D
173374807,EUR/USD,2005-07-29 10:29:16.000,1.213500,1.213800,D
173374823,EUR/USD,2005-07-29 10:29:18.000,1.213400,1.213700,D
173374829,EUR/USD,2005-07-29 10:29:19.000,1.213300,1.213600,D
173374832,EUR/USD,2005-07-29 10:29:19.000,1.213200,1.213500,D
173374853,EUR/USD,2005-07-29 10:29:21.000,1.213100,1.213400,D
173374861,EUR/USD,2005-07-29 10:29:22.000,1.213200,1.213500,D
173374922,EUR/USD,2005-07-29 10:29:30.000,1.213300,1.213600,D
173374924,EUR/USD,2005-07-29 10:29:31.000,1.213400,1.213700,D
173374938,EUR/USD,2005-07-29 10:29:32.000,1.213300,1.213600,D
173374958,EUR/USD,2005-07-29 10:29:35.000,1.213200,1.213500,D
173374972,EUR/USD,2005-07-29 10:29:36.000,1.213300,1.213600,D
173374978,EUR/USD,2005-07-29 10:29:37.000,1.213200,1.213500,D
173374988,EUR/USD,2005-07-29 10:29:37.000,1.213300,1.213600,D
173374994,EUR/USD,2005-07-29 10:29:38.000,1.213400,1.213700,D
173375017,EUR/USD,2005-07-29 10:29:40.000,1.213300,1.213600,D
173375044,EUR/USD,2005-07-29 10:29:44.000,1.213200,1.213500,D
173375063,EUR/USD,2005-07-29 10:29:52.000,1.213300,1.213600,D
173375066,EUR/USD,2005-07-29 10:29:54.000,1.213200,1.213500,D
173375078,EUR/USD,2005-07-29 10:29:55.000,1.213300,1.213600,D
173375087,EUR/USD,2005-07-29 10:29:56.000,1.213400,1.213700,D
173375091,EUR/USD,2005-07-29 10:29:57.000,1.213300,1.213600,D
173375110,EUR/USD,2005-07-29 10:29:59.000,1.213400,1.213700,D
173375121,EUR/USD,2005-07-29 10:30:01.000,1.213300,1.213600,D
173375128,EUR/USD,2005-07-29 10:30:02.000,1.213400,1.213700,D
173375146,EUR/USD,2005-07-29 10:30:07.000,1.213300,1.213600,D
173375156,EUR/USD,2005-07-29 10:30:10.000,1.213400,1.213700,D
173375165,EUR/USD,2005-07-29 10:30:12.000,1.213500,1.213800,D
173375171,EUR/USD,2005-07-29 10:30:13.000,1.213400,1.213700,D
173375178,EUR/USD,2005-07-29 10:30:14.000,1.213500,1.213800,D
173375183,EUR/USD,2005-07-29 10:30:14.000,1.213400,1.213700,D
173375196,EUR/USD,2005-07-29 10:30:15.000,1.213500,1.213800,D
173375229,EUR/USD,2005-07-29 10:30:27.000,1.213600,1.213900,D
173375277,EUR/USD,2005-07-29 10:30:46.000,1.213500,1.213800,D
173375296,EUR/USD,2005-07-29 10:30:48.000,1.213600,1.213900,D
173375325,EUR/USD,2005-07-29 10:30:58.000,1.213700,1.214000,D
173375351,EUR/USD,2005-07-29 10:31:08.000,1.213600,1.213900,D
173375362,EUR/USD,2005-07-29 10:31:11.000,1.213700,1.214000,D
173375392,EUR/USD,2005-07-29 10:31:15.000,1.213800,1.214100,D
173375414,EUR/USD,2005-07-29 10:31:19.000,1.213900,1.214200,D
173375421,EUR/USD,2005-07-29 10:31:20.000,1.213700,1.214000,D
173375431,EUR/USD,2005-07-29 10:31:22.000,1.213800,1.214100,D
173375459,EUR/USD,2005-07-29 10:31:26.000,1.213700,1.214000,D
173375467,EUR/USD,2005-07-29 10:31:28.000,1.213800,1.214100,D
173375472,EUR/USD,2005-07-29 10:31:29.000,1.213700,1.214000,D
173375488,EUR/USD,2005-07-29 10:31:34.000,1.213800,1.214100,D
173375491,EUR/USD,2005-07-29 10:31:35.000,1.213700,1.214000,D
173375510,EUR/USD,2005-07-29 10:31:38.000,1.213600,1.213900,D
173375523,EUR/USD,2005-07-29 10:31:39.000,1.213700,1.214000,D
173375549,EUR/USD,2005-07-29 10:31:44.000,1.213600,1.213900,D
173375567,EUR/USD,2005-07-29 10:31:54.000,1.213700,1.214000,D
173375570,EUR/USD,2005-07-29 10:31:55.000,1.213600,1.213900,D
173375575,EUR/USD,2005-07-29 10:31:57.000,1.213700,1.214000,D
173375600,EUR/USD,2005-07-29 10:32:07.000,1.213600,1.213900,D
173375614,EUR/USD,2005-07-29 10:32:08.000,1.213700,1.214000,D
173375692,EUR/USD,2005-07-29 10:32:30.000,1.213800,1.214100,D
173375707,EUR/USD,2005-07-29 10:32:35.000,1.213700,1.214000,D
173375730,EUR/USD,2005-07-29 10:32:38.000,1.213600,1.213900,D
173375736,EUR/USD,2005-07-29 10:32:43.000,1.213700,1.214000,D
173375752,EUR/USD,2005-07-29 10:32:48.000,1.213600,1.213900,D
173375763,EUR/USD,2005-07-29 10:32:50.000,1.213500,1.213800,D
173375771,EUR/USD,2005-07-29 10:32:50.000,1.213600,1.213900,D
173375782,EUR/USD,2005-07-29 10:32:51.000,1.213700,1.214000,D
173375784,EUR/USD,2005-07-29 10:32:51.000,1.213600,1.213900,D
173375786,EUR/USD,2005-07-29 10:32:52.000,1.213700,1.214000,D
173375809,EUR/USD,2005-07-29 10:32:59.000,1.213600,1.213900,D
173375811,EUR/USD,2005-07-29 10:33:00.000,1.213700,1.214000,D
173375829,EUR/USD,2005-07-29 10:33:04.000,1.213600,1.213900,D
173375837,EUR/USD,2005-07-29 10:33:06.000,1.213700,1.214000,D
173375861,EUR/USD,2005-07-29 10:33:15.000,1.213800,1.214100,D
173375881,EUR/USD,2005-07-29 10:33:23.000,1.213700,1.214000,D
173375939,EUR/USD,2005-07-29 10:33:44.000,1.213600,1.213900,D
173375958,EUR/USD,2005-07-29 10:33:49.000,1.213500,1.213800,D
173375977,EUR/USD,2005-07-29 10:33:58.000,1.213600,1.213900,D
173375985,EUR/USD,2005-07-29 10:33:58.000,1.213500,1.213800,D
173375993,EUR/USD,2005-07-29 10:33:59.000,1.213600,1.213900,D
173376016,EUR/USD,2005-07-29 10:34:16.000,1.213700,1.214000,D
173376043,EUR/USD,2005-07-29 10:34:19.000,1.213800,1.214100,D
173376049,EUR/USD,2005-07-29 10:34:20.000,1.213700,1.214000,D
173376068,EUR/USD,2005-07-29 10:34:24.000,1.213600,1.213900,D
173376073,EUR/USD,2005-07-29 10:34:25.000,1.213700,1.214000,D
173376085,EUR/USD,2005-07-29 10:34:27.000,1.213600,1.213900,D
173376098,EUR/USD,2005-07-29 10:34:35.000,1.213700,1.214000,D
173376169,EUR/USD,2005-07-29 10:35:09.000,1.213600,1.213900,D
173376176,EUR/USD,2005-07-29 10:35:11.000,1.213700,1.214000,D
173376219,EUR/USD,2005-07-29 10:35:17.000,1.213600,1.213900,D
173376239,EUR/USD,2005-07-29 10:35:24.000,1.213700,1.214000,D
173376316,EUR/USD,2005-07-29 10:35:47.000,1.213800,1.214100,D
173376331,EUR/USD,2005-07-29 10:35:52.000,1.213700,1.214000,D
173376350,EUR/USD,2005-07-29 10:35:56.000,1.213600,1.213900,D
173376364,EUR/USD,2005-07-29 10:35:58.000,1.213700,1.214000,D
173376368,EUR/USD,2005-07-29 10:35:59.000,1.213600,1.213900,D
173376378,EUR/USD,2005-07-29 10:36:03.000,1.213500,1.213800,D
173376468,EUR/USD,2005-07-29 10:36:37.000,1.213600,1.213900,D
173376481,EUR/USD,2005-07-29 10:36:40.000,1.213700,1.214000,D
173376493,EUR/USD,2005-07-29 10:36:43.000,1.213600,1.213900,D
173376517,EUR/USD,2005-07-29 10:36:45.000,1.213700,1.214000,D
173376548,EUR/USD,2005-07-29 10:36:53.000,1.213800,1.214100,D
173376558,EUR/USD,2005-07-29 10:36:54.000,1.213900,1.214200,D
173376566,EUR/USD,2005-07-29 10:36:55.000,1.213800,1.214100,D
173376585,EUR/USD,2005-07-29 10:36:57.000,1.213900,1.214200,D
173376627,EUR/USD,2005-07-29 10:37:08.000,1.214000,1.214300,D
173376630,EUR/USD,2005-07-29 10:37:09.000,1.213900,1.214200,D
173376647,EUR/USD,2005-07-29 10:37:12.000,1.213800,1.214100,D
173376658,EUR/USD,2005-07-29 10:37:13.000,1.213900,1.214200,D
173376679,EUR/USD,2005-07-29 10:37:16.000,1.214000,1.214300,D
173376701,EUR/USD,2005-07-29 10:37:18.000,1.214100,1.214400,D
173376728,EUR/USD,2005-07-29 10:37:23.000,1.214200,1.214500,D
173376741,EUR/USD,2005-07-29 10:37:25.000,1.214100,1.214400,D
173376794,EUR/USD,2005-07-29 10:37:32.000,1.214000,1.214300,D
173376816,EUR/USD,2005-07-29 10:37:35.000,1.213900,1.214200,D
173376822,EUR/USD,2005-07-29 10:37:36.000,1.213800,1.214100,D
173376824,EUR/USD,2005-07-29 10:37:36.000,1.213900,1.214200,D
173376836,EUR/USD,2005-07-29 10:37:37.000,1.214000,1.214300,D
173376855,EUR/USD,2005-07-29 10:37:39.000,1.213900,1.214200,D
173376877,EUR/USD,2005-07-29 10:37:42.000,1.214000,1.214300,D
173376901,EUR/USD,2005-07-29 10:37:46.000,1.214100,1.214400,D
173376925,EUR/USD,2005-07-29 10:37:50.000,1.214200,1.214500,D
173376968,EUR/USD,2005-07-29 10:37:57.000,1.214100,1.214400,D
173376971,EUR/USD,2005-07-29 10:37:57.000,1.214200,1.214500,D
173377017,EUR/USD,2005-07-29 10:38:07.000,1.214300,1.214600,D
173377030,EUR/USD,2005-07-29 10:38:09.000,1.214400,1.214700,D
173377047,EUR/USD,2005-07-29 10:38:11.000,1.214500,1.214800,D
173377056,EUR/USD,2005-07-29 10:38:11.000,1.214400,1.214700,D
173377076,EUR/USD,2005-07-29 10:38:13.000,1.214300,1.214600,D
173377095,EUR/USD,2005-07-29 10:38:15.000,1.214400,1.214700,D
173377104,EUR/USD,2005-07-29 10:38:16.000,1.214300,1.214600,D
173377123,EUR/USD,2005-07-29 10:38:18.000,1.214400,1.214700,D
173377128,EUR/USD,2005-07-29 10:38:19.000,1.214300,1.214600,D
173377138,EUR/USD,2005-07-29 10:38:20.000,1.214400,1.214700,D
173377144,EUR/USD,2005-07-29 10:38:20.000,1.214300,1.214600,D
173377149,EUR/USD,2005-07-29 10:38:20.000,1.214200,1.214500,D
173377162,EUR/USD,2005-07-29 10:38:23.000,1.214100,1.214400,D
173377165,EUR/USD,2005-07-29 10:38:23.000,1.214200,1.214500,D
173377194,EUR/USD,2005-07-29 10:38:29.000,1.214300,1.214600,D
173377205,EUR/USD,2005-07-29 10:38:31.000,1.214400,1.214700,D
173377237,EUR/USD,2005-07-29 10:38:37.000,1.214300,1.214600,D
173377274,EUR/USD,2005-07-29 10:38:45.000,1.214400,1.214700,D
173377288,EUR/USD,2005-07-29 10:38:49.000,1.214500,1.214800,D
173377290,EUR/USD,2005-07-29 10:38:49.000,1.214600,1.214900,D
173377314,EUR/USD,2005-07-29 10:38:51.000,1.214700,1.215000,D
173377327,EUR/USD,2005-07-29 10:38:52.000,1.214900,1.215200,D
173377340,EUR/USD,2005-07-29 10:38:53.000,1.215000,1.215300,D
173377346,EUR/USD,2005-07-29 10:38:53.000,1.215100,1.215400,D
173377376,EUR/USD,2005-07-29 10:38:55.000,1.215200,1.215500,D
173377381,EUR/USD,2005-07-29 10:38:56.000,1.215100,1.215400,D
173377383,EUR/USD,2005-07-29 10:38:56.000,1.215200,1.215500,D
173377389,EUR/USD,2005-07-29 10:38:57.000,1.215100,1.215400,D
173377393,EUR/USD,2005-07-29 10:38:57.000,1.215200,1.215500,D
173377396,EUR/USD,2005-07-29 10:38:57.000,1.215300,1.215600,D
173377410,EUR/USD,2005-07-29 10:38:59.000,1.215200,1.215500,D
173377443,EUR/USD,2005-07-29 10:39:03.000,1.215100,1.215400,D
173377445,EUR/USD,2005-07-29 10:39:03.000,1.215200,1.215500,D
173377459,EUR/USD,2005-07-29 10:39:05.000,1.215100,1.215400,D
173377461,EUR/USD,2005-07-29 10:39:05.000,1.215200,1.215500,D
173377476,EUR/USD,2005-07-29 10:39:08.000,1.215300,1.215600,D
173377481,EUR/USD,2005-07-29 10:39:09.000,1.215200,1.215500,D
173377485,EUR/USD,2005-07-29 10:39:09.000,1.215300,1.215600,D
173377503,EUR/USD,2005-07-29 10:39:10.000,1.215200,1.215500,D
173377507,EUR/USD,2005-07-29 10:39:11.000,1.215300,1.215600,D
173377517,EUR/USD,2005-07-29 10:39:12.000,1.215200,1.215500,D
173377519,EUR/USD,2005-07-29 10:39:12.000,1.215100,1.215400,D
173377535,EUR/USD,2005-07-29 10:39:14.000,1.215000,1.215300,D
173377557,EUR/USD,2005-07-29 10:39:16.000,1.214900,1.215200,D
173377590,EUR/USD,2005-07-29 10:39:21.000,1.214800,1.215100,D
173377630,EUR/USD,2005-07-29 10:39:25.000,1.214900,1.215200,D
173377644,EUR/USD,2005-07-29 10:39:26.000,1.214800,1.215100,D
173377668,EUR/USD,2005-07-29 10:39:28.000,1.214700,1.215000,D
173377690,EUR/USD,2005-07-29 10:39:30.000,1.214600,1.214900,D
173377697,EUR/USD,2005-07-29 10:39:30.000,1.214700,1.215000,D
173377703,EUR/USD,2005-07-29 10:39:31.000,1.214600,1.214900,D
173377717,EUR/USD,2005-07-29 10:39:32.000,1.214700,1.215000,D
173377725,EUR/USD,2005-07-29 10:39:33.000,1.214600,1.214900,D
173377736,EUR/USD,2005-07-29 10:39:34.000,1.214700,1.215000,D
173377749,EUR/USD,2005-07-29 10:39:35.000,1.214800,1.215100,D
173377758,EUR/USD,2005-07-29 10:39:36.000,1.214700,1.215000,D
173377771,EUR/USD,2005-07-29 10:39:38.000,1.214900,1.215200,D
173377772,EUR/USD,2005-07-29 10:39:39.000,1.215000,1.215300,D
173377788,EUR/USD,2005-07-29 10:39:40.000,1.215100,1.215400,D
173377810,EUR/USD,2005-07-29 10:39:45.000,1.215000,1.215300,D
173377814,EUR/USD,2005-07-29 10:39:45.000,1.214900,1.215200,D
173377822,EUR/USD,2005-07-29 10:39:46.000,1.215000,1.215300,D
173377851,EUR/USD,2005-07-29 10:39:48.000,1.214900,1.215200,D
173377864,EUR/USD,2005-07-29 10:39:50.000,1.214800,1.215100,D
173377891,EUR/USD,2005-07-29 10:39:56.000,1.214700,1.215000,D
173377908,EUR/USD,2005-07-29 10:39:59.000,1.214800,1.215100,D
173377913,EUR/USD,2005-07-29 10:40:00.000,1.214900,1.215200,D
173377925,EUR/USD,2005-07-29 10:40:00.000,1.215100,1.215300,D
173377929,EUR/USD,2005-07-29 10:40:01.000,1.215100,1.215200,D
173377935,EUR/USD,2005-07-29 10:40:01.000,1.214800,1.215100,D
173377941,EUR/USD,2005-07-29 10:40:01.000,1.214900,1.215200,D
173377954,EUR/USD,2005-07-29 10:40:02.000,1.215100,1.215400,D
173377962,EUR/USD,2005-07-29 10:40:02.000,1.215000,1.215300,D
173377967,EUR/USD,2005-07-29 10:40:02.000,1.215100,1.215400,D
173377980,EUR/USD,2005-07-29 10:40:03.000,1.215200,1.215500,D
173377988,EUR/USD,2005-07-29 10:40:03.000,1.215300,1.215600,D
173377990,EUR/USD,2005-07-29 10:40:04.000,1.215200,1.215500,D
173378045,EUR/USD,2005-07-29 10:40:11.000,1.215100,1.215400,D
173378051,EUR/USD,2005-07-29 10:40:12.000,1.215200,1.215500,D
173378055,EUR/USD,2005-07-29 10:40:13.000,1.215300,1.215600,D
173378097,EUR/USD,2005-07-29 10:40:17.000,1.215400,1.215700,D
173378102,EUR/USD,2005-07-29 10:40:18.000,1.215300,1.215600,D
173378108,EUR/USD,2005-07-29 10:40:18.000,1.215200,1.215500,D
173378134,EUR/USD,2005-07-29 10:40:22.000,1.215100,1.215400,D
173378150,EUR/USD,2005-07-29 10:40:24.000,1.215000,1.215300,D
173378155,EUR/USD,2005-07-29 10:40:26.000,1.215100,1.215400,D
173378160,EUR/USD,2005-07-29 10:40:26.000,1.215200,1.215500,D
173378165,EUR/USD,2005-07-29 10:40:27.000,1.215300,1.215600,D
173378196,EUR/USD,2005-07-29 10:40:29.000,1.215200,1.215500,D
173378207,EUR/USD,2005-07-29 10:40:30.000,1.215300,1.215600,D
173378210,EUR/USD,2005-07-29 10:40:30.000,1.215200,1.215500,D
173378259,EUR/USD,2005-07-29 10:40:41.000,1.215100,1.215400,D
173378299,EUR/USD,2005-07-29 10:40:45.000,1.215200,1.215500,D
173378319,EUR/USD,2005-07-29 10:40:48.000,1.215100,1.215400,D
173378325,EUR/USD,2005-07-29 10:40:49.000,1.215200,1.215500,D
173378338,EUR/USD,2005-07-29 10:40:51.000,1.215100,1.215400,D
173378408,EUR/USD,2005-07-29 10:41:06.000,1.215200,1.215500,D
173378435,EUR/USD,2005-07-29 10:41:12.000,1.215300,1.215600,D
173378459,EUR/USD,2005-07-29 10:41:17.000,1.215200,1.215500,D
173378494,EUR/USD,2005-07-29 10:41:25.000,1.215100,1.215400,D
173378506,EUR/USD,2005-07-29 10:41:27.000,1.215200,1.215500,D
173378509,EUR/USD,2005-07-29 10:41:27.000,1.215100,1.215400,D
173378518,EUR/USD,2005-07-29 10:41:30.000,1.215200,1.215500,D
173378530,EUR/USD,2005-07-29 10:41:32.000,1.215100,1.215400,D
173378534,EUR/USD,2005-07-29 10:41:32.000,1.215200,1.215500,D
173378544,EUR/USD,2005-07-29 10:41:34.000,1.215100,1.215400,D
173378568,EUR/USD,2005-07-29 10:41:39.000,1.215000,1.215300,D
173378575,EUR/USD,2005-07-29 10:41:40.000,1.215100,1.215400,D
173378619,EUR/USD,2005-07-29 10:41:49.000,1.215200,1.215500,D
173378623,EUR/USD,2005-07-29 10:41:50.000,1.215100,1.215400,D
173378661,EUR/USD,2005-07-29 10:42:01.000,1.215200,1.215500,D
173378673,EUR/USD,2005-07-29 10:42:04.000,1.215100,1.215400,D
173378699,EUR/USD,2005-07-29 10:42:08.000,1.215200,1.215500,D
173378707,EUR/USD,2005-07-29 10:42:13.000,1.215300,1.215600,D
173378736,EUR/USD,2005-07-29 10:42:20.000,1.215200,1.215500,D
173378752,EUR/USD,2005-07-29 10:42:24.000,1.215300,1.215600,D
173378759,EUR/USD,2005-07-29 10:42:25.000,1.215200,1.215500,D
173378796,EUR/USD,2005-07-29 10:42:37.000,1.215300,1.215600,D
173378823,EUR/USD,2005-07-29 10:42:43.000,1.215400,1.215700,D
173378855,EUR/USD,2005-07-29 10:42:48.000,1.215500,1.215800,D
173378867,EUR/USD,2005-07-29 10:42:49.000,1.215600,1.215900,D
173378870,EUR/USD,2005-07-29 10:42:50.000,1.215500,1.215800,D
173378887,EUR/USD,2005-07-29 10:42:53.000,1.215400,1.215700,D
173378901,EUR/USD,2005-07-29 10:42:55.000,1.215500,1.215800,D
173378908,EUR/USD,2005-07-29 10:42:55.000,1.215400,1.215700,D
173378933,EUR/USD,2005-07-29 10:43:05.000,1.215500,1.215800,D
173378940,EUR/USD,2005-07-29 10:43:07.000,1.215400,1.215700,D
173378944,EUR/USD,2005-07-29 10:43:08.000,1.215500,1.215800,D
173378956,EUR/USD,2005-07-29 10:43:11.000,1.215600,1.215900,D
173378957,EUR/USD,2005-07-29 10:43:11.000,1.215700,1.216000,D
173379006,EUR/USD,2005-07-29 10:43:17.000,1.215600,1.215900,D
173379023,EUR/USD,2005-07-29 10:43:19.000,1.215500,1.215800,D
173379031,EUR/USD,2005-07-29 10:43:20.000,1.215600,1.215900,D
173379065,EUR/USD,2005-07-29 10:43:27.000,1.215700,1.216000,D
173379080,EUR/USD,2005-07-29 10:43:29.000,1.215800,1.216100,D
173379115,EUR/USD,2005-07-29 10:43:35.000,1.215900,1.216200,D
173379122,EUR/USD,2005-07-29 10:43:36.000,1.215800,1.216100,D
173379127,EUR/USD,2005-07-29 10:43:36.000,1.215900,1.216200,D
173379164,EUR/USD,2005-07-29 10:43:41.000,1.215800,1.216100,D
173379208,EUR/USD,2005-07-29 10:43:50.000,1.215700,1.216000,D
173379229,EUR/USD,2005-07-29 10:43:55.000,1.215800,1.216100,D
173379231,EUR/USD,2005-07-29 10:43:56.000,1.215700,1.216000,D
173379247,EUR/USD,2005-07-29 10:43:58.000,1.215600,1.215900,D
173379262,EUR/USD,2005-07-29 10:44:02.000,1.215700,1.216000,D
173379274,EUR/USD,2005-07-29 10:44:05.000,1.215600,1.215900,D
173379284,EUR/USD,2005-07-29 10:44:08.000,1.215700,1.216000,D
173379296,EUR/USD,2005-07-29 10:44:10.000,1.215600,1.215900,D
173379302,EUR/USD,2005-07-29 10:44:13.000,1.215700,1.216000,D
173379342,EUR/USD,2005-07-29 10:44:22.000,1.215600,1.215900,D
173379356,EUR/USD,2005-07-29 10:44:24.000,1.215500,1.215800,D
173379388,EUR/USD,2005-07-29 10:44:30.000,1.215600,1.215900,D
173379409,EUR/USD,2005-07-29 10:44:34.000,1.215700,1.216000,D
173379427,EUR/USD,2005-07-29 10:44:38.000,1.215600,1.215900,D
173379437,EUR/USD,2005-07-29 10:44:41.000,1.215500,1.215800,D
173379446,EUR/USD,2005-07-29 10:44:44.000,1.215600,1.215900,D
173379447,EUR/USD,2005-07-29 10:44:44.000,1.215500,1.215800,D
173379462,EUR/USD,2005-07-29 10:44:46.000,1.215400,1.215700,D
173379467,EUR/USD,2005-07-29 10:44:48.000,1.215300,1.215600,D
173379474,EUR/USD,2005-07-29 10:44:49.000,1.215400,1.215700,D
173379478,EUR/USD,2005-07-29 10:44:50.000,1.215300,1.215600,D
173379481,EUR/USD,2005-07-29 10:44:51.000,1.215400,1.215700,D
173379503,EUR/USD,2005-07-29 10:44:55.000,1.215500,1.215800,D
173379511,EUR/USD,2005-07-29 10:44:58.000,1.215400,1.215700,D
173379555,EUR/USD,2005-07-29 10:45:08.000,1.215500,1.215800,D
173379565,EUR/USD,2005-07-29 10:45:10.000,1.215400,1.215700,D
173379566,EUR/USD,2005-07-29 10:45:10.000,1.215500,1.215800,D
173379575,EUR/USD,2005-07-29 10:45:13.000,1.215600,1.215900,D
173379591,EUR/USD,2005-07-29 10:45:16.000,1.215500,1.215800,D
173379600,EUR/USD,2005-07-29 10:45:19.000,1.215600,1.215900,D
173379624,EUR/USD,2005-07-29 10:45:27.000,1.215700,1.216000,D
173379626,EUR/USD,2005-07-29 10:45:27.000,1.215600,1.215900,D
173379640,EUR/USD,2005-07-29 10:45:29.000,1.215700,1.216000,D
173379644,EUR/USD,2005-07-29 10:45:30.000,1.215600,1.215900,D
173379649,EUR/USD,2005-07-29 10:45:30.000,1.215700,1.216000,D
173379671,EUR/USD,2005-07-29 10:45:36.000,1.215600,1.215900,D
173379676,EUR/USD,2005-07-29 10:45:36.000,1.215700,1.216000,D
173379685,EUR/USD,2005-07-29 10:45:37.000,1.215600,1.215900,D
173379709,EUR/USD,2005-07-29 10:45:43.000,1.215500,1.215800,D
173379711,EUR/USD,2005-07-29 10:45:43.000,1.215600,1.215900,D
173379719,EUR/USD,2005-07-29 10:45:45.000,1.215700,1.216000,D
173379720,EUR/USD,2005-07-29 10:45:45.000,1.215800,1.216100,D
173379722,EUR/USD,2005-07-29 10:45:45.000,1.215600,1.215900,D
173379729,EUR/USD,2005-07-29 10:45:46.000,1.215700,1.216000,D
173379741,EUR/USD,2005-07-29 10:45:47.000,1.215600,1.215900,D
173379748,EUR/USD,2005-07-29 10:45:48.000,1.215500,1.215800,D
173379751,EUR/USD,2005-07-29 10:45:48.000,1.215600,1.215900,D
173379758,EUR/USD,2005-07-29 10:45:48.000,1.215700,1.216000,D
173379759,EUR/USD,2005-07-29 10:45:49.000,1.215600,1.215900,D
173379770,EUR/USD,2005-07-29 10:45:50.000,1.215500,1.215800,D
173379778,EUR/USD,2005-07-29 10:45:52.000,1.215600,1.215900,D
173379787,EUR/USD,2005-07-29 10:45:54.000,1.215500,1.215800,D
173379851,EUR/USD,2005-07-29 10:46:09.000,1.215600,1.215900,D
173379881,EUR/USD,2005-07-29 10:46:15.000,1.215900,1.216200,D
173379888,EUR/USD,2005-07-29 10:46:15.000,1.215800,1.216100,D
173379889,EUR/USD,2005-07-29 10:46:15.000,1.215700,1.216000,D
173379891,EUR/USD,2005-07-29 10:46:16.000,1.215600,1.215900,D
173379913,EUR/USD,2005-07-29 10:46:18.000,1.215700,1.216000,D
173379965,EUR/USD,2005-07-29 10:46:28.000,1.215600,1.215900,D
173379981,EUR/USD,2005-07-29 10:46:32.000,1.215700,1.216000,D
173379999,EUR/USD,2005-07-29 10:46:36.000,1.215600,1.215900,D
173380033,EUR/USD,2005-07-29 10:46:40.000,1.215500,1.215800,D
173380044,EUR/USD,2005-07-29 10:46:43.000,1.215600,1.215900,D
173380072,EUR/USD,2005-07-29 10:46:50.000,1.215700,1.216000,D
173380147,EUR/USD,2005-07-29 10:47:06.000,1.215600,1.215900,D
173380169,EUR/USD,2005-07-29 10:47:11.000,1.215700,1.216000,D
173380173,EUR/USD,2005-07-29 10:47:11.000,1.215600,1.215900,D
173380194,EUR/USD,2005-07-29 10:47:22.000,1.215500,1.215800,D
173380199,EUR/USD,2005-07-29 10:47:23.000,1.215600,1.215900,D
173380204,EUR/USD,2005-07-29 10:47:24.000,1.215500,1.215800,D
173380212,EUR/USD,2005-07-29 10:47:25.000,1.215600,1.215900,D
173380223,EUR/USD,2005-07-29 10:47:28.000,1.215500,1.215800,D
173380250,EUR/USD,2005-07-29 10:47:39.000,1.215400,1.215700,D
173380267,EUR/USD,2005-07-29 10:47:43.000,1.215300,1.215600,D
173380285,EUR/USD,2005-07-29 10:47:45.000,1.215200,1.215500,D
173380313,EUR/USD,2005-07-29 10:47:49.000,1.215100,1.215400,D
173380346,EUR/USD,2005-07-29 10:47:55.000,1.215200,1.215500,D
173380365,EUR/USD,2005-07-29 10:47:59.000,1.215300,1.215600,D
173380378,EUR/USD,2005-07-29 10:48:03.000,1.215200,1.215500,D
173380396,EUR/USD,2005-07-29 10:48:07.000,1.215300,1.215600,D
173380406,EUR/USD,2005-07-29 10:48:12.000,1.215200,1.215500,D
173380422,EUR/USD,2005-07-29 10:48:20.000,1.215300,1.215600,D
173380439,EUR/USD,2005-07-29 10:48:23.000,1.215200,1.215500,D
173380451,EUR/USD,2005-07-29 10:48:25.000,1.215300,1.215600,D
173380464,EUR/USD,2005-07-29 10:48:26.000,1.215200,1.215500,D
173380499,EUR/USD,2005-07-29 10:48:32.000,1.215100,1.215400,D
173380561,EUR/USD,2005-07-29 10:48:42.000,1.215200,1.215500,D
173380585,EUR/USD,2005-07-29 10:48:45.000,1.215100,1.215400,D
173380596,EUR/USD,2005-07-29 10:48:48.000,1.215200,1.215500,D
173380704,EUR/USD,2005-07-29 10:49:12.000,1.215100,1.215400,D
173380709,EUR/USD,2005-07-29 10:49:12.000,1.215200,1.215500,D
173380747,EUR/USD,2005-07-29 10:49:17.000,1.215100,1.215400,D
173380771,EUR/USD,2005-07-29 10:49:19.000,1.215200,1.215500,D
173380779,EUR/USD,2005-07-29 10:49:21.000,1.215100,1.215400,D
173380810,EUR/USD,2005-07-29 10:49:25.000,1.215000,1.215300,D
173380813,EUR/USD,2005-07-29 10:49:25.000,1.215100,1.215400,D
173380825,EUR/USD,2005-07-29 10:49:28.000,1.215000,1.215300,D
173380845,EUR/USD,2005-07-29 10:49:31.000,1.214900,1.215200,D
173380849,EUR/USD,2005-07-29 10:49:31.000,1.215000,1.215300,D
173380855,EUR/USD,2005-07-29 10:49:32.000,1.215100,1.215400,D
173380860,EUR/USD,2005-07-29 10:49:34.000,1.215000,1.215300,D
173380865,EUR/USD,2005-07-29 10:49:35.000,1.215100,1.215400,D
173380875,EUR/USD,2005-07-29 10:49:36.000,1.215000,1.215300,D
173380877,EUR/USD,2005-07-29 10:49:36.000,1.215100,1.215400,D
173380923,EUR/USD,2005-07-29 10:49:46.000,1.215200,1.215500,D
173381008,EUR/USD,2005-07-29 10:50:12.000,1.215100,1.215400,D
173381011,EUR/USD,2005-07-29 10:50:12.000,1.215000,1.215300,D
173381012,EUR/USD,2005-07-29 10:50:12.000,1.215100,1.215400,D
173381016,EUR/USD,2005-07-29 10:50:13.000,1.215000,1.215300,D
173381019,EUR/USD,2005-07-29 10:50:13.000,1.215100,1.215400,D
173381024,EUR/USD,2005-07-29 10:50:14.000,1.215200,1.215500,D
173381029,EUR/USD,2005-07-29 10:50:15.000,1.215100,1.215400,D
173381038,EUR/USD,2005-07-29 10:50:19.000,1.215000,1.215300,D
173381052,EUR/USD,2005-07-29 10:50:23.000,1.215100,1.215400,D
173381083,EUR/USD,2005-07-29 10:50:34.000,1.215200,1.215500,D
173381092,EUR/USD,2005-07-29 10:50:35.000,1.215100,1.215400,D
173381106,EUR/USD,2005-07-29 10:50:37.000,1.215200,1.215500,D
173381117,EUR/USD,2005-07-29 10:50:38.000,1.215100,1.215400,D
173381154,EUR/USD,2005-07-29 10:50:54.000,1.215200,1.215500,D
173381175,EUR/USD,2005-07-29 10:51:02.000,1.215300,1.215600,D
173381184,EUR/USD,2005-07-29 10:51:03.000,1.215200,1.215500,D
173381189,EUR/USD,2005-07-29 10:51:04.000,1.215300,1.215600,D
173381201,EUR/USD,2005-07-29 10:51:05.000,1.215200,1.215500,D
173381209,EUR/USD,2005-07-29 10:51:06.000,1.215300,1.215600,D
173381238,EUR/USD,2005-07-29 10:51:09.000,1.215200,1.215500,D
173381268,EUR/USD,2005-07-29 10:51:14.000,1.215300,1.215600,D
173381271,EUR/USD,2005-07-29 10:51:15.000,1.215200,1.215500,D
173381289,EUR/USD,2005-07-29 10:51:18.000,1.215300,1.215600,D
173381299,EUR/USD,2005-07-29 10:51:20.000,1.215200,1.215500,D
173381314,EUR/USD,2005-07-29 10:51:25.000,1.215100,1.215400,D
173381330,EUR/USD,2005-07-29 10:51:27.000,1.215000,1.215300,D
173381334,EUR/USD,2005-07-29 10:51:28.000,1.214900,1.215200,D
173381349,EUR/USD,2005-07-29 10:51:29.000,1.215000,1.215300,D
173381363,EUR/USD,2005-07-29 10:51:30.000,1.215100,1.215400,D
173381370,EUR/USD,2005-07-29 10:51:31.000,1.215200,1.215500,D
173381381,EUR/USD,2005-07-29 10:51:32.000,1.215100,1.215400,D
173381392,EUR/USD,2005-07-29 10:51:33.000,1.215200,1.215500,D
173381398,EUR/USD,2005-07-29 10:51:34.000,1.215100,1.215400,D
173381414,EUR/USD,2005-07-29 10:51:37.000,1.215200,1.215500,D
173381435,EUR/USD,2005-07-29 10:51:40.000,1.215300,1.215600,D
173381456,EUR/USD,2005-07-29 10:51:44.000,1.215400,1.215700,D
173381462,EUR/USD,2005-07-29 10:51:45.000,1.215300,1.215600,D
173381474,EUR/USD,2005-07-29 10:51:46.000,1.215200,1.215500,D
173381494,EUR/USD,2005-07-29 10:51:52.000,1.215300,1.215600,D
173381510,EUR/USD,2005-07-29 10:51:55.000,1.215200,1.215500,D
173381529,EUR/USD,2005-07-29 10:52:01.000,1.215300,1.215600,D
173381545,EUR/USD,2005-07-29 10:52:08.000,1.215400,1.215700,D
173381577,EUR/USD,2005-07-29 10:52:16.000,1.215300,1.215600,D
173381605,EUR/USD,2005-07-29 10:52:27.000,1.215400,1.215700,D
173381608,EUR/USD,2005-07-29 10:52:27.000,1.215300,1.215600,D
173381613,EUR/USD,2005-07-29 10:52:29.000,1.215200,1.215500,D
173381623,EUR/USD,2005-07-29 10:52:31.000,1.215300,1.215600,D
173381633,EUR/USD,2005-07-29 10:52:36.000,1.215200,1.215500,D
173381648,EUR/USD,2005-07-29 10:52:40.000,1.215300,1.215600,D
173381652,EUR/USD,2005-07-29 10:52:41.000,1.215200,1.215500,D
173381656,EUR/USD,2005-07-29 10:52:43.000,1.215300,1.215600,D
173381681,EUR/USD,2005-07-29 10:52:53.000,1.215400,1.215700,D
173381689,EUR/USD,2005-07-29 10:52:55.000,1.215300,1.215600,D
173381690,EUR/USD,2005-07-29 10:52:55.000,1.215400,1.215700,D
173381770,EUR/USD,2005-07-29 10:53:22.000,1.215500,1.215800,D
173381775,EUR/USD,2005-07-29 10:53:24.000,1.215400,1.215700,D
173381800,EUR/USD,2005-07-29 10:53:31.000,1.215300,1.215600,D
173381827,EUR/USD,2005-07-29 10:53:38.000,1.215400,1.215700,D
173381832,EUR/USD,2005-07-29 10:53:39.000,1.215300,1.215600,D
173381849,EUR/USD,2005-07-29 10:53:40.000,1.215400,1.215700,D
173381862,EUR/USD,2005-07-29 10:53:43.000,1.215300,1.215600,D
173381881,EUR/USD,2005-07-29 10:53:54.000,1.215200,1.215500,D
173381902,EUR/USD,2005-07-29 10:53:59.000,1.215100,1.215400,D
173381910,EUR/USD,2005-07-29 10:54:01.000,1.215200,1.215500,D
173381925,EUR/USD,2005-07-29 10:54:04.000,1.215100,1.215400,D
173381944,EUR/USD,2005-07-29 10:54:06.000,1.215200,1.215500,D
173382008,EUR/USD,2005-07-29 10:54:18.000,1.215100,1.215400,D
173382012,EUR/USD,2005-07-29 10:54:18.000,1.215200,1.215500,D
173382017,EUR/USD,2005-07-29 10:54:19.000,1.215100,1.215400,D
173382033,EUR/USD,2005-07-29 10:54:26.000,1.215000,1.215300,D
173382039,EUR/USD,2005-07-29 10:54:26.000,1.215100,1.215400,D
173382067,EUR/USD,2005-07-29 10:54:31.000,1.215200,1.215500,D
173382088,EUR/USD,2005-07-29 10:54:37.000,1.215100,1.215400,D
173382100,EUR/USD,2005-07-29 10:54:41.000,1.215200,1.215500,D
173382110,EUR/USD,2005-07-29 10:54:45.000,1.215100,1.215400,D
173382119,EUR/USD,2005-07-29 10:54:46.000,1.215200,1.215500,D
173382133,EUR/USD,2005-07-29 10:54:48.000,1.215300,1.215600,D
173382146,EUR/USD,2005-07-29 10:54:51.000,1.215400,1.215700,D
173382153,EUR/USD,2005-07-29 10:54:52.000,1.215300,1.215600,D
173382156,EUR/USD,2005-07-29 10:54:52.000,1.215400,1.215700,D
173382171,EUR/USD,2005-07-29 10:54:55.000,1.215300,1.215600,D
173382193,EUR/USD,2005-07-29 10:55:01.000,1.215400,1.215700,D
173382226,EUR/USD,2005-07-29 10:55:12.000,1.215500,1.215800,D
173382241,EUR/USD,2005-07-29 10:55:15.000,1.215600,1.215900,D
173382248,EUR/USD,2005-07-29 10:55:16.000,1.215500,1.215800,D
173382262,EUR/USD,2005-07-29 10:55:21.000,1.215600,1.215900,D
173382272,EUR/USD,2005-07-29 10:55:22.000,1.215700,1.216000,D
173382278,EUR/USD,2005-07-29 10:55:23.000,1.215600,1.215900,D
173382302,EUR/USD,2005-07-29 10:55:29.000,1.215500,1.215800,D
173382322,EUR/USD,2005-07-29 10:55:32.000,1.215600,1.215900,D
173382328,EUR/USD,2005-07-29 10:55:33.000,1.215500,1.215800,D
173382347,EUR/USD,2005-07-29 10:55:37.000,1.215600,1.215900,D
173382363,EUR/USD,2005-07-29 10:55:40.000,1.215500,1.215800,D
173382367,EUR/USD,2005-07-29 10:55:40.000,1.215600,1.215900,D
173382382,EUR/USD,2005-07-29 10:55:43.000,1.215500,1.215800,D
173382388,EUR/USD,2005-07-29 10:55:44.000,1.215600,1.215900,D
173382400,EUR/USD,2005-07-29 10:55:45.000,1.215500,1.215800,D
173382418,EUR/USD,2005-07-29 10:55:47.000,1.215600,1.215900,D
173382440,EUR/USD,2005-07-29 10:55:49.000,1.215500,1.215800,D
173382466,EUR/USD,2005-07-29 10:55:53.000,1.215600,1.215900,D
173382486,EUR/USD,2005-07-29 10:55:57.000,1.215700,1.216000,D
173382504,EUR/USD,2005-07-29 10:56:02.000,1.215600,1.215900,D
173382513,EUR/USD,2005-07-29 10:56:05.000,1.215500,1.215800,D
173382520,EUR/USD,2005-07-29 10:56:06.000,1.215600,1.215900,D
173382533,EUR/USD,2005-07-29 10:56:07.000,1.215500,1.215800,D
173382541,EUR/USD,2005-07-29 10:56:09.000,1.215600,1.215900,D
173382546,EUR/USD,2005-07-29 10:56:11.000,1.215500,1.215800,D
173382557,EUR/USD,2005-07-29 10:56:15.000,1.215600,1.215900,D
173382570,EUR/USD,2005-07-29 10:56:18.000,1.215500,1.215800,D
173382581,EUR/USD,2005-07-29 10:56:20.000,1.215600,1.215900,D
173382594,EUR/USD,2005-07-29 10:56:22.000,1.215500,1.215800,D
173382600,EUR/USD,2005-07-29 10:56:24.000,1.215600,1.215900,D
173382604,EUR/USD,2005-07-29 10:56:28.000,1.215500,1.215800,D
173382617,EUR/USD,2005-07-29 10:56:33.000,1.215600,1.215900,D
173382634,EUR/USD,2005-07-29 10:56:36.000,1.215700,1.216000,D
173382673,EUR/USD,2005-07-29 10:56:49.000,1.215800,1.216100,D
173382674,EUR/USD,2005-07-29 10:56:49.000,1.215700,1.216000,D
173382677,EUR/USD,2005-07-29 10:56:50.000,1.215600,1.215900,D
173382688,EUR/USD,2005-07-29 10:56:54.000,1.215700,1.216000,D
173382694,EUR/USD,2005-07-29 10:56:55.000,1.215600,1.215900,D
173382696,EUR/USD,2005-07-29 10:56:56.000,1.215700,1.216000,D
173382740,EUR/USD,2005-07-29 10:57:06.000,1.215600,1.215900,D
173382828,EUR/USD,2005-07-29 10:57:21.000,1.215500,1.215800,D
173382838,EUR/USD,2005-07-29 10:57:25.000,1.215600,1.215900,D
173382842,EUR/USD,2005-07-29 10:57:26.000,1.215500,1.215800,D
173382847,EUR/USD,2005-07-29 10:57:27.000,1.215600,1.215900,D
173382871,EUR/USD,2005-07-29 10:57:35.000,1.215500,1.215800,D
173382879,EUR/USD,2005-07-29 10:57:36.000,1.215600,1.215900,D
173382893,EUR/USD,2005-07-29 10:57:38.000,1.215500,1.215800,D
173382917,EUR/USD,2005-07-29 10:57:42.000,1.215400,1.215700,D
173382967,EUR/USD,2005-07-29 10:57:48.000,1.215300,1.215600,D
173383007,EUR/USD,2005-07-29 10:57:58.000,1.215200,1.215500,D
173383012,EUR/USD,2005-07-29 10:57:58.000,1.215300,1.215600,D
173383016,EUR/USD,2005-07-29 10:57:59.000,1.215400,1.215700,D
173383058,EUR/USD,2005-07-29 10:58:06.000,1.215500,1.215800,D
173383071,EUR/USD,2005-07-29 10:58:08.000,1.215400,1.215700,D
173383091,EUR/USD,2005-07-29 10:58:11.000,1.215500,1.215800,D
173383100,EUR/USD,2005-07-29 10:58:14.000,1.215400,1.215700,D
173383115,EUR/USD,2005-07-29 10:58:18.000,1.215500,1.215800,D
173383121,EUR/USD,2005-07-29 10:58:18.000,1.215400,1.215700,D
173383192,EUR/USD,2005-07-29 10:58:28.000,1.215300,1.215600,D
173383226,EUR/USD,2005-07-29 10:58:31.000,1.215200,1.215500,D
173383273,EUR/USD,2005-07-29 10:58:37.000,1.215100,1.215400,D
173383299,EUR/USD,2005-07-29 10:58:42.000,1.215200,1.215500,D
173383302,EUR/USD,2005-07-29 10:58:43.000,1.215100,1.215400,D
173383362,EUR/USD,2005-07-29 10:58:51.000,1.215200,1.215500,D
173383381,EUR/USD,2005-07-29 10:58:54.000,1.215300,1.215600,D
173383461,EUR/USD,2005-07-29 10:59:00.000,1.215200,1.215500,D
173383498,EUR/USD,2005-07-29 10:59:03.000,1.215100,1.215400,D
173383504,EUR/USD,2005-07-29 10:59:03.000,1.215200,1.215500,D
173383534,EUR/USD,2005-07-29 10:59:07.000,1.215300,1.215600,D
173383554,EUR/USD,2005-07-29 10:59:08.000,1.215200,1.215500,D
173383620,EUR/USD,2005-07-29 10:59:15.000,1.215100,1.215400,D
173383625,EUR/USD,2005-07-29 10:59:15.000,1.215000,1.215300,D
173383647,EUR/USD,2005-07-29 10:59:18.000,1.215100,1.215400,D
173383651,EUR/USD,2005-07-29 10:59:18.000,1.215000,1.215300,D
173383656,EUR/USD,2005-07-29 10:59:19.000,1.215100,1.215400,D
173383682,EUR/USD,2005-07-29 10:59:22.000,1.215200,1.215500,D
173383685,EUR/USD,2005-07-29 10:59:22.000,1.215100,1.215400,D
173383697,EUR/USD,2005-07-29 10:59:23.000,1.215000,1.215300,D
173383724,EUR/USD,2005-07-29 10:59:26.000,1.214900,1.215200,D
173383742,EUR/USD,2005-07-29 10:59:28.000,1.214800,1.215100,D
173383749,EUR/USD,2005-07-29 10:59:29.000,1.214700,1.215000,D
173383763,EUR/USD,2005-07-29 10:59:31.000,1.214600,1.214900,D
173383802,EUR/USD,2005-07-29 10:59:33.000,1.214500,1.214800,D
173383828,EUR/USD,2005-07-29 10:59:35.000,1.214400,1.214700,D
173383840,EUR/USD,2005-07-29 10:59:36.000,1.214300,1.214600,D
173383848,EUR/USD,2005-07-29 10:59:36.000,1.214200,1.214500,D
173383871,EUR/USD,2005-07-29 10:59:38.000,1.214300,1.214600,D
173383878,EUR/USD,2005-07-29 10:59:38.000,1.214400,1.214700,D
173383891,EUR/USD,2005-07-29 10:59:39.000,1.214200,1.214300,D
173383904,EUR/USD,2005-07-29 10:59:39.000,1.214300,1.214600,D
173383950,EUR/USD,2005-07-29 10:59:42.000,1.214400,1.214700,D
173384011,EUR/USD,2005-07-29 10:59:45.000,1.214500,1.214800,D
173384015,EUR/USD,2005-07-29 10:59:46.000,1.214700,1.215000,D
173384024,EUR/USD,2005-07-29 10:59:46.000,1.215000,1.215300,D
173384035,EUR/USD,2005-07-29 10:59:47.000,1.214900,1.215200,D
173384071,EUR/USD,2005-07-29 10:59:48.000,1.214800,1.215100,D
173384075,EUR/USD,2005-07-29 10:59:49.000,1.214700,1.215000,D
173384104,EUR/USD,2005-07-29 10:59:50.000,1.214800,1.215100,D
173384152,EUR/USD,2005-07-29 10:59:55.000,1.214900,1.215200,D
173384165,EUR/USD,2005-07-29 10:59:56.000,1.215000,1.215300,D
173384174,EUR/USD,2005-07-29 10:59:56.000,1.215100,1.215400,D
173384180,EUR/USD,2005-07-29 10:59:57.000,1.215200,1.215500,D
173384214,EUR/USD,2005-07-29 10:59:59.000,1.215100,1.215400,D
173384231,EUR/USD,2005-07-29 11:00:00.000,1.215000,1.215300,D
173384268,EUR/USD,2005-07-29 11:00:03.000,1.214900,1.215200,D
173384294,EUR/USD,2005-07-29 11:00:05.000,1.214600,1.214900,D
173384297,EUR/USD,2005-07-29 11:00:05.000,1.214800,1.215100,D
173384303,EUR/USD,2005-07-29 11:00:06.000,1.214700,1.215000,D
173384307,EUR/USD,2005-07-29 11:00:06.000,1.214800,1.215100,D
173384318,EUR/USD,2005-07-29 11:00:07.000,1.214700,1.215000,D
173384337,EUR/USD,2005-07-29 11:00:09.000,1.214600,1.214900,D
173384359,EUR/USD,2005-07-29 11:00:11.000,1.214500,1.214800,D
173384367,EUR/USD,2005-07-29 11:00:11.000,1.214600,1.214900,D
173384379,EUR/USD,2005-07-29 11:00:12.000,1.214400,1.214700,D
173384391,EUR/USD,2005-07-29 11:00:12.000,1.214300,1.214600,D
173384410,EUR/USD,2005-07-29 11:00:13.000,1.214400,1.214700,D
173384433,EUR/USD,2005-07-29 11:00:17.000,1.214300,1.214600,D
173384435,EUR/USD,2005-07-29 11:00:17.000,1.214400,1.214700,D
173384440,EUR/USD,2005-07-29 11:00:17.000,1.214300,1.214600,D
173384446,EUR/USD,2005-07-29 11:00:18.000,1.214200,1.214500,D
173384459,EUR/USD,2005-07-29 11:00:18.000,1.214300,1.214600,D
173384510,EUR/USD,2005-07-29 11:00:22.000,1.214400,1.214700,D
173384548,EUR/USD,2005-07-29 11:00:25.000,1.214500,1.214800,D
173384554,EUR/USD,2005-07-29 11:00:25.000,1.214600,1.214900,D
173384572,EUR/USD,2005-07-29 11:00:26.000,1.214500,1.214800,D
173384590,EUR/USD,2005-07-29 11:00:27.000,1.214600,1.214900,D
173384599,EUR/USD,2005-07-29 11:00:28.000,1.214700,1.215000,D
173384627,EUR/USD,2005-07-29 11:00:29.000,1.214800,1.215100,D
173384671,EUR/USD,2005-07-29 11:00:32.000,1.214900,1.215200,D
173384676,EUR/USD,2005-07-29 11:00:33.000,1.215000,1.215300,D
173384713,EUR/USD,2005-07-29 11:00:37.000,1.215100,1.215400,D
173384720,EUR/USD,2005-07-29 11:00:38.000,1.215000,1.215300,D
173384742,EUR/USD,2005-07-29 11:00:40.000,1.214900,1.215200,D
173384745,EUR/USD,2005-07-29 11:00:40.000,1.214800,1.215100,D
173384750,EUR/USD,2005-07-29 11:00:41.000,1.214700,1.215000,D
173384761,EUR/USD,2005-07-29 11:00:41.000,1.214800,1.215100,D
173384768,EUR/USD,2005-07-29 11:00:42.000,1.214700,1.215000,D
173384785,EUR/USD,2005-07-29 11:00:43.000,1.214800,1.215100,D
173384794,EUR/USD,2005-07-29 11:00:43.000,1.214700,1.215000,D
173384799,EUR/USD,2005-07-29 11:00:43.000,1.214600,1.214900,D
173384845,EUR/USD,2005-07-29 11:00:49.000,1.214700,1.215000,D
173384883,EUR/USD,2005-07-29 11:00:53.000,1.214800,1.215100,D
173384899,EUR/USD,2005-07-29 11:00:54.000,1.214700,1.215000,D
173384937,EUR/USD,2005-07-29 11:00:58.000,1.214600,1.214900,D
173384965,EUR/USD,2005-07-29 11:01:02.000,1.214500,1.214800,D
173384980,EUR/USD,2005-07-29 11:01:05.000,1.214400,1.214700,D
173384989,EUR/USD,2005-07-29 11:01:07.000,1.214300,1.214600,D
173384993,EUR/USD,2005-07-29 11:01:08.000,1.214400,1.214700,D
173385002,EUR/USD,2005-07-29 11:01:10.000,1.214300,1.214600,D
173385008,EUR/USD,2005-07-29 11:01:10.000,1.214400,1.214700,D
173385038,EUR/USD,2005-07-29 11:01:14.000,1.214300,1.214600,D
173385081,EUR/USD,2005-07-29 11:01:19.000,1.214200,1.214500,D
173385124,EUR/USD,2005-07-29 11:01:22.000,1.214100,1.214400,D
173385138,EUR/USD,2005-07-29 11:01:23.000,1.214200,1.214500,D
173385166,EUR/USD,2005-07-29 11:01:26.000,1.214300,1.214600,D
173385174,EUR/USD,2005-07-29 11:01:27.000,1.214400,1.214700,D
173385241,EUR/USD,2005-07-29 11:01:31.000,1.214300,1.214600,D
173385259,EUR/USD,2005-07-29 11:01:33.000,1.214200,1.214500,D
173385264,EUR/USD,2005-07-29 11:01:34.000,1.214100,1.214400,D
173385275,EUR/USD,2005-07-29 11:01:35.000,1.214000,1.214300,D
173385302,EUR/USD,2005-07-29 11:01:37.000,1.213900,1.214200,D
173385315,EUR/USD,2005-07-29 11:01:39.000,1.214000,1.214300,D
173385339,EUR/USD,2005-07-29 11:01:41.000,1.214100,1.214400,D
173385356,EUR/USD,2005-07-29 11:01:42.000,1.214000,1.214300,D
173385361,EUR/USD,2005-07-29 11:01:42.000,1.214100,1.214400,D
173385389,EUR/USD,2005-07-29 11:01:44.000,1.214200,1.214500,D
173385417,EUR/USD,2005-07-29 11:01:46.000,1.214300,1.214600,D
173385460,EUR/USD,2005-07-29 11:01:49.000,1.214400,1.214700,D
173385472,EUR/USD,2005-07-29 11:01:50.000,1.214300,1.214600,D
173385555,EUR/USD,2005-07-29 11:02:01.000,1.214200,1.214500,D
173385564,EUR/USD,2005-07-29 11:02:01.000,1.214300,1.214600,D
173385592,EUR/USD,2005-07-29 11:02:04.000,1.214200,1.214300,D
173385604,EUR/USD,2005-07-29 11:02:05.000,1.214000,1.214300,D
173385629,EUR/USD,2005-07-29 11:02:06.000,1.213800,1.214100,D
173385636,EUR/USD,2005-07-29 11:02:07.000,1.213700,1.214000,D
173385647,EUR/USD,2005-07-29 11:02:08.000,1.213600,1.213900,D
173385657,EUR/USD,2005-07-29 11:02:08.000,1.213700,1.214000,D
173385675,EUR/USD,2005-07-29 11:02:10.000,1.213500,1.213800,D
173385692,EUR/USD,2005-07-29 11:02:11.000,1.213700,1.214000,D
173385732,EUR/USD,2005-07-29 11:02:13.000,1.213800,1.214100,D
173385743,EUR/USD,2005-07-29 11:02:14.000,1.213900,1.214200,D
173385775,EUR/USD,2005-07-29 11:02:18.000,1.213800,1.214100,D
173385794,EUR/USD,2005-07-29 11:02:21.000,1.213600,1.213900,D
173385804,EUR/USD,2005-07-29 11:02:21.000,1.213700,1.214000,D
173385806,EUR/USD,2005-07-29 11:02:22.000,1.213600,1.213900,D
173385825,EUR/USD,2005-07-29 11:02:23.000,1.213500,1.213800,D
173385836,EUR/USD,2005-07-29 11:02:24.000,1.213600,1.213900,D
173385874,EUR/USD,2005-07-29 11:02:28.000,1.213700,1.214000,D
173385892,EUR/USD,2005-07-29 11:02:29.000,1.213800,1.214100,D
173385934,EUR/USD,2005-07-29 11:02:35.000,1.213700,1.214000,D
173385967,EUR/USD,2005-07-29 11:02:40.000,1.213800,1.214100,D
173385970,EUR/USD,2005-07-29 11:02:41.000,1.213700,1.214000,D
173385972,EUR/USD,2005-07-29 11:02:41.000,1.213600,1.213900,D
173386000,EUR/USD,2005-07-29 11:02:44.000,1.213500,1.213800,D
173386019,EUR/USD,2005-07-29 11:02:46.000,1.213400,1.213700,D
173386053,EUR/USD,2005-07-29 11:02:50.000,1.213500,1.213800,D
173386064,EUR/USD,2005-07-29 11:02:51.000,1.213400,1.213700,D
173386070,EUR/USD,2005-07-29 11:02:52.000,1.213300,1.213600,D
173386097,EUR/USD,2005-07-29 11:02:54.000,1.213200,1.213500,D
173386105,EUR/USD,2005-07-29 11:02:55.000,1.213300,1.213600,D
173386122,EUR/USD,2005-07-29 11:02:58.000,1.213200,1.213500,D
173386127,EUR/USD,2005-07-29 11:02:58.000,1.213100,1.213400,D
173386140,EUR/USD,2005-07-29 11:02:59.000,1.213000,1.213300,D
173386158,EUR/USD,2005-07-29 11:03:01.000,1.212900,1.213200,D
173386161,EUR/USD,2005-07-29 11:03:02.000,1.212800,1.213100,D
173386185,EUR/USD,2005-07-29 11:03:03.000,1.212900,1.213200,D
173386209,EUR/USD,2005-07-29 11:03:04.000,1.213000,1.213300,D
173386223,EUR/USD,2005-07-29 11:03:06.000,1.213100,1.213400,D
173386241,EUR/USD,2005-07-29 11:03:08.000,1.213200,1.213500,D
173386244,EUR/USD,2005-07-29 11:03:08.000,1.213100,1.213400,D
173386263,EUR/USD,2005-07-29 11:03:10.000,1.213000,1.213300,D
173386268,EUR/USD,2005-07-29 11:03:10.000,1.213100,1.213400,D
173386278,EUR/USD,2005-07-29 11:03:11.000,1.213000,1.213300,D
173386289,EUR/USD,2005-07-29 11:03:13.000,1.213100,1.213400,D
173386293,EUR/USD,2005-07-29 11:03:14.000,1.213000,1.213300,D
173386296,EUR/USD,2005-07-29 11:03:14.000,1.212900,1.213200,D
173386314,EUR/USD,2005-07-29 11:03:18.000,1.212800,1.213100,D
173386328,EUR/USD,2005-07-29 11:03:20.000,1.212900,1.213200,D
173386333,EUR/USD,2005-07-29 11:03:20.000,1.212800,1.213100,D
173386348,EUR/USD,2005-07-29 11:03:21.000,1.212700,1.213000,D
173386365,EUR/USD,2005-07-29 11:03:23.000,1.212600,1.212900,D
173386406,EUR/USD,2005-07-29 11:03:28.000,1.212700,1.213000,D
173386433,EUR/USD,2005-07-29 11:03:30.000,1.212800,1.213100,D
173386464,EUR/USD,2005-07-29 11:03:33.000,1.212900,1.213200,D
173386497,EUR/USD,2005-07-29 11:03:36.000,1.213000,1.213300,D
173386525,EUR/USD,2005-07-29 11:03:38.000,1.213100,1.213400,D
173386534,EUR/USD,2005-07-29 11:03:39.000,1.213000,1.213300,D
173386543,EUR/USD,2005-07-29 11:03:39.000,1.213100,1.213400,D
173386577,EUR/USD,2005-07-29 11:03:43.000,1.213000,1.213300,D
173386588,EUR/USD,2005-07-29 11:03:45.000,1.212900,1.213200,D
173386592,EUR/USD,2005-07-29 11:03:45.000,1.213000,1.213300,D
173386599,EUR/USD,2005-07-29 11:03:46.000,1.212900,1.213200,D
173386634,EUR/USD,2005-07-29 11:03:51.000,1.213100,1.213400,D
173386638,EUR/USD,2005-07-29 11:03:52.000,1.213200,1.213500,D
173386651,EUR/USD,2005-07-29 11:03:52.000,1.213300,1.213600,D
173386669,EUR/USD,2005-07-29 11:03:54.000,1.213400,1.213700,D
173386673,EUR/USD,2005-07-29 11:03:55.000,1.213500,1.213800,D
173386706,EUR/USD,2005-07-29 11:03:58.000,1.213600,1.213900,D
173386739,EUR/USD,2005-07-29 11:04:00.000,1.213500,1.213800,D
173386745,EUR/USD,2005-07-29 11:04:00.000,1.213600,1.213900,D
173386762,EUR/USD,2005-07-29 11:04:01.000,1.213500,1.213800,D
173386803,EUR/USD,2005-07-29 11:04:07.000,1.213400,1.213700,D
173386869,EUR/USD,2005-07-29 11:04:15.000,1.213500,1.213800,D
173386884,EUR/USD,2005-07-29 11:04:17.000,1.213600,1.213900,D
173386945,EUR/USD,2005-07-29 11:04:26.000,1.213500,1.213800,D
173386954,EUR/USD,2005-07-29 11:04:26.000,1.213600,1.213900,D
173386962,EUR/USD,2005-07-29 11:04:27.000,1.213500,1.213800,D
173386967,EUR/USD,2005-07-29 11:04:29.000,1.213600,1.213900,D
173386976,EUR/USD,2005-07-29 11:04:31.000,1.213500,1.213800,D
173386996,EUR/USD,2005-07-29 11:04:34.000,1.213600,1.213900,D
173387003,EUR/USD,2005-07-29 11:04:34.000,1.213500,1.213800,D
173387010,EUR/USD,2005-07-29 11:04:35.000,1.213600,1.213900,D
173387045,EUR/USD,2005-07-29 11:04:42.000,1.213700,1.214000,D
173387071,EUR/USD,2005-07-29 11:04:47.000,1.213800,1.214100,D
173387120,EUR/USD,2005-07-29 11:04:55.000,1.213700,1.214000,D
173387125,EUR/USD,2005-07-29 11:04:55.000,1.213800,1.214100,D
173387137,EUR/USD,2005-07-29 11:04:58.000,1.213700,1.214000,D
173387151,EUR/USD,2005-07-29 11:05:01.000,1.213600,1.213900,D
173387162,EUR/USD,2005-07-29 11:05:06.000,1.213500,1.213800,D
173387199,EUR/USD,2005-07-29 11:05:14.000,1.213600,1.213900,D
173387217,EUR/USD,2005-07-29 11:05:18.000,1.213700,1.214000,D
173387224,EUR/USD,2005-07-29 11:05:19.000,1.213600,1.213900,D
173387239,EUR/USD,2005-07-29 11:05:21.000,1.213700,1.214000,D
173387253,EUR/USD,2005-07-29 11:05:23.000,1.213600,1.213900,D
173387271,EUR/USD,2005-07-29 11:05:27.000,1.213700,1.214000,D
173387274,EUR/USD,2005-07-29 11:05:29.000,1.213600,1.213900,D
173387308,EUR/USD,2005-07-29 11:05:39.000,1.213700,1.214000,D
173387311,EUR/USD,2005-07-29 11:05:42.000,1.213600,1.213900,D
173387313,EUR/USD,2005-07-29 11:05:44.000,1.213700,1.214000,D
173387318,EUR/USD,2005-07-29 11:05:47.000,1.213800,1.214100,D
173387338,EUR/USD,2005-07-29 11:05:52.000,1.213900,1.214200,D
173387354,EUR/USD,2005-07-29 11:05:56.000,1.213800,1.214100,D
173387360,EUR/USD,2005-07-29 11:05:56.000,1.213900,1.214200,D
173387376,EUR/USD,2005-07-29 11:05:58.000,1.213800,1.214100,D
173387390,EUR/USD,2005-07-29 11:05:59.000,1.213900,1.214200,D
173387401,EUR/USD,2005-07-29 11:06:02.000,1.213800,1.214100,D
173387422,EUR/USD,2005-07-29 11:06:06.000,1.213900,1.214200,D
173387426,EUR/USD,2005-07-29 11:06:07.000,1.213800,1.214100,D
173387444,EUR/USD,2005-07-29 11:06:12.000,1.213700,1.214000,D
173387503,EUR/USD,2005-07-29 11:06:23.000,1.213600,1.213900,D
173387533,EUR/USD,2005-07-29 11:06:27.000,1.213500,1.213800,D
173387590,EUR/USD,2005-07-29 11:06:43.000,1.213400,1.213700,D
173387606,EUR/USD,2005-07-29 11:06:48.000,1.213500,1.213800,D
173387609,EUR/USD,2005-07-29 11:06:49.000,1.213400,1.213700,D
173387612,EUR/USD,2005-07-29 11:06:49.000,1.213500,1.213800,D
173387622,EUR/USD,2005-07-29 11:06:51.000,1.213400,1.213700,D
173387635,EUR/USD,2005-07-29 11:06:52.000,1.213300,1.213600,D
173387657,EUR/USD,2005-07-29 11:06:57.000,1.213200,1.213500,D
173387660,EUR/USD,2005-07-29 11:06:59.000,1.213100,1.213400,D
173387673,EUR/USD,2005-07-29 11:07:01.000,1.213000,1.213300,D
173387692,EUR/USD,2005-07-29 11:07:04.000,1.212900,1.213200,D
173387696,EUR/USD,2005-07-29 11:07:05.000,1.213000,1.213300,D
173387711,EUR/USD,2005-07-29 11:07:06.000,1.213100,1.213400,D
173387738,EUR/USD,2005-07-29 11:07:09.000,1.213200,1.213500,D
173387756,EUR/USD,2005-07-29 11:07:11.000,1.213300,1.213600,D
173387777,EUR/USD,2005-07-29 11:07:13.000,1.213200,1.213500,D
173387794,EUR/USD,2005-07-29 11:07:14.000,1.213300,1.213600,D
173387797,EUR/USD,2005-07-29 11:07:14.000,1.213400,1.213700,D
173387806,EUR/USD,2005-07-29 11:07:15.000,1.213300,1.213600,D
173387815,EUR/USD,2005-07-29 11:07:16.000,1.213200,1.213500,D
173387827,EUR/USD,2005-07-29 11:07:16.000,1.213300,1.213600,D
173387837,EUR/USD,2005-07-29 11:07:18.000,1.213400,1.213700,D
173387838,EUR/USD,2005-07-29 11:07:18.000,1.213300,1.213600,D
173387850,EUR/USD,2005-07-29 11:07:19.000,1.213400,1.213700,D
173387865,EUR/USD,2005-07-29 11:07:20.000,1.213300,1.213600,D
173387897,EUR/USD,2005-07-29 11:07:26.000,1.213200,1.213500,D
173387906,EUR/USD,2005-07-29 11:07:26.000,1.213300,1.213600,D
173387931,EUR/USD,2005-07-29 11:07:31.000,1.213400,1.213700,D
173387933,EUR/USD,2005-07-29 11:07:32.000,1.213300,1.213600,D
173387936,EUR/USD,2005-07-29 11:07:33.000,1.213200,1.213500,D
173387943,EUR/USD,2005-07-29 11:07:36.000,1.213300,1.213600,D
173387958,EUR/USD,2005-07-29 11:07:41.000,1.213400,1.213700,D
173387960,EUR/USD,2005-07-29 11:07:41.000,1.213300,1.213600,D
173387971,EUR/USD,2005-07-29 11:07:45.000,1.213400,1.213700,D
173387995,EUR/USD,2005-07-29 11:07:53.000,1.213300,1.213600,D
173388016,EUR/USD,2005-07-29 11:08:01.000,1.213400,1.213700,D
173388032,EUR/USD,2005-07-29 11:08:04.000,1.213300,1.213600,D
173388033,EUR/USD,2005-07-29 11:08:04.000,1.213400,1.213700,D
173388038,EUR/USD,2005-07-29 11:08:06.000,1.213300,1.213600,D
173388041,EUR/USD,2005-07-29 11:08:07.000,1.213400,1.213700,D
173388070,EUR/USD,2005-07-29 11:08:15.000,1.213300,1.213600,D
173388075,EUR/USD,2005-07-29 11:08:16.000,1.213400,1.213700,D
173388106,EUR/USD,2005-07-29 11:08:23.000,1.213500,1.213800,D
173388125,EUR/USD,2005-07-29 11:08:28.000,1.213400,1.213700,D
173388129,EUR/USD,2005-07-29 11:08:29.000,1.213500,1.213800,D
173388131,EUR/USD,2005-07-29 11:08:30.000,1.213400,1.213700,D
173388146,EUR/USD,2005-07-29 11:08:32.000,1.213500,1.213800,D
173388184,EUR/USD,2005-07-29 11:08:47.000,1.213400,1.213700,D
173388193,EUR/USD,2005-07-29 11:08:49.000,1.213500,1.213800,D
173388211,EUR/USD,2005-07-29 11:08:56.000,1.213400,1.213700,D
173388216,EUR/USD,2005-07-29 11:08:57.000,1.213500,1.213800,D
173388221,EUR/USD,2005-07-29 11:08:59.000,1.213400,1.213700,D
173388229,EUR/USD,2005-07-29 11:09:00.000,1.213500,1.213800,D
173388268,EUR/USD,2005-07-29 11:09:08.000,1.213600,1.213900,D
173388310,EUR/USD,2005-07-29 11:09:15.000,1.213500,1.213800,D
173388312,EUR/USD,2005-07-29 11:09:15.000,1.213600,1.213900,D
173388380,EUR/USD,2005-07-29 11:09:33.000,1.213500,1.213800,D
173388415,EUR/USD,2005-07-29 11:09:38.000,1.213400,1.213700,D
173388421,EUR/USD,2005-07-29 11:09:39.000,1.213500,1.213800,D
173388429,EUR/USD,2005-07-29 11:09:40.000,1.213600,1.213900,D
173388453,EUR/USD,2005-07-29 11:09:41.000,1.213500,1.213800,D
173388471,EUR/USD,2005-07-29 11:09:44.000,1.213400,1.213700,D
173388481,EUR/USD,2005-07-29 11:09:46.000,1.213300,1.213600,D
173388502,EUR/USD,2005-07-29 11:09:53.000,1.213200,1.213500,D
173388512,EUR/USD,2005-07-29 11:09:57.000,1.213100,1.213400,D
173388594,EUR/USD,2005-07-29 11:10:12.000,1.213200,1.213500,D
173388617,EUR/USD,2005-07-29 11:10:19.000,1.213300,1.213600,D
173388625,EUR/USD,2005-07-29 11:10:20.000,1.213200,1.213500,D
173388631,EUR/USD,2005-07-29 11:10:21.000,1.213300,1.213600,D
173388641,EUR/USD,2005-07-29 11:10:23.000,1.213400,1.213700,D
173388648,EUR/USD,2005-07-29 11:10:24.000,1.213300,1.213600,D
173388652,EUR/USD,2005-07-29 11:10:24.000,1.213000,1.213300,D
173388684,EUR/USD,2005-07-29 11:10:26.000,1.212800,1.213100,D
173388698,EUR/USD,2005-07-29 11:10:28.000,1.212700,1.213000,D
173388712,EUR/USD,2005-07-29 11:10:29.000,1.212800,1.213100,D
173388718,EUR/USD,2005-07-29 11:10:29.000,1.212700,1.213000,D
173388736,EUR/USD,2005-07-29 11:10:32.000,1.212600,1.212900,D
173388749,EUR/USD,2005-07-29 11:10:34.000,1.212500,1.212800,D
173388755,EUR/USD,2005-07-29 11:10:34.000,1.212600,1.212800,D
173388756,EUR/USD,2005-07-29 11:10:34.000,1.212600,1.212900,D
173388767,EUR/USD,2005-07-29 11:10:35.000,1.212500,1.212800,D
173388808,EUR/USD,2005-07-29 11:10:40.000,1.212600,1.212900,D
173388823,EUR/USD,2005-07-29 11:10:41.000,1.212500,1.212800,D
173388827,EUR/USD,2005-07-29 11:10:41.000,1.212400,1.212700,D
173388837,EUR/USD,2005-07-29 11:10:42.000,1.212500,1.212800,D
173388838,EUR/USD,2005-07-29 11:10:42.000,1.212600,1.212900,D
173388852,EUR/USD,2005-07-29 11:10:44.000,1.212500,1.212800,D
173388864,EUR/USD,2005-07-29 11:10:45.000,1.212400,1.212700,D
173388872,EUR/USD,2005-07-29 11:10:45.000,1.212300,1.212600,D
173388879,EUR/USD,2005-07-29 11:10:46.000,1.212200,1.212500,D
173388894,EUR/USD,2005-07-29 11:10:47.000,1.212100,1.212400,D
173388904,EUR/USD,2005-07-29 11:10:47.000,1.212000,1.212300,D
173388912,EUR/USD,2005-07-29 11:10:48.000,1.211900,1.212200,D
173388931,EUR/USD,2005-07-29 11:10:49.000,1.211800,1.212100,D
173388934,EUR/USD,2005-07-29 11:10:49.000,1.211700,1.212000,D
173388969,EUR/USD,2005-07-29 11:10:51.000,1.211600,1.211900,D
173388979,EUR/USD,2005-07-29 11:10:52.000,1.211700,1.212000,D
173388988,EUR/USD,2005-07-29 11:10:53.000,1.211600,1.211900,D
173388994,EUR/USD,2005-07-29 11:10:53.000,1.211500,1.211800,D
173389006,EUR/USD,2005-07-29 11:10:54.000,1.211600,1.211900,D
173389019,EUR/USD,2005-07-29 11:10:54.000,1.211700,1.212000,D
173389026,EUR/USD,2005-07-29 11:10:55.000,1.211600,1.211900,D
173389041,EUR/USD,2005-07-29 11:10:56.000,1.211700,1.212000,D
173389045,EUR/USD,2005-07-29 11:10:56.000,1.211600,1.211900,D
173389058,EUR/USD,2005-07-29 11:10:57.000,1.211500,1.211800,D
173389078,EUR/USD,2005-07-29 11:10:59.000,1.211600,1.211900,D
173389084,EUR/USD,2005-07-29 11:10:59.000,1.211500,1.211800,D
173389088,EUR/USD,2005-07-29 11:11:00.000,1.211600,1.211900,D
173389104,EUR/USD,2005-07-29 11:11:02.000,1.211700,1.212000,D
173389105,EUR/USD,2005-07-29 11:11:02.000,1.211600,1.211900,D
173389109,EUR/USD,2005-07-29 11:11:02.000,1.211700,1.212000,D
173389121,EUR/USD,2005-07-29 11:11:03.000,1.211800,1.212100,D
173389123,EUR/USD,2005-07-29 11:11:03.000,1.211900,1.212200,D
173389162,EUR/USD,2005-07-29 11:11:10.000,1.211800,1.212100,D
173389183,EUR/USD,2005-07-29 11:11:12.000,1.211900,1.212200,D
173389226,EUR/USD,2005-07-29 11:11:20.000,1.211800,1.212100,D
173389240,EUR/USD,2005-07-29 11:11:22.000,1.211900,1.212200,D
173389261,EUR/USD,2005-07-29 11:11:24.000,1.211800,1.212100,D
173389279,EUR/USD,2005-07-29 11:11:26.000,1.211900,1.212200,D
173389307,EUR/USD,2005-07-29 11:11:30.000,1.212000,1.212300,D
173389318,EUR/USD,2005-07-29 11:11:32.000,1.212100,1.212400,D
173389322,EUR/USD,2005-07-29 11:11:32.000,1.212200,1.212500,D
173389333,EUR/USD,2005-07-29 11:11:34.000,1.212100,1.212400,D
173389354,EUR/USD,2005-07-29 11:11:36.000,1.212200,1.212500,D
173389382,EUR/USD,2005-07-29 11:11:38.000,1.212100,1.212400,D
173389403,EUR/USD,2005-07-29 11:11:40.000,1.212000,1.212300,D
173389432,EUR/USD,2005-07-29 11:11:43.000,1.211900,1.212200,D
173389474,EUR/USD,2005-07-29 11:11:47.000,1.212000,1.212300,D
173389496,EUR/USD,2005-07-29 11:11:49.000,1.212100,1.212400,D
173389542,EUR/USD,2005-07-29 11:11:59.000,1.212000,1.212300,D
173389545,EUR/USD,2005-07-29 11:12:00.000,1.212100,1.212400,D
173389583,EUR/USD,2005-07-29 11:12:07.000,1.212200,1.212500,D
173389588,EUR/USD,2005-07-29 11:12:10.000,1.212100,1.212400,D
173389599,EUR/USD,2005-07-29 11:12:13.000,1.212000,1.212300,D
173389618,EUR/USD,2005-07-29 11:12:15.000,1.211900,1.212200,D
173389628,EUR/USD,2005-07-29 11:12:16.000,1.212000,1.212300,D
173389634,EUR/USD,2005-07-29 11:12:17.000,1.211900,1.212200,D
173389643,EUR/USD,2005-07-29 11:12:18.000,1.212000,1.212300,D
173389650,EUR/USD,2005-07-29 11:12:18.000,1.211900,1.212200,D
173389686,EUR/USD,2005-07-29 11:12:22.000,1.211800,1.212100,D
173389688,EUR/USD,2005-07-29 11:12:22.000,1.211900,1.212200,D
173389699,EUR/USD,2005-07-29 11:12:25.000,1.211800,1.212100,D
173389701,EUR/USD,2005-07-29 11:12:25.000,1.211900,1.212200,D
173389730,EUR/USD,2005-07-29 11:12:30.000,1.212000,1.212300,D
173389770,EUR/USD,2005-07-29 11:12:34.000,1.212100,1.212400,D
173389799,EUR/USD,2005-07-29 11:12:39.000,1.212000,1.212300,D
173389809,EUR/USD,2005-07-29 11:12:41.000,1.211900,1.212200,D
173389820,EUR/USD,2005-07-29 11:12:42.000,1.212000,1.212300,D
173389843,EUR/USD,2005-07-29 11:12:46.000,1.212100,1.212400,D
173389856,EUR/USD,2005-07-29 11:12:47.000,1.212200,1.212500,D
173389883,EUR/USD,2005-07-29 11:12:53.000,1.212100,1.212400,D
173389923,EUR/USD,2005-07-29 11:13:03.000,1.212200,1.212500,D
173389947,EUR/USD,2005-07-29 11:13:10.000,1.212100,1.212400,D
173389990,EUR/USD,2005-07-29 11:13:15.000,1.212000,1.212300,D
173389998,EUR/USD,2005-07-29 11:13:16.000,1.212100,1.212400,D
173390003,EUR/USD,2005-07-29 11:13:17.000,1.212000,1.212300,D
173390010,EUR/USD,2005-07-29 11:13:18.000,1.211900,1.212200,D
173390013,EUR/USD,2005-07-29 11:13:18.000,1.212000,1.212300,D
173390021,EUR/USD,2005-07-29 11:13:18.000,1.212100,1.212400,D
173390039,EUR/USD,2005-07-29 11:13:21.000,1.212000,1.212300,D
173390045,EUR/USD,2005-07-29 11:13:22.000,1.212100,1.212400,D
173390093,EUR/USD,2005-07-29 11:13:39.000,1.212200,1.212500,D
173390094,EUR/USD,2005-07-29 11:13:39.000,1.212300,1.212600,D
173390096,EUR/USD,2005-07-29 11:13:39.000,1.212200,1.212500,D
173390119,EUR/USD,2005-07-29 11:13:47.000,1.212300,1.212600,D
173390140,EUR/USD,2005-07-29 11:13:54.000,1.212200,1.212500,D
173390145,EUR/USD,2005-07-29 11:13:56.000,1.212300,1.212600,D
173390163,EUR/USD,2005-07-29 11:14:00.000,1.212400,1.212700,D
173390182,EUR/USD,2005-07-29 11:14:04.000,1.212500,1.212800,D
173390220,EUR/USD,2005-07-29 11:14:11.000,1.212600,1.212900,D
173390226,EUR/USD,2005-07-29 11:14:11.000,1.212500,1.212800,D
173390236,EUR/USD,2005-07-29 11:14:12.000,1.212400,1.212700,D
173390244,EUR/USD,2005-07-29 11:14:15.000,1.212500,1.212800,D
173390278,EUR/USD,2005-07-29 11:14:21.000,1.212400,1.212700,D
173390288,EUR/USD,2005-07-29 11:14:23.000,1.212300,1.212600,D
173390307,EUR/USD,2005-07-29 11:14:26.000,1.212200,1.212500,D
173390317,EUR/USD,2005-07-29 11:14:27.000,1.212300,1.212600,D
173390342,EUR/USD,2005-07-29 11:14:32.000,1.212200,1.212500,D
173390354,EUR/USD,2005-07-29 11:14:34.000,1.212100,1.212400,D
173390380,EUR/USD,2005-07-29 11:14:36.000,1.212000,1.212300,D
173390383,EUR/USD,2005-07-29 11:14:37.000,1.211900,1.212200,D
173390409,EUR/USD,2005-07-29 11:14:40.000,1.212000,1.212300,D
173390416,EUR/USD,2005-07-29 11:14:40.000,1.211900,1.212200,D
173390423,EUR/USD,2005-07-29 11:14:41.000,1.211800,1.212100,D
173390456,EUR/USD,2005-07-29 11:14:46.000,1.211700,1.212000,D
173390479,EUR/USD,2005-07-29 11:14:49.000,1.211600,1.211900,D
173390502,EUR/USD,2005-07-29 11:14:51.000,1.211500,1.211800,D
173390554,EUR/USD,2005-07-29 11:14:56.000,1.211600,1.211900,D
173390564,EUR/USD,2005-07-29 11:14:57.000,1.211500,1.211800,D
173390571,EUR/USD,2005-07-29 11:14:58.000,1.211600,1.211900,D
173390593,EUR/USD,2005-07-29 11:15:00.000,1.211700,1.212000,D
173390602,EUR/USD,2005-07-29 11:15:01.000,1.211800,1.212100,D
173390654,EUR/USD,2005-07-29 11:15:07.000,1.211900,1.212200,D
173390658,EUR/USD,2005-07-29 11:15:08.000,1.211800,1.212100,D
173390729,EUR/USD,2005-07-29 11:15:23.000,1.211900,1.212200,D
173390738,EUR/USD,2005-07-29 11:15:24.000,1.211800,1.212100,D
173390762,EUR/USD,2005-07-29 11:15:26.000,1.211700,1.212000,D
173390769,EUR/USD,2005-07-29 11:15:29.000,1.211600,1.211900,D
173390813,EUR/USD,2005-07-29 11:15:40.000,1.211500,1.211800,D
173390819,EUR/USD,2005-07-29 11:15:40.000,1.211600,1.211900,D
173390820,EUR/USD,2005-07-29 11:15:41.000,1.211700,1.212000,D
173390836,EUR/USD,2005-07-29 11:15:43.000,1.211600,1.211900,D
173390847,EUR/USD,2005-07-29 11:15:45.000,1.211500,1.211800,D
173390864,EUR/USD,2005-07-29 11:15:46.000,1.211600,1.211900,D
173390904,EUR/USD,2005-07-29 11:15:54.000,1.211500,1.211800,D
173390908,EUR/USD,2005-07-29 11:15:54.000,1.211400,1.211700,D
173390922,EUR/USD,2005-07-29 11:15:56.000,1.211300,1.211600,D
173390926,EUR/USD,2005-07-29 11:15:56.000,1.211200,1.211500,D
173390968,EUR/USD,2005-07-29 11:15:58.000,1.211100,1.211400,D
173390978,EUR/USD,2005-07-29 11:15:59.000,1.211000,1.211300,D
173390984,EUR/USD,2005-07-29 11:15:59.000,1.210900,1.211200,D
173391000,EUR/USD,2005-07-29 11:16:00.000,1.210800,1.211100,D
173391012,EUR/USD,2005-07-29 11:16:01.000,1.210700,1.211000,D
173391028,EUR/USD,2005-07-29 11:16:02.000,1.210600,1.210900,D
173391060,EUR/USD,2005-07-29 11:16:05.000,1.210500,1.210800,D
173391082,EUR/USD,2005-07-29 11:16:07.000,1.210600,1.210900,D
173391090,EUR/USD,2005-07-29 11:16:07.000,1.210700,1.211000,D
173391105,EUR/USD,2005-07-29 11:16:09.000,1.210600,1.210900,D
173391110,EUR/USD,2005-07-29 11:16:10.000,1.210700,1.211000,D
173391118,EUR/USD,2005-07-29 11:16:10.000,1.210600,1.210900,D
173391140,EUR/USD,2005-07-29 11:16:12.000,1.210500,1.210800,D
173391187,EUR/USD,2005-07-29 11:16:17.000,1.210400,1.210700,D
173391200,EUR/USD,2005-07-29 11:16:19.000,1.210300,1.210600,D
173391205,EUR/USD,2005-07-29 11:16:19.000,1.210200,1.210500,D
173391217,EUR/USD,2005-07-29 11:16:20.000,1.210100,1.210400,D
173391220,EUR/USD,2005-07-29 11:16:20.000,1.210200,1.210500,D
173391229,EUR/USD,2005-07-29 11:16:21.000,1.210300,1.210600,D
173391234,EUR/USD,2005-07-29 11:16:21.000,1.210200,1.210500,D
173391266,EUR/USD,2005-07-29 11:16:25.000,1.210300,1.210600,D
173391293,EUR/USD,2005-07-29 11:16:28.000,1.210400,1.210700,D
173391325,EUR/USD,2005-07-29 11:16:30.000,1.210300,1.210600,D
173391340,EUR/USD,2005-07-29 11:16:31.000,1.210400,1.210700,D
173391358,EUR/USD,2005-07-29 11:16:33.000,1.210300,1.210600,D
173391416,EUR/USD,2005-07-29 11:16:38.000,1.210400,1.210700,D
173391420,EUR/USD,2005-07-29 11:16:38.000,1.210300,1.210600,D
173391427,EUR/USD,2005-07-29 11:16:39.000,1.210400,1.210700,D
173391432,EUR/USD,2005-07-29 11:16:39.000,1.210300,1.210600,D
173391446,EUR/USD,2005-07-29 11:16:43.000,1.210400,1.210700,D
173391458,EUR/USD,2005-07-29 11:16:44.000,1.210300,1.210600,D
173391463,EUR/USD,2005-07-29 11:16:45.000,1.210400,1.210700,D
173391466,EUR/USD,2005-07-29 11:16:45.000,1.210300,1.210600,D
173391468,EUR/USD,2005-07-29 11:16:45.000,1.210200,1.210500,D
173391477,EUR/USD,2005-07-29 11:16:46.000,1.210300,1.210600,D
173391483,EUR/USD,2005-07-29 11:16:46.000,1.210400,1.210700,D
173391484,EUR/USD,2005-07-29 11:16:47.000,1.210300,1.210600,D
173391503,EUR/USD,2005-07-29 11:16:49.000,1.210400,1.210700,D
173391511,EUR/USD,2005-07-29 11:16:50.000,1.210500,1.210800,D
173391528,EUR/USD,2005-07-29 11:16:52.000,1.210600,1.210900,D
173391548,EUR/USD,2005-07-29 11:16:54.000,1.210700,1.211000,D
173391577,EUR/USD,2005-07-29 11:16:56.000,1.210800,1.211100,D
173391585,EUR/USD,2005-07-29 11:16:57.000,1.210900,1.211200,D
173391587,EUR/USD,2005-07-29 11:16:57.000,1.210800,1.211100,D
173391598,EUR/USD,2005-07-29 11:16:58.000,1.210900,1.211200,D
173391625,EUR/USD,2005-07-29 11:17:00.000,1.210800,1.211100,D
173391630,EUR/USD,2005-07-29 11:17:01.000,1.210700,1.211000,D
173391661,EUR/USD,2005-07-29 11:17:05.000,1.210800,1.211100,D
173391697,EUR/USD,2005-07-29 11:17:11.000,1.210900,1.211200,D
173391714,EUR/USD,2005-07-29 11:17:12.000,1.211000,1.211300,D
173391758,EUR/USD,2005-07-29 11:17:17.000,1.210900,1.211200,D
173391779,EUR/USD,2005-07-29 11:17:19.000,1.211000,1.211300,D
173391794,EUR/USD,2005-07-29 11:17:21.000,1.211100,1.211400,D
173391828,EUR/USD,2005-07-29 11:17:27.000,1.211200,1.211500,D
173391867,EUR/USD,2005-07-29 11:17:35.000,1.211300,1.211600,D
173391886,EUR/USD,2005-07-29 11:17:37.000,1.211200,1.211500,D
173391895,EUR/USD,2005-07-29 11:17:39.000,1.211100,1.211400,D
173391898,EUR/USD,2005-07-29 11:17:39.000,1.211200,1.211500,D
173391905,EUR/USD,2005-07-29 11:17:40.000,1.211100,1.211400,D
173391912,EUR/USD,2005-07-29 11:17:41.000,1.211000,1.211300,D
173391920,EUR/USD,2005-07-29 11:17:42.000,1.210900,1.211200,D
173391951,EUR/USD,2005-07-29 11:17:45.000,1.210800,1.211100,D
173391965,EUR/USD,2005-07-29 11:17:47.000,1.210900,1.211200,D
173391967,EUR/USD,2005-07-29 11:17:47.000,1.210800,1.211100,D
173391989,EUR/USD,2005-07-29 11:17:49.000,1.210700,1.211000,D
173391999,EUR/USD,2005-07-29 11:17:50.000,1.210600,1.210900,D
173392003,EUR/USD,2005-07-29 11:17:50.000,1.210700,1.211000,D
173392050,EUR/USD,2005-07-29 11:17:58.000,1.210800,1.211100,D
173392101,EUR/USD,2005-07-29 11:18:04.000,1.210900,1.211200,D
173392108,EUR/USD,2005-07-29 11:18:05.000,1.210800,1.211100,D
173392159,EUR/USD,2005-07-29 11:18:16.000,1.210900,1.211200,D
173392160,EUR/USD,2005-07-29 11:18:16.000,1.210700,1.211000,D
173392197,EUR/USD,2005-07-29 11:18:21.000,1.210800,1.211100,D
173392248,EUR/USD,2005-07-29 11:18:26.000,1.210700,1.211000,D
173392257,EUR/USD,2005-07-29 11:18:28.000,1.210800,1.211100,D
173392271,EUR/USD,2005-07-29 11:18:30.000,1.210700,1.211000,D
173392291,EUR/USD,2005-07-29 11:18:35.000,1.210800,1.211100,D
173392313,EUR/USD,2005-07-29 11:18:44.000,1.210900,1.211200,D
173392323,EUR/USD,2005-07-29 11:18:46.000,1.211000,1.211300,D
173392341,EUR/USD,2005-07-29 11:18:51.000,1.210900,1.211200,D
173392363,EUR/USD,2005-07-29 11:18:56.000,1.211000,1.211300,D
173392383,EUR/USD,2005-07-29 11:18:59.000,1.211100,1.211400,D
173392385,EUR/USD,2005-07-29 11:19:00.000,1.211000,1.211300,D
173392394,EUR/USD,2005-07-29 11:19:01.000,1.211100,1.211400,D
173392397,EUR/USD,2005-07-29 11:19:02.000,1.211000,1.211300,D
173392401,EUR/USD,2005-07-29 11:19:02.000,1.211100,1.211400,D
173392417,EUR/USD,2005-07-29 11:19:06.000,1.211200,1.211500,D
173392438,EUR/USD,2005-07-29 11:19:10.000,1.211300,1.211600,D
173392450,EUR/USD,2005-07-29 11:19:12.000,1.211200,1.211500,D
173392473,EUR/USD,2005-07-29 11:19:15.000,1.211100,1.211400,D
173392482,EUR/USD,2005-07-29 11:19:17.000,1.211200,1.211500,D
173392493,EUR/USD,2005-07-29 11:19:18.000,1.211100,1.211400,D
173392506,EUR/USD,2005-07-29 11:19:19.000,1.211200,1.211500,D
173392529,EUR/USD,2005-07-29 11:19:24.000,1.211300,1.211600,D
173392546,EUR/USD,2005-07-29 11:19:28.000,1.211400,1.211700,D
173392564,EUR/USD,2005-07-29 11:19:31.000,1.211300,1.211600,D
173392580,EUR/USD,2005-07-29 11:19:34.000,1.211200,1.211500,D
173392593,EUR/USD,2005-07-29 11:19:36.000,1.211300,1.211600,D
173392616,EUR/USD,2005-07-29 11:19:44.000,1.211200,1.211500,D
173392630,EUR/USD,2005-07-29 11:19:45.000,1.211100,1.211400,D
173392669,EUR/USD,2005-07-29 11:19:54.000,1.211000,1.211300,D
173392677,EUR/USD,2005-07-29 11:19:56.000,1.211100,1.211400,D
173392692,EUR/USD,2005-07-29 11:20:00.000,1.211200,1.211500,D
173392705,EUR/USD,2005-07-29 11:20:03.000,1.211300,1.211600,D
173392758,EUR/USD,2005-07-29 11:20:27.000,1.211200,1.211500,D
173392778,EUR/USD,2005-07-29 11:20:39.000,1.211300,1.211600,D
173392793,EUR/USD,2005-07-29 11:20:42.000,1.211400,1.211700,D
173392811,EUR/USD,2005-07-29 11:20:47.000,1.211500,1.211800,D
173392822,EUR/USD,2005-07-29 11:20:51.000,1.211600,1.211900,D
173392835,EUR/USD,2005-07-29 11:20:53.000,1.211500,1.211800,D
173392843,EUR/USD,2005-07-29 11:20:54.000,1.211600,1.211900,D
173392856,EUR/USD,2005-07-29 11:20:57.000,1.211500,1.211800,D
173392919,EUR/USD,2005-07-29 11:21:13.000,1.211400,1.211700,D
173392957,EUR/USD,2005-07-29 11:21:22.000,1.211500,1.211800,D
173393016,EUR/USD,2005-07-29 11:21:43.000,1.211600,1.211900,D
173393017,EUR/USD,2005-07-29 11:21:43.000,1.211500,1.211800,D
173393026,EUR/USD,2005-07-29 11:21:45.000,1.211600,1.211900,D
173393034,EUR/USD,2005-07-29 11:21:46.000,1.211500,1.211800,D
173393051,EUR/USD,2005-07-29 11:21:49.000,1.211400,1.211700,D
173393067,EUR/USD,2005-07-29 11:21:50.000,1.211500,1.211800,D
173393086,EUR/USD,2005-07-29 11:21:52.000,1.211400,1.211700,D
173393108,EUR/USD,2005-07-29 11:21:55.000,1.211300,1.211600,D
173393123,EUR/USD,2005-07-29 11:21:57.000,1.211400,1.211700,D
173393170,EUR/USD,2005-07-29 11:22:06.000,1.211300,1.211600,D
173393183,EUR/USD,2005-07-29 11:22:08.000,1.211200,1.211500,D
173393189,EUR/USD,2005-07-29 11:22:09.000,1.211300,1.211600,D
173393194,EUR/USD,2005-07-29 11:22:11.000,1.211400,1.211700,D
173393198,EUR/USD,2005-07-29 11:22:12.000,1.211300,1.211600,D
173393231,EUR/USD,2005-07-29 11:22:21.000,1.211200,1.211500,D
173393242,EUR/USD,2005-07-29 11:22:23.000,1.211300,1.211600,D
173393252,EUR/USD,2005-07-29 11:22:24.000,1.211200,1.211500,D
173393267,EUR/USD,2005-07-29 11:22:27.000,1.211300,1.211600,D
173393271,EUR/USD,2005-07-29 11:22:28.000,1.211200,1.211500,D
173393276,EUR/USD,2005-07-29 11:22:29.000,1.211300,1.211600,D
173393310,EUR/USD,2005-07-29 11:22:41.000,1.211200,1.211500,D
173393348,EUR/USD,2005-07-29 11:22:58.000,1.211100,1.211400,D
173393363,EUR/USD,2005-07-29 11:23:01.000,1.211000,1.211300,D
173393374,EUR/USD,2005-07-29 11:23:02.000,1.210900,1.211200,D
173393417,EUR/USD,2005-07-29 11:23:07.000,1.210800,1.211100,D
173393423,EUR/USD,2005-07-29 11:23:09.000,1.210900,1.211200,D
173393512,EUR/USD,2005-07-29 11:23:38.000,1.211000,1.211300,D
173393521,EUR/USD,2005-07-29 11:23:39.000,1.211100,1.211400,D
173393535,EUR/USD,2005-07-29 11:23:41.000,1.211000,1.211300,D
173393550,EUR/USD,2005-07-29 11:23:45.000,1.211100,1.211400,D
173393561,EUR/USD,2005-07-29 11:23:49.000,1.211200,1.211500,D
173393578,EUR/USD,2005-07-29 11:23:52.000,1.211300,1.211600,D
173393592,EUR/USD,2005-07-29 11:23:57.000,1.211200,1.211500,D
173393617,EUR/USD,2005-07-29 11:24:03.000,1.211300,1.211600,D
173393630,EUR/USD,2005-07-29 11:24:07.000,1.211400,1.211700,D
173393654,EUR/USD,2005-07-29 11:24:15.000,1.211300,1.211600,D
173393660,EUR/USD,2005-07-29 11:24:18.000,1.211400,1.211700,D
173393667,EUR/USD,2005-07-29 11:24:21.000,1.211300,1.211600,D
173393670,EUR/USD,2005-07-29 11:24:22.000,1.211400,1.211700,D
173393675,EUR/USD,2005-07-29 11:24:23.000,1.211300,1.211600,D
173393688,EUR/USD,2005-07-29 11:24:29.000,1.211400,1.211700,D
173393719,EUR/USD,2005-07-29 11:24:43.000,1.211300,1.211600,D
173393727,EUR/USD,2005-07-29 11:24:49.000,1.211200,1.211500,D
173393730,EUR/USD,2005-07-29 11:24:50.000,1.211300,1.211600,D
173393740,EUR/USD,2005-07-29 11:24:53.000,1.211200,1.211500,D
173393746,EUR/USD,2005-07-29 11:24:58.000,1.211300,1.211600,D
173393751,EUR/USD,2005-07-29 11:25:01.000,1.211200,1.211500,D
173393757,EUR/USD,2005-07-29 11:25:05.000,1.211300,1.211600,D
173393759,EUR/USD,2005-07-29 11:25:06.000,1.211200,1.211500,D
173393775,EUR/USD,2005-07-29 11:25:10.000,1.211100,1.211400,D
173393788,EUR/USD,2005-07-29 11:25:12.000,1.211200,1.211500,D
173393789,EUR/USD,2005-07-29 11:25:12.000,1.211300,1.211600,D
173393814,EUR/USD,2005-07-29 11:25:14.000,1.211200,1.211500,D
173393823,EUR/USD,2005-07-29 11:25:16.000,1.211300,1.211600,D
173393834,EUR/USD,2005-07-29 11:25:21.000,1.211200,1.211500,D
173393859,EUR/USD,2005-07-29 11:25:27.000,1.211300,1.211600,D
173393866,EUR/USD,2005-07-29 11:25:28.000,1.211200,1.211500,D
173393928,EUR/USD,2005-07-29 11:26:01.000,1.211100,1.211400,D
173393961,EUR/USD,2005-07-29 11:26:15.000,1.211000,1.211300,D
173394002,EUR/USD,2005-07-29 11:26:30.000,1.211100,1.211400,D
173394010,EUR/USD,2005-07-29 11:26:33.000,1.211200,1.211500,D
173394049,EUR/USD,2005-07-29 11:26:53.000,1.211300,1.211600,D
173394059,EUR/USD,2005-07-29 11:26:53.000,1.211200,1.211500,D
173394067,EUR/USD,2005-07-29 11:26:58.000,1.211300,1.211600,D
173394072,EUR/USD,2005-07-29 11:26:58.000,1.211200,1.211500,D
173394103,EUR/USD,2005-07-29 11:27:09.000,1.211100,1.211400,D
173394126,EUR/USD,2005-07-29 11:27:21.000,1.211200,1.211500,D
173394129,EUR/USD,2005-07-29 11:27:27.000,1.211100,1.211400,D
173394149,EUR/USD,2005-07-29 11:27:39.000,1.211200,1.211500,D
173394189,EUR/USD,2005-07-29 11:27:51.000,1.211100,1.211400,D
173394208,EUR/USD,2005-07-29 11:27:58.000,1.211200,1.211500,D
173394219,EUR/USD,2005-07-29 11:27:59.000,1.211100,1.211400,D
173394244,EUR/USD,2005-07-29 11:28:08.000,1.211200,1.211500,D
173394247,EUR/USD,2005-07-29 11:28:11.000,1.211100,1.211400,D
173394260,EUR/USD,2005-07-29 11:28:14.000,1.211200,1.211500,D
173394267,EUR/USD,2005-07-29 11:28:17.000,1.211100,1.211400,D
173394278,EUR/USD,2005-07-29 11:28:19.000,1.211200,1.211500,D
173394292,EUR/USD,2005-07-29 11:28:28.000,1.211300,1.211600,D
173394322,EUR/USD,2005-07-29 11:28:36.000,1.211400,1.211700,D
173394324,EUR/USD,2005-07-29 11:28:38.000,1.211300,1.211600,D
173394336,EUR/USD,2005-07-29 11:28:41.000,1.211200,1.211500,D
173394340,EUR/USD,2005-07-29 11:28:41.000,1.211300,1.211600,D
173394371,EUR/USD,2005-07-29 11:28:52.000,1.211200,1.211500,D
173394380,EUR/USD,2005-07-29 11:28:53.000,1.211300,1.211600,D
173394387,EUR/USD,2005-07-29 11:28:57.000,1.211400,1.211700,D
173394413,EUR/USD,2005-07-29 11:29:02.000,1.211500,1.211800,D
173394448,EUR/USD,2005-07-29 11:29:12.000,1.211600,1.211900,D
173394472,EUR/USD,2005-07-29 11:29:17.000,1.211500,1.211800,D
173394508,EUR/USD,2005-07-29 11:29:22.000,1.211600,1.211900,D
173394531,EUR/USD,2005-07-29 11:29:25.000,1.211700,1.212000,D
173394539,EUR/USD,2005-07-29 11:29:25.000,1.211800,1.212100,D
173394575,EUR/USD,2005-07-29 11:29:36.000,1.211900,1.212200,D
173394618,EUR/USD,2005-07-29 11:29:45.000,1.212000,1.212300,D
173394621,EUR/USD,2005-07-29 11:29:45.000,1.212100,1.212400,D
173394628,EUR/USD,2005-07-29 11:29:46.000,1.212000,1.212300,D
173394633,EUR/USD,2005-07-29 11:29:47.000,1.212100,1.212400,D
173394635,EUR/USD,2005-07-29 11:29:48.000,1.212000,1.212300,D
173394662,EUR/USD,2005-07-29 11:29:51.000,1.211900,1.212200,D
173394664,EUR/USD,2005-07-29 11:29:51.000,1.212000,1.212300,D
173394679,EUR/USD,2005-07-29 11:29:54.000,1.212100,1.212400,D
173394728,EUR/USD,2005-07-29 11:30:03.000,1.212000,1.212300,D
173394732,EUR/USD,2005-07-29 11:30:04.000,1.211900,1.212200,D
173394752,EUR/USD,2005-07-29 11:30:05.000,1.212000,1.212300,D
173394765,EUR/USD,2005-07-29 11:30:07.000,1.211900,1.212200,D
173394790,EUR/USD,2005-07-29 11:30:12.000,1.211800,1.212100,D
173394794,EUR/USD,2005-07-29 11:30:12.000,1.211900,1.212200,D
173394814,EUR/USD,2005-07-29 11:30:15.000,1.212000,1.212300,D
173394835,EUR/USD,2005-07-29 11:30:22.000,1.211900,1.212200,D
173394842,EUR/USD,2005-07-29 11:30:24.000,1.212000,1.212300,D
173394845,EUR/USD,2005-07-29 11:30:25.000,1.211900,1.212200,D
173394865,EUR/USD,2005-07-29 11:30:31.000,1.211800,1.212100,D
173394869,EUR/USD,2005-07-29 11:30:32.000,1.211900,1.212200,D
173394871,EUR/USD,2005-07-29 11:30:33.000,1.211800,1.212100,D
173394874,EUR/USD,2005-07-29 11:30:34.000,1.211900,1.212200,D
173394885,EUR/USD,2005-07-29 11:30:44.000,1.212000,1.212300,D
173394920,EUR/USD,2005-07-29 11:30:52.000,1.212100,1.212400,D
173394925,EUR/USD,2005-07-29 11:30:53.000,1.212000,1.212300,D
173394955,EUR/USD,2005-07-29 11:30:58.000,1.211900,1.212200,D
173394972,EUR/USD,2005-07-29 11:31:03.000,1.212000,1.212300,D
173394976,EUR/USD,2005-07-29 11:31:03.000,1.211900,1.212200,D
173394986,EUR/USD,2005-07-29 11:31:04.000,1.212000,1.212300,D
173394992,EUR/USD,2005-07-29 11:31:05.000,1.211900,1.212200,D
173395018,EUR/USD,2005-07-29 11:31:11.000,1.211800,1.212100,D
173395027,EUR/USD,2005-07-29 11:31:12.000,1.211900,1.212200,D
173395050,EUR/USD,2005-07-29 11:31:21.000,1.211800,1.212100,D
173395060,EUR/USD,2005-07-29 11:31:27.000,1.211900,1.212200,D
173395070,EUR/USD,2005-07-29 11:31:30.000,1.211800,1.212100,D
173395080,EUR/USD,2005-07-29 11:31:31.000,1.211900,1.212200,D
173395095,EUR/USD,2005-07-29 11:31:34.000,1.211800,1.212100,D
173395138,EUR/USD,2005-07-29 11:31:53.000,1.211700,1.212000,D
173395142,EUR/USD,2005-07-29 11:31:54.000,1.211800,1.212100,D
173395153,EUR/USD,2005-07-29 11:31:57.000,1.211700,1.212000,D
173395173,EUR/USD,2005-07-29 11:32:01.000,1.211600,1.211900,D
173395269,EUR/USD,2005-07-29 11:32:50.000,1.211500,1.211800,D
173395270,EUR/USD,2005-07-29 11:32:50.000,1.211600,1.211900,D
173395275,EUR/USD,2005-07-29 11:32:51.000,1.211700,1.212000,D
173395283,EUR/USD,2005-07-29 11:32:53.000,1.211600,1.211900,D
173395292,EUR/USD,2005-07-29 11:32:57.000,1.211700,1.212000,D
173395294,EUR/USD,2005-07-29 11:32:59.000,1.211600,1.211900,D
173395350,EUR/USD,2005-07-29 11:33:58.000,1.211700,1.212000,D
173395355,EUR/USD,2005-07-29 11:33:59.000,1.211600,1.211900,D
173395390,EUR/USD,2005-07-29 11:34:21.000,1.211700,1.212000,D
173395402,EUR/USD,2005-07-29 11:34:28.000,1.211600,1.211900,D
173395440,EUR/USD,2005-07-29 11:35:12.000,1.211500,1.211800,D
173395484,EUR/USD,2005-07-29 11:35:37.000,1.211600,1.211900,D
173395496,EUR/USD,2005-07-29 11:35:39.000,1.211500,1.211800,D
173395517,EUR/USD,2005-07-29 11:35:58.000,1.211600,1.211900,D
173395533,EUR/USD,2005-07-29 11:36:05.000,1.211800,1.212100,D
173395598,EUR/USD,2005-07-29 11:36:22.000,1.211700,1.212000,D
173395606,EUR/USD,2005-07-29 11:36:23.000,1.211600,1.211900,D
173395612,EUR/USD,2005-07-29 11:36:24.000,1.211700,1.212000,D
173395623,EUR/USD,2005-07-29 11:36:30.000,1.211800,1.212100,D
173395637,EUR/USD,2005-07-29 11:36:35.000,1.211900,1.212200,D
173395670,EUR/USD,2005-07-29 11:36:44.000,1.212000,1.212300,D
173395707,EUR/USD,2005-07-29 11:36:50.000,1.212100,1.212400,D
173395731,EUR/USD,2005-07-29 11:36:55.000,1.212000,1.212300,D
173395759,EUR/USD,2005-07-29 11:37:03.000,1.212100,1.212400,D
173395767,EUR/USD,2005-07-29 11:37:05.000,1.212000,1.212300,D
173395779,EUR/USD,2005-07-29 11:37:16.000,1.212100,1.212400,D
173395812,EUR/USD,2005-07-29 11:37:34.000,1.212200,1.212500,D
173395825,EUR/USD,2005-07-29 11:37:39.000,1.212100,1.212400,D
173395838,EUR/USD,2005-07-29 11:37:42.000,1.212200,1.212500,D
173395842,EUR/USD,2005-07-29 11:37:43.000,1.212100,1.212400,D
173395846,EUR/USD,2005-07-29 11:37:43.000,1.212200,1.212500,D
173395866,EUR/USD,2005-07-29 11:37:53.000,1.212100,1.212400,D
173395872,EUR/USD,2005-07-29 11:37:54.000,1.212200,1.212500,D
173395904,EUR/USD,2005-07-29 11:38:06.000,1.212300,1.212600,D
173395907,EUR/USD,2005-07-29 11:38:06.000,1.212200,1.212500,D
173395910,EUR/USD,2005-07-29 11:38:07.000,1.212300,1.212600,D
173395930,EUR/USD,2005-07-29 11:38:14.000,1.212400,1.212700,D
173395933,EUR/USD,2005-07-29 11:38:15.000,1.212300,1.212600,D
173395993,EUR/USD,2005-07-29 11:38:24.000,1.212200,1.212500,D
173396014,EUR/USD,2005-07-29 11:38:30.000,1.212100,1.212400,D
173396030,EUR/USD,2005-07-29 11:38:31.000,1.212200,1.212500,D
173396036,EUR/USD,2005-07-29 11:38:33.000,1.212100,1.212400,D
173396047,EUR/USD,2005-07-29 11:38:34.000,1.212200,1.212500,D
173396061,EUR/USD,2005-07-29 11:38:36.000,1.212100,1.212400,D
173396079,EUR/USD,2005-07-29 11:38:40.000,1.212200,1.212500,D
173396107,EUR/USD,2005-07-29 11:38:46.000,1.212300,1.212600,D
173396139,EUR/USD,2005-07-29 11:38:54.000,1.212400,1.212700,D
173396179,EUR/USD,2005-07-29 11:39:02.000,1.212500,1.212800,D
173396186,EUR/USD,2005-07-29 11:39:04.000,1.212400,1.212700,D
173396229,EUR/USD,2005-07-29 11:39:12.000,1.212500,1.212800,D
173396235,EUR/USD,2005-07-29 11:39:15.000,1.212600,1.212900,D
173396264,EUR/USD,2005-07-29 11:39:18.000,1.212700,1.213000,D
173396277,EUR/USD,2005-07-29 11:39:21.000,1.212800,1.213100,D
173396303,EUR/USD,2005-07-29 11:39:25.000,1.212700,1.213000,D
173396317,EUR/USD,2005-07-29 11:39:26.000,1.212600,1.212900,D
173396384,EUR/USD,2005-07-29 11:39:37.000,1.212500,1.212800,D
173396425,EUR/USD,2005-07-29 11:39:42.000,1.212400,1.212700,D
173396427,EUR/USD,2005-07-29 11:39:43.000,1.212500,1.212800,D
173396492,EUR/USD,2005-07-29 11:39:58.000,1.212400,1.212700,D
173396509,EUR/USD,2005-07-29 11:40:06.000,1.212500,1.212800,D
173396513,EUR/USD,2005-07-29 11:40:07.000,1.212400,1.212700,D
173396517,EUR/USD,2005-07-29 11:40:10.000,1.212500,1.212800,D
173396524,EUR/USD,2005-07-29 11:40:15.000,1.212600,1.212900,D
173396555,EUR/USD,2005-07-29 11:40:21.000,1.212500,1.212800,D
173396559,EUR/USD,2005-07-29 11:40:25.000,1.212400,1.212700,D
173396575,EUR/USD,2005-07-29 11:40:27.000,1.212500,1.212800,D
173396588,EUR/USD,2005-07-29 11:40:30.000,1.212600,1.212900,D
173396593,EUR/USD,2005-07-29 11:40:34.000,1.212500,1.212800,D
173396600,EUR/USD,2005-07-29 11:40:36.000,1.212600,1.212900,D
173396622,EUR/USD,2005-07-29 11:40:44.000,1.212500,1.212800,D
173396644,EUR/USD,2005-07-29 11:40:53.000,1.212600,1.212900,D
173396673,EUR/USD,2005-07-29 11:41:10.000,1.212500,1.212800,D
173396674,EUR/USD,2005-07-29 11:41:10.000,1.212600,1.212900,D
173396696,EUR/USD,2005-07-29 11:41:14.000,1.212500,1.212800,D
173396698,EUR/USD,2005-07-29 11:41:16.000,1.212400,1.212700,D
173396703,EUR/USD,2005-07-29 11:41:17.000,1.212500,1.212800,D
173396718,EUR/USD,2005-07-29 11:41:22.000,1.212600,1.212900,D
173396747,EUR/USD,2005-07-29 11:41:30.000,1.212500,1.212800,D
173396779,EUR/USD,2005-07-29 11:41:38.000,1.212600,1.212900,D
173396788,EUR/USD,2005-07-29 11:41:41.000,1.212500,1.212800,D
173396801,EUR/USD,2005-07-29 11:41:46.000,1.212600,1.212900,D
173396810,EUR/USD,2005-07-29 11:41:47.000,1.212500,1.212800,D
173396907,EUR/USD,2005-07-29 11:42:17.000,1.212400,1.212700,D
173396911,EUR/USD,2005-07-29 11:42:19.000,1.212500,1.212800,D
173396940,EUR/USD,2005-07-29 11:42:29.000,1.212400,1.212700,D
173396942,EUR/USD,2005-07-29 11:42:29.000,1.212500,1.212800,D
173396963,EUR/USD,2005-07-29 11:42:33.000,1.212400,1.212700,D
173396967,EUR/USD,2005-07-29 11:42:36.000,1.212500,1.212800,D
173396973,EUR/USD,2005-07-29 11:42:38.000,1.212400,1.212700,D
173396980,EUR/USD,2005-07-29 11:42:48.000,1.212500,1.212800,D
173396981,EUR/USD,2005-07-29 11:42:48.000,1.212400,1.212700,D
173396984,EUR/USD,2005-07-29 11:42:49.000,1.212300,1.212600,D
173396989,EUR/USD,2005-07-29 11:42:50.000,1.212400,1.212700,D
173397001,EUR/USD,2005-07-29 11:42:52.000,1.212300,1.212600,D
173397064,EUR/USD,2005-07-29 11:43:23.000,1.212400,1.212700,D
173397072,EUR/USD,2005-07-29 11:43:25.000,1.212300,1.212600,D
173397074,EUR/USD,2005-07-29 11:43:26.000,1.212400,1.212700,D
173397077,EUR/USD,2005-07-29 11:43:26.000,1.212500,1.212800,D
173397090,EUR/USD,2005-07-29 11:43:29.000,1.212400,1.212700,D
173397102,EUR/USD,2005-07-29 11:43:32.000,1.212500,1.212800,D
173397145,EUR/USD,2005-07-29 11:43:51.000,1.212600,1.212900,D
173397157,EUR/USD,2005-07-29 11:43:54.000,1.212500,1.212800,D
173397158,EUR/USD,2005-07-29 11:43:54.000,1.212600,1.212900,D
173397168,EUR/USD,2005-07-29 11:43:59.000,1.212500,1.212800,D
173397252,EUR/USD,2005-07-29 11:44:32.000,1.212600,1.212900,D
173397257,EUR/USD,2005-07-29 11:44:32.000,1.212500,1.212800,D
173397267,EUR/USD,2005-07-29 11:44:35.000,1.212600,1.212900,D
173397271,EUR/USD,2005-07-29 11:44:36.000,1.212500,1.212800,D
173397280,EUR/USD,2005-07-29 11:44:41.000,1.212400,1.212700,D
173397291,EUR/USD,2005-07-29 11:44:45.000,1.212500,1.212800,D
173397332,EUR/USD,2005-07-29 11:45:16.000,1.212400,1.212700,D
173397375,EUR/USD,2005-07-29 11:45:42.000,1.212500,1.212800,D
173397383,EUR/USD,2005-07-29 11:45:46.000,1.212400,1.212700,D
173397389,EUR/USD,2005-07-29 11:45:48.000,1.212500,1.212800,D
173397404,EUR/USD,2005-07-29 11:45:52.000,1.212600,1.212900,D
173397409,EUR/USD,2005-07-29 11:45:56.000,1.212700,1.213000,D
173397437,EUR/USD,2005-07-29 11:46:06.000,1.212800,1.213100,D
173397463,EUR/USD,2005-07-29 11:46:10.000,1.212700,1.213000,D
173397498,EUR/USD,2005-07-29 11:46:18.000,1.212600,1.212900,D
173397503,EUR/USD,2005-07-29 11:46:20.000,1.212700,1.213000,D
173397519,EUR/USD,2005-07-29 11:46:33.000,1.212800,1.213100,D
173397560,EUR/USD,2005-07-29 11:47:03.000,1.212700,1.213000,D
173397572,EUR/USD,2005-07-29 11:47:07.000,1.212800,1.213100,D
173397584,EUR/USD,2005-07-29 11:47:08.000,1.212700,1.213000,D
173397596,EUR/USD,2005-07-29 11:47:11.000,1.212800,1.213100,D
173397647,EUR/USD,2005-07-29 11:47:39.000,1.212700,1.213000,D
173397664,EUR/USD,2005-07-29 11:47:43.000,1.212600,1.212900,D
173397717,EUR/USD,2005-07-29 11:47:57.000,1.212500,1.212800,D
173397739,EUR/USD,2005-07-29 11:48:05.000,1.212600,1.212900,D
173397776,EUR/USD,2005-07-29 11:48:14.000,1.212700,1.213000,D
173397790,EUR/USD,2005-07-29 11:48:16.000,1.212600,1.212900,D
173397804,EUR/USD,2005-07-29 11:48:20.000,1.212700,1.213000,D
173397849,EUR/USD,2005-07-29 11:48:39.000,1.212600,1.212900,D
173397855,EUR/USD,2005-07-29 11:48:40.000,1.212700,1.213000,D
173397866,EUR/USD,2005-07-29 11:48:46.000,1.212600,1.212900,D
173397919,EUR/USD,2005-07-29 11:49:12.000,1.212500,1.212800,D
173397932,EUR/USD,2005-07-29 11:49:26.000,1.212600,1.212900,D
173397955,EUR/USD,2005-07-29 11:49:32.000,1.212500,1.212800,D
173397965,EUR/USD,2005-07-29 11:49:40.000,1.212600,1.212900,D
173397976,EUR/USD,2005-07-29 11:49:44.000,1.212500,1.212800,D
173397979,EUR/USD,2005-07-29 11:49:48.000,1.212400,1.212700,D
173398054,EUR/USD,2005-07-29 11:50:20.000,1.212500,1.212800,D
173398081,EUR/USD,2005-07-29 11:50:29.000,1.212600,1.212900,D
173398109,EUR/USD,2005-07-29 11:50:35.000,1.212500,1.212800,D
173398129,EUR/USD,2005-07-29 11:50:43.000,1.212600,1.212900,D
173398143,EUR/USD,2005-07-29 11:50:45.000,1.212500,1.212800,D
173398156,EUR/USD,2005-07-29 11:50:58.000,1.212400,1.212700,D
173398159,EUR/USD,2005-07-29 11:50:59.000,1.212500,1.212800,D
173398163,EUR/USD,2005-07-29 11:51:00.000,1.212400,1.212700,D
173398180,EUR/USD,2005-07-29 11:51:03.000,1.212500,1.212800,D
173398188,EUR/USD,2005-07-29 11:51:05.000,1.212400,1.212700,D
173398209,EUR/USD,2005-07-29 11:51:07.000,1.212500,1.212800,D
173398222,EUR/USD,2005-07-29 11:51:10.000,1.212400,1.212700,D
173398317,EUR/USD,2005-07-29 11:51:51.000,1.212500,1.212800,D
173398324,EUR/USD,2005-07-29 11:51:55.000,1.212400,1.212700,D
173398340,EUR/USD,2005-07-29 11:51:59.000,1.212500,1.212800,D
173398350,EUR/USD,2005-07-29 11:52:04.000,1.212600,1.212900,D
173398392,EUR/USD,2005-07-29 11:52:24.000,1.212500,1.212800,D
173398399,EUR/USD,2005-07-29 11:52:26.000,1.212600,1.212900,D
173398433,EUR/USD,2005-07-29 11:52:44.000,1.212700,1.213000,D
173398464,EUR/USD,2005-07-29 11:53:06.000,1.212800,1.213100,D
173398478,EUR/USD,2005-07-29 11:53:08.000,1.212900,1.213200,D
173398492,EUR/USD,2005-07-29 11:53:12.000,1.213000,1.213300,D
173398522,EUR/USD,2005-07-29 11:53:16.000,1.213100,1.213400,D
173398524,EUR/USD,2005-07-29 11:53:17.000,1.213000,1.213300,D
173398542,EUR/USD,2005-07-29 11:53:22.000,1.213100,1.213400,D
173398560,EUR/USD,2005-07-29 11:53:36.000,1.213200,1.213500,D
173398565,EUR/USD,2005-07-29 11:53:38.000,1.213300,1.213600,D
173398573,EUR/USD,2005-07-29 11:53:39.000,1.213200,1.213500,D
173398578,EUR/USD,2005-07-29 11:53:42.000,1.213100,1.213400,D
173398594,EUR/USD,2005-07-29 11:53:45.000,1.213200,1.213500,D
173398595,EUR/USD,2005-07-29 11:53:45.000,1.213100,1.213400,D
173398605,EUR/USD,2005-07-29 11:53:48.000,1.213200,1.213500,D
173398617,EUR/USD,2005-07-29 11:53:51.000,1.213100,1.213400,D
173398654,EUR/USD,2005-07-29 11:54:03.000,1.213200,1.213500,D
173398670,EUR/USD,2005-07-29 11:54:11.000,1.213300,1.213600,D
173398693,EUR/USD,2005-07-29 11:54:17.000,1.213200,1.213500,D
173398708,EUR/USD,2005-07-29 11:54:28.000,1.213100,1.213400,D
173398760,EUR/USD,2005-07-29 11:54:57.000,1.213000,1.213300,D
173398781,EUR/USD,2005-07-29 11:55:01.000,1.213100,1.213400,D
173398824,EUR/USD,2005-07-29 11:55:13.000,1.213000,1.213300,D
173398835,EUR/USD,2005-07-29 11:55:17.000,1.213100,1.213400,D
173398845,EUR/USD,2005-07-29 11:55:23.000,1.213000,1.213300,D
173398862,EUR/USD,2005-07-29 11:55:27.000,1.212900,1.213200,D
173398867,EUR/USD,2005-07-29 11:55:28.000,1.213000,1.213300,D
173398904,EUR/USD,2005-07-29 11:55:54.000,1.212900,1.213200,D
173398913,EUR/USD,2005-07-29 11:56:00.000,1.212800,1.213100,D
173398923,EUR/USD,2005-07-29 11:56:02.000,1.212900,1.213200,D
173398947,EUR/USD,2005-07-29 11:56:11.000,1.212800,1.213100,D
173398957,EUR/USD,2005-07-29 11:56:12.000,1.212900,1.213200,D
173399010,EUR/USD,2005-07-29 11:56:44.000,1.213000,1.213300,D
173399118,EUR/USD,2005-07-29 11:58:25.000,1.212900,1.213200,D
173399155,EUR/USD,2005-07-29 11:58:42.000,1.212800,1.213100,D
173399186,EUR/USD,2005-07-29 11:59:00.000,1.212700,1.213000,D
173399187,EUR/USD,2005-07-29 11:59:00.000,1.212600,1.212900,D
173399257,EUR/USD,2005-07-29 11:59:44.000,1.212500,1.212800,D
173399260,EUR/USD,2005-07-29 11:59:44.000,1.212600,1.212900,D
173399300,EUR/USD,2005-07-29 12:00:16.000,1.212500,1.212800,D
173399312,EUR/USD,2005-07-29 12:00:19.000,1.212600,1.212900,D
173399341,EUR/USD,2005-07-29 12:00:37.000,1.212500,1.212800,D
173399347,EUR/USD,2005-07-29 12:00:43.000,1.212600,1.212900,D
173399369,EUR/USD,2005-07-29 12:00:59.000,1.212500,1.212800,D
173399381,EUR/USD,2005-07-29 12:01:05.000,1.212400,1.212700,D
173399400,EUR/USD,2005-07-29 12:01:21.000,1.212500,1.212800,D
173399403,EUR/USD,2005-07-29 12:01:24.000,1.212400,1.212700,D
173399410,EUR/USD,2005-07-29 12:01:29.000,1.212500,1.212800,D
173399411,EUR/USD,2005-07-29 12:01:29.000,1.212400,1.212700,D
173399574,EUR/USD,2005-07-29 12:02:55.000,1.212500,1.212800,D
173399610,EUR/USD,2005-07-29 12:03:11.000,1.212400,1.212700,D
173399613,EUR/USD,2005-07-29 12:03:14.000,1.212500,1.212800,D
173399618,EUR/USD,2005-07-29 12:03:18.000,1.212400,1.212700,D
173399664,EUR/USD,2005-07-29 12:03:54.000,1.212300,1.212600,D
173399693,EUR/USD,2005-07-29 12:04:08.000,1.212200,1.212500,D
173399696,EUR/USD,2005-07-29 12:04:09.000,1.212100,1.212400,D
173399728,EUR/USD,2005-07-29 12:04:26.000,1.212200,1.212500,D
173399744,EUR/USD,2005-07-29 12:04:34.000,1.212100,1.212400,D
173399752,EUR/USD,2005-07-29 12:04:37.000,1.212200,1.212500,D
173399765,EUR/USD,2005-07-29 12:04:41.000,1.212100,1.212400,D
173399776,EUR/USD,2005-07-29 12:04:44.000,1.212200,1.212500,D
173399837,EUR/USD,2005-07-29 12:05:08.000,1.212100,1.212400,D
173399852,EUR/USD,2005-07-29 12:05:13.000,1.212200,1.212500,D
173399859,EUR/USD,2005-07-29 12:05:19.000,1.212100,1.212400,D
173399867,EUR/USD,2005-07-29 12:05:21.000,1.212200,1.212500,D
173399882,EUR/USD,2005-07-29 12:05:27.000,1.212100,1.212400,D
173399894,EUR/USD,2005-07-29 12:05:35.000,1.212200,1.212500,D
173399897,EUR/USD,2005-07-29 12:05:36.000,1.212100,1.212400,D
173399910,EUR/USD,2005-07-29 12:05:50.000,1.212200,1.212500,D
173399922,EUR/USD,2005-07-29 12:06:04.000,1.212100,1.212400,D
173399931,EUR/USD,2005-07-29 12:06:08.000,1.212200,1.212500,D
173399949,EUR/USD,2005-07-29 12:06:22.000,1.212300,1.212600,D
173399957,EUR/USD,2005-07-29 12:06:24.000,1.212200,1.212500,D
173399967,EUR/USD,2005-07-29 12:06:39.000,1.212300,1.212600,D
173399975,EUR/USD,2005-07-29 12:06:41.000,1.212200,1.212500,D
173399978,EUR/USD,2005-07-29 12:06:43.000,1.212300,1.212600,D
173399985,EUR/USD,2005-07-29 12:06:46.000,1.212400,1.212700,D
173400003,EUR/USD,2005-07-29 12:06:54.000,1.212500,1.212800,D
173400029,EUR/USD,2005-07-29 12:07:04.000,1.212600,1.212900,D
173400039,EUR/USD,2005-07-29 12:07:08.000,1.212700,1.213000,D
173400049,EUR/USD,2005-07-29 12:07:10.000,1.212600,1.212900,D
173400054,EUR/USD,2005-07-29 12:07:11.000,1.212700,1.213000,D
173400167,EUR/USD,2005-07-29 12:07:53.000,1.212600,1.212900,D
173400272,EUR/USD,2005-07-29 12:09:07.000,1.212500,1.212800,D
173400388,EUR/USD,2005-07-29 12:09:49.000,1.212400,1.212700,D
173400408,EUR/USD,2005-07-29 12:09:59.000,1.212300,1.212600,D
173400418,EUR/USD,2005-07-29 12:10:12.000,1.212400,1.212700,D
173400421,EUR/USD,2005-07-29 12:10:14.000,1.212300,1.212600,D
173400458,EUR/USD,2005-07-29 12:10:30.000,1.212400,1.212700,D
173400485,EUR/USD,2005-07-29 12:10:49.000,1.212500,1.212800,D
173400533,EUR/USD,2005-07-29 12:11:18.000,1.212400,1.212700,D
173400538,EUR/USD,2005-07-29 12:11:23.000,1.212500,1.212800,D
173400549,EUR/USD,2005-07-29 12:11:27.000,1.212600,1.212900,D
173400559,EUR/USD,2005-07-29 12:11:37.000,1.212700,1.213000,D
173400591,EUR/USD,2005-07-29 12:11:53.000,1.212600,1.212900,D
173400593,EUR/USD,2005-07-29 12:11:54.000,1.212700,1.213000,D
173400596,EUR/USD,2005-07-29 12:11:59.000,1.212600,1.212900,D
173400623,EUR/USD,2005-07-29 12:12:33.000,1.212700,1.213000,D
173400625,EUR/USD,2005-07-29 12:12:34.000,1.212600,1.212900,D
173400681,EUR/USD,2005-07-29 12:13:26.000,1.212500,1.212800,D
173400730,EUR/USD,2005-07-29 12:13:47.000,1.212600,1.212900,D
173400740,EUR/USD,2005-07-29 12:13:58.000,1.212500,1.212800,D
173400871,EUR/USD,2005-07-29 12:15:49.000,1.212400,1.212700,D
173400898,EUR/USD,2005-07-29 12:16:16.000,1.212500,1.212800,D
173400906,EUR/USD,2005-07-29 12:16:22.000,1.212400,1.212700,D
173400909,EUR/USD,2005-07-29 12:16:24.000,1.212500,1.212800,D
173400915,EUR/USD,2005-07-29 12:16:27.000,1.212400,1.212700,D
173400938,EUR/USD,2005-07-29 12:16:44.000,1.212500,1.212800,D
173400947,EUR/USD,2005-07-29 12:16:47.000,1.212400,1.212700,D
173400957,EUR/USD,2005-07-29 12:16:48.000,1.212300,1.212600,D
173400964,EUR/USD,2005-07-29 12:16:48.000,1.212500,1.212800,D
173400980,EUR/USD,2005-07-29 12:16:53.000,1.212600,1.212900,D
173401065,EUR/USD,2005-07-29 12:17:55.000,1.212700,1.213000,D
173401112,EUR/USD,2005-07-29 12:18:10.000,1.212800,1.213100,D
173401148,EUR/USD,2005-07-29 12:18:31.000,1.212900,1.213200,D
173401153,EUR/USD,2005-07-29 12:18:34.000,1.212800,1.213100,D
173401173,EUR/USD,2005-07-29 12:18:44.000,1.212900,1.213200,D
173401211,EUR/USD,2005-07-29 12:19:10.000,1.212800,1.213100,D
173401216,EUR/USD,2005-07-29 12:19:14.000,1.212900,1.213200,D
173401217,EUR/USD,2005-07-29 12:19:15.000,1.212800,1.213100,D
173401268,EUR/USD,2005-07-29 12:19:42.000,1.212700,1.213000,D
173401278,EUR/USD,2005-07-29 12:19:46.000,1.212600,1.212900,D
173401285,EUR/USD,2005-07-29 12:19:48.000,1.212700,1.213000,D
173401339,EUR/USD,2005-07-29 12:20:17.000,1.212600,1.212900,D
173401354,EUR/USD,2005-07-29 12:20:24.000,1.212500,1.212800,D
173401370,EUR/USD,2005-07-29 12:20:28.000,1.212400,1.212700,D
173401408,EUR/USD,2005-07-29 12:20:49.000,1.212500,1.212800,D
173401422,EUR/USD,2005-07-29 12:20:54.000,1.212400,1.212700,D
173401431,EUR/USD,2005-07-29 12:21:01.000,1.212300,1.212600,D
173401438,EUR/USD,2005-07-29 12:21:02.000,1.212400,1.212700,D
173401447,EUR/USD,2005-07-29 12:21:16.000,1.212500,1.212800,D
173401449,EUR/USD,2005-07-29 12:21:18.000,1.212400,1.212700,D
173401453,EUR/USD,2005-07-29 12:21:19.000,1.212500,1.212800,D
173401461,EUR/USD,2005-07-29 12:21:25.000,1.212400,1.212700,D
173401464,EUR/USD,2005-07-29 12:21:32.000,1.212500,1.212800,D
173401467,EUR/USD,2005-07-29 12:21:33.000,1.212400,1.212700,D
173401473,EUR/USD,2005-07-29 12:21:37.000,1.212500,1.212800,D
173401484,EUR/USD,2005-07-29 12:21:39.000,1.212400,1.212700,D
173401533,EUR/USD,2005-07-29 12:22:13.000,1.212300,1.212600,D
173401577,EUR/USD,2005-07-29 12:22:38.000,1.212200,1.212500,D
173401594,EUR/USD,2005-07-29 12:22:43.000,1.212300,1.212600,D
173401610,EUR/USD,2005-07-29 12:23:05.000,1.212200,1.212500,D
173401612,EUR/USD,2005-07-29 12:23:06.000,1.212300,1.212600,D
173401630,EUR/USD,2005-07-29 12:23:12.000,1.212200,1.212500,D
173401657,EUR/USD,2005-07-29 12:23:16.000,1.212100,1.212400,D
173401677,EUR/USD,2005-07-29 12:23:19.000,1.212200,1.212500,D
173401686,EUR/USD,2005-07-29 12:23:24.000,1.212100,1.212400,D
173401689,EUR/USD,2005-07-29 12:23:24.000,1.212000,1.212300,D
173401694,EUR/USD,2005-07-29 12:23:26.000,1.212100,1.212400,D
173401718,EUR/USD,2005-07-29 12:23:39.000,1.212000,1.212300,D
173401719,EUR/USD,2005-07-29 12:23:39.000,1.212100,1.212400,D
173401729,EUR/USD,2005-07-29 12:23:49.000,1.212200,1.212500,D
173401743,EUR/USD,2005-07-29 12:23:52.000,1.212100,1.212400,D
173401771,EUR/USD,2005-07-29 12:24:06.000,1.212200,1.212500,D
173401779,EUR/USD,2005-07-29 12:24:09.000,1.212100,1.212400,D
173401785,EUR/USD,2005-07-29 12:24:11.000,1.212200,1.212500,D
173401787,EUR/USD,2005-07-29 12:24:13.000,1.212100,1.212400,D
173401805,EUR/USD,2005-07-29 12:24:15.000,1.212200,1.212500,D
173401816,EUR/USD,2005-07-29 12:24:17.000,1.212100,1.212400,D
173401858,EUR/USD,2005-07-29 12:24:52.000,1.212200,1.212500,D
173401877,EUR/USD,2005-07-29 12:24:56.000,1.212100,1.212400,D
173401882,EUR/USD,2005-07-29 12:24:57.000,1.212200,1.212500,D
173401898,EUR/USD,2005-07-29 12:25:03.000,1.212300,1.212600,D
173401933,EUR/USD,2005-07-29 12:25:09.000,1.212200,1.212500,D
173402015,EUR/USD,2005-07-29 12:25:46.000,1.212100,1.212400,D
173402032,EUR/USD,2005-07-29 12:25:51.000,1.212200,1.212500,D
173402106,EUR/USD,2005-07-29 12:26:17.000,1.212300,1.212600,D
173402123,EUR/USD,2005-07-29 12:26:31.000,1.212200,1.212500,D
173402126,EUR/USD,2005-07-29 12:26:32.000,1.212300,1.212600,D
173402161,EUR/USD,2005-07-29 12:27:16.000,1.212200,1.212500,D
173402180,EUR/USD,2005-07-29 12:27:24.000,1.212300,1.212600,D
173402210,EUR/USD,2005-07-29 12:27:36.000,1.212200,1.212500,D
173402217,EUR/USD,2005-07-29 12:27:45.000,1.212300,1.212600,D
173402230,EUR/USD,2005-07-29 12:28:01.000,1.212200,1.212500,D
173402238,EUR/USD,2005-07-29 12:28:04.000,1.212100,1.212400,D
173402253,EUR/USD,2005-07-29 12:28:17.000,1.212000,1.212300,D
173402275,EUR/USD,2005-07-29 12:28:26.000,1.211900,1.212200,D
173402314,EUR/USD,2005-07-29 12:28:41.000,1.211800,1.212100,D
173402324,EUR/USD,2005-07-29 12:28:43.000,1.211900,1.212200,D
173402327,EUR/USD,2005-07-29 12:28:43.000,1.211800,1.212100,D
173402328,EUR/USD,2005-07-29 12:28:44.000,1.211700,1.212000,D
173402340,EUR/USD,2005-07-29 12:28:46.000,1.211600,1.211900,D
173402362,EUR/USD,2005-07-29 12:28:50.000,1.211500,1.211800,D
173402368,EUR/USD,2005-07-29 12:28:52.000,1.211600,1.211900,D
173402392,EUR/USD,2005-07-29 12:29:09.000,1.211700,1.212000,D
173402412,EUR/USD,2005-07-29 12:29:14.000,1.211800,1.212100,D
173402425,EUR/USD,2005-07-29 12:29:17.000,1.211900,1.212200,D
173402438,EUR/USD,2005-07-29 12:29:20.000,1.211800,1.212100,D
173402454,EUR/USD,2005-07-29 12:29:27.000,1.211700,1.212000,D
173402466,EUR/USD,2005-07-29 12:29:34.000,1.211800,1.212100,D
173402512,EUR/USD,2005-07-29 12:30:03.000,1.211900,1.212200,D
173402525,EUR/USD,2005-07-29 12:30:11.000,1.211800,1.212100,D
173402527,EUR/USD,2005-07-29 12:30:16.000,1.211900,1.212200,D
173402552,EUR/USD,2005-07-29 12:30:27.000,1.211800,1.212100,D
173402555,EUR/USD,2005-07-29 12:30:28.000,1.211900,1.212200,D
173402562,EUR/USD,2005-07-29 12:30:29.000,1.211800,1.212100,D
173402573,EUR/USD,2005-07-29 12:30:34.000,1.211900,1.212200,D
173402656,EUR/USD,2005-07-29 12:31:15.000,1.212000,1.212300,D
173402668,EUR/USD,2005-07-29 12:31:23.000,1.212100,1.212400,D
173402694,EUR/USD,2005-07-29 12:31:37.000,1.212000,1.212300,D
173402702,EUR/USD,2005-07-29 12:31:41.000,1.212100,1.212400,D
173402715,EUR/USD,2005-07-29 12:31:43.000,1.212000,1.212300,D
173402740,EUR/USD,2005-07-29 12:31:55.000,1.211900,1.212200,D
173402749,EUR/USD,2005-07-29 12:31:57.000,1.212000,1.212300,D
173402759,EUR/USD,2005-07-29 12:32:00.000,1.211900,1.212200,D
173402764,EUR/USD,2005-07-29 12:32:04.000,1.212000,1.212300,D
173402806,EUR/USD,2005-07-29 12:32:35.000,1.212100,1.212400,D
173402809,EUR/USD,2005-07-29 12:32:36.000,1.212000,1.212300,D
173402817,EUR/USD,2005-07-29 12:33:19.000,1.212100,1.212400,D
173402835,EUR/USD,2005-07-29 12:33:35.000,1.212200,1.212500,D
173402855,EUR/USD,2005-07-29 12:33:45.000,1.212300,1.212600,D
173402880,EUR/USD,2005-07-29 12:33:59.000,1.212200,1.212500,D
173402892,EUR/USD,2005-07-29 12:34:02.000,1.212300,1.212600,D
173402899,EUR/USD,2005-07-29 12:34:12.000,1.212200,1.212500,D
173402921,EUR/USD,2005-07-29 12:34:39.000,1.212300,1.212600,D
173402986,EUR/USD,2005-07-29 12:35:20.000,1.212400,1.212700,D
173403052,EUR/USD,2005-07-29 12:35:50.000,1.212500,1.212800,D
173403055,EUR/USD,2005-07-29 12:35:51.000,1.212400,1.212700,D
173403077,EUR/USD,2005-07-29 12:35:59.000,1.212300,1.212600,D
173403126,EUR/USD,2005-07-29 12:36:21.000,1.212200,1.212500,D
173403139,EUR/USD,2005-07-29 12:36:27.000,1.212300,1.212600,D
173403150,EUR/USD,2005-07-29 12:36:31.000,1.212200,1.212500,D
173403184,EUR/USD,2005-07-29 12:37:05.000,1.212300,1.212600,D
173403220,EUR/USD,2005-07-29 12:37:54.000,1.212200,1.212500,D
173403290,EUR/USD,2005-07-29 12:38:08.000,1.212100,1.212400,D
173403314,EUR/USD,2005-07-29 12:38:25.000,1.212200,1.212500,D
173403330,EUR/USD,2005-07-29 12:38:28.000,1.212100,1.212400,D
173403342,EUR/USD,2005-07-29 12:38:29.000,1.212200,1.212500,D
173403348,EUR/USD,2005-07-29 12:38:29.000,1.212100,1.212400,D
173403353,EUR/USD,2005-07-29 12:38:31.000,1.212200,1.212500,D
173403370,EUR/USD,2005-07-29 12:38:45.000,1.212100,1.212400,D
173403382,EUR/USD,2005-07-29 12:38:56.000,1.212000,1.212300,D
173403405,EUR/USD,2005-07-29 12:38:59.000,1.211900,1.212200,D
173403423,EUR/USD,2005-07-29 12:39:05.000,1.211800,1.212100,D
173403429,EUR/USD,2005-07-29 12:39:06.000,1.211900,1.212200,D
173403435,EUR/USD,2005-07-29 12:39:07.000,1.212000,1.212300,D
173403513,EUR/USD,2005-07-29 12:39:41.000,1.212100,1.212400,D
173403519,EUR/USD,2005-07-29 12:39:44.000,1.212200,1.212500,D
173403613,EUR/USD,2005-07-29 12:40:43.000,1.212100,1.212400,D
173403616,EUR/USD,2005-07-29 12:40:56.000,1.212200,1.212500,D
173403617,EUR/USD,2005-07-29 12:40:56.000,1.212100,1.212400,D
173403658,EUR/USD,2005-07-29 12:41:12.000,1.212000,1.212300,D
173403684,EUR/USD,2005-07-29 12:41:24.000,1.212100,1.212400,D
173403690,EUR/USD,2005-07-29 12:41:25.000,1.212200,1.212500,D
173403694,EUR/USD,2005-07-29 12:41:27.000,1.212100,1.212400,D
173403738,EUR/USD,2005-07-29 12:42:03.000,1.212200,1.212500,D
173403775,EUR/USD,2005-07-29 12:42:36.000,1.212300,1.212600,D
173403783,EUR/USD,2005-07-29 12:42:42.000,1.212200,1.212500,D
173403788,EUR/USD,2005-07-29 12:42:43.000,1.212300,1.212600,D
173403791,EUR/USD,2005-07-29 12:42:43.000,1.212200,1.212500,D
173403795,EUR/USD,2005-07-29 12:42:44.000,1.212300,1.212600,D
173403802,EUR/USD,2005-07-29 12:42:47.000,1.212200,1.212500,D
173403811,EUR/USD,2005-07-29 12:42:52.000,1.212100,1.212400,D
173403830,EUR/USD,2005-07-29 12:43:37.000,1.212200,1.212500,D
173403836,EUR/USD,2005-07-29 12:43:39.000,1.212400,1.212700,D
173403839,EUR/USD,2005-07-29 12:43:39.000,1.212300,1.212600,D
173403851,EUR/USD,2005-07-29 12:43:41.000,1.212200,1.212500,D
173403862,EUR/USD,2005-07-29 12:43:45.000,1.212300,1.212600,D
173403867,EUR/USD,2005-07-29 12:43:47.000,1.212200,1.212500,D
173403905,EUR/USD,2005-07-29 12:43:58.000,1.212300,1.212600,D
173403959,EUR/USD,2005-07-29 12:44:21.000,1.212400,1.212700,D
173403963,EUR/USD,2005-07-29 12:44:24.000,1.212500,1.212800,D
173403973,EUR/USD,2005-07-29 12:44:26.000,1.212400,1.212700,D
173403974,EUR/USD,2005-07-29 12:44:26.000,1.212500,1.212800,D
173404023,EUR/USD,2005-07-29 12:44:55.000,1.212400,1.212700,D
173404028,EUR/USD,2005-07-29 12:45:04.000,1.212500,1.212800,D
173404064,EUR/USD,2005-07-29 12:45:23.000,1.212600,1.212900,D
173404101,EUR/USD,2005-07-29 12:45:39.000,1.212500,1.212800,D
173404123,EUR/USD,2005-07-29 12:46:11.000,1.212400,1.212700,D
173404139,EUR/USD,2005-07-29 12:46:15.000,1.212500,1.212800,D
173404181,EUR/USD,2005-07-29 12:46:48.000,1.212400,1.212700,D
173404208,EUR/USD,2005-07-29 12:47:09.000,1.212300,1.212600,D
173404212,EUR/USD,2005-07-29 12:47:11.000,1.212400,1.212700,D
173404230,EUR/USD,2005-07-29 12:47:18.000,1.212300,1.212600,D
173404241,EUR/USD,2005-07-29 12:47:25.000,1.212200,1.212500,D
173404244,EUR/USD,2005-07-29 12:47:26.000,1.212300,1.212600,D
173404253,EUR/USD,2005-07-29 12:47:30.000,1.212200,1.212500,D
173404279,EUR/USD,2005-07-29 12:47:50.000,1.212300,1.212600,D
173404311,EUR/USD,2005-07-29 12:48:26.000,1.212400,1.212700,D
173404349,EUR/USD,2005-07-29 12:49:08.000,1.212500,1.212800,D
173404352,EUR/USD,2005-07-29 12:49:08.000,1.212600,1.212900,D
173404358,EUR/USD,2005-07-29 12:49:19.000,1.212500,1.212800,D
173404372,EUR/USD,2005-07-29 12:49:27.000,1.212400,1.212700,D
173404377,EUR/USD,2005-07-29 12:49:28.000,1.212500,1.212800,D
173404426,EUR/USD,2005-07-29 12:49:54.000,1.212400,1.212700,D
173404431,EUR/USD,2005-07-29 12:50:00.000,1.212500,1.212800,D
173404432,EUR/USD,2005-07-29 12:50:01.000,1.212400,1.212700,D
173404473,EUR/USD,2005-07-29 12:50:34.000,1.212500,1.212800,D
173404496,EUR/USD,2005-07-29 12:50:54.000,1.212400,1.212700,D
173404502,EUR/USD,2005-07-29 12:50:57.000,1.212500,1.212800,D
173404507,EUR/USD,2005-07-29 12:51:00.000,1.212400,1.212700,D
173404509,EUR/USD,2005-07-29 12:51:02.000,1.212500,1.212800,D
173404521,EUR/USD,2005-07-29 12:51:12.000,1.212600,1.212900,D
173404565,EUR/USD,2005-07-29 12:51:27.000,1.212500,1.212800,D
173404581,EUR/USD,2005-07-29 12:51:36.000,1.212400,1.212700,D
173404606,EUR/USD,2005-07-29 12:51:53.000,1.212500,1.212800,D
173404610,EUR/USD,2005-07-29 12:51:56.000,1.212400,1.212700,D
173404637,EUR/USD,2005-07-29 12:52:21.000,1.212500,1.212800,D
173404749,EUR/USD,2005-07-29 12:55:50.000,1.212400,1.212700,D
173404754,EUR/USD,2005-07-29 12:55:54.000,1.212500,1.212800,D
173404778,EUR/USD,2005-07-29 12:56:11.000,1.212600,1.212900,D
173404780,EUR/USD,2005-07-29 12:56:11.000,1.212500,1.212800,D
173404809,EUR/USD,2005-07-29 12:56:38.000,1.212400,1.212700,D
173404814,EUR/USD,2005-07-29 12:56:40.000,1.212500,1.212800,D
173404901,EUR/USD,2005-07-29 12:58:02.000,1.212600,1.212900,D
173404903,EUR/USD,2005-07-29 12:58:05.000,1.212500,1.212800,D
173404906,EUR/USD,2005-07-29 12:58:06.000,1.212600,1.212900,D
173404914,EUR/USD,2005-07-29 12:58:16.000,1.212500,1.212800,D
173404958,EUR/USD,2005-07-29 12:59:27.000,1.212600,1.212900,D
173405028,EUR/USD,2005-07-29 13:00:04.000,1.212700,1.213000,D
173405030,EUR/USD,2005-07-29 13:00:04.000,1.212600,1.212900,D
173405084,EUR/USD,2005-07-29 13:00:36.000,1.212700,1.213000,D
173405110,EUR/USD,2005-07-29 13:00:46.000,1.212800,1.213100,D
173405115,EUR/USD,2005-07-29 13:00:47.000,1.212900,1.213200,D
173405124,EUR/USD,2005-07-29 13:00:49.000,1.213000,1.213300,D
173405164,EUR/USD,2005-07-29 13:01:00.000,1.212900,1.213200,D
173405165,EUR/USD,2005-07-29 13:01:03.000,1.213000,1.213300,D
173405176,EUR/USD,2005-07-29 13:01:06.000,1.213100,1.213400,D
173405206,EUR/USD,2005-07-29 13:01:13.000,1.213000,1.213300,D
173405279,EUR/USD,2005-07-29 13:01:51.000,1.212900,1.213200,D
173405300,EUR/USD,2005-07-29 13:02:01.000,1.212800,1.213100,D
173405308,EUR/USD,2005-07-29 13:02:02.000,1.212900,1.213200,D
173405333,EUR/USD,2005-07-29 13:02:11.000,1.212800,1.213100,D
173405339,EUR/USD,2005-07-29 13:02:12.000,1.212900,1.213200,D
173405347,EUR/USD,2005-07-29 13:02:13.000,1.212800,1.213100,D
173405349,EUR/USD,2005-07-29 13:02:14.000,1.212900,1.213200,D
173405373,EUR/USD,2005-07-29 13:02:22.000,1.212800,1.213100,D
173405513,EUR/USD,2005-07-29 13:04:13.000,1.212700,1.213000,D
173405522,EUR/USD,2005-07-29 13:04:18.000,1.212800,1.213100,D
173405546,EUR/USD,2005-07-29 13:04:32.000,1.212700,1.213000,D
173405557,EUR/USD,2005-07-29 13:04:37.000,1.212800,1.213100,D
173405573,EUR/USD,2005-07-29 13:04:46.000,1.212900,1.213200,D
173405578,EUR/USD,2005-07-29 13:04:47.000,1.212800,1.213100,D
173405594,EUR/USD,2005-07-29 13:04:56.000,1.212700,1.213000,D
173405607,EUR/USD,2005-07-29 13:05:02.000,1.212800,1.213100,D
173405626,EUR/USD,2005-07-29 13:05:10.000,1.212700,1.213000,D
173405651,EUR/USD,2005-07-29 13:05:33.000,1.212600,1.212900,D
173405663,EUR/USD,2005-07-29 13:05:38.000,1.212700,1.213000,D
173405665,EUR/USD,2005-07-29 13:05:39.000,1.212600,1.212900,D
173405717,EUR/USD,2005-07-29 13:06:02.000,1.212700,1.213000,D
173405724,EUR/USD,2005-07-29 13:06:04.000,1.212600,1.212900,D
173405730,EUR/USD,2005-07-29 13:06:10.000,1.212700,1.213000,D
173405746,EUR/USD,2005-07-29 13:06:30.000,1.212800,1.213100,D
173405767,EUR/USD,2005-07-29 13:06:37.000,1.212700,1.213000,D
173405787,EUR/USD,2005-07-29 13:06:58.000,1.212800,1.213100,D
173405793,EUR/USD,2005-07-29 13:06:59.000,1.212700,1.213000,D
173405801,EUR/USD,2005-07-29 13:07:04.000,1.212800,1.213100,D
173405843,EUR/USD,2005-07-29 13:07:35.000,1.212900,1.213200,D
173405887,EUR/USD,2005-07-29 13:08:35.000,1.212800,1.213100,D
173405888,EUR/USD,2005-07-29 13:08:37.000,1.212700,1.213000,D
173405933,EUR/USD,2005-07-29 13:09:38.000,1.212800,1.213100,D
173405946,EUR/USD,2005-07-29 13:10:29.000,1.212700,1.213000,D
173406045,EUR/USD,2005-07-29 13:12:49.000,1.212800,1.213100,D
173406064,EUR/USD,2005-07-29 13:12:57.000,1.212900,1.213200,D
173406098,EUR/USD,2005-07-29 13:13:09.000,1.212800,1.213100,D
173406103,EUR/USD,2005-07-29 13:13:10.000,1.212900,1.213200,D
173406111,EUR/USD,2005-07-29 13:13:21.000,1.212800,1.213100,D
173406131,EUR/USD,2005-07-29 13:13:37.000,1.212900,1.213200,D
173406154,EUR/USD,2005-07-29 13:13:50.000,1.213000,1.213300,D
173406180,EUR/USD,2005-07-29 13:14:05.000,1.213100,1.213400,D
173406185,EUR/USD,2005-07-29 13:14:08.000,1.213000,1.213300,D
173406191,EUR/USD,2005-07-29 13:14:10.000,1.213100,1.213400,D
173406224,EUR/USD,2005-07-29 13:14:30.000,1.213000,1.213300,D
173406232,EUR/USD,2005-07-29 13:14:34.000,1.213100,1.213400,D
173406279,EUR/USD,2005-07-29 13:14:47.000,1.213000,1.213300,D
173406289,EUR/USD,2005-07-29 13:14:51.000,1.213100,1.213400,D
173406306,EUR/USD,2005-07-29 13:15:02.000,1.213000,1.213300,D
173406329,EUR/USD,2005-07-29 13:15:17.000,1.213100,1.213400,D
173406360,EUR/USD,2005-07-29 13:15:38.000,1.213300,1.213500,D
173406375,EUR/USD,2005-07-29 13:15:41.000,1.213400,1.213500,D
173406382,EUR/USD,2005-07-29 13:15:42.000,1.213300,1.213500,D
173406388,EUR/USD,2005-07-29 13:15:43.000,1.213500,1.213800,D
173406392,EUR/USD,2005-07-29 13:15:44.000,1.213600,1.213900,D
173406398,EUR/USD,2005-07-29 13:15:45.000,1.213500,1.213800,D
173406411,EUR/USD,2005-07-29 13:15:46.000,1.213400,1.213700,D
173406419,EUR/USD,2005-07-29 13:15:47.000,1.213500,1.213800,D
173406430,EUR/USD,2005-07-29 13:15:49.000,1.213400,1.213700,D
173406459,EUR/USD,2005-07-29 13:15:57.000,1.213500,1.213800,D
173406481,EUR/USD,2005-07-29 13:16:02.000,1.213600,1.213900,D
173406482,EUR/USD,2005-07-29 13:16:02.000,1.213500,1.213800,D
173406496,EUR/USD,2005-07-29 13:16:05.000,1.213400,1.213700,D
173406499,EUR/USD,2005-07-29 13:16:07.000,1.213500,1.213800,D
173406515,EUR/USD,2005-07-29 13:16:14.000,1.213600,1.213900,D
173406519,EUR/USD,2005-07-29 13:16:15.000,1.213500,1.213800,D
173406547,EUR/USD,2005-07-29 13:16:35.000,1.213600,1.213900,D
173406559,EUR/USD,2005-07-29 13:16:40.000,1.213500,1.213800,D
173406594,EUR/USD,2005-07-29 13:16:55.000,1.213400,1.213700,D
173406595,EUR/USD,2005-07-29 13:16:56.000,1.213300,1.213600,D
173406600,EUR/USD,2005-07-29 13:16:56.000,1.213400,1.213700,D
173406623,EUR/USD,2005-07-29 13:17:05.000,1.213500,1.213800,D
173406639,EUR/USD,2005-07-29 13:17:07.000,1.213400,1.213700,D
173406780,EUR/USD,2005-07-29 13:18:35.000,1.213300,1.213600,D
173406801,EUR/USD,2005-07-29 13:18:49.000,1.213200,1.213500,D
173406859,EUR/USD,2005-07-29 13:20:08.000,1.213300,1.213600,D
173406865,EUR/USD,2005-07-29 13:20:10.000,1.213200,1.213500,D
173406871,EUR/USD,2005-07-29 13:20:12.000,1.213300,1.213600,D
173406889,EUR/USD,2005-07-29 13:20:22.000,1.213200,1.213500,D
173406897,EUR/USD,2005-07-29 13:20:25.000,1.213300,1.213600,D
173406918,EUR/USD,2005-07-29 13:20:44.000,1.213400,1.213700,D
173406931,EUR/USD,2005-07-29 13:20:51.000,1.213300,1.213600,D
173406934,EUR/USD,2005-07-29 13:20:55.000,1.213400,1.213700,D
173407034,EUR/USD,2005-07-29 13:22:36.000,1.213300,1.213600,D
173407045,EUR/USD,2005-07-29 13:22:45.000,1.213400,1.213700,D
173407059,EUR/USD,2005-07-29 13:23:04.000,1.213300,1.213600,D
173407071,EUR/USD,2005-07-29 13:23:18.000,1.213400,1.213700,D
173407104,EUR/USD,2005-07-29 13:24:06.000,1.213500,1.213800,D
173407105,EUR/USD,2005-07-29 13:24:06.000,1.213600,1.213900,D
173407143,EUR/USD,2005-07-29 13:24:44.000,1.213500,1.213800,D
173407145,EUR/USD,2005-07-29 13:24:45.000,1.213400,1.213700,D
173407156,EUR/USD,2005-07-29 13:24:55.000,1.213500,1.213800,D
173407161,EUR/USD,2005-07-29 13:24:57.000,1.213600,1.213900,D
173407192,EUR/USD,2005-07-29 13:25:23.000,1.213500,1.213800,D
173407200,EUR/USD,2005-07-29 13:25:25.000,1.213600,1.213900,D
173407230,EUR/USD,2005-07-29 13:25:31.000,1.213700,1.214000,D
173407234,EUR/USD,2005-07-29 13:25:32.000,1.213800,1.214100,D
173407246,EUR/USD,2005-07-29 13:25:35.000,1.213700,1.214000,D
173407250,EUR/USD,2005-07-29 13:25:37.000,1.213600,1.213900,D
173407267,EUR/USD,2005-07-29 13:25:45.000,1.213700,1.214000,D
173407279,EUR/USD,2005-07-29 13:25:52.000,1.213600,1.213900,D
173407281,EUR/USD,2005-07-29 13:25:53.000,1.213700,1.214000,D
173407286,EUR/USD,2005-07-29 13:25:58.000,1.213600,1.213900,D
173407297,EUR/USD,2005-07-29 13:26:07.000,1.213700,1.214000,D
173407309,EUR/USD,2005-07-29 13:26:27.000,1.213600,1.213900,D
173407343,EUR/USD,2005-07-29 13:27:07.000,1.213500,1.213800,D
173407345,EUR/USD,2005-07-29 13:27:16.000,1.213600,1.213900,D
173407362,EUR/USD,2005-07-29 13:28:03.000,1.213500,1.213800,D
173407399,EUR/USD,2005-07-29 13:28:54.000,1.213600,1.213900,D
173407405,EUR/USD,2005-07-29 13:28:59.000,1.213500,1.213800,D
173407428,EUR/USD,2005-07-29 13:29:15.000,1.213400,1.213700,D
173407432,EUR/USD,2005-07-29 13:29:19.000,1.213500,1.213800,D
173407436,EUR/USD,2005-07-29 13:29:22.000,1.213400,1.213700,D
173407450,EUR/USD,2005-07-29 13:29:26.000,1.213500,1.213800,D
173407463,EUR/USD,2005-07-29 13:30:21.000,1.213400,1.213700,D
173407479,EUR/USD,2005-07-29 13:31:43.000,1.213500,1.213800,D
173407481,EUR/USD,2005-07-29 13:31:44.000,1.213400,1.213700,D
173407560,EUR/USD,2005-07-29 13:33:40.000,1.213500,1.213800,D
173407593,EUR/USD,2005-07-29 13:33:49.000,1.213400,1.213700,D
173407629,EUR/USD,2005-07-29 13:34:09.000,1.213500,1.213800,D
173407658,EUR/USD,2005-07-29 13:34:28.000,1.213600,1.213900,D
173407662,EUR/USD,2005-07-29 13:34:28.000,1.213500,1.213800,D
173407743,EUR/USD,2005-07-29 13:35:34.000,1.213400,1.213700,D
173407753,EUR/USD,2005-07-29 13:35:39.000,1.213500,1.213800,D
173407761,EUR/USD,2005-07-29 13:35:45.000,1.213400,1.213700,D
173407773,EUR/USD,2005-07-29 13:35:50.000,1.213300,1.213600,D
173407800,EUR/USD,2005-07-29 13:36:35.000,1.213400,1.213700,D
173407802,EUR/USD,2005-07-29 13:36:41.000,1.213300,1.213600,D
173407825,EUR/USD,2005-07-29 13:37:28.000,1.213400,1.213700,D
173407826,EUR/USD,2005-07-29 13:37:28.000,1.213300,1.213600,D
173407841,EUR/USD,2005-07-29 13:37:44.000,1.213400,1.213700,D
173408013,EUR/USD,2005-07-29 13:40:58.000,1.213300,1.213600,D
173408023,EUR/USD,2005-07-29 13:41:01.000,1.213400,1.213700,D
173408036,EUR/USD,2005-07-29 13:41:09.000,1.213300,1.213600,D
173408041,EUR/USD,2005-07-29 13:41:12.000,1.213400,1.213700,D
173408102,EUR/USD,2005-07-29 13:41:58.000,1.213500,1.213800,D
173408124,EUR/USD,2005-07-29 13:42:16.000,1.213400,1.213700,D
173408128,EUR/USD,2005-07-29 13:42:17.000,1.213500,1.213800,D
173408134,EUR/USD,2005-07-29 13:42:30.000,1.213400,1.213700,D
173408159,EUR/USD,2005-07-29 13:42:57.000,1.213300,1.213600,D
173408187,EUR/USD,2005-07-29 13:43:28.000,1.213400,1.213700,D
173408214,EUR/USD,2005-07-29 13:44:11.000,1.213300,1.213600,D
173408266,EUR/USD,2005-07-29 13:44:56.000,1.213400,1.213700,D
173408309,EUR/USD,2005-07-29 13:45:13.000,1.213300,1.213600,D
173408318,EUR/USD,2005-07-29 13:45:25.000,1.213400,1.213700,D
173408334,EUR/USD,2005-07-29 13:45:54.000,1.213300,1.213600,D
173408340,EUR/USD,2005-07-29 13:45:57.000,1.213400,1.213700,D
173408372,EUR/USD,2005-07-29 13:46:27.000,1.213500,1.213800,D
173408415,EUR/USD,2005-07-29 13:46:36.000,1.213400,1.213700,D
173408435,EUR/USD,2005-07-29 13:46:56.000,1.213300,1.213600,D
173408446,EUR/USD,2005-07-29 13:47:04.000,1.213400,1.213700,D
173408467,EUR/USD,2005-07-29 13:47:21.000,1.213300,1.213600,D
173408475,EUR/USD,2005-07-29 13:47:31.000,1.213400,1.213700,D
173408511,EUR/USD,2005-07-29 13:48:04.000,1.213300,1.213600,D
173408521,EUR/USD,2005-07-29 13:48:23.000,1.213400,1.213700,D
173408540,EUR/USD,2005-07-29 13:48:52.000,1.213300,1.213600,D
173408552,EUR/USD,2005-07-29 13:49:14.000,1.213400,1.213700,D
173408560,EUR/USD,2005-07-29 13:49:33.000,1.213300,1.213600,D
173408563,EUR/USD,2005-07-29 13:50:04.000,1.213400,1.213700,D
173408579,EUR/USD,2005-07-29 13:50:59.000,1.213300,1.213600,D
173408619,EUR/USD,2005-07-29 13:51:40.000,1.213400,1.213700,D
173408627,EUR/USD,2005-07-29 13:51:52.000,1.213300,1.213600,D
173408638,EUR/USD,2005-07-29 13:51:56.000,1.213200,1.213500,D
173408651,EUR/USD,2005-07-29 13:52:10.000,1.213300,1.213600,D
173408661,EUR/USD,2005-07-29 13:52:12.000,1.213200,1.213500,D
173408668,EUR/USD,2005-07-29 13:52:13.000,1.213300,1.213600,D
173408673,EUR/USD,2005-07-29 13:52:23.000,1.213200,1.213500,D
173408716,EUR/USD,2005-07-29 13:53:20.000,1.213100,1.213400,D
173408749,EUR/USD,2005-07-29 13:53:43.000,1.213000,1.213300,D
173408794,EUR/USD,2005-07-29 13:54:08.000,1.212900,1.213200,D
173408798,EUR/USD,2005-07-29 13:54:12.000,1.213000,1.213300,D
173408806,EUR/USD,2005-07-29 13:54:14.000,1.212900,1.213200,D
173408823,EUR/USD,2005-07-29 13:54:20.000,1.212800,1.213100,D
173408850,EUR/USD,2005-07-29 13:54:26.000,1.212900,1.213200,D
173408864,EUR/USD,2005-07-29 13:54:35.000,1.212800,1.213100,D
173408879,EUR/USD,2005-07-29 13:54:45.000,1.212900,1.213200,D
173408918,EUR/USD,2005-07-29 13:55:14.000,1.212800,1.213100,D
173408925,EUR/USD,2005-07-29 13:55:14.000,1.212700,1.213000,D
173408934,EUR/USD,2005-07-29 13:55:16.000,1.212800,1.213100,D
173408938,EUR/USD,2005-07-29 13:55:17.000,1.212900,1.213200,D
173408955,EUR/USD,2005-07-29 13:55:19.000,1.212800,1.213100,D
173408961,EUR/USD,2005-07-29 13:55:28.000,1.212900,1.213200,D
173408993,EUR/USD,2005-07-29 13:55:41.000,1.212800,1.213100,D
173409026,EUR/USD,2005-07-29 13:56:05.000,1.212900,1.213200,D
173409035,EUR/USD,2005-07-29 13:56:13.000,1.212800,1.213100,D
173409047,EUR/USD,2005-07-29 13:56:18.000,1.212900,1.213200,D
173409049,EUR/USD,2005-07-29 13:56:18.000,1.212800,1.213100,D
173409059,EUR/USD,2005-07-29 13:56:26.000,1.212900,1.213200,D
173409083,EUR/USD,2005-07-29 13:56:31.000,1.212800,1.213100,D
173409116,EUR/USD,2005-07-29 13:56:48.000,1.212700,1.213000,D
173409121,EUR/USD,2005-07-29 13:56:49.000,1.212600,1.212900,D
173409128,EUR/USD,2005-07-29 13:56:50.000,1.212700,1.213000,D
173409148,EUR/USD,2005-07-29 13:57:02.000,1.212600,1.212900,D
173409150,EUR/USD,2005-07-29 13:57:03.000,1.212700,1.213000,D
173409156,EUR/USD,2005-07-29 13:57:04.000,1.212800,1.213100,D
173409165,EUR/USD,2005-07-29 13:57:06.000,1.212700,1.213000,D
173409185,EUR/USD,2005-07-29 13:57:17.000,1.212800,1.213100,D
173409201,EUR/USD,2005-07-29 13:57:25.000,1.212700,1.213000,D
173409276,EUR/USD,2005-07-29 13:58:19.000,1.212800,1.213100,D
173409294,EUR/USD,2005-07-29 13:58:24.000,1.212700,1.213000,D
173409303,EUR/USD,2005-07-29 13:58:26.000,1.212800,1.213100,D
173409310,EUR/USD,2005-07-29 13:58:27.000,1.212700,1.213000,D
173409338,EUR/USD,2005-07-29 13:59:00.000,1.212800,1.213100,D
173409347,EUR/USD,2005-07-29 13:59:14.000,1.212700,1.213000,D
173409351,EUR/USD,2005-07-29 13:59:16.000,1.212800,1.213100,D
173409358,EUR/USD,2005-07-29 13:59:19.000,1.212900,1.213200,D
173409366,EUR/USD,2005-07-29 13:59:30.000,1.212800,1.213100,D
173409371,EUR/USD,2005-07-29 13:59:34.000,1.212900,1.213200,D
173409383,EUR/USD,2005-07-29 13:59:38.000,1.212800,1.213100,D
173409395,EUR/USD,2005-07-29 13:59:43.000,1.212900,1.213200,D
173409410,EUR/USD,2005-07-29 14:00:03.000,1.213000,1.213300,D
173409420,EUR/USD,2005-07-29 14:00:07.000,1.213100,1.213400,D
173409432,EUR/USD,2005-07-29 14:00:08.000,1.213000,1.213300,D
173409447,EUR/USD,2005-07-29 14:00:14.000,1.212900,1.213200,D
173409523,EUR/USD,2005-07-29 14:01:45.000,1.212800,1.213100,D
173409524,EUR/USD,2005-07-29 14:01:46.000,1.212900,1.213200,D
173409533,EUR/USD,2005-07-29 14:01:49.000,1.212800,1.213100,D
173409536,EUR/USD,2005-07-29 14:01:54.000,1.212900,1.213200,D
173409542,EUR/USD,2005-07-29 14:01:58.000,1.212800,1.213100,D
173409544,EUR/USD,2005-07-29 14:02:00.000,1.212900,1.213200,D
173409559,EUR/USD,2005-07-29 14:02:26.000,1.212800,1.213100,D
173409565,EUR/USD,2005-07-29 14:02:28.000,1.212900,1.213200,D
173409582,EUR/USD,2005-07-29 14:02:41.000,1.212800,1.213100,D
173409613,EUR/USD,2005-07-29 14:03:12.000,1.212900,1.213200,D
173409625,EUR/USD,2005-07-29 14:03:44.000,1.212800,1.213100,D
173409635,EUR/USD,2005-07-29 14:03:55.000,1.212900,1.213200,D
173409645,EUR/USD,2005-07-29 14:04:01.000,1.212800,1.213100,D
173409680,EUR/USD,2005-07-29 14:04:41.000,1.212700,1.213000,D
173409690,EUR/USD,2005-07-29 14:04:44.000,1.212800,1.213100,D
173409746,EUR/USD,2005-07-29 14:05:17.000,1.212700,1.213000,D
173409749,EUR/USD,2005-07-29 14:05:19.000,1.212800,1.213100,D
173409758,EUR/USD,2005-07-29 14:05:22.000,1.212700,1.213000,D
173409762,EUR/USD,2005-07-29 14:05:51.000,1.212800,1.213100,D
173409772,EUR/USD,2005-07-29 14:06:00.000,1.212700,1.213000,D
173409797,EUR/USD,2005-07-29 14:06:15.000,1.212600,1.212900,D
173409808,EUR/USD,2005-07-29 14:06:18.000,1.212500,1.212800,D
173409832,EUR/USD,2005-07-29 14:06:29.000,1.212600,1.212900,D
173409835,EUR/USD,2005-07-29 14:06:41.000,1.212500,1.212800,D
173409854,EUR/USD,2005-07-29 14:07:01.000,1.212600,1.212900,D
173409867,EUR/USD,2005-07-29 14:07:07.000,1.212500,1.212800,D
173409882,EUR/USD,2005-07-29 14:07:31.000,1.212600,1.212900,D
173409894,EUR/USD,2005-07-29 14:07:48.000,1.212500,1.212800,D
173409895,EUR/USD,2005-07-29 14:07:48.000,1.212600,1.212900,D
173409908,EUR/USD,2005-07-29 14:07:58.000,1.212500,1.212800,D
173409914,EUR/USD,2005-07-29 14:07:59.000,1.212600,1.212900,D
173409923,EUR/USD,2005-07-29 14:08:06.000,1.212500,1.212800,D
173409952,EUR/USD,2005-07-29 14:08:29.000,1.212600,1.212900,D
173409957,EUR/USD,2005-07-29 14:08:31.000,1.212500,1.212800,D
173409959,EUR/USD,2005-07-29 14:08:35.000,1.212600,1.212900,D
173409964,EUR/USD,2005-07-29 14:08:37.000,1.212500,1.212800,D
173409998,EUR/USD,2005-07-29 14:08:58.000,1.212600,1.212900,D
173410004,EUR/USD,2005-07-29 14:09:01.000,1.212500,1.212800,D
173410010,EUR/USD,2005-07-29 14:09:09.000,1.212400,1.212700,D
173410012,EUR/USD,2005-07-29 14:09:10.000,1.212500,1.212800,D
173410035,EUR/USD,2005-07-29 14:09:30.000,1.212600,1.212900,D
173410106,EUR/USD,2005-07-29 14:10:35.000,1.212700,1.213000,D
173410113,EUR/USD,2005-07-29 14:10:38.000,1.212800,1.213100,D
173410121,EUR/USD,2005-07-29 14:10:39.000,1.212700,1.213000,D
173410133,EUR/USD,2005-07-29 14:10:43.000,1.212800,1.213100,D
173410146,EUR/USD,2005-07-29 14:10:47.000,1.212700,1.213000,D
173410154,EUR/USD,2005-07-29 14:10:57.000,1.212800,1.213100,D
173410170,EUR/USD,2005-07-29 14:11:08.000,1.212900,1.213200,D
173410188,EUR/USD,2005-07-29 14:11:22.000,1.212800,1.213100,D
173410206,EUR/USD,2005-07-29 14:11:34.000,1.212700,1.213000,D
173410213,EUR/USD,2005-07-29 14:11:36.000,1.212800,1.213100,D
173410221,EUR/USD,2005-07-29 14:11:40.000,1.212700,1.213000,D
173410231,EUR/USD,2005-07-29 14:12:07.000,1.212800,1.213100,D
173410244,EUR/USD,2005-07-29 14:12:16.000,1.212700,1.213000,D
173410251,EUR/USD,2005-07-29 14:12:41.000,1.212600,1.212900,D
173410301,EUR/USD,2005-07-29 14:13:10.000,1.212500,1.212800,D
173410307,EUR/USD,2005-07-29 14:13:11.000,1.212600,1.212900,D
173410321,EUR/USD,2005-07-29 14:13:26.000,1.212700,1.213000,D
173410351,EUR/USD,2005-07-29 14:13:48.000,1.212800,1.213100,D
173410392,EUR/USD,2005-07-29 14:14:01.000,1.212700,1.213000,D
173410446,EUR/USD,2005-07-29 14:14:14.000,1.212800,1.213100,D
173410456,EUR/USD,2005-07-29 14:14:17.000,1.212700,1.213000,D
173410460,EUR/USD,2005-07-29 14:14:21.000,1.212800,1.213100,D
173410486,EUR/USD,2005-07-29 14:14:23.000,1.212700,1.213000,D
173410497,EUR/USD,2005-07-29 14:14:25.000,1.212800,1.213100,D
173410520,EUR/USD,2005-07-29 14:14:29.000,1.212700,1.213000,D
173410535,EUR/USD,2005-07-29 14:14:31.000,1.212800,1.213100,D
173410557,EUR/USD,2005-07-29 14:14:41.000,1.212900,1.213200,D
173410559,EUR/USD,2005-07-29 14:14:42.000,1.212800,1.213100,D
173410565,EUR/USD,2005-07-29 14:14:42.000,1.212700,1.213000,D
173410573,EUR/USD,2005-07-29 14:14:48.000,1.212800,1.213100,D
173410586,EUR/USD,2005-07-29 14:14:52.000,1.212900,1.213200,D
173410607,EUR/USD,2005-07-29 14:15:04.000,1.213000,1.213300,D
173410625,EUR/USD,2005-07-29 14:15:08.000,1.212900,1.213200,D
173410627,EUR/USD,2005-07-29 14:15:09.000,1.213000,1.213300,D
173410632,EUR/USD,2005-07-29 14:15:10.000,1.212900,1.213200,D
173410657,EUR/USD,2005-07-29 14:15:35.000,1.213000,1.213300,D
173410659,EUR/USD,2005-07-29 14:15:40.000,1.212900,1.213200,D
173410666,EUR/USD,2005-07-29 14:15:53.000,1.213000,1.213300,D
173410672,EUR/USD,2005-07-29 14:16:01.000,1.213100,1.213400,D
173410677,EUR/USD,2005-07-29 14:16:01.000,1.213200,1.213500,D
173410685,EUR/USD,2005-07-29 14:16:03.000,1.213100,1.213400,D
173410701,EUR/USD,2005-07-29 14:16:27.000,1.213000,1.213300,D
173410707,EUR/USD,2005-07-29 14:16:31.000,1.213100,1.213400,D
173410723,EUR/USD,2005-07-29 14:16:35.000,1.213000,1.213300,D
173410749,EUR/USD,2005-07-29 14:16:51.000,1.212900,1.213200,D
173410757,EUR/USD,2005-07-29 14:16:52.000,1.212800,1.213100,D
173410764,EUR/USD,2005-07-29 14:16:58.000,1.212900,1.213200,D
173410814,EUR/USD,2005-07-29 14:18:01.000,1.212800,1.213100,D
173410836,EUR/USD,2005-07-29 14:18:34.000,1.212700,1.213000,D
173410848,EUR/USD,2005-07-29 14:18:43.000,1.212800,1.213100,D
173410852,EUR/USD,2005-07-29 14:18:52.000,1.212700,1.213000,D
173410869,EUR/USD,2005-07-29 14:19:01.000,1.212800,1.213100,D
173410875,EUR/USD,2005-07-29 14:19:06.000,1.212700,1.213000,D
173410884,EUR/USD,2005-07-29 14:19:29.000,1.212800,1.213100,D
173410924,EUR/USD,2005-07-29 14:20:36.000,1.212900,1.213200,D
173410938,EUR/USD,2005-07-29 14:20:57.000,1.212800,1.213100,D
173410964,EUR/USD,2005-07-29 14:21:28.000,1.212700,1.213000,D
173410977,EUR/USD,2005-07-29 14:21:41.000,1.212600,1.212900,D
173411003,EUR/USD,2005-07-29 14:22:27.000,1.212500,1.212800,D
173411042,EUR/USD,2005-07-29 14:22:40.000,1.212400,1.212700,D
173411064,EUR/USD,2005-07-29 14:22:45.000,1.212300,1.212600,D
173411069,EUR/USD,2005-07-29 14:22:45.000,1.212200,1.212500,D
173411077,EUR/USD,2005-07-29 14:22:46.000,1.212300,1.212600,D
173411091,EUR/USD,2005-07-29 14:22:47.000,1.212400,1.212700,D
173411115,EUR/USD,2005-07-29 14:22:51.000,1.212300,1.212600,D
173411118,EUR/USD,2005-07-29 14:22:51.000,1.212200,1.212500,D
173411124,EUR/USD,2005-07-29 14:22:51.000,1.212100,1.212400,D
173411127,EUR/USD,2005-07-29 14:22:52.000,1.212200,1.212500,D
173411131,EUR/USD,2005-07-29 14:22:52.000,1.212100,1.212400,D
173411145,EUR/USD,2005-07-29 14:22:55.000,1.212200,1.212500,D
173411148,EUR/USD,2005-07-29 14:22:55.000,1.212300,1.212600,D
173411189,EUR/USD,2005-07-29 14:23:06.000,1.212400,1.212700,D
173411207,EUR/USD,2005-07-29 14:23:20.000,1.212300,1.212600,D
173411222,EUR/USD,2005-07-29 14:23:28.000,1.212200,1.212500,D
173411238,EUR/USD,2005-07-29 14:23:33.000,1.212300,1.212600,D
173411260,EUR/USD,2005-07-29 14:24:02.000,1.212200,1.212500,D
173411294,EUR/USD,2005-07-29 14:24:24.000,1.212300,1.212600,D
173411310,EUR/USD,2005-07-29 14:24:40.000,1.212400,1.212700,D
173411320,EUR/USD,2005-07-29 14:24:43.000,1.212300,1.212600,D
173411331,EUR/USD,2005-07-29 14:24:58.000,1.212400,1.212700,D
173411357,EUR/USD,2005-07-29 14:25:34.000,1.212300,1.212600,D
173411366,EUR/USD,2005-07-29 14:25:35.000,1.212200,1.212500,D
173411377,EUR/USD,2005-07-29 14:25:41.000,1.212100,1.212400,D
173411382,EUR/USD,2005-07-29 14:25:42.000,1.212200,1.212500,D
173411408,EUR/USD,2005-07-29 14:25:51.000,1.212300,1.212600,D
173411409,EUR/USD,2005-07-29 14:25:51.000,1.212200,1.212500,D
173411414,EUR/USD,2005-07-29 14:25:54.000,1.212300,1.212600,D
173411416,EUR/USD,2005-07-29 14:25:55.000,1.212400,1.212700,D
173411420,EUR/USD,2005-07-29 14:25:56.000,1.212300,1.212600,D
173411430,EUR/USD,2005-07-29 14:26:02.000,1.212400,1.212700,D
173411441,EUR/USD,2005-07-29 14:26:09.000,1.212300,1.212600,D
173411442,EUR/USD,2005-07-29 14:26:11.000,1.212400,1.212700,D
173411447,EUR/USD,2005-07-29 14:26:14.000,1.212300,1.212600,D
173411462,EUR/USD,2005-07-29 14:26:18.000,1.212400,1.212700,D
173411476,EUR/USD,2005-07-29 14:26:21.000,1.212300,1.212600,D
173411478,EUR/USD,2005-07-29 14:26:26.000,1.212400,1.212700,D
173411487,EUR/USD,2005-07-29 14:26:28.000,1.212300,1.212600,D
173411491,EUR/USD,2005-07-29 14:26:34.000,1.212400,1.212700,D
173411499,EUR/USD,2005-07-29 14:26:35.000,1.212300,1.212600,D
173411505,EUR/USD,2005-07-29 14:26:38.000,1.212400,1.212700,D
173411521,EUR/USD,2005-07-29 14:26:41.000,1.212300,1.212600,D
173411532,EUR/USD,2005-07-29 14:26:51.000,1.212400,1.212700,D
173411538,EUR/USD,2005-07-29 14:26:53.000,1.212300,1.212600,D
173411544,EUR/USD,2005-07-29 14:26:57.000,1.212400,1.212700,D
173411619,EUR/USD,2005-07-29 14:27:55.000,1.212300,1.212600,D
173411625,EUR/USD,2005-07-29 14:27:58.000,1.212200,1.212500,D
173411671,EUR/USD,2005-07-29 14:28:18.000,1.212100,1.212400,D
173411679,EUR/USD,2005-07-29 14:28:21.000,1.212200,1.212500,D
173411681,EUR/USD,2005-07-29 14:28:21.000,1.212100,1.212400,D
173411691,EUR/USD,2005-07-29 14:28:22.000,1.211900,1.212200,D
173411699,EUR/USD,2005-07-29 14:28:24.000,1.212000,1.212300,D
173411703,EUR/USD,2005-07-29 14:28:25.000,1.212100,1.212400,D
173411729,EUR/USD,2005-07-29 14:28:28.000,1.212000,1.212300,D
173411742,EUR/USD,2005-07-29 14:28:29.000,1.212100,1.212400,D
173411765,EUR/USD,2005-07-29 14:28:33.000,1.212000,1.212300,D
173411772,EUR/USD,2005-07-29 14:28:34.000,1.212100,1.212400,D
173411847,EUR/USD,2005-07-29 14:29:10.000,1.212000,1.212300,D
173411938,EUR/USD,2005-07-29 14:29:53.000,1.212100,1.212400,D
173412001,EUR/USD,2005-07-29 14:30:19.000,1.212000,1.212300,D
173412003,EUR/USD,2005-07-29 14:30:23.000,1.212100,1.212400,D
173412050,EUR/USD,2005-07-29 14:31:00.000,1.212200,1.212500,D
173412074,EUR/USD,2005-07-29 14:31:10.000,1.212300,1.212600,D
173412081,EUR/USD,2005-07-29 14:31:10.000,1.212400,1.212700,D
173412118,EUR/USD,2005-07-29 14:31:31.000,1.212300,1.212600,D
173412123,EUR/USD,2005-07-29 14:31:32.000,1.212400,1.212700,D
173412126,EUR/USD,2005-07-29 14:31:32.000,1.212300,1.212600,D
173412134,EUR/USD,2005-07-29 14:31:33.000,1.212400,1.212700,D
173412171,EUR/USD,2005-07-29 14:31:46.000,1.212500,1.212800,D
173412204,EUR/USD,2005-07-29 14:32:03.000,1.212400,1.212700,D
173412208,EUR/USD,2005-07-29 14:32:03.000,1.212300,1.212600,D
173412213,EUR/USD,2005-07-29 14:32:04.000,1.212400,1.212700,D
173412262,EUR/USD,2005-07-29 14:32:42.000,1.212300,1.212600,D
173412310,EUR/USD,2005-07-29 14:33:41.000,1.212200,1.212500,D
173412323,EUR/USD,2005-07-29 14:33:46.000,1.212300,1.212600,D
173412332,EUR/USD,2005-07-29 14:33:48.000,1.212200,1.212500,D
173412377,EUR/USD,2005-07-29 14:34:27.000,1.212300,1.212600,D
173412387,EUR/USD,2005-07-29 14:34:30.000,1.212200,1.212500,D
173412426,EUR/USD,2005-07-29 14:34:53.000,1.212300,1.212600,D
173412434,EUR/USD,2005-07-29 14:34:54.000,1.212200,1.212500,D
173412482,EUR/USD,2005-07-29 14:35:33.000,1.212300,1.212600,D
173412502,EUR/USD,2005-07-29 14:36:07.000,1.212200,1.212500,D
173412536,EUR/USD,2005-07-29 14:36:56.000,1.212300,1.212600,D
173412543,EUR/USD,2005-07-29 14:37:08.000,1.212200,1.212500,D
173412554,EUR/USD,2005-07-29 14:37:21.000,1.212300,1.212600,D
173412570,EUR/USD,2005-07-29 14:37:26.000,1.212200,1.212500,D
173412580,EUR/USD,2005-07-29 14:37:34.000,1.212300,1.212600,D
173412588,EUR/USD,2005-07-29 14:37:39.000,1.212200,1.212500,D
173412611,EUR/USD,2005-07-29 14:38:58.000,1.212300,1.212600,D
173412652,EUR/USD,2005-07-29 14:40:02.000,1.212200,1.212500,D
173412660,EUR/USD,2005-07-29 14:40:09.000,1.212300,1.212600,D
173412664,EUR/USD,2005-07-29 14:40:14.000,1.212200,1.212500,D
173412674,EUR/USD,2005-07-29 14:41:23.000,1.212300,1.212600,D
173412745,EUR/USD,2005-07-29 14:44:07.000,1.212400,1.212700,D
173412752,EUR/USD,2005-07-29 14:44:09.000,1.212300,1.212600,D
173412764,EUR/USD,2005-07-29 14:44:24.000,1.212200,1.212500,D
173412772,EUR/USD,2005-07-29 14:44:26.000,1.212300,1.212600,D
173412832,EUR/USD,2005-07-29 14:45:22.000,1.212200,1.212500,D
173412838,EUR/USD,2005-07-29 14:45:27.000,1.212300,1.212600,D
173412844,EUR/USD,2005-07-29 14:45:32.000,1.212200,1.212500,D
173412851,EUR/USD,2005-07-29 14:45:36.000,1.212300,1.212600,D
173412899,EUR/USD,2005-07-29 14:46:41.000,1.212200,1.212500,D
173412966,EUR/USD,2005-07-29 14:48:01.000,1.212300,1.212600,D
173412992,EUR/USD,2005-07-29 14:48:43.000,1.212400,1.212700,D
173412994,EUR/USD,2005-07-29 14:48:43.000,1.212500,1.212800,D
173413000,EUR/USD,2005-07-29 14:48:50.000,1.212400,1.212700,D
173413008,EUR/USD,2005-07-29 14:49:01.000,1.212500,1.212800,D
173413010,EUR/USD,2005-07-29 14:49:02.000,1.212400,1.212700,D
173413017,EUR/USD,2005-07-29 14:49:12.000,1.212500,1.212800,D
173413094,EUR/USD,2005-07-29 14:50:37.000,1.212400,1.212700,D
173413147,EUR/USD,2005-07-29 14:51:36.000,1.212500,1.212800,D
173413174,EUR/USD,2005-07-29 14:52:16.000,1.212400,1.212700,D
173413185,EUR/USD,2005-07-29 14:52:19.000,1.212500,1.212800,D
173413198,EUR/USD,2005-07-29 14:52:27.000,1.212400,1.212700,D
173413251,EUR/USD,2005-07-29 14:52:56.000,1.212500,1.212800,D
173413405,EUR/USD,2005-07-29 14:53:48.000,1.212400,1.212700,D
173413515,EUR/USD,2005-07-29 14:54:27.000,1.212300,1.212600,D
173413524,EUR/USD,2005-07-29 14:54:30.000,1.212400,1.212700,D
173413531,EUR/USD,2005-07-29 14:54:38.000,1.212300,1.212600,D
173413554,EUR/USD,2005-07-29 14:55:08.000,1.212400,1.212700,D
173413600,EUR/USD,2005-07-29 14:56:28.000,1.212300,1.212600,D
173413603,EUR/USD,2005-07-29 14:56:31.000,1.212400,1.212700,D
173413697,EUR/USD,2005-07-29 14:58:49.000,1.212500,1.212800,D
173413704,EUR/USD,2005-07-29 14:58:51.000,1.212400,1.212700,D
173413715,EUR/USD,2005-07-29 14:58:52.000,1.212500,1.212800,D
173413731,EUR/USD,2005-07-29 14:58:59.000,1.212400,1.212700,D
173413734,EUR/USD,2005-07-29 14:58:59.000,1.212500,1.212800,D
173413760,EUR/USD,2005-07-29 14:59:11.000,1.212400,1.212700,D
173413771,EUR/USD,2005-07-29 14:59:16.000,1.212500,1.212800,D
173413792,EUR/USD,2005-07-29 14:59:27.000,1.212400,1.212700,D
173413799,EUR/USD,2005-07-29 14:59:30.000,1.212500,1.212800,D
173413804,EUR/USD,2005-07-29 14:59:32.000,1.212400,1.212700,D
173413822,EUR/USD,2005-07-29 14:59:41.000,1.212500,1.212800,D
173413890,EUR/USD,2005-07-29 15:00:00.000,1.212400,1.212700,D
173413895,EUR/USD,2005-07-29 15:00:01.000,1.212500,1.212800,D
173413912,EUR/USD,2005-07-29 15:00:05.000,1.212400,1.212700,D
173413965,EUR/USD,2005-07-29 15:00:24.000,1.212500,1.212800,D
173414070,EUR/USD,2005-07-29 15:01:37.000,1.212600,1.212900,D
173414081,EUR/USD,2005-07-29 15:01:46.000,1.212700,1.213000,D
173414110,EUR/USD,2005-07-29 15:02:00.000,1.212600,1.212900,D
173414129,EUR/USD,2005-07-29 15:02:03.000,1.212700,1.213000,D
173414146,EUR/USD,2005-07-29 15:02:12.000,1.212600,1.212900,D
173414151,EUR/USD,2005-07-29 15:02:14.000,1.212700,1.213000,D
173414165,EUR/USD,2005-07-29 15:02:26.000,1.212600,1.212900,D
173414168,EUR/USD,2005-07-29 15:02:26.000,1.212700,1.213000,D
173414174,EUR/USD,2005-07-29 15:02:27.000,1.212800,1.213100,D
173414183,EUR/USD,2005-07-29 15:02:29.000,1.212700,1.213000,D
173414189,EUR/USD,2005-07-29 15:02:42.000,1.212600,1.212900,D
173414196,EUR/USD,2005-07-29 15:02:45.000,1.212700,1.213000,D
173414215,EUR/USD,2005-07-29 15:03:03.000,1.212600,1.212900,D
173414250,EUR/USD,2005-07-29 15:03:52.000,1.212700,1.213000,D
173414258,EUR/USD,2005-07-29 15:04:10.000,1.212600,1.212900,D
173414266,EUR/USD,2005-07-29 15:04:31.000,1.212700,1.213000,D
173414296,EUR/USD,2005-07-29 15:05:07.000,1.212600,1.212900,D
173414302,EUR/USD,2005-07-29 15:05:10.000,1.212500,1.212800,D
173414310,EUR/USD,2005-07-29 15:05:28.000,1.212400,1.212700,D
173414320,EUR/USD,2005-07-29 15:05:38.000,1.212500,1.212800,D
173414350,EUR/USD,2005-07-29 15:05:54.000,1.212600,1.212900,D
173414370,EUR/USD,2005-07-29 15:06:11.000,1.212500,1.212800,D
173414376,EUR/USD,2005-07-29 15:06:13.000,1.212600,1.212900,D
173414380,EUR/USD,2005-07-29 15:06:17.000,1.212500,1.212800,D
173414383,EUR/USD,2005-07-29 15:06:20.000,1.212600,1.212900,D
173414449,EUR/USD,2005-07-29 15:07:39.000,1.212700,1.213000,D
173414492,EUR/USD,2005-07-29 15:08:05.000,1.212800,1.213100,D
173414508,EUR/USD,2005-07-29 15:08:10.000,1.212700,1.213000,D
173414517,EUR/USD,2005-07-29 15:08:13.000,1.212600,1.212900,D
173414568,EUR/USD,2005-07-29 15:08:56.000,1.212700,1.213000,D
173414591,EUR/USD,2005-07-29 15:09:26.000,1.212600,1.212900,D
173414603,EUR/USD,2005-07-29 15:09:36.000,1.212700,1.213000,D
173414620,EUR/USD,2005-07-29 15:09:51.000,1.212800,1.213100,D
173414626,EUR/USD,2005-07-29 15:09:52.000,1.212900,1.213200,D
173414628,EUR/USD,2005-07-29 15:09:53.000,1.212800,1.213100,D
173414636,EUR/USD,2005-07-29 15:09:55.000,1.212700,1.213000,D
173414683,EUR/USD,2005-07-29 15:10:44.000,1.212800,1.213100,D
173414685,EUR/USD,2005-07-29 15:10:47.000,1.212700,1.213000,D
173414689,EUR/USD,2005-07-29 15:10:50.000,1.212800,1.213100,D
173414710,EUR/USD,2005-07-29 15:11:23.000,1.212700,1.213000,D
173414728,EUR/USD,2005-07-29 15:11:33.000,1.212600,1.212900,D
173414732,EUR/USD,2005-07-29 15:11:33.000,1.212700,1.213000,D
173414751,EUR/USD,2005-07-29 15:12:18.000,1.212600,1.212900,D
173414762,EUR/USD,2005-07-29 15:12:21.000,1.212700,1.213000,D
173414800,EUR/USD,2005-07-29 15:13:00.000,1.212800,1.213100,D
173414809,EUR/USD,2005-07-29 15:13:04.000,1.212700,1.213000,D
173414815,EUR/USD,2005-07-29 15:13:23.000,1.212800,1.213100,D
173414827,EUR/USD,2005-07-29 15:13:31.000,1.212900,1.213200,D
173414837,EUR/USD,2005-07-29 15:13:32.000,1.212800,1.213100,D
173414843,EUR/USD,2005-07-29 15:13:36.000,1.212900,1.213200,D
173414852,EUR/USD,2005-07-29 15:13:44.000,1.212800,1.213100,D
173414855,EUR/USD,2005-07-29 15:13:46.000,1.212900,1.213200,D
173414893,EUR/USD,2005-07-29 15:14:18.000,1.212800,1.213100,D
173414895,EUR/USD,2005-07-29 15:14:19.000,1.212900,1.213200,D
173414899,EUR/USD,2005-07-29 15:14:22.000,1.212800,1.213100,D
173414906,EUR/USD,2005-07-29 15:14:32.000,1.212900,1.213200,D
173414920,EUR/USD,2005-07-29 15:14:49.000,1.212800,1.213100,D
173414928,EUR/USD,2005-07-29 15:14:59.000,1.212900,1.213200,D
173414932,EUR/USD,2005-07-29 15:15:03.000,1.212800,1.213100,D
173414945,EUR/USD,2005-07-29 15:15:32.000,1.212900,1.213200,D
173415031,EUR/USD,2005-07-29 15:16:37.000,1.212800,1.213100,D
173415039,EUR/USD,2005-07-29 15:16:51.000,1.212700,1.213000,D
173415059,EUR/USD,2005-07-29 15:17:07.000,1.212800,1.213100,D
173415063,EUR/USD,2005-07-29 15:17:11.000,1.212700,1.213000,D
173415105,EUR/USD,2005-07-29 15:19:32.000,1.212800,1.213100,D
173415129,EUR/USD,2005-07-29 15:20:07.000,1.212700,1.213000,D
173415136,EUR/USD,2005-07-29 15:20:09.000,1.212800,1.213100,D
173415142,EUR/USD,2005-07-29 15:20:11.000,1.212700,1.213000,D
173415170,EUR/USD,2005-07-29 15:20:39.000,1.212600,1.212900,D
173415178,EUR/USD,2005-07-29 15:20:47.000,1.212500,1.212800,D
173415191,EUR/USD,2005-07-29 15:21:00.000,1.212600,1.212900,D
173415197,EUR/USD,2005-07-29 15:21:03.000,1.212500,1.212800,D
173415200,EUR/USD,2005-07-29 15:21:04.000,1.212400,1.212700,D
173415220,EUR/USD,2005-07-29 15:21:19.000,1.212500,1.212800,D
173415224,EUR/USD,2005-07-29 15:21:25.000,1.212400,1.212700,D
173415226,EUR/USD,2005-07-29 15:21:31.000,1.212500,1.212800,D
173415257,EUR/USD,2005-07-29 15:22:16.000,1.212400,1.212700,D
173415266,EUR/USD,2005-07-29 15:22:26.000,1.212300,1.212600,D
173415318,EUR/USD,2005-07-29 15:22:58.000,1.212200,1.212500,D
173415368,EUR/USD,2005-07-29 15:23:07.000,1.212300,1.212600,D
173415378,EUR/USD,2005-07-29 15:23:10.000,1.212200,1.212500,D
173415420,EUR/USD,2005-07-29 15:23:47.000,1.212300,1.212600,D
173415435,EUR/USD,2005-07-29 15:24:00.000,1.212200,1.212500,D
173415439,EUR/USD,2005-07-29 15:24:00.000,1.212100,1.212400,D
173415465,EUR/USD,2005-07-29 15:24:25.000,1.212200,1.212500,D
173415471,EUR/USD,2005-07-29 15:24:26.000,1.212300,1.212600,D
173415475,EUR/USD,2005-07-29 15:24:26.000,1.212400,1.212700,D
173415479,EUR/USD,2005-07-29 15:24:30.000,1.212300,1.212600,D
173415495,EUR/USD,2005-07-29 15:24:41.000,1.212400,1.212700,D
173415512,EUR/USD,2005-07-29 15:24:46.000,1.212300,1.212600,D
173415536,EUR/USD,2005-07-29 15:25:19.000,1.212400,1.212700,D
173415543,EUR/USD,2005-07-29 15:25:25.000,1.212300,1.212600,D
173415562,EUR/USD,2005-07-29 15:25:39.000,1.212200,1.212500,D
173415571,EUR/USD,2005-07-29 15:25:43.000,1.212300,1.212600,D
173415577,EUR/USD,2005-07-29 15:25:47.000,1.212200,1.212500,D
173415581,EUR/USD,2005-07-29 15:25:51.000,1.212300,1.212600,D
173415654,EUR/USD,2005-07-29 15:27:42.000,1.212400,1.212700,D
173415670,EUR/USD,2005-07-29 15:27:49.000,1.212500,1.212800,D
173415744,EUR/USD,2005-07-29 15:28:25.000,1.212400,1.212700,D
173415834,EUR/USD,2005-07-29 15:29:51.000,1.212500,1.212800,D
173415844,EUR/USD,2005-07-29 15:30:09.000,1.212400,1.212700,D
173415846,EUR/USD,2005-07-29 15:30:09.000,1.212300,1.212600,D
173415851,EUR/USD,2005-07-29 15:30:12.000,1.212400,1.212700,D
173415856,EUR/USD,2005-07-29 15:30:12.000,1.212500,1.212800,D
173415875,EUR/USD,2005-07-29 15:30:22.000,1.212400,1.212700,D
173415887,EUR/USD,2005-07-29 15:30:32.000,1.212500,1.212800,D
173415904,EUR/USD,2005-07-29 15:30:34.000,1.212400,1.212700,D
173415917,EUR/USD,2005-07-29 15:30:36.000,1.212500,1.212800,D
173415918,EUR/USD,2005-07-29 15:30:37.000,1.212400,1.212700,D
173415942,EUR/USD,2005-07-29 15:31:15.000,1.212500,1.212800,D
173415961,EUR/USD,2005-07-29 15:31:23.000,1.212600,1.212900,D
173415994,EUR/USD,2005-07-29 15:31:33.000,1.212500,1.212800,D
173415998,EUR/USD,2005-07-29 15:31:34.000,1.212600,1.212900,D
173416004,EUR/USD,2005-07-29 15:31:38.000,1.212500,1.212800,D
173416009,EUR/USD,2005-07-29 15:31:41.000,1.212600,1.212900,D
173416016,EUR/USD,2005-07-29 15:31:44.000,1.212500,1.212800,D
173416048,EUR/USD,2005-07-29 15:32:11.000,1.212400,1.212700,D
173416057,EUR/USD,2005-07-29 15:32:12.000,1.212500,1.212800,D
173416078,EUR/USD,2005-07-29 15:32:35.000,1.212400,1.212700,D
173416085,EUR/USD,2005-07-29 15:32:37.000,1.212500,1.212800,D
173416107,EUR/USD,2005-07-29 15:33:04.000,1.212400,1.212700,D
173416143,EUR/USD,2005-07-29 15:33:37.000,1.212500,1.212800,D
173416145,EUR/USD,2005-07-29 15:33:38.000,1.212400,1.212700,D
173416169,EUR/USD,2005-07-29 15:33:54.000,1.212300,1.212600,D
173416188,EUR/USD,2005-07-29 15:34:06.000,1.212400,1.212700,D
173416208,EUR/USD,2005-07-29 15:34:33.000,1.212300,1.212600,D
173416214,EUR/USD,2005-07-29 15:34:39.000,1.212400,1.212700,D
173416221,EUR/USD,2005-07-29 15:34:57.000,1.212300,1.212600,D
173416286,EUR/USD,2005-07-29 15:37:19.000,1.212200,1.212500,D
173416292,EUR/USD,2005-07-29 15:37:20.000,1.212100,1.212400,D
173416298,EUR/USD,2005-07-29 15:37:22.000,1.212200,1.212500,D
173416312,EUR/USD,2005-07-29 15:37:29.000,1.212100,1.212400,D
173416351,EUR/USD,2005-07-29 15:37:38.000,1.212000,1.212300,D
173416360,EUR/USD,2005-07-29 15:37:43.000,1.212100,1.212400,D
173416377,EUR/USD,2005-07-29 15:37:49.000,1.212000,1.212300,D
173416392,EUR/USD,2005-07-29 15:37:55.000,1.211900,1.212200,D
173416402,EUR/USD,2005-07-29 15:37:56.000,1.212000,1.212300,D
173416422,EUR/USD,2005-07-29 15:38:04.000,1.212100,1.212400,D
173416429,EUR/USD,2005-07-29 15:38:14.000,1.212000,1.212300,D
173416431,EUR/USD,2005-07-29 15:38:24.000,1.211900,1.212200,D
173416443,EUR/USD,2005-07-29 15:38:26.000,1.212000,1.212300,D
173416452,EUR/USD,2005-07-29 15:38:27.000,1.211900,1.212200,D
173416459,EUR/USD,2005-07-29 15:38:30.000,1.212000,1.212300,D
173416465,EUR/USD,2005-07-29 15:38:34.000,1.212100,1.212400,D
173416471,EUR/USD,2005-07-29 15:38:37.000,1.212000,1.212300,D
173416515,EUR/USD,2005-07-29 15:39:10.000,1.211900,1.212200,D
173416538,EUR/USD,2005-07-29 15:39:29.000,1.212000,1.212300,D
173416585,EUR/USD,2005-07-29 15:41:04.000,1.212100,1.212400,D
173416587,EUR/USD,2005-07-29 15:41:09.000,1.212000,1.212300,D
173416627,EUR/USD,2005-07-29 15:42:40.000,1.212100,1.212400,D
173416655,EUR/USD,2005-07-29 15:42:51.000,1.212200,1.212500,D
173416657,EUR/USD,2005-07-29 15:42:51.000,1.212300,1.212600,D
173416666,EUR/USD,2005-07-29 15:42:56.000,1.212400,1.212700,D
173416721,EUR/USD,2005-07-29 15:43:34.000,1.212500,1.212800,D
173416749,EUR/USD,2005-07-29 15:44:10.000,1.212400,1.212700,D
173416806,EUR/USD,2005-07-29 15:46:39.000,1.212500,1.212800,D
173416810,EUR/USD,2005-07-29 15:46:40.000,1.212600,1.212900,D
173416813,EUR/USD,2005-07-29 15:46:42.000,1.212500,1.212800,D
173416849,EUR/USD,2005-07-29 15:48:02.000,1.212400,1.212700,D
173416873,EUR/USD,2005-07-29 15:48:25.000,1.212500,1.212800,D
173416886,EUR/USD,2005-07-29 15:48:43.000,1.212400,1.212700,D
173416907,EUR/USD,2005-07-29 15:48:58.000,1.212300,1.212600,D
173416955,EUR/USD,2005-07-29 15:49:54.000,1.212400,1.212700,D
173416994,EUR/USD,2005-07-29 15:50:49.000,1.212300,1.212600,D
173417001,EUR/USD,2005-07-29 15:51:06.000,1.212400,1.212700,D
173417018,EUR/USD,2005-07-29 15:52:00.000,1.212300,1.212600,D
173417020,EUR/USD,2005-07-29 15:52:01.000,1.212200,1.212500,D
173417036,EUR/USD,2005-07-29 15:52:17.000,1.212100,1.212400,D
173417048,EUR/USD,2005-07-29 15:53:00.000,1.212200,1.212500,D
173417049,EUR/USD,2005-07-29 15:53:00.000,1.212300,1.212600,D
173417056,EUR/USD,2005-07-29 15:53:03.000,1.212400,1.212700,D
173417065,EUR/USD,2005-07-29 15:53:14.000,1.212300,1.212600,D
173417067,EUR/USD,2005-07-29 15:53:14.000,1.212200,1.212500,D
173417079,EUR/USD,2005-07-29 15:53:21.000,1.212100,1.212400,D
173417087,EUR/USD,2005-07-29 15:53:24.000,1.212000,1.212300,D
173417102,EUR/USD,2005-07-29 15:53:59.000,1.212100,1.212400,D
173417104,EUR/USD,2005-07-29 15:54:00.000,1.212200,1.212500,D
173417118,EUR/USD,2005-07-29 15:54:12.000,1.212100,1.212400,D
173417124,EUR/USD,2005-07-29 15:55:01.000,1.212200,1.212500,D
173417142,EUR/USD,2005-07-29 15:55:43.000,1.212400,1.212700,D
173417148,EUR/USD,2005-07-29 15:55:45.000,1.212300,1.212600,D
173417201,EUR/USD,2005-07-29 15:57:54.000,1.212400,1.212700,D
173417227,EUR/USD,2005-07-29 15:58:14.000,1.212300,1.212600,D
173417234,EUR/USD,2005-07-29 15:58:16.000,1.212200,1.212500,D
173417239,EUR/USD,2005-07-29 15:58:21.000,1.212300,1.212600,D
173417255,EUR/USD,2005-07-29 15:58:40.000,1.212400,1.212700,D
173417267,EUR/USD,2005-07-29 15:58:58.000,1.212300,1.212600,D
173417274,EUR/USD,2005-07-29 15:59:02.000,1.212200,1.212500,D
173417289,EUR/USD,2005-07-29 15:59:22.000,1.212300,1.212600,D
173417295,EUR/USD,2005-07-29 15:59:25.000,1.212200,1.212500,D
173417330,EUR/USD,2005-07-29 16:00:31.000,1.212100,1.212400,D
173417353,EUR/USD,2005-07-29 16:00:46.000,1.212200,1.212500,D
173417402,EUR/USD,2005-07-29 16:01:03.000,1.212100,1.212400,D
173417407,EUR/USD,2005-07-29 16:01:08.000,1.212200,1.212500,D
173417460,EUR/USD,2005-07-29 16:02:28.000,1.212300,1.212600,D
173417471,EUR/USD,2005-07-29 16:02:36.000,1.212400,1.212700,D
173417523,EUR/USD,2005-07-29 16:03:54.000,1.212500,1.212800,D
173417573,EUR/USD,2005-07-29 16:05:57.000,1.212400,1.212700,D
173417577,EUR/USD,2005-07-29 16:06:02.000,1.212300,1.212600,D
173417590,EUR/USD,2005-07-29 16:06:04.000,1.212400,1.212700,D
173417594,EUR/USD,2005-07-29 16:06:04.000,1.212500,1.212800,D
173417598,EUR/USD,2005-07-29 16:06:06.000,1.212400,1.212700,D
173417607,EUR/USD,2005-07-29 16:06:09.000,1.212300,1.212600,D
173417617,EUR/USD,2005-07-29 16:06:18.000,1.212400,1.212700,D
173417628,EUR/USD,2005-07-29 16:06:30.000,1.212500,1.212800,D
173417636,EUR/USD,2005-07-29 16:06:34.000,1.212400,1.212700,D
173417648,EUR/USD,2005-07-29 16:06:40.000,1.212300,1.212600,D
173417658,EUR/USD,2005-07-29 16:06:45.000,1.212400,1.212700,D
173417661,EUR/USD,2005-07-29 16:06:50.000,1.212500,1.212800,D
173417670,EUR/USD,2005-07-29 16:06:56.000,1.212400,1.212700,D
173417694,EUR/USD,2005-07-29 16:07:35.000,1.212500,1.212800,D
173417716,EUR/USD,2005-07-29 16:08:21.000,1.212400,1.212700,D
173417757,EUR/USD,2005-07-29 16:10:10.000,1.212500,1.212800,D
173417765,EUR/USD,2005-07-29 16:10:21.000,1.212400,1.212700,D
173417779,EUR/USD,2005-07-29 16:10:22.000,1.212500,1.212800,D
173417782,EUR/USD,2005-07-29 16:10:27.000,1.212400,1.212700,D
173417809,EUR/USD,2005-07-29 16:10:51.000,1.212300,1.212600,D
173417814,EUR/USD,2005-07-29 16:10:52.000,1.212400,1.212700,D
173417839,EUR/USD,2005-07-29 16:11:01.000,1.212300,1.212600,D
173417864,EUR/USD,2005-07-29 16:11:11.000,1.212400,1.212700,D
173417901,EUR/USD,2005-07-29 16:11:31.000,1.212500,1.212800,D
173417907,EUR/USD,2005-07-29 16:11:34.000,1.212400,1.212700,D
173417927,EUR/USD,2005-07-29 16:11:37.000,1.212300,1.212600,D
173417948,EUR/USD,2005-07-29 16:11:52.000,1.212400,1.212700,D
173417967,EUR/USD,2005-07-29 16:12:00.000,1.212500,1.212800,D
173417972,EUR/USD,2005-07-29 16:12:04.000,1.212300,1.212600,D
173417987,EUR/USD,2005-07-29 16:12:22.000,1.212400,1.212700,D
173417991,EUR/USD,2005-07-29 16:12:22.000,1.212500,1.212800,D
173417998,EUR/USD,2005-07-29 16:12:40.000,1.212400,1.212700,D
173418003,EUR/USD,2005-07-29 16:12:50.000,1.212300,1.212600,D
173418027,EUR/USD,2005-07-29 16:13:50.000,1.212400,1.212700,D
173418034,EUR/USD,2005-07-29 16:13:51.000,1.212500,1.212800,D
173418039,EUR/USD,2005-07-29 16:13:57.000,1.212400,1.212700,D
173418049,EUR/USD,2005-07-29 16:14:06.000,1.212500,1.212800,D
173418053,EUR/USD,2005-07-29 16:14:09.000,1.212400,1.212700,D
173418063,EUR/USD,2005-07-29 16:14:20.000,1.212300,1.212600,D
173418074,EUR/USD,2005-07-29 16:14:39.000,1.212400,1.212700,D
173418115,EUR/USD,2005-07-29 16:15:04.000,1.212500,1.212800,D
173418175,EUR/USD,2005-07-29 16:15:37.000,1.212400,1.212700,D
173418208,EUR/USD,2005-07-29 16:15:58.000,1.212500,1.212800,D
173418324,EUR/USD,2005-07-29 16:18:32.000,1.212600,1.212900,D
173418326,EUR/USD,2005-07-29 16:18:32.000,1.212700,1.213000,D
173418331,EUR/USD,2005-07-29 16:18:33.000,1.212800,1.213100,D
173418342,EUR/USD,2005-07-29 16:18:35.000,1.212700,1.213000,D
173418343,EUR/USD,2005-07-29 16:18:35.000,1.212600,1.212900,D
173418374,EUR/USD,2005-07-29 16:19:46.000,1.212700,1.213000,D
173418406,EUR/USD,2005-07-29 16:21:13.000,1.212600,1.212900,D
173418437,EUR/USD,2005-07-29 16:22:01.000,1.212700,1.213000,D
173418444,EUR/USD,2005-07-29 16:22:03.000,1.212600,1.212900,D
173418470,EUR/USD,2005-07-29 16:23:25.000,1.212500,1.212800,D
173418490,EUR/USD,2005-07-29 16:23:43.000,1.212600,1.212900,D
173418506,EUR/USD,2005-07-29 16:24:57.000,1.212700,1.213000,D
173418510,EUR/USD,2005-07-29 16:24:59.000,1.212600,1.212900,D
173418522,EUR/USD,2005-07-29 16:25:44.000,1.212700,1.213000,D
173418529,EUR/USD,2005-07-29 16:25:54.000,1.212600,1.212900,D
173418565,EUR/USD,2005-07-29 16:27:01.000,1.212700,1.213000,D
173418575,EUR/USD,2005-07-29 16:27:08.000,1.212600,1.212900,D
173418618,EUR/USD,2005-07-29 16:29:24.000,1.212700,1.213000,D
173418628,EUR/USD,2005-07-29 16:29:33.000,1.212600,1.212900,D
173418632,EUR/USD,2005-07-29 16:29:40.000,1.212700,1.213000,D
173418642,EUR/USD,2005-07-29 16:29:45.000,1.212600,1.212900,D
173418660,EUR/USD,2005-07-29 16:30:06.000,1.212700,1.213000,D
173418781,EUR/USD,2005-07-31 17:00:49.000,1.212300,1.212800,D
173418871,EUR/USD,2005-07-31 17:03:20.000,1.211900,1.212400,D
173418919,EUR/USD,2005-07-31 17:05:54.000,1.211800,1.212300,D
173418938,EUR/USD,2005-07-31 17:06:09.000,1.211900,1.212300,D
173418967,EUR/USD,2005-07-31 17:06:30.000,1.211900,1.212200,D
173418978,EUR/USD,2005-07-31 17:06:32.000,1.212000,1.212300,D
173419064,EUR/USD,2005-07-31 17:07:29.000,1.212100,1.212400,D
173419079,EUR/USD,2005-07-31 17:07:39.000,1.212000,1.212300,D
173419089,EUR/USD,2005-07-31 17:07:45.000,1.211900,1.212200,D
173419101,EUR/USD,2005-07-31 17:08:06.000,1.212000,1.212300,D
173419106,EUR/USD,2005-07-31 17:08:21.000,1.211900,1.212200,D
173419113,EUR/USD,2005-07-31 17:08:26.000,1.212000,1.212300,D
173419114,EUR/USD,2005-07-31 17:08:35.000,1.211900,1.212200,D
173419117,EUR/USD,2005-07-31 17:08:40.000,1.212000,1.212300,D
173419128,EUR/USD,2005-07-31 17:08:46.000,1.212100,1.212400,D
173419135,EUR/USD,2005-07-31 17:08:51.000,1.212000,1.212300,D
173419144,EUR/USD,2005-07-31 17:08:56.000,1.212100,1.212400,D
173419195,EUR/USD,2005-07-31 17:10:15.000,1.212200,1.212500,D
173419205,EUR/USD,2005-07-31 17:10:21.000,1.212100,1.212400,D
173419257,EUR/USD,2005-07-31 17:14:26.000,1.212200,1.212500,D
173419279,EUR/USD,2005-07-31 17:17:05.000,1.212100,1.212400,D
173419281,EUR/USD,2005-07-31 17:17:08.000,1.212200,1.212500,D
173419282,EUR/USD,2005-07-31 17:17:08.000,1.212100,1.212400,D
173419311,EUR/USD,2005-07-31 17:19:45.000,1.212200,1.212500,D
173419438,EUR/USD,2005-07-31 17:28:06.000,1.212300,1.212600,D
173419443,EUR/USD,2005-07-31 17:28:07.000,1.212200,1.212500,D
173419446,EUR/USD,2005-07-31 17:28:11.000,1.212300,1.212600,D
173419458,EUR/USD,2005-07-31 17:28:16.000,1.212400,1.212700,D
173419463,EUR/USD,2005-07-31 17:28:17.000,1.212600,1.212900,D
173419466,EUR/USD,2005-07-31 17:28:17.000,1.212400,1.212700,D
173419472,EUR/USD,2005-07-31 17:28:18.000,1.212300,1.212600,D
173419483,EUR/USD,2005-07-31 17:28:23.000,1.212400,1.212700,D
173419496,EUR/USD,2005-07-31 17:28:32.000,1.212300,1.212600,D
173419498,EUR/USD,2005-07-31 17:28:32.000,1.212200,1.212500,D
173419513,EUR/USD,2005-07-31 17:29:03.000,1.212100,1.212400,D
173419538,EUR/USD,2005-07-31 17:29:35.000,1.212200,1.212500,D
173419565,EUR/USD,2005-07-31 17:30:45.000,1.212100,1.212400,D
173419597,EUR/USD,2005-07-31 17:35:23.000,1.212200,1.212500,D
173419599,EUR/USD,2005-07-31 17:35:33.000,1.212100,1.212400,D
173419600,EUR/USD,2005-07-31 17:36:15.000,1.212200,1.212500,D
173419601,EUR/USD,2005-07-31 17:36:16.000,1.212100,1.212400,D
173419605,EUR/USD,2005-07-31 17:36:34.000,1.212200,1.212500,D
173419607,EUR/USD,2005-07-31 17:36:34.000,1.212300,1.212600,D
173419626,EUR/USD,2005-07-31 17:37:02.000,1.212400,1.212700,D
173419628,EUR/USD,2005-07-31 17:37:07.000,1.212500,1.212800,D
173419645,EUR/USD,2005-07-31 17:37:34.000,1.212400,1.212700,D
173419657,EUR/USD,2005-07-31 17:39:28.000,1.212300,1.212600,D
173419737,EUR/USD,2005-07-31 17:44:36.000,1.212200,1.212500,D
173419743,EUR/USD,2005-07-31 17:44:39.000,1.212300,1.212600,D
173419789,EUR/USD,2005-07-31 17:47:18.000,1.212400,1.212700,D
173419790,EUR/USD,2005-07-31 17:47:19.000,1.212300,1.212600,D
173419839,EUR/USD,2005-07-31 17:49:38.000,1.212200,1.212500,D
173419858,EUR/USD,2005-07-31 17:51:15.000,1.212100,1.212400,D
173419859,EUR/USD,2005-07-31 17:51:16.000,1.212200,1.212500,D
173419862,EUR/USD,2005-07-31 17:51:44.000,1.212100,1.212400,D
173419865,EUR/USD,2005-07-31 17:51:49.000,1.212200,1.212500,D
173419869,EUR/USD,2005-07-31 17:51:52.000,1.212300,1.212600,D
173419885,EUR/USD,2005-07-31 17:52:45.000,1.212400,1.212700,D
173419918,EUR/USD,2005-07-31 17:53:12.000,1.212300,1.212600,D
173419919,EUR/USD,2005-07-31 17:53:12.000,1.212400,1.212700,D
173419928,EUR/USD,2005-07-31 17:53:16.000,1.212500,1.212800,D
173419938,EUR/USD,2005-07-31 17:53:17.000,1.212600,1.212900,D
173419946,EUR/USD,2005-07-31 17:53:18.000,1.212800,1.213100,D
173419961,EUR/USD,2005-07-31 17:53:20.000,1.212700,1.213000,D
173419965,EUR/USD,2005-07-31 17:53:22.000,1.212500,1.212800,D
173419981,EUR/USD,2005-07-31 17:53:24.000,1.212700,1.213000,D
173419983,EUR/USD,2005-07-31 17:53:25.000,1.212900,1.213200,D
173420000,EUR/USD,2005-07-31 17:53:32.000,1.212800,1.213100,D
173420021,EUR/USD,2005-07-31 17:53:42.000,1.212700,1.213000,D
173420027,EUR/USD,2005-07-31 17:53:45.000,1.212600,1.212900,D
173420036,EUR/USD,2005-07-31 17:53:46.000,1.212500,1.212800,D
173420049,EUR/USD,2005-07-31 17:53:56.000,1.212600,1.212900,D
173420055,EUR/USD,2005-07-31 17:54:05.000,1.212500,1.212800,D
173420057,EUR/USD,2005-07-31 17:54:06.000,1.212600,1.212900,D
173420065,EUR/USD,2005-07-31 17:54:12.000,1.212500,1.212800,D
173420070,EUR/USD,2005-07-31 17:54:14.000,1.212600,1.212900,D
173420072,EUR/USD,2005-07-31 17:54:15.000,1.212500,1.212800,D
173420076,EUR/USD,2005-07-31 17:54:21.000,1.212600,1.212900,D
173420086,EUR/USD,2005-07-31 17:55:06.000,1.212500,1.212800,D
173420089,EUR/USD,2005-07-31 17:55:07.000,1.212400,1.212700,D
173420097,EUR/USD,2005-07-31 17:55:11.000,1.212500,1.212800,D
173420136,EUR/USD,2005-07-31 17:55:39.000,1.212400,1.212700,D
173420171,EUR/USD,2005-07-31 17:56:25.000,1.212500,1.212800,D
173420173,EUR/USD,2005-07-31 17:56:25.000,1.212300,1.212600,D
173420181,EUR/USD,2005-07-31 17:56:30.000,1.212400,1.212700,D
173420248,EUR/USD,2005-07-31 17:57:21.000,1.212300,1.212600,D
173420319,EUR/USD,2005-07-31 17:59:59.000,1.212200,1.212500,D
173420496,EUR/USD,2005-07-31 18:01:00.000,1.212100,1.212400,D
173420511,EUR/USD,2005-07-31 18:01:09.000,1.212200,1.212500,D
173420526,EUR/USD,2005-07-31 18:01:12.000,1.212100,1.212400,D
173420542,EUR/USD,2005-07-31 18:01:14.000,1.212200,1.212500,D
173420581,EUR/USD,2005-07-31 18:01:37.000,1.212100,1.212400,D
173420586,EUR/USD,2005-07-31 18:01:38.000,1.212200,1.212500,D
173420620,EUR/USD,2005-07-31 18:02:12.000,1.212300,1.212600,D
173420621,EUR/USD,2005-07-31 18:02:13.000,1.212200,1.212500,D
173420701,EUR/USD,2005-07-31 18:03:43.000,1.212100,1.212400,D
173420702,EUR/USD,2005-07-31 18:03:46.000,1.212200,1.212500,D
173420736,EUR/USD,2005-07-31 18:05:35.000,1.212300,1.212600,D
173420751,EUR/USD,2005-07-31 18:05:39.000,1.212200,1.212500,D
173420755,EUR/USD,2005-07-31 18:05:43.000,1.212300,1.212600,D
173420771,EUR/USD,2005-07-31 18:05:53.000,1.212200,1.212500,D
173420785,EUR/USD,2005-07-31 18:05:54.000,1.212300,1.212600,D
173420827,EUR/USD,2005-07-31 18:07:19.000,1.212200,1.212500,D
173420868,EUR/USD,2005-07-31 18:08:59.000,1.212300,1.212600,D
173420881,EUR/USD,2005-07-31 18:09:19.000,1.212200,1.212500,D
173420918,EUR/USD,2005-07-31 18:11:03.000,1.212300,1.212600,D
173420949,EUR/USD,2005-07-31 18:11:25.000,1.212200,1.212500,D
173420952,EUR/USD,2005-07-31 18:11:32.000,1.212300,1.212600,D
173420963,EUR/USD,2005-07-31 18:11:46.000,1.212400,1.212700,D
173420968,EUR/USD,2005-07-31 18:11:49.000,1.212300,1.212600,D
173420980,EUR/USD,2005-07-31 18:12:25.000,1.212200,1.212500,D
173421031,EUR/USD,2005-07-31 18:13:41.000,1.212300,1.212600,D
173421032,EUR/USD,2005-07-31 18:13:41.000,1.212200,1.212500,D
173421043,EUR/USD,2005-07-31 18:13:55.000,1.212100,1.212400,D
173421109,EUR/USD,2005-07-31 18:14:22.000,1.212200,1.212500,D
173421143,EUR/USD,2005-07-31 18:14:28.000,1.212300,1.212600,D
173421148,EUR/USD,2005-07-31 18:14:29.000,1.212200,1.212500,D
173421162,EUR/USD,2005-07-31 18:14:34.000,1.212300,1.212600,D
173421163,EUR/USD,2005-07-31 18:14:34.000,1.212200,1.212500,D
173421293,EUR/USD,2005-07-31 18:15:37.000,1.212300,1.212600,D
173421295,EUR/USD,2005-07-31 18:15:37.000,1.212200,1.212500,D
173421318,EUR/USD,2005-07-31 18:15:47.000,1.212300,1.212600,D
173421364,EUR/USD,2005-07-31 18:16:31.000,1.212200,1.212500,D
173421407,EUR/USD,2005-07-31 18:16:56.000,1.212300,1.212600,D
173421421,EUR/USD,2005-07-31 18:17:00.000,1.212200,1.212500,D
173421452,EUR/USD,2005-07-31 18:17:49.000,1.212100,1.212400,D
173421506,EUR/USD,2005-07-31 18:18:46.000,1.212200,1.212500,D
173421535,EUR/USD,2005-07-31 18:19:09.000,1.212100,1.212400,D
173421547,EUR/USD,2005-07-31 18:19:17.000,1.212200,1.212500,D
173421604,EUR/USD,2005-07-31 18:21:09.000,1.212300,1.212600,D
173421610,EUR/USD,2005-07-31 18:21:10.000,1.212400,1.212700,D
173421612,EUR/USD,2005-07-31 18:21:11.000,1.212300,1.212600,D
173421618,EUR/USD,2005-07-31 18:21:20.000,1.212200,1.212500,D
173421673,EUR/USD,2005-07-31 18:23:33.000,1.212100,1.212400,D
173421678,EUR/USD,2005-07-31 18:23:42.000,1.212200,1.212500,D
173421689,EUR/USD,2005-07-31 18:23:52.000,1.212100,1.212400,D
173421710,EUR/USD,2005-07-31 18:24:18.000,1.212200,1.212500,D
173421734,EUR/USD,2005-07-31 18:24:35.000,1.212100,1.212400,D
173421762,EUR/USD,2005-07-31 18:26:13.000,1.212000,1.212300,D
173421767,EUR/USD,2005-07-31 18:26:25.000,1.212100,1.212400,D
173421774,EUR/USD,2005-07-31 18:26:30.000,1.212000,1.212300,D
173421853,EUR/USD,2005-07-31 18:27:26.000,1.211900,1.212200,D
173421855,EUR/USD,2005-07-31 18:27:27.000,1.212000,1.212300,D
173421868,EUR/USD,2005-07-31 18:27:35.000,1.212100,1.212400,D
173421869,EUR/USD,2005-07-31 18:27:36.000,1.212000,1.212300,D
173421878,EUR/USD,2005-07-31 18:27:48.000,1.212100,1.212400,D
173421879,EUR/USD,2005-07-31 18:27:51.000,1.212000,1.212300,D
173421890,EUR/USD,2005-07-31 18:28:01.000,1.211900,1.212200,D
173421942,EUR/USD,2005-07-31 18:29:22.000,1.211800,1.212100,D
173421950,EUR/USD,2005-07-31 18:29:23.000,1.211900,1.212200,D
173421966,EUR/USD,2005-07-31 18:30:13.000,1.212000,1.212300,D
173421986,EUR/USD,2005-07-31 18:31:44.000,1.211900,1.212200,D
173421988,EUR/USD,2005-07-31 18:31:45.000,1.211800,1.212100,D
173422004,EUR/USD,2005-07-31 18:31:53.000,1.211900,1.212200,D
173422048,EUR/USD,2005-07-31 18:32:31.000,1.212000,1.212300,D
173422061,EUR/USD,2005-07-31 18:32:42.000,1.212100,1.212400,D
173422062,EUR/USD,2005-07-31 18:32:43.000,1.212000,1.212300,D
173422207,EUR/USD,2005-07-31 18:34:40.000,1.212100,1.212400,D
173422216,EUR/USD,2005-07-31 18:34:42.000,1.212000,1.212300,D
173422230,EUR/USD,2005-07-31 18:34:55.000,1.212100,1.212400,D
173422235,EUR/USD,2005-07-31 18:35:12.000,1.212000,1.212300,D
173422248,EUR/USD,2005-07-31 18:36:17.000,1.211900,1.212200,D
173422249,EUR/USD,2005-07-31 18:36:18.000,1.212000,1.212300,D
173422264,EUR/USD,2005-07-31 18:36:41.000,1.212100,1.212400,D
173422274,EUR/USD,2005-07-31 18:36:58.000,1.212000,1.212300,D
173422280,EUR/USD,2005-07-31 18:37:57.000,1.212100,1.212400,D
173422294,EUR/USD,2005-07-31 18:38:46.000,1.212000,1.212300,D
173422297,EUR/USD,2005-07-31 18:38:48.000,1.212100,1.212400,D
173422310,EUR/USD,2005-07-31 18:39:44.000,1.212200,1.212500,D
173422330,EUR/USD,2005-07-31 18:40:05.000,1.212300,1.212600,D
173422331,EUR/USD,2005-07-31 18:40:06.000,1.212200,1.212500,D
173422332,EUR/USD,2005-07-31 18:40:08.000,1.212100,1.212400,D
173422339,EUR/USD,2005-07-31 18:40:32.000,1.212200,1.212500,D
173422345,EUR/USD,2005-07-31 18:40:39.000,1.212100,1.212400,D
173422374,EUR/USD,2005-07-31 18:42:00.000,1.212200,1.212500,D
173422382,EUR/USD,2005-07-31 18:42:07.000,1.212100,1.212400,D
173422397,EUR/USD,2005-07-31 18:42:09.000,1.212200,1.212500,D
173422408,EUR/USD,2005-07-31 18:42:19.000,1.212100,1.212400,D
173422438,EUR/USD,2005-07-31 18:42:40.000,1.212200,1.212500,D
173422459,EUR/USD,2005-07-31 18:43:56.000,1.212300,1.212600,D
173422460,EUR/USD,2005-07-31 18:44:02.000,1.212200,1.212500,D
173422513,EUR/USD,2005-07-31 18:45:41.000,1.212100,1.212400,D
173422542,EUR/USD,2005-07-31 18:47:06.000,1.212200,1.212500,D
173422581,EUR/USD,2005-07-31 18:48:31.000,1.212300,1.212600,D
173422704,EUR/USD,2005-07-31 18:52:54.000,1.212200,1.212500,D
173422735,EUR/USD,2005-07-31 18:53:09.000,1.212300,1.212600,D
173422755,EUR/USD,2005-07-31 18:53:21.000,1.212200,1.212500,D
173422757,EUR/USD,2005-07-31 18:53:22.000,1.212100,1.212400,D
173422784,EUR/USD,2005-07-31 18:53:27.000,1.212200,1.212500,D
173422795,EUR/USD,2005-07-31 18:53:29.000,1.212300,1.212600,D
173422805,EUR/USD,2005-07-31 18:53:30.000,1.212100,1.212400,D
173422880,EUR/USD,2005-07-31 18:54:17.000,1.212200,1.212500,D
173422883,EUR/USD,2005-07-31 18:54:18.000,1.212500,1.212700,D
173422894,EUR/USD,2005-07-31 18:54:19.000,1.212600,1.212900,D
173422898,EUR/USD,2005-07-31 18:54:20.000,1.212400,1.212700,D
173422909,EUR/USD,2005-07-31 18:54:20.000,1.212300,1.212600,D
173422926,EUR/USD,2005-07-31 18:54:26.000,1.212200,1.212500,D
173422929,EUR/USD,2005-07-31 18:54:26.000,1.212100,1.212400,D
173422944,EUR/USD,2005-07-31 18:54:31.000,1.212000,1.212300,D
173422951,EUR/USD,2005-07-31 18:54:34.000,1.212100,1.212400,D
173422976,EUR/USD,2005-07-31 18:54:55.000,1.212200,1.212500,D
173422984,EUR/USD,2005-07-31 18:54:56.000,1.212300,1.212600,D
173422990,EUR/USD,2005-07-31 18:54:57.000,1.212400,1.212700,D
173423001,EUR/USD,2005-07-31 18:54:59.000,1.212300,1.212600,D
173423003,EUR/USD,2005-07-31 18:55:00.000,1.212200,1.212500,D
173423015,EUR/USD,2005-07-31 18:55:02.000,1.212300,1.212600,D
173423058,EUR/USD,2005-07-31 18:55:48.000,1.212200,1.212500,D
173423065,EUR/USD,2005-07-31 18:55:50.000,1.212300,1.212600,D
173423077,EUR/USD,2005-07-31 18:56:07.000,1.212200,1.212500,D
173423094,EUR/USD,2005-07-31 18:56:30.000,1.212100,1.212400,D
173423110,EUR/USD,2005-07-31 18:56:43.000,1.212200,1.212500,D
173423149,EUR/USD,2005-07-31 18:57:30.000,1.212300,1.212600,D
173423152,EUR/USD,2005-07-31 18:57:32.000,1.212200,1.212500,D
173423188,EUR/USD,2005-07-31 18:58:51.000,1.212100,1.212400,D
173423229,EUR/USD,2005-07-31 18:59:39.000,1.212000,1.212300,D
173423249,EUR/USD,2005-07-31 18:59:46.000,1.212100,1.212400,D
173423262,EUR/USD,2005-07-31 18:59:50.000,1.212000,1.212300,D
173423270,EUR/USD,2005-07-31 19:00:04.000,1.212100,1.212400,D
173423281,EUR/USD,2005-07-31 19:00:09.000,1.212000,1.212300,D
173423320,EUR/USD,2005-07-31 19:00:28.000,1.211900,1.212200,D
173423334,EUR/USD,2005-07-31 19:00:35.000,1.211800,1.212100,D
173423341,EUR/USD,2005-07-31 19:00:37.000,1.211900,1.212200,D
173423343,EUR/USD,2005-07-31 19:00:38.000,1.212000,1.212300,D
173423354,EUR/USD,2005-07-31 19:00:39.000,1.211900,1.212200,D
173423358,EUR/USD,2005-07-31 19:00:40.000,1.212000,1.212300,D
173423367,EUR/USD,2005-07-31 19:00:45.000,1.211900,1.212200,D
173423407,EUR/USD,2005-07-31 19:01:36.000,1.212000,1.212300,D
173423483,EUR/USD,2005-07-31 19:03:06.000,1.212100,1.212400,D
173423534,EUR/USD,2005-07-31 19:05:13.000,1.212200,1.212500,D
173423557,EUR/USD,2005-07-31 19:05:51.000,1.212300,1.212600,D
173423606,EUR/USD,2005-07-31 19:06:32.000,1.212200,1.212500,D
173423607,EUR/USD,2005-07-31 19:06:32.000,1.212100,1.212400,D
173423609,EUR/USD,2005-07-31 19:06:33.000,1.212200,1.212500,D
173423630,EUR/USD,2005-07-31 19:06:40.000,1.212300,1.212600,D
173423653,EUR/USD,2005-07-31 19:07:36.000,1.212200,1.212500,D
173423664,EUR/USD,2005-07-31 19:07:56.000,1.212300,1.212600,D
173423722,EUR/USD,2005-07-31 19:08:52.000,1.212400,1.212700,D
173423735,EUR/USD,2005-07-31 19:09:00.000,1.212300,1.212600,D
173423918,EUR/USD,2005-07-31 19:12:51.000,1.212200,1.212500,D
173423920,EUR/USD,2005-07-31 19:12:51.000,1.212300,1.212600,D
173423956,EUR/USD,2005-07-31 19:13:25.000,1.212200,1.212500,D
173423958,EUR/USD,2005-07-31 19:13:25.000,1.212300,1.212600,D
173423983,EUR/USD,2005-07-31 19:13:33.000,1.212400,1.212700,D
173423991,EUR/USD,2005-07-31 19:13:34.000,1.212500,1.212800,D
173423997,EUR/USD,2005-07-31 19:13:35.000,1.212400,1.212700,D
173424006,EUR/USD,2005-07-31 19:13:36.000,1.212300,1.212600,D
173424018,EUR/USD,2005-07-31 19:13:41.000,1.212400,1.212700,D
173424027,EUR/USD,2005-07-31 19:13:43.000,1.212300,1.212600,D
173424089,EUR/USD,2005-07-31 19:14:18.000,1.212200,1.212500,D
173424108,EUR/USD,2005-07-31 19:14:22.000,1.212300,1.212600,D
173424155,EUR/USD,2005-07-31 19:14:56.000,1.212200,1.212500,D
173424188,EUR/USD,2005-07-31 19:16:04.000,1.212100,1.212400,D
173424224,EUR/USD,2005-07-31 19:16:24.000,1.212000,1.212300,D
173424233,EUR/USD,2005-07-31 19:16:27.000,1.212100,1.212400,D
173424236,EUR/USD,2005-07-31 19:16:29.000,1.212000,1.212300,D
173424271,EUR/USD,2005-07-31 19:16:45.000,1.212100,1.212400,D
173424273,EUR/USD,2005-07-31 19:16:46.000,1.212200,1.212500,D
173424279,EUR/USD,2005-07-31 19:16:48.000,1.212100,1.212400,D
173424292,EUR/USD,2005-07-31 19:16:55.000,1.212000,1.212300,D
173424299,EUR/USD,2005-07-31 19:16:59.000,1.212100,1.212400,D
173424305,EUR/USD,2005-07-31 19:17:00.000,1.212000,1.212300,D
173424371,EUR/USD,2005-07-31 19:17:51.000,1.212100,1.212400,D
173424376,EUR/USD,2005-07-31 19:17:55.000,1.212000,1.212300,D
173424383,EUR/USD,2005-07-31 19:17:58.000,1.211900,1.212200,D
173424394,EUR/USD,2005-07-31 19:18:36.000,1.212000,1.212300,D
173424395,EUR/USD,2005-07-31 19:18:36.000,1.211900,1.212200,D
173424502,EUR/USD,2005-07-31 19:20:31.000,1.212000,1.212300,D
173424504,EUR/USD,2005-07-31 19:20:31.000,1.211900,1.212200,D
173424520,EUR/USD,2005-07-31 19:20:40.000,1.211800,1.212100,D
173424521,EUR/USD,2005-07-31 19:20:47.000,1.211900,1.212200,D
173424534,EUR/USD,2005-07-31 19:21:00.000,1.212000,1.212300,D
173424536,EUR/USD,2005-07-31 19:21:01.000,1.211900,1.212200,D
173424565,EUR/USD,2005-07-31 19:21:41.000,1.212000,1.212300,D
173424644,EUR/USD,2005-07-31 19:24:25.000,1.211900,1.212200,D
173424648,EUR/USD,2005-07-31 19:24:29.000,1.212000,1.212300,D
173424655,EUR/USD,2005-07-31 19:24:35.000,1.212100,1.212400,D
173424659,EUR/USD,2005-07-31 19:24:38.000,1.212000,1.212300,D
173424662,EUR/USD,2005-07-31 19:24:40.000,1.212100,1.212400,D
173424692,EUR/USD,2005-07-31 19:25:11.000,1.212200,1.212500,D
173424714,EUR/USD,2005-07-31 19:25:38.000,1.212100,1.212400,D
173424732,EUR/USD,2005-07-31 19:26:20.000,1.212200,1.212500,D
173424737,EUR/USD,2005-07-31 19:26:27.000,1.212100,1.212400,D
173424748,EUR/USD,2005-07-31 19:26:32.000,1.212200,1.212500,D
173424752,EUR/USD,2005-07-31 19:26:35.000,1.212100,1.212400,D
173424761,EUR/USD,2005-07-31 19:26:39.000,1.212200,1.212500,D
173424769,EUR/USD,2005-07-31 19:26:43.000,1.212100,1.212400,D
173424790,EUR/USD,2005-07-31 19:26:59.000,1.212000,1.212300,D
173424815,EUR/USD,2005-07-31 19:27:06.000,1.212100,1.212400,D
173424825,EUR/USD,2005-07-31 19:27:08.000,1.212000,1.212300,D
173424900,EUR/USD,2005-07-31 19:29:29.000,1.212100,1.212400,D
173424915,EUR/USD,2005-07-31 19:30:58.000,1.212000,1.212300,D
173424958,EUR/USD,2005-07-31 19:32:20.000,1.212100,1.212400,D
173424998,EUR/USD,2005-07-31 19:33:10.000,1.212200,1.212500,D
173425002,EUR/USD,2005-07-31 19:33:13.000,1.212100,1.212400,D
173425046,EUR/USD,2005-07-31 19:33:40.000,1.212000,1.212300,D
173425051,EUR/USD,2005-07-31 19:33:44.000,1.212100,1.212400,D
173425095,EUR/USD,2005-07-31 19:34:12.000,1.212200,1.212500,D
173425100,EUR/USD,2005-07-31 19:34:14.000,1.212100,1.212400,D
173425110,EUR/USD,2005-07-31 19:34:21.000,1.212200,1.212500,D
173425156,EUR/USD,2005-07-31 19:34:40.000,1.212300,1.212600,D
173425158,EUR/USD,2005-07-31 19:34:41.000,1.212200,1.212500,D
173425164,EUR/USD,2005-07-31 19:34:44.000,1.212300,1.212600,D
173425214,EUR/USD,2005-07-31 19:35:17.000,1.212400,1.212700,D
173425268,EUR/USD,2005-07-31 19:36:04.000,1.212300,1.212600,D
173425290,EUR/USD,2005-07-31 19:36:43.000,1.212400,1.212700,D
173425293,EUR/USD,2005-07-31 19:36:50.000,1.212300,1.212600,D
173425299,EUR/USD,2005-07-31 19:36:52.000,1.212400,1.212700,D
173425303,EUR/USD,2005-07-31 19:36:54.000,1.212300,1.212600,D
173425307,EUR/USD,2005-07-31 19:36:54.000,1.212400,1.212700,D
173425311,EUR/USD,2005-07-31 19:36:56.000,1.212300,1.212600,D
173425314,EUR/USD,2005-07-31 19:37:00.000,1.212400,1.212700,D
173425317,EUR/USD,2005-07-31 19:37:01.000,1.212300,1.212600,D
173425319,EUR/USD,2005-07-31 19:37:03.000,1.212400,1.212700,D
173425321,EUR/USD,2005-07-31 19:37:04.000,1.212300,1.212600,D
173425324,EUR/USD,2005-07-31 19:37:06.000,1.212400,1.212700,D
173425325,EUR/USD,2005-07-31 19:37:09.000,1.212300,1.212600,D
173425338,EUR/USD,2005-07-31 19:37:28.000,1.212200,1.212500,D
173425340,EUR/USD,2005-07-31 19:37:32.000,1.212300,1.212600,D
173425346,EUR/USD,2005-07-31 19:37:35.000,1.212200,1.212500,D
173425352,EUR/USD,2005-07-31 19:37:42.000,1.212300,1.212600,D
173425400,EUR/USD,2005-07-31 19:39:29.000,1.212400,1.212700,D
173425404,EUR/USD,2005-07-31 19:39:32.000,1.212300,1.212600,D
173425409,EUR/USD,2005-07-31 19:39:36.000,1.212400,1.212700,D
173425447,EUR/USD,2005-07-31 19:41:13.000,1.212300,1.212600,D
173425452,EUR/USD,2005-07-31 19:41:18.000,1.212400,1.212700,D
173425457,EUR/USD,2005-07-31 19:41:47.000,1.212300,1.212600,D
173425515,EUR/USD,2005-07-31 19:44:17.000,1.212400,1.212700,D
173425519,EUR/USD,2005-07-31 19:44:27.000,1.212500,1.212800,D
173425522,EUR/USD,2005-07-31 19:44:29.000,1.212400,1.212700,D
173425524,EUR/USD,2005-07-31 19:44:30.000,1.212500,1.212800,D
173425527,EUR/USD,2005-07-31 19:44:31.000,1.212400,1.212700,D
173425532,EUR/USD,2005-07-31 19:44:37.000,1.212300,1.212600,D
173425536,EUR/USD,2005-07-31 19:44:38.000,1.212400,1.212700,D
173425541,EUR/USD,2005-07-31 19:44:38.000,1.212500,1.212800,D
173425553,EUR/USD,2005-07-31 19:44:59.000,1.212400,1.212700,D
173425559,EUR/USD,2005-07-31 19:45:06.000,1.212500,1.212800,D
173425590,EUR/USD,2005-07-31 19:45:44.000,1.212400,1.212700,D
173425597,EUR/USD,2005-07-31 19:45:51.000,1.212300,1.212600,D
173425605,EUR/USD,2005-07-31 19:45:57.000,1.212400,1.212700,D
173425611,EUR/USD,2005-07-31 19:45:59.000,1.212500,1.212800,D
173425857,EUR/USD,2005-07-31 19:51:16.000,1.212400,1.212700,D
173425858,EUR/USD,2005-07-31 19:51:28.000,1.212500,1.212800,D
173425908,EUR/USD,2005-07-31 19:54:04.000,1.212400,1.212700,D
173425916,EUR/USD,2005-07-31 19:54:10.000,1.212500,1.212800,D
173425932,EUR/USD,2005-07-31 19:54:27.000,1.212400,1.212700,D
173425944,EUR/USD,2005-07-31 19:54:44.000,1.212500,1.212800,D
173425958,EUR/USD,2005-07-31 19:54:56.000,1.212400,1.212700,D
173425960,EUR/USD,2005-07-31 19:55:02.000,1.212500,1.212800,D
173426008,EUR/USD,2005-07-31 19:55:37.000,1.212400,1.212700,D
173426018,EUR/USD,2005-07-31 19:55:38.000,1.212500,1.212800,D
173426129,EUR/USD,2005-07-31 19:58:54.000,1.212400,1.212700,D
173426130,EUR/USD,2005-07-31 19:58:58.000,1.212500,1.212800,D
173426156,EUR/USD,2005-07-31 19:59:39.000,1.212400,1.212700,D
173426162,EUR/USD,2005-07-31 19:59:49.000,1.212500,1.212800,D
173426163,EUR/USD,2005-07-31 19:59:53.000,1.212400,1.212700,D
173426165,EUR/USD,2005-07-31 19:59:53.000,1.212300,1.212600,D
173426200,EUR/USD,2005-07-31 20:00:54.000,1.212400,1.212700,D
173426216,EUR/USD,2005-07-31 20:00:58.000,1.212300,1.212600,D
173426223,EUR/USD,2005-07-31 20:00:59.000,1.212400,1.212700,D
173426232,EUR/USD,2005-07-31 20:01:00.000,1.212500,1.212800,D
173426233,EUR/USD,2005-07-31 20:01:01.000,1.212600,1.212900,D
173426239,EUR/USD,2005-07-31 20:01:05.000,1.212500,1.212800,D
173426269,EUR/USD,2005-07-31 20:01:10.000,1.212700,1.213000,D
173426290,EUR/USD,2005-07-31 20:01:12.000,1.212600,1.212900,D
173426294,EUR/USD,2005-07-31 20:01:13.000,1.212700,1.213000,D
173426337,EUR/USD,2005-07-31 20:01:46.000,1.212800,1.213100,D
173426338,EUR/USD,2005-07-31 20:01:46.000,1.213000,1.213300,D
173426340,EUR/USD,2005-07-31 20:01:46.000,1.212700,1.213000,D
173426350,EUR/USD,2005-07-31 20:01:52.000,1.212800,1.213100,D
173426351,EUR/USD,2005-07-31 20:01:52.000,1.212900,1.213200,D
173426352,EUR/USD,2005-07-31 20:01:52.000,1.213000,1.213300,D
173426355,EUR/USD,2005-07-31 20:01:54.000,1.212900,1.213200,D
173426356,EUR/USD,2005-07-31 20:01:55.000,1.212800,1.213100,D
173426363,EUR/USD,2005-07-31 20:02:02.000,1.212700,1.213000,D
173426365,EUR/USD,2005-07-31 20:02:03.000,1.212800,1.213100,D
173426367,EUR/USD,2005-07-31 20:02:04.000,1.212700,1.213000,D
173426373,EUR/USD,2005-07-31 20:02:07.000,1.212600,1.212900,D
173426445,EUR/USD,2005-07-31 20:04:14.000,1.212700,1.213000,D
173426446,EUR/USD,2005-07-31 20:04:15.000,1.212800,1.213100,D
173426481,EUR/USD,2005-07-31 20:04:50.000,1.212900,1.213200,D
173426520,EUR/USD,2005-07-31 20:05:06.000,1.212800,1.213100,D
173426593,EUR/USD,2005-07-31 20:06:24.000,1.212900,1.213200,D
173426625,EUR/USD,2005-07-31 20:06:49.000,1.212800,1.213100,D
173426630,EUR/USD,2005-07-31 20:06:51.000,1.212900,1.213200,D
173426682,EUR/USD,2005-07-31 20:07:17.000,1.212800,1.213100,D
173426689,EUR/USD,2005-07-31 20:07:18.000,1.212900,1.213200,D
173426702,EUR/USD,2005-07-31 20:07:31.000,1.212800,1.213100,D
173426708,EUR/USD,2005-07-31 20:07:33.000,1.212900,1.213200,D
173426720,EUR/USD,2005-07-31 20:07:37.000,1.212800,1.213100,D
173426724,EUR/USD,2005-07-31 20:07:39.000,1.212900,1.213200,D
173426766,EUR/USD,2005-07-31 20:08:25.000,1.213000,1.213300,D
173426778,EUR/USD,2005-07-31 20:08:29.000,1.212900,1.213200,D
173426789,EUR/USD,2005-07-31 20:08:37.000,1.213000,1.213300,D
173426793,EUR/USD,2005-07-31 20:08:39.000,1.212900,1.213200,D
173426829,EUR/USD,2005-07-31 20:08:54.000,1.212800,1.213100,D
173426836,EUR/USD,2005-07-31 20:08:57.000,1.212900,1.213200,D
173426864,EUR/USD,2005-07-31 20:09:39.000,1.212800,1.213100,D
173426869,EUR/USD,2005-07-31 20:09:39.000,1.212900,1.213200,D
173426877,EUR/USD,2005-07-31 20:09:44.000,1.212800,1.213100,D
173426935,EUR/USD,2005-07-31 20:10:49.000,1.212900,1.213200,D
173426969,EUR/USD,2005-07-31 20:11:00.000,1.212800,1.213100,D
173426993,EUR/USD,2005-07-31 20:11:10.000,1.212900,1.213200,D
173427209,EUR/USD,2005-07-31 20:14:06.000,1.212800,1.213100,D
173427253,EUR/USD,2005-07-31 20:15:15.000,1.212900,1.213200,D
173427256,EUR/USD,2005-07-31 20:15:16.000,1.212800,1.213100,D
173427263,EUR/USD,2005-07-31 20:15:18.000,1.212900,1.213200,D
173427275,EUR/USD,2005-07-31 20:15:26.000,1.212800,1.213100,D
173427279,EUR/USD,2005-07-31 20:15:27.000,1.212900,1.213200,D
173427284,EUR/USD,2005-07-31 20:15:30.000,1.212800,1.213100,D
173427294,EUR/USD,2005-07-31 20:15:37.000,1.212900,1.213200,D
173427299,EUR/USD,2005-07-31 20:15:38.000,1.212800,1.213100,D
173427324,EUR/USD,2005-07-31 20:16:59.000,1.212900,1.213200,D
173427337,EUR/USD,2005-07-31 20:17:09.000,1.212800,1.213100,D
173427488,EUR/USD,2005-07-31 20:20:04.000,1.212900,1.213200,D
173427497,EUR/USD,2005-07-31 20:20:14.000,1.213000,1.213300,D
173427506,EUR/USD,2005-07-31 20:20:15.000,1.213100,1.213400,D
173427507,EUR/USD,2005-07-31 20:20:16.000,1.213200,1.213500,D
173427512,EUR/USD,2005-07-31 20:20:16.000,1.213100,1.213400,D
173427514,EUR/USD,2005-07-31 20:20:17.000,1.213000,1.213300,D
173427520,EUR/USD,2005-07-31 20:20:17.000,1.213100,1.213400,D
173427525,EUR/USD,2005-07-31 20:20:18.000,1.213200,1.213500,D
173427527,EUR/USD,2005-07-31 20:20:18.000,1.213300,1.213600,D
173427557,EUR/USD,2005-07-31 20:20:22.000,1.213200,1.213500,D
173427559,EUR/USD,2005-07-31 20:20:23.000,1.213300,1.213600,D
173427587,EUR/USD,2005-07-31 20:20:25.000,1.213200,1.213500,D
173427613,EUR/USD,2005-07-31 20:20:31.000,1.213100,1.213400,D
173427626,EUR/USD,2005-07-31 20:20:36.000,1.213200,1.213500,D
173427628,EUR/USD,2005-07-31 20:20:36.000,1.213300,1.213600,D
173427634,EUR/USD,2005-07-31 20:20:37.000,1.213200,1.213500,D
173427636,EUR/USD,2005-07-31 20:20:37.000,1.213100,1.213400,D
173427642,EUR/USD,2005-07-31 20:20:38.000,1.213200,1.213500,D
173427643,EUR/USD,2005-07-31 20:20:39.000,1.213300,1.213600,D
173427654,EUR/USD,2005-07-31 20:20:41.000,1.213200,1.213500,D
173427660,EUR/USD,2005-07-31 20:20:44.000,1.213300,1.213600,D
173427767,EUR/USD,2005-07-31 20:21:34.000,1.213400,1.213700,D
173427770,EUR/USD,2005-07-31 20:21:36.000,1.213300,1.213600,D
173427807,EUR/USD,2005-07-31 20:21:53.000,1.213400,1.213700,D
173427884,EUR/USD,2005-07-31 20:22:32.000,1.213300,1.213600,D
173427892,EUR/USD,2005-07-31 20:22:37.000,1.213400,1.213700,D
173427946,EUR/USD,2005-07-31 20:22:58.000,1.213300,1.213600,D
173427959,EUR/USD,2005-07-31 20:23:04.000,1.213400,1.213700,D
173427999,EUR/USD,2005-07-31 20:23:26.000,1.213300,1.213600,D
173428051,EUR/USD,2005-07-31 20:23:49.000,1.213400,1.213700,D
173428057,EUR/USD,2005-07-31 20:23:50.000,1.213300,1.213600,D
173428063,EUR/USD,2005-07-31 20:23:52.000,1.213400,1.213700,D
173428079,EUR/USD,2005-07-31 20:24:03.000,1.213500,1.213800,D
173428125,EUR/USD,2005-07-31 20:24:19.000,1.213400,1.213700,D
173428133,EUR/USD,2005-07-31 20:24:21.000,1.213500,1.213800,D
173428150,EUR/USD,2005-07-31 20:24:30.000,1.213400,1.213700,D
173428153,EUR/USD,2005-07-31 20:24:33.000,1.213500,1.213800,D
173428189,EUR/USD,2005-07-31 20:24:51.000,1.213400,1.213700,D
173428203,EUR/USD,2005-07-31 20:24:53.000,1.213500,1.213800,D
173428255,EUR/USD,2005-07-31 20:25:43.000,1.213400,1.213700,D
173428268,EUR/USD,2005-07-31 20:25:48.000,1.213500,1.213800,D
173428288,EUR/USD,2005-07-31 20:25:58.000,1.213400,1.213700,D
173428297,EUR/USD,2005-07-31 20:26:03.000,1.213500,1.213800,D
173428304,EUR/USD,2005-07-31 20:26:05.000,1.213400,1.213700,D
173428337,EUR/USD,2005-07-31 20:26:39.000,1.213300,1.213600,D
173428342,EUR/USD,2005-07-31 20:26:42.000,1.213400,1.213700,D
173428385,EUR/USD,2005-07-31 20:27:11.000,1.213300,1.213600,D
173428392,EUR/USD,2005-07-31 20:27:16.000,1.213400,1.213700,D
173428466,EUR/USD,2005-07-31 20:28:30.000,1.213500,1.213800,D
173428476,EUR/USD,2005-07-31 20:28:33.000,1.213400,1.213700,D
173428490,EUR/USD,2005-07-31 20:28:38.000,1.213500,1.213800,D
173428508,EUR/USD,2005-07-31 20:28:58.000,1.213600,1.213900,D
173428509,EUR/USD,2005-07-31 20:28:59.000,1.213700,1.214000,D
173428510,EUR/USD,2005-07-31 20:28:59.000,1.213600,1.213900,D
173428511,EUR/USD,2005-07-31 20:29:05.000,1.213500,1.213800,D
173428515,EUR/USD,2005-07-31 20:29:16.000,1.213600,1.213900,D
173428525,EUR/USD,2005-07-31 20:29:41.000,1.213500,1.213800,D
173428536,EUR/USD,2005-07-31 20:29:43.000,1.213600,1.213900,D
173428541,EUR/USD,2005-07-31 20:29:45.000,1.213500,1.213800,D
173428594,EUR/USD,2005-07-31 20:30:16.000,1.213600,1.213900,D
173428601,EUR/USD,2005-07-31 20:30:22.000,1.213500,1.213800,D
173428604,EUR/USD,2005-07-31 20:30:22.000,1.213600,1.213900,D
173428619,EUR/USD,2005-07-31 20:30:30.000,1.213500,1.213800,D
173428642,EUR/USD,2005-07-31 20:31:55.000,1.213600,1.213900,D
173428693,EUR/USD,2005-07-31 20:32:45.000,1.213700,1.214000,D
173428694,EUR/USD,2005-07-31 20:32:48.000,1.213800,1.214100,D
173428710,EUR/USD,2005-07-31 20:32:52.000,1.213700,1.214000,D
173428745,EUR/USD,2005-07-31 20:33:53.000,1.213800,1.214100,D
173428761,EUR/USD,2005-07-31 20:34:00.000,1.213900,1.214200,D
173428776,EUR/USD,2005-07-31 20:34:10.000,1.214000,1.214300,D
173428783,EUR/USD,2005-07-31 20:34:11.000,1.213900,1.214200,D
173428787,EUR/USD,2005-07-31 20:34:11.000,1.214000,1.214300,D
173428797,EUR/USD,2005-07-31 20:34:15.000,1.213900,1.214200,D
173428800,EUR/USD,2005-07-31 20:34:15.000,1.213800,1.214100,D
173428804,EUR/USD,2005-07-31 20:34:16.000,1.213700,1.214000,D
173428833,EUR/USD,2005-07-31 20:34:30.000,1.213800,1.214100,D
173428842,EUR/USD,2005-07-31 20:34:40.000,1.213700,1.214000,D
173428854,EUR/USD,2005-07-31 20:34:45.000,1.213800,1.214100,D
173428882,EUR/USD,2005-07-31 20:35:14.000,1.213700,1.214000,D
173428886,EUR/USD,2005-07-31 20:35:17.000,1.213800,1.214100,D
173428892,EUR/USD,2005-07-31 20:35:19.000,1.213700,1.214000,D
173428895,EUR/USD,2005-07-31 20:35:21.000,1.213800,1.214100,D
173428902,EUR/USD,2005-07-31 20:35:24.000,1.213700,1.214000,D
173428924,EUR/USD,2005-07-31 20:35:52.000,1.213600,1.213900,D
173428927,EUR/USD,2005-07-31 20:35:52.000,1.213700,1.214000,D
173428943,EUR/USD,2005-07-31 20:36:00.000,1.213600,1.213900,D
173428968,EUR/USD,2005-07-31 20:36:06.000,1.213500,1.213800,D
173428974,EUR/USD,2005-07-31 20:36:09.000,1.213600,1.213900,D
173429012,EUR/USD,2005-07-31 20:36:30.000,1.213500,1.213800,D
173429014,EUR/USD,2005-07-31 20:36:33.000,1.213600,1.213900,D
173429030,EUR/USD,2005-07-31 20:36:43.000,1.213500,1.213800,D
173429047,EUR/USD,2005-07-31 20:36:55.000,1.213600,1.213900,D
173429068,EUR/USD,2005-07-31 20:36:59.000,1.213500,1.213800,D
173429077,EUR/USD,2005-07-31 20:37:02.000,1.213600,1.213900,D
173429089,EUR/USD,2005-07-31 20:37:05.000,1.213500,1.213800,D
173429103,EUR/USD,2005-07-31 20:37:13.000,1.213400,1.213700,D
173429109,EUR/USD,2005-07-31 20:37:15.000,1.213500,1.213800,D
173429117,EUR/USD,2005-07-31 20:37:16.000,1.213600,1.213900,D
173429138,EUR/USD,2005-07-31 20:37:18.000,1.213500,1.213800,D
173429176,EUR/USD,2005-07-31 20:37:31.000,1.213400,1.213700,D
173429181,EUR/USD,2005-07-31 20:37:36.000,1.213500,1.213800,D
173429189,EUR/USD,2005-07-31 20:37:43.000,1.213400,1.213700,D
173429255,EUR/USD,2005-07-31 20:38:31.000,1.213500,1.213800,D
173429357,EUR/USD,2005-07-31 20:40:08.000,1.213400,1.213700,D
173429379,EUR/USD,2005-07-31 20:40:44.000,1.213300,1.213600,D
173429383,EUR/USD,2005-07-31 20:40:44.000,1.213400,1.213700,D
173429394,EUR/USD,2005-07-31 20:40:47.000,1.213300,1.213600,D
173429400,EUR/USD,2005-07-31 20:40:50.000,1.213400,1.213700,D
173429406,EUR/USD,2005-07-31 20:40:52.000,1.213500,1.213800,D
173429408,EUR/USD,2005-07-31 20:40:52.000,1.213400,1.213700,D
173429416,EUR/USD,2005-07-31 20:40:52.000,1.213300,1.213600,D
173429452,EUR/USD,2005-07-31 20:41:11.000,1.213400,1.213700,D
173429491,EUR/USD,2005-07-31 20:41:23.000,1.213300,1.213600,D
173429495,EUR/USD,2005-07-31 20:41:29.000,1.213400,1.213700,D
173429506,EUR/USD,2005-07-31 20:41:36.000,1.213300,1.213600,D
173429511,EUR/USD,2005-07-31 20:41:42.000,1.213400,1.213700,D
173429520,EUR/USD,2005-07-31 20:41:47.000,1.213300,1.213600,D
173429545,EUR/USD,2005-07-31 20:42:00.000,1.213200,1.213500,D
173429549,EUR/USD,2005-07-31 20:42:00.000,1.213300,1.213600,D
173429571,EUR/USD,2005-07-31 20:42:03.000,1.213400,1.213700,D
173429587,EUR/USD,2005-07-31 20:42:06.000,1.213200,1.213500,D
173429615,EUR/USD,2005-07-31 20:42:23.000,1.213300,1.213600,D
173429626,EUR/USD,2005-07-31 20:42:25.000,1.213200,1.213500,D
173429635,EUR/USD,2005-07-31 20:42:27.000,1.213300,1.213600,D
173429643,EUR/USD,2005-07-31 20:42:28.000,1.213400,1.213700,D
173429652,EUR/USD,2005-07-31 20:42:31.000,1.213300,1.213600,D
173429667,EUR/USD,2005-07-31 20:42:35.000,1.213400,1.213700,D
173429687,EUR/USD,2005-07-31 20:42:48.000,1.213300,1.213600,D
173429699,EUR/USD,2005-07-31 20:42:51.000,1.213400,1.213700,D
173429774,EUR/USD,2005-07-31 20:43:34.000,1.213300,1.213600,D
173429852,EUR/USD,2005-07-31 20:45:02.000,1.213400,1.213700,D
173429855,EUR/USD,2005-07-31 20:45:03.000,1.213300,1.213600,D
173429878,EUR/USD,2005-07-31 20:45:28.000,1.213400,1.213700,D
173429897,EUR/USD,2005-07-31 20:45:41.000,1.213300,1.213600,D
173429916,EUR/USD,2005-07-31 20:45:54.000,1.213400,1.213700,D
173430076,EUR/USD,2005-07-31 20:47:48.000,1.213300,1.213600,D
173430096,EUR/USD,2005-07-31 20:48:12.000,1.213200,1.213500,D
173430100,EUR/USD,2005-07-31 20:48:14.000,1.213300,1.213600,D
173430111,EUR/USD,2005-07-31 20:48:18.000,1.213200,1.213500,D
173430127,EUR/USD,2005-07-31 20:48:22.000,1.213300,1.213600,D
173430133,EUR/USD,2005-07-31 20:48:25.000,1.213200,1.213500,D
173430147,EUR/USD,2005-07-31 20:48:32.000,1.213300,1.213600,D
173430228,EUR/USD,2005-07-31 20:49:24.000,1.213400,1.213700,D
173430255,EUR/USD,2005-07-31 20:49:31.000,1.213300,1.213600,D
173430266,EUR/USD,2005-07-31 20:49:33.000,1.213400,1.213700,D
173430284,EUR/USD,2005-07-31 20:49:36.000,1.213300,1.213600,D
173430294,EUR/USD,2005-07-31 20:49:46.000,1.213400,1.213700,D
173430379,EUR/USD,2005-07-31 20:50:26.000,1.213300,1.213600,D
173430430,EUR/USD,2005-07-31 20:51:38.000,1.213200,1.213500,D
173430448,EUR/USD,2005-07-31 20:51:53.000,1.213100,1.213400,D
173430456,EUR/USD,2005-07-31 20:51:56.000,1.213200,1.213500,D
173430471,EUR/USD,2005-07-31 20:52:04.000,1.213100,1.213400,D
173430486,EUR/USD,2005-07-31 20:52:09.000,1.213000,1.213300,D
173430492,EUR/USD,2005-07-31 20:52:09.000,1.213100,1.213400,D
173430495,EUR/USD,2005-07-31 20:52:10.000,1.213000,1.213300,D
173430504,EUR/USD,2005-07-31 20:52:13.000,1.213100,1.213400,D
173430513,EUR/USD,2005-07-31 20:52:16.000,1.213000,1.213300,D
173430546,EUR/USD,2005-07-31 20:52:23.000,1.213100,1.213400,D
173430552,EUR/USD,2005-07-31 20:52:23.000,1.213000,1.213300,D
173430568,EUR/USD,2005-07-31 20:52:26.000,1.212900,1.213200,D
173430571,EUR/USD,2005-07-31 20:52:27.000,1.213000,1.213300,D
173430580,EUR/USD,2005-07-31 20:52:29.000,1.213100,1.213400,D
173430585,EUR/USD,2005-07-31 20:52:30.000,1.213200,1.213500,D
173430586,EUR/USD,2005-07-31 20:52:31.000,1.213100,1.213400,D
173430588,EUR/USD,2005-07-31 20:52:31.000,1.213000,1.213300,D
173430603,EUR/USD,2005-07-31 20:52:38.000,1.212900,1.213200,D
173430610,EUR/USD,2005-07-31 20:52:39.000,1.213000,1.213300,D
173430633,EUR/USD,2005-07-31 20:52:44.000,1.212900,1.213200,D
173430662,EUR/USD,2005-07-31 20:52:58.000,1.213000,1.213300,D
173430767,EUR/USD,2005-07-31 20:53:47.000,1.212900,1.213200,D
173430792,EUR/USD,2005-07-31 20:53:58.000,1.212800,1.213100,D
173430811,EUR/USD,2005-07-31 20:54:07.000,1.212900,1.213200,D
173430833,EUR/USD,2005-07-31 20:54:09.000,1.212800,1.213100,D
173430841,EUR/USD,2005-07-31 20:54:10.000,1.212900,1.213200,D
173430858,EUR/USD,2005-07-31 20:54:14.000,1.212800,1.213100,D
173430870,EUR/USD,2005-07-31 20:54:17.000,1.212900,1.213200,D
173430893,EUR/USD,2005-07-31 20:54:27.000,1.212800,1.213100,D
173430898,EUR/USD,2005-07-31 20:54:29.000,1.212900,1.213200,D
173430927,EUR/USD,2005-07-31 20:54:36.000,1.212800,1.213100,D
173430946,EUR/USD,2005-07-31 20:54:42.000,1.212900,1.213200,D
173430958,EUR/USD,2005-07-31 20:54:44.000,1.212800,1.213100,D
173430991,EUR/USD,2005-07-31 20:54:53.000,1.212900,1.213200,D
173431015,EUR/USD,2005-07-31 20:55:00.000,1.212800,1.213100,D
173431054,EUR/USD,2005-07-31 20:55:13.000,1.212900,1.213200,D
173431070,EUR/USD,2005-07-31 20:55:15.000,1.212800,1.213100,D
173431089,EUR/USD,2005-07-31 20:55:18.000,1.212900,1.213200,D
173431165,EUR/USD,2005-07-31 20:56:00.000,1.213000,1.213300,D
173431205,EUR/USD,2005-07-31 20:56:24.000,1.213100,1.213400,D
173431232,EUR/USD,2005-07-31 20:56:45.000,1.213000,1.213300,D
173431241,EUR/USD,2005-07-31 20:56:46.000,1.213100,1.213400,D
173431299,EUR/USD,2005-07-31 20:57:24.000,1.213200,1.213500,D
173431348,EUR/USD,2005-07-31 20:57:44.000,1.213300,1.213600,D
173431355,EUR/USD,2005-07-31 20:57:45.000,1.213400,1.213700,D
173431367,EUR/USD,2005-07-31 20:57:46.000,1.213300,1.213600,D
173431399,EUR/USD,2005-07-31 20:57:52.000,1.213400,1.213700,D
173431410,EUR/USD,2005-07-31 20:57:55.000,1.213300,1.213600,D
173431421,EUR/USD,2005-07-31 20:57:57.000,1.213400,1.213700,D
173431448,EUR/USD,2005-07-31 20:58:11.000,1.213500,1.213800,D
173431458,EUR/USD,2005-07-31 20:58:17.000,1.213400,1.213700,D
173431461,EUR/USD,2005-07-31 20:58:18.000,1.213500,1.213800,D
173431627,EUR/USD,2005-07-31 21:00:07.000,1.213600,1.213900,D
173431653,EUR/USD,2005-07-31 21:00:18.000,1.213500,1.213800,D
173431665,EUR/USD,2005-07-31 21:00:27.000,1.213600,1.213900,D
173431672,EUR/USD,2005-07-31 21:00:34.000,1.213500,1.213800,D
173431681,EUR/USD,2005-07-31 21:00:38.000,1.213600,1.213900,D
173431755,EUR/USD,2005-07-31 21:01:11.000,1.213500,1.213800,D
173431762,EUR/USD,2005-07-31 21:01:12.000,1.213600,1.213900,D
173431767,EUR/USD,2005-07-31 21:01:13.000,1.213500,1.213800,D
173431771,EUR/USD,2005-07-31 21:01:21.000,1.213600,1.213900,D
173431778,EUR/USD,2005-07-31 21:01:23.000,1.213700,1.214000,D
173431789,EUR/USD,2005-07-31 21:01:25.000,1.213800,1.214100,D
173431795,EUR/USD,2005-07-31 21:01:26.000,1.213700,1.214000,D
173431808,EUR/USD,2005-07-31 21:01:43.000,1.213800,1.214100,D
173431819,EUR/USD,2005-07-31 21:01:48.000,1.213700,1.214000,D
173431829,EUR/USD,2005-07-31 21:01:50.000,1.213800,1.214100,D
173431865,EUR/USD,2005-07-31 21:02:35.000,1.213900,1.214200,D
173431868,EUR/USD,2005-07-31 21:02:36.000,1.213800,1.214100,D
173431875,EUR/USD,2005-07-31 21:02:39.000,1.213900,1.214200,D
173431889,EUR/USD,2005-07-31 21:02:46.000,1.214000,1.214300,D
173431952,EUR/USD,2005-07-31 21:03:12.000,1.214100,1.214400,D
173432042,EUR/USD,2005-07-31 21:03:38.000,1.214200,1.214500,D
173432078,EUR/USD,2005-07-31 21:03:47.000,1.214100,1.214400,D
173432092,EUR/USD,2005-07-31 21:03:51.000,1.214200,1.214500,D
173432113,EUR/USD,2005-07-31 21:04:04.000,1.214300,1.214600,D
173432121,EUR/USD,2005-07-31 21:04:06.000,1.214400,1.214700,D
173432135,EUR/USD,2005-07-31 21:04:10.000,1.214300,1.214600,D
173432142,EUR/USD,2005-07-31 21:04:11.000,1.214400,1.214700,D
173432177,EUR/USD,2005-07-31 21:04:22.000,1.214300,1.214600,D
173432192,EUR/USD,2005-07-31 21:04:26.000,1.214400,1.214700,D
173432219,EUR/USD,2005-07-31 21:04:39.000,1.214500,1.214800,D
173432229,EUR/USD,2005-07-31 21:04:41.000,1.214600,1.214900,D
173432238,EUR/USD,2005-07-31 21:04:42.000,1.214500,1.214800,D
173432264,EUR/USD,2005-07-31 21:04:44.000,1.214600,1.214900,D
173432268,EUR/USD,2005-07-31 21:04:44.000,1.214500,1.214800,D
173432291,EUR/USD,2005-07-31 21:04:48.000,1.214600,1.214900,D
173432292,EUR/USD,2005-07-31 21:04:49.000,1.214700,1.215000,D
173432299,EUR/USD,2005-07-31 21:04:52.000,1.214600,1.214900,D
173432303,EUR/USD,2005-07-31 21:04:52.000,1.214500,1.214800,D
173432316,EUR/USD,2005-07-31 21:04:57.000,1.214600,1.214900,D
173432322,EUR/USD,2005-07-31 21:04:57.000,1.214700,1.215000,D
173432332,EUR/USD,2005-07-31 21:04:58.000,1.214600,1.214900,D
173432345,EUR/USD,2005-07-31 21:05:00.000,1.214500,1.214800,D
173432354,EUR/USD,2005-07-31 21:05:01.000,1.214600,1.214900,D
173432399,EUR/USD,2005-07-31 21:05:12.000,1.214700,1.215000,D
173432453,EUR/USD,2005-07-31 21:05:27.000,1.214800,1.215100,D
173432464,EUR/USD,2005-07-31 21:05:28.000,1.214700,1.215000,D
173432476,EUR/USD,2005-07-31 21:05:29.000,1.214800,1.215100,D
173432490,EUR/USD,2005-07-31 21:05:31.000,1.214700,1.215000,D
173432517,EUR/USD,2005-07-31 21:05:39.000,1.214600,1.214900,D
173432579,EUR/USD,2005-07-31 21:05:53.000,1.214700,1.215000,D
173432599,EUR/USD,2005-07-31 21:06:09.000,1.214600,1.214900,D
173432615,EUR/USD,2005-07-31 21:06:17.000,1.214500,1.214800,D
173432646,EUR/USD,2005-07-31 21:06:21.000,1.214400,1.214700,D
173432677,EUR/USD,2005-07-31 21:06:27.000,1.214300,1.214600,D
173432698,EUR/USD,2005-07-31 21:06:35.000,1.214200,1.214500,D
173432712,EUR/USD,2005-07-31 21:06:37.000,1.214300,1.214600,D
173432728,EUR/USD,2005-07-31 21:06:40.000,1.214200,1.214500,D
173432733,EUR/USD,2005-07-31 21:06:41.000,1.214300,1.214600,D
173432742,EUR/USD,2005-07-31 21:06:42.000,1.214400,1.214700,D
173432750,EUR/USD,2005-07-31 21:06:49.000,1.214500,1.214800,D
173432762,EUR/USD,2005-07-31 21:06:51.000,1.214400,1.214700,D
173432779,EUR/USD,2005-07-31 21:06:54.000,1.214500,1.214800,D
173432788,EUR/USD,2005-07-31 21:06:57.000,1.214400,1.214700,D
173432803,EUR/USD,2005-07-31 21:07:05.000,1.214300,1.214600,D
173432816,EUR/USD,2005-07-31 21:07:13.000,1.214400,1.214700,D
173432832,EUR/USD,2005-07-31 21:07:21.000,1.214500,1.214800,D
173432853,EUR/USD,2005-07-31 21:07:30.000,1.214400,1.214700,D
173432856,EUR/USD,2005-07-31 21:07:32.000,1.214500,1.214800,D
173432896,EUR/USD,2005-07-31 21:07:46.000,1.214600,1.214900,D
173432905,EUR/USD,2005-07-31 21:07:51.000,1.214500,1.214800,D
173432913,EUR/USD,2005-07-31 21:07:52.000,1.214600,1.214900,D
173432937,EUR/USD,2005-07-31 21:07:57.000,1.214500,1.214800,D
173432946,EUR/USD,2005-07-31 21:07:59.000,1.214600,1.214900,D
173432988,EUR/USD,2005-07-31 21:08:07.000,1.214500,1.214800,D
173433012,EUR/USD,2005-07-31 21:08:21.000,1.214600,1.214900,D
173433017,EUR/USD,2005-07-31 21:08:22.000,1.214500,1.214800,D
173433024,EUR/USD,2005-07-31 21:08:25.000,1.214600,1.214900,D
173433045,EUR/USD,2005-07-31 21:08:31.000,1.214700,1.215000,D
173433073,EUR/USD,2005-07-31 21:08:47.000,1.214600,1.214900,D
173433078,EUR/USD,2005-07-31 21:08:48.000,1.214700,1.215000,D
173433083,EUR/USD,2005-07-31 21:08:49.000,1.214600,1.214900,D
173433093,EUR/USD,2005-07-31 21:08:50.000,1.214700,1.215000,D
173433124,EUR/USD,2005-07-31 21:08:57.000,1.214800,1.215100,D
173433154,EUR/USD,2005-07-31 21:09:00.000,1.214700,1.215000,D
173433167,EUR/USD,2005-07-31 21:09:03.000,1.214800,1.215100,D
173433172,EUR/USD,2005-07-31 21:09:04.000,1.214700,1.215000,D
173433200,EUR/USD,2005-07-31 21:09:14.000,1.214800,1.215100,D
173433211,EUR/USD,2005-07-31 21:09:19.000,1.214700,1.215000,D
173433328,EUR/USD,2005-07-31 21:10:24.000,1.214600,1.214900,D
173433336,EUR/USD,2005-07-31 21:10:27.000,1.214700,1.215000,D
173433360,EUR/USD,2005-07-31 21:10:44.000,1.214600,1.214900,D
173433367,EUR/USD,2005-07-31 21:10:47.000,1.214700,1.215000,D
173433381,EUR/USD,2005-07-31 21:10:55.000,1.214600,1.214900,D
173433405,EUR/USD,2005-07-31 21:11:15.000,1.214500,1.214800,D
173433433,EUR/USD,2005-07-31 21:11:39.000,1.214400,1.214700,D
173433434,EUR/USD,2005-07-31 21:11:41.000,1.214500,1.214800,D
173433446,EUR/USD,2005-07-31 21:11:44.000,1.214400,1.214700,D
173433450,EUR/USD,2005-07-31 21:11:44.000,1.214500,1.214800,D
173433499,EUR/USD,2005-07-31 21:12:30.000,1.214400,1.214700,D
173433512,EUR/USD,2005-07-31 21:12:35.000,1.214500,1.214800,D
173433520,EUR/USD,2005-07-31 21:12:41.000,1.214400,1.214700,D
173433601,EUR/USD,2005-07-31 21:13:30.000,1.214300,1.214600,D
173433610,EUR/USD,2005-07-31 21:13:31.000,1.214400,1.214700,D
173433616,EUR/USD,2005-07-31 21:13:32.000,1.214300,1.214600,D
173433627,EUR/USD,2005-07-31 21:13:34.000,1.214200,1.214500,D
173433628,EUR/USD,2005-07-31 21:13:35.000,1.214300,1.214600,D
173433645,EUR/USD,2005-07-31 21:13:36.000,1.214200,1.214500,D
173433646,EUR/USD,2005-07-31 21:13:36.000,1.214300,1.214600,D
173433682,EUR/USD,2005-07-31 21:13:42.000,1.214200,1.214500,D
173433685,EUR/USD,2005-07-31 21:13:43.000,1.214300,1.214600,D
173433701,EUR/USD,2005-07-31 21:13:47.000,1.214200,1.214500,D
173433702,EUR/USD,2005-07-31 21:13:47.000,1.214300,1.214600,D
173433725,EUR/USD,2005-07-31 21:13:52.000,1.214200,1.214500,D
173433792,EUR/USD,2005-07-31 21:14:32.000,1.214300,1.214600,D
173433793,EUR/USD,2005-07-31 21:14:33.000,1.214200,1.214500,D
173433795,EUR/USD,2005-07-31 21:14:36.000,1.214300,1.214600,D
173433798,EUR/USD,2005-07-31 21:14:36.000,1.214200,1.214500,D
173433816,EUR/USD,2005-07-31 21:14:50.000,1.214300,1.214600,D
173433846,EUR/USD,2005-07-31 21:15:01.000,1.214200,1.214500,D
173433857,EUR/USD,2005-07-31 21:15:03.000,1.214300,1.214600,D
173433911,EUR/USD,2005-07-31 21:15:19.000,1.214200,1.214500,D
173433933,EUR/USD,2005-07-31 21:15:25.000,1.214300,1.214600,D
173434008,EUR/USD,2005-07-31 21:16:09.000,1.214400,1.214700,D
173434013,EUR/USD,2005-07-31 21:16:11.000,1.214500,1.214800,D
173434017,EUR/USD,2005-07-31 21:16:12.000,1.214400,1.214700,D
173434038,EUR/USD,2005-07-31 21:16:22.000,1.214300,1.214600,D
173434043,EUR/USD,2005-07-31 21:16:24.000,1.214400,1.214700,D
173434048,EUR/USD,2005-07-31 21:16:24.000,1.214300,1.214600,D
173434119,EUR/USD,2005-07-31 21:17:17.000,1.214200,1.214500,D
173434170,EUR/USD,2005-07-31 21:18:03.000,1.214300,1.214600,D
173434236,EUR/USD,2005-07-31 21:18:28.000,1.214200,1.214500,D
173434241,EUR/USD,2005-07-31 21:18:30.000,1.214300,1.214600,D
173434246,EUR/USD,2005-07-31 21:18:32.000,1.214200,1.214500,D
173434260,EUR/USD,2005-07-31 21:18:43.000,1.214300,1.214600,D
173434266,EUR/USD,2005-07-31 21:18:50.000,1.214200,1.214500,D
173434269,EUR/USD,2005-07-31 21:18:54.000,1.214300,1.214600,D
173434311,EUR/USD,2005-07-31 21:19:22.000,1.214200,1.214500,D
173434343,EUR/USD,2005-07-31 21:19:54.000,1.214100,1.214400,D
173434383,EUR/USD,2005-07-31 21:20:19.000,1.214000,1.214300,D
173434402,EUR/USD,2005-07-31 21:20:34.000,1.213900,1.214200,D
173434431,EUR/USD,2005-07-31 21:20:41.000,1.214000,1.214300,D
173434435,EUR/USD,2005-07-31 21:20:42.000,1.213900,1.214200,D
173434439,EUR/USD,2005-07-31 21:20:42.000,1.213800,1.214100,D
173434454,EUR/USD,2005-07-31 21:20:44.000,1.213900,1.214200,D
173434463,EUR/USD,2005-07-31 21:20:45.000,1.214000,1.214300,D
173434472,EUR/USD,2005-07-31 21:20:48.000,1.213900,1.214200,D
173434494,EUR/USD,2005-07-31 21:20:56.000,1.214000,1.214300,D
173434501,EUR/USD,2005-07-31 21:20:59.000,1.213900,1.214200,D
173434508,EUR/USD,2005-07-31 21:21:02.000,1.214000,1.214300,D
173434510,EUR/USD,2005-07-31 21:21:02.000,1.213900,1.214200,D
173434520,EUR/USD,2005-07-31 21:21:04.000,1.214000,1.214300,D
173434529,EUR/USD,2005-07-31 21:21:14.000,1.213900,1.214200,D
173434542,EUR/USD,2005-07-31 21:21:29.000,1.214000,1.214300,D
173434548,EUR/USD,2005-07-31 21:21:36.000,1.213900,1.214200,D
173434552,EUR/USD,2005-07-31 21:21:39.000,1.214000,1.214300,D
173434560,EUR/USD,2005-07-31 21:21:40.000,1.213900,1.214200,D
173434603,EUR/USD,2005-07-31 21:22:33.000,1.214000,1.214300,D
173434615,EUR/USD,2005-07-31 21:22:41.000,1.213900,1.214200,D
173434635,EUR/USD,2005-07-31 21:23:01.000,1.214000,1.214300,D
173434644,EUR/USD,2005-07-31 21:23:16.000,1.213900,1.214200,D
173434652,EUR/USD,2005-07-31 21:23:39.000,1.214000,1.214300,D
173434699,EUR/USD,2005-07-31 21:25:30.000,1.213900,1.214200,D
173434876,EUR/USD,2005-07-31 21:28:49.000,1.214000,1.214300,D
173434884,EUR/USD,2005-07-31 21:28:50.000,1.213800,1.214100,D
173434904,EUR/USD,2005-07-31 21:29:11.000,1.213900,1.214200,D
173434909,EUR/USD,2005-07-31 21:29:12.000,1.214000,1.214300,D
173434926,EUR/USD,2005-07-31 21:29:31.000,1.213900,1.214200,D
173434929,EUR/USD,2005-07-31 21:29:33.000,1.214000,1.214300,D
173434934,EUR/USD,2005-07-31 21:29:39.000,1.213900,1.214200,D
173434940,EUR/USD,2005-07-31 21:29:43.000,1.214000,1.214300,D
173434962,EUR/USD,2005-07-31 21:29:58.000,1.214100,1.214400,D
173434976,EUR/USD,2005-07-31 21:30:03.000,1.214000,1.214300,D
173434997,EUR/USD,2005-07-31 21:30:15.000,1.213900,1.214200,D
173435002,EUR/USD,2005-07-31 21:30:18.000,1.214000,1.214300,D
173435021,EUR/USD,2005-07-31 21:30:39.000,1.213900,1.214200,D
173435027,EUR/USD,2005-07-31 21:30:42.000,1.214000,1.214300,D
173435034,EUR/USD,2005-07-31 21:31:19.000,1.213900,1.214200,D
173435036,EUR/USD,2005-07-31 21:31:25.000,1.214000,1.214300,D
173435064,EUR/USD,2005-07-31 21:32:32.000,1.213900,1.214200,D
173435070,EUR/USD,2005-07-31 21:32:40.000,1.213800,1.214100,D
173435155,EUR/USD,2005-07-31 21:33:59.000,1.213900,1.214200,D
173435157,EUR/USD,2005-07-31 21:34:00.000,1.213800,1.214100,D
173435165,EUR/USD,2005-07-31 21:34:01.000,1.214000,1.214300,D
173435177,EUR/USD,2005-07-31 21:34:02.000,1.213900,1.214200,D
173435179,EUR/USD,2005-07-31 21:34:02.000,1.213800,1.214100,D
173435199,EUR/USD,2005-07-31 21:34:09.000,1.213900,1.214200,D
173435201,EUR/USD,2005-07-31 21:34:09.000,1.213800,1.214100,D
173435213,EUR/USD,2005-07-31 21:34:22.000,1.213700,1.214000,D
173435254,EUR/USD,2005-07-31 21:34:48.000,1.213800,1.214100,D
173435257,EUR/USD,2005-07-31 21:34:49.000,1.213700,1.214000,D
173435264,EUR/USD,2005-07-31 21:34:51.000,1.213800,1.214100,D
173435269,EUR/USD,2005-07-31 21:34:52.000,1.213700,1.214000,D
173435275,EUR/USD,2005-07-31 21:34:53.000,1.213800,1.214100,D
173435291,EUR/USD,2005-07-31 21:35:05.000,1.213700,1.214000,D
173435298,EUR/USD,2005-07-31 21:35:08.000,1.213800,1.214100,D
173435321,EUR/USD,2005-07-31 21:35:48.000,1.213900,1.214200,D
173435324,EUR/USD,2005-07-31 21:35:52.000,1.213800,1.214100,D
173435329,EUR/USD,2005-07-31 21:35:54.000,1.213900,1.214200,D
173435350,EUR/USD,2005-07-31 21:36:26.000,1.214000,1.214300,D
173435463,EUR/USD,2005-07-31 21:39:01.000,1.213900,1.214200,D
173435473,EUR/USD,2005-07-31 21:39:08.000,1.214000,1.214300,D
173435491,EUR/USD,2005-07-31 21:39:40.000,1.214100,1.214400,D
173435495,EUR/USD,2005-07-31 21:39:44.000,1.214000,1.214300,D
173435530,EUR/USD,2005-07-31 21:40:57.000,1.214100,1.214400,D
173435534,EUR/USD,2005-07-31 21:40:58.000,1.214000,1.214300,D
173435554,EUR/USD,2005-07-31 21:41:11.000,1.214100,1.214400,D
173435560,EUR/USD,2005-07-31 21:41:15.000,1.214000,1.214300,D
173435565,EUR/USD,2005-07-31 21:41:15.000,1.214100,1.214400,D
173435716,EUR/USD,2005-07-31 21:43:13.000,1.214200,1.214500,D
173435739,EUR/USD,2005-07-31 21:43:20.000,1.214100,1.214400,D
173435745,EUR/USD,2005-07-31 21:43:21.000,1.214200,1.214500,D
173435787,EUR/USD,2005-07-31 21:43:29.000,1.214100,1.214400,D
173435794,EUR/USD,2005-07-31 21:43:30.000,1.214200,1.214500,D
173435847,EUR/USD,2005-07-31 21:44:13.000,1.214300,1.214600,D
173435998,EUR/USD,2005-07-31 21:45:57.000,1.214400,1.214700,D
173436024,EUR/USD,2005-07-31 21:46:15.000,1.214500,1.214800,D
173436026,EUR/USD,2005-07-31 21:46:15.000,1.214400,1.214700,D
173436038,EUR/USD,2005-07-31 21:46:18.000,1.214500,1.214800,D
173436041,EUR/USD,2005-07-31 21:46:19.000,1.214400,1.214700,D
173436045,EUR/USD,2005-07-31 21:46:26.000,1.214300,1.214600,D
173436049,EUR/USD,2005-07-31 21:46:27.000,1.214400,1.214700,D
173436068,EUR/USD,2005-07-31 21:46:34.000,1.214300,1.214600,D
173436158,EUR/USD,2005-07-31 21:47:41.000,1.214400,1.214700,D
173436189,EUR/USD,2005-07-31 21:48:03.000,1.214300,1.214600,D
173436254,EUR/USD,2005-07-31 21:48:55.000,1.214400,1.214700,D
173436336,EUR/USD,2005-07-31 21:50:52.000,1.214500,1.214800,D
173436454,EUR/USD,2005-07-31 21:54:18.000,1.214600,1.214900,D
173436461,EUR/USD,2005-07-31 21:54:21.000,1.214700,1.215000,D
173436464,EUR/USD,2005-07-31 21:54:22.000,1.214800,1.215100,D
173436474,EUR/USD,2005-07-31 21:54:23.000,1.214700,1.215000,D
173436480,EUR/USD,2005-07-31 21:54:23.000,1.214800,1.215100,D
173436499,EUR/USD,2005-07-31 21:54:27.000,1.214900,1.215200,D
173436501,EUR/USD,2005-07-31 21:54:27.000,1.215000,1.215300,D
173436510,EUR/USD,2005-07-31 21:54:28.000,1.215100,1.215400,D
173436516,EUR/USD,2005-07-31 21:54:30.000,1.215000,1.215300,D
173436517,EUR/USD,2005-07-31 21:54:30.000,1.214900,1.215200,D
173436523,EUR/USD,2005-07-31 21:54:31.000,1.215000,1.215300,D
173436527,EUR/USD,2005-07-31 21:54:31.000,1.215100,1.215400,D
173436533,EUR/USD,2005-07-31 21:54:32.000,1.215000,1.215300,D
173436564,EUR/USD,2005-07-31 21:54:38.000,1.214900,1.215200,D
173436567,EUR/USD,2005-07-31 21:54:38.000,1.214800,1.215100,D
173436576,EUR/USD,2005-07-31 21:54:40.000,1.214900,1.215200,D
173436578,EUR/USD,2005-07-31 21:54:40.000,1.215000,1.215300,D
173436599,EUR/USD,2005-07-31 21:54:43.000,1.214900,1.215200,D
173436609,EUR/USD,2005-07-31 21:54:47.000,1.215000,1.215300,D
173436615,EUR/USD,2005-07-31 21:54:50.000,1.214900,1.215200,D
173436623,EUR/USD,2005-07-31 21:54:57.000,1.215000,1.215300,D
173436627,EUR/USD,2005-07-31 21:54:57.000,1.214900,1.215200,D
173436645,EUR/USD,2005-07-31 21:55:02.000,1.214800,1.215100,D
173436666,EUR/USD,2005-07-31 21:55:09.000,1.214900,1.215200,D
173436686,EUR/USD,2005-07-31 21:55:20.000,1.215000,1.215300,D
173436688,EUR/USD,2005-07-31 21:55:21.000,1.214900,1.215200,D
173436689,EUR/USD,2005-07-31 21:55:21.000,1.214800,1.215100,D
173436735,EUR/USD,2005-07-31 21:55:45.000,1.214900,1.215200,D
173436744,EUR/USD,2005-07-31 21:55:50.000,1.214800,1.215100,D
173436786,EUR/USD,2005-07-31 21:56:24.000,1.214700,1.215000,D
173436795,EUR/USD,2005-07-31 21:56:25.000,1.214800,1.215100,D
173436814,EUR/USD,2005-07-31 21:56:31.000,1.214700,1.215000,D
173436828,EUR/USD,2005-07-31 21:56:34.000,1.214800,1.215100,D
173436843,EUR/USD,2005-07-31 21:56:46.000,1.214700,1.215000,D
173436846,EUR/USD,2005-07-31 21:56:47.000,1.214800,1.215100,D
173436860,EUR/USD,2005-07-31 21:56:50.000,1.214900,1.215200,D
173436865,EUR/USD,2005-07-31 21:56:50.000,1.215000,1.215300,D
173436866,EUR/USD,2005-07-31 21:56:50.000,1.214900,1.215200,D
173436871,EUR/USD,2005-07-31 21:56:51.000,1.214800,1.215100,D
173436882,EUR/USD,2005-07-31 21:56:53.000,1.214900,1.215200,D
173436885,EUR/USD,2005-07-31 21:56:53.000,1.215000,1.215300,D
173436890,EUR/USD,2005-07-31 21:56:56.000,1.215100,1.215400,D
173436899,EUR/USD,2005-07-31 21:56:58.000,1.215000,1.215300,D
173436915,EUR/USD,2005-07-31 21:57:02.000,1.214900,1.215200,D
173436931,EUR/USD,2005-07-31 21:57:15.000,1.214800,1.215100,D
173436944,EUR/USD,2005-07-31 21:57:23.000,1.214700,1.215000,D
173436949,EUR/USD,2005-07-31 21:57:24.000,1.214800,1.215100,D
173436984,EUR/USD,2005-07-31 21:57:55.000,1.214900,1.215200,D
173437002,EUR/USD,2005-07-31 21:58:02.000,1.214800,1.215100,D
173437005,EUR/USD,2005-07-31 21:58:03.000,1.214900,1.215200,D
173437008,EUR/USD,2005-07-31 21:58:06.000,1.215000,1.215300,D
173437019,EUR/USD,2005-07-31 21:58:08.000,1.215100,1.215400,D
173437116,EUR/USD,2005-07-31 21:59:24.000,1.215200,1.215500,D
173437132,EUR/USD,2005-07-31 21:59:32.000,1.215100,1.215400,D
173437146,EUR/USD,2005-07-31 21:59:58.000,1.215200,1.215500,D
173437165,EUR/USD,2005-07-31 22:00:07.000,1.215100,1.215400,D
173437191,EUR/USD,2005-07-31 22:01:10.000,1.215200,1.215500,D
173437196,EUR/USD,2005-07-31 22:01:10.000,1.215100,1.215400,D
173437214,EUR/USD,2005-07-31 22:01:25.000,1.215200,1.215500,D
173437223,EUR/USD,2005-07-31 22:01:29.000,1.215300,1.215600,D
173437232,EUR/USD,2005-07-31 22:01:31.000,1.215400,1.215700,D
173437239,EUR/USD,2005-07-31 22:01:38.000,1.215300,1.215600,D
173437248,EUR/USD,2005-07-31 22:01:42.000,1.215200,1.215500,D
173437251,EUR/USD,2005-07-31 22:01:42.000,1.215300,1.215600,D
173437264,EUR/USD,2005-07-31 22:01:49.000,1.215400,1.215700,D
173437268,EUR/USD,2005-07-31 22:01:51.000,1.215500,1.215800,D
173437290,EUR/USD,2005-07-31 22:01:55.000,1.215600,1.215900,D
173437309,EUR/USD,2005-07-31 22:01:57.000,1.215500,1.215800,D
173437318,EUR/USD,2005-07-31 22:01:58.000,1.215600,1.215900,D
173437341,EUR/USD,2005-07-31 22:02:06.000,1.215700,1.216000,D
173437353,EUR/USD,2005-07-31 22:02:08.000,1.215600,1.215900,D
173437379,EUR/USD,2005-07-31 22:02:15.000,1.215500,1.215800,D
173437395,EUR/USD,2005-07-31 22:02:21.000,1.215600,1.215900,D
173437425,EUR/USD,2005-07-31 22:02:43.000,1.215500,1.215800,D
173437428,EUR/USD,2005-07-31 22:02:43.000,1.215600,1.215900,D
173437430,EUR/USD,2005-07-31 22:02:43.000,1.215500,1.215800,D
173437442,EUR/USD,2005-07-31 22:02:54.000,1.215400,1.215700,D
173437453,EUR/USD,2005-07-31 22:03:03.000,1.215300,1.215600,D
173437466,EUR/USD,2005-07-31 22:03:15.000,1.215200,1.215500,D
173437473,EUR/USD,2005-07-31 22:03:17.000,1.215300,1.215600,D
173437480,EUR/USD,2005-07-31 22:03:19.000,1.215400,1.215700,D
173437492,EUR/USD,2005-07-31 22:03:23.000,1.215500,1.215800,D
173437496,EUR/USD,2005-07-31 22:03:24.000,1.215600,1.215900,D
173437513,EUR/USD,2005-07-31 22:03:28.000,1.215700,1.216000,D
173437515,EUR/USD,2005-07-31 22:03:28.000,1.215800,1.216100,D
173437533,EUR/USD,2005-07-31 22:03:30.000,1.215900,1.216200,D
173437534,EUR/USD,2005-07-31 22:03:31.000,1.216000,1.216300,D
173437556,EUR/USD,2005-07-31 22:03:34.000,1.216100,1.216400,D
173437583,EUR/USD,2005-07-31 22:03:36.000,1.216200,1.216500,D
173437593,EUR/USD,2005-07-31 22:03:37.000,1.216300,1.216600,D
173437627,EUR/USD,2005-07-31 22:03:42.000,1.216200,1.216500,D
173437634,EUR/USD,2005-07-31 22:03:43.000,1.216100,1.216400,D
173437668,EUR/USD,2005-07-31 22:03:48.000,1.215900,1.216200,D
173437677,EUR/USD,2005-07-31 22:03:49.000,1.216000,1.216300,D
173437682,EUR/USD,2005-07-31 22:03:49.000,1.216100,1.216400,D
173437692,EUR/USD,2005-07-31 22:03:50.000,1.216000,1.216300,D
173437704,EUR/USD,2005-07-31 22:03:52.000,1.216100,1.216400,D
173437710,EUR/USD,2005-07-31 22:03:53.000,1.216000,1.216300,D
173437718,EUR/USD,2005-07-31 22:03:54.000,1.216100,1.216400,D
173437725,EUR/USD,2005-07-31 22:03:56.000,1.216000,1.216300,D
173437773,EUR/USD,2005-07-31 22:04:06.000,1.215900,1.216200,D
173437776,EUR/USD,2005-07-31 22:04:10.000,1.215800,1.216100,D
173437778,EUR/USD,2005-07-31 22:04:10.000,1.215900,1.216200,D
173437784,EUR/USD,2005-07-31 22:04:12.000,1.215800,1.216100,D
173437788,EUR/USD,2005-07-31 22:04:13.000,1.215700,1.216000,D
173437798,EUR/USD,2005-07-31 22:04:16.000,1.215800,1.216100,D
173437812,EUR/USD,2005-07-31 22:04:19.000,1.215700,1.216000,D
173437816,EUR/USD,2005-07-31 22:04:21.000,1.215800,1.216100,D
173437825,EUR/USD,2005-07-31 22:04:23.000,1.215700,1.216000,D
173437833,EUR/USD,2005-07-31 22:04:26.000,1.215800,1.216100,D
173437842,EUR/USD,2005-07-31 22:04:27.000,1.215700,1.216000,D
173437851,EUR/USD,2005-07-31 22:04:29.000,1.215800,1.216100,D
173437859,EUR/USD,2005-07-31 22:04:32.000,1.215900,1.216200,D
173437888,EUR/USD,2005-07-31 22:04:58.000,1.216000,1.216300,D
173437894,EUR/USD,2005-07-31 22:04:58.000,1.215900,1.216200,D
173437913,EUR/USD,2005-07-31 22:05:03.000,1.216000,1.216300,D
173437917,EUR/USD,2005-07-31 22:05:04.000,1.215900,1.216200,D
173437925,EUR/USD,2005-07-31 22:05:06.000,1.216000,1.216300,D
173437936,EUR/USD,2005-07-31 22:05:08.000,1.215900,1.216200,D
173437948,EUR/USD,2005-07-31 22:05:18.000,1.215800,1.216100,D
173437966,EUR/USD,2005-07-31 22:05:24.000,1.215700,1.216000,D
173437980,EUR/USD,2005-07-31 22:05:28.000,1.215600,1.215900,D
173438025,EUR/USD,2005-07-31 22:05:37.000,1.215500,1.215800,D
173438041,EUR/USD,2005-07-31 22:05:41.000,1.215400,1.215700,D
173438050,EUR/USD,2005-07-31 22:05:43.000,1.215500,1.215800,D
173438061,EUR/USD,2005-07-31 22:05:45.000,1.215400,1.215700,D
173438088,EUR/USD,2005-07-31 22:05:49.000,1.215300,1.215600,D
173438093,EUR/USD,2005-07-31 22:05:49.000,1.215200,1.215500,D
173438117,EUR/USD,2005-07-31 22:05:56.000,1.215300,1.215600,D
173438119,EUR/USD,2005-07-31 22:05:56.000,1.215400,1.215700,D
173438206,EUR/USD,2005-07-31 22:06:23.000,1.215500,1.215800,D
173438207,EUR/USD,2005-07-31 22:06:24.000,1.215600,1.215900,D
173438212,EUR/USD,2005-07-31 22:06:24.000,1.215700,1.216000,D
173438217,EUR/USD,2005-07-31 22:06:25.000,1.215600,1.215900,D
173438226,EUR/USD,2005-07-31 22:06:26.000,1.215500,1.215800,D
173438227,EUR/USD,2005-07-31 22:06:27.000,1.215600,1.215900,D
173438231,EUR/USD,2005-07-31 22:06:28.000,1.215700,1.216000,D
173438247,EUR/USD,2005-07-31 22:06:29.000,1.215600,1.215900,D
173438307,EUR/USD,2005-07-31 22:06:45.000,1.215700,1.216000,D
173438328,EUR/USD,2005-07-31 22:06:49.000,1.215600,1.215900,D
173438350,EUR/USD,2005-07-31 22:06:54.000,1.215700,1.216000,D
173438356,EUR/USD,2005-07-31 22:06:54.000,1.215600,1.215900,D
173438361,EUR/USD,2005-07-31 22:06:55.000,1.215700,1.216000,D
173438365,EUR/USD,2005-07-31 22:06:55.000,1.215600,1.215900,D
173438375,EUR/USD,2005-07-31 22:06:58.000,1.215500,1.215800,D
173438376,EUR/USD,2005-07-31 22:06:58.000,1.215600,1.215900,D
173438390,EUR/USD,2005-07-31 22:07:05.000,1.215700,1.216000,D
173438399,EUR/USD,2005-07-31 22:07:07.000,1.215600,1.215900,D
173438402,EUR/USD,2005-07-31 22:07:11.000,1.215700,1.216000,D
173438412,EUR/USD,2005-07-31 22:07:13.000,1.215600,1.215900,D
173438417,EUR/USD,2005-07-31 22:07:14.000,1.215700,1.216000,D
173438424,EUR/USD,2005-07-31 22:07:15.000,1.215600,1.215900,D
173438431,EUR/USD,2005-07-31 22:07:17.000,1.215700,1.216000,D
173438438,EUR/USD,2005-07-31 22:07:20.000,1.215800,1.216100,D
173438449,EUR/USD,2005-07-31 22:07:24.000,1.215900,1.216200,D
173438451,EUR/USD,2005-07-31 22:07:24.000,1.216000,1.216300,D
173438464,EUR/USD,2005-07-31 22:07:26.000,1.215900,1.216200,D
173438478,EUR/USD,2005-07-31 22:07:28.000,1.215800,1.216100,D
173438520,EUR/USD,2005-07-31 22:07:32.000,1.215700,1.216000,D
173438526,EUR/USD,2005-07-31 22:07:33.000,1.215800,1.216100,D
173438538,EUR/USD,2005-07-31 22:07:39.000,1.215700,1.216000,D
173438553,EUR/USD,2005-07-31 22:07:41.000,1.215800,1.216100,D
173438556,EUR/USD,2005-07-31 22:07:41.000,1.215900,1.216200,D
173438573,EUR/USD,2005-07-31 22:07:51.000,1.215800,1.216100,D
173438580,EUR/USD,2005-07-31 22:07:58.000,1.215700,1.216000,D
173438603,EUR/USD,2005-07-31 22:08:12.000,1.215600,1.215900,D
173438609,EUR/USD,2005-07-31 22:08:13.000,1.215500,1.215800,D
173438623,EUR/USD,2005-07-31 22:08:15.000,1.215600,1.215900,D
173438645,EUR/USD,2005-07-31 22:08:17.000,1.215500,1.215800,D
173438659,EUR/USD,2005-07-31 22:08:20.000,1.215600,1.215900,D
173438698,EUR/USD,2005-07-31 22:08:36.000,1.215500,1.215800,D
173438704,EUR/USD,2005-07-31 22:08:42.000,1.215600,1.215900,D
173438708,EUR/USD,2005-07-31 22:08:45.000,1.215500,1.215800,D
173438735,EUR/USD,2005-07-31 22:08:51.000,1.215400,1.215700,D
173438743,EUR/USD,2005-07-31 22:08:55.000,1.215500,1.215800,D
173438751,EUR/USD,2005-07-31 22:08:57.000,1.215400,1.215700,D
173438764,EUR/USD,2005-07-31 22:08:59.000,1.215300,1.215600,D
173438775,EUR/USD,2005-07-31 22:08:59.000,1.215200,1.215500,D
173438785,EUR/USD,2005-07-31 22:09:01.000,1.215300,1.215600,D
173438790,EUR/USD,2005-07-31 22:09:02.000,1.215200,1.215500,D
173438826,EUR/USD,2005-07-31 22:09:11.000,1.215100,1.215400,D
173438865,EUR/USD,2005-07-31 22:09:30.000,1.215200,1.215500,D
173438879,EUR/USD,2005-07-31 22:09:36.000,1.215300,1.215600,D
173438892,EUR/USD,2005-07-31 22:09:41.000,1.215400,1.215700,D
173438917,EUR/USD,2005-07-31 22:10:03.000,1.215300,1.215600,D
173438941,EUR/USD,2005-07-31 22:10:15.000,1.215200,1.215500,D
173438945,EUR/USD,2005-07-31 22:10:17.000,1.215300,1.215600,D
173438961,EUR/USD,2005-07-31 22:10:24.000,1.215400,1.215700,D
173438975,EUR/USD,2005-07-31 22:10:30.000,1.215300,1.215600,D
173439005,EUR/USD,2005-07-31 22:10:58.000,1.215200,1.215500,D
173439033,EUR/USD,2005-07-31 22:11:05.000,1.215100,1.215400,D
173439036,EUR/USD,2005-07-31 22:11:07.000,1.215200,1.215500,D
173439047,EUR/USD,2005-07-31 22:11:09.000,1.215100,1.215400,D
173439077,EUR/USD,2005-07-31 22:11:19.000,1.215000,1.215300,D
173439090,EUR/USD,2005-07-31 22:11:22.000,1.215100,1.215400,D
173439102,EUR/USD,2005-07-31 22:11:25.000,1.215000,1.215300,D
173439113,EUR/USD,2005-07-31 22:11:34.000,1.214900,1.215200,D
173439115,EUR/USD,2005-07-31 22:11:35.000,1.214800,1.215100,D
173439145,EUR/USD,2005-07-31 22:11:44.000,1.214900,1.215200,D
173439183,EUR/USD,2005-07-31 22:11:51.000,1.214800,1.215100,D
173439191,EUR/USD,2005-07-31 22:11:52.000,1.214900,1.215200,D
173439200,EUR/USD,2005-07-31 22:11:54.000,1.214800,1.215100,D
173439206,EUR/USD,2005-07-31 22:11:55.000,1.214900,1.215200,D
173439221,EUR/USD,2005-07-31 22:11:59.000,1.214800,1.215100,D
173439233,EUR/USD,2005-07-31 22:12:01.000,1.214900,1.215200,D
173439240,EUR/USD,2005-07-31 22:12:01.000,1.214800,1.215100,D
173439255,EUR/USD,2005-07-31 22:12:07.000,1.214900,1.215200,D
173439281,EUR/USD,2005-07-31 22:12:18.000,1.214800,1.215100,D
173439303,EUR/USD,2005-07-31 22:12:24.000,1.214900,1.215200,D
173439337,EUR/USD,2005-07-31 22:12:40.000,1.215000,1.215300,D
173439369,EUR/USD,2005-07-31 22:13:01.000,1.214900,1.215200,D
173439375,EUR/USD,2005-07-31 22:13:02.000,1.215000,1.215300,D
173439382,EUR/USD,2005-07-31 22:13:05.000,1.214900,1.215200,D
173439406,EUR/USD,2005-07-31 22:13:24.000,1.214800,1.215100,D
173439415,EUR/USD,2005-07-31 22:13:28.000,1.214900,1.215200,D
173439416,EUR/USD,2005-07-31 22:13:28.000,1.214800,1.215100,D
173439440,EUR/USD,2005-07-31 22:13:49.000,1.214900,1.215200,D
173439441,EUR/USD,2005-07-31 22:13:49.000,1.215000,1.215300,D
173439450,EUR/USD,2005-07-31 22:13:51.000,1.214900,1.215200,D
173439451,EUR/USD,2005-07-31 22:13:52.000,1.215000,1.215300,D
173439452,EUR/USD,2005-07-31 22:13:52.000,1.215100,1.215400,D
173439464,EUR/USD,2005-07-31 22:13:59.000,1.215000,1.215300,D
173439476,EUR/USD,2005-07-31 22:14:04.000,1.215100,1.215400,D
173439483,EUR/USD,2005-07-31 22:14:07.000,1.215000,1.215300,D
173439514,EUR/USD,2005-07-31 22:14:45.000,1.215100,1.215400,D
173439531,EUR/USD,2005-07-31 22:14:56.000,1.215200,1.215500,D
173439546,EUR/USD,2005-07-31 22:14:57.000,1.215100,1.215400,D
173439590,EUR/USD,2005-07-31 22:15:40.000,1.215000,1.215300,D
173439606,EUR/USD,2005-07-31 22:15:50.000,1.214900,1.215200,D
173439611,EUR/USD,2005-07-31 22:15:56.000,1.215000,1.215300,D
173439618,EUR/USD,2005-07-31 22:15:57.000,1.214900,1.215200,D
173439649,EUR/USD,2005-07-31 22:16:09.000,1.214800,1.215100,D
173439666,EUR/USD,2005-07-31 22:16:11.000,1.214900,1.215200,D
173439673,EUR/USD,2005-07-31 22:16:12.000,1.215000,1.215300,D
173439678,EUR/USD,2005-07-31 22:16:13.000,1.215100,1.215400,D
173439689,EUR/USD,2005-07-31 22:16:15.000,1.215000,1.215300,D
173439695,EUR/USD,2005-07-31 22:16:16.000,1.214900,1.215200,D
173439717,EUR/USD,2005-07-31 22:16:40.000,1.215000,1.215300,D
173439752,EUR/USD,2005-07-31 22:16:58.000,1.215100,1.215400,D
173439791,EUR/USD,2005-07-31 22:17:27.000,1.215200,1.215500,D
173439825,EUR/USD,2005-07-31 22:17:48.000,1.215100,1.215400,D
173439828,EUR/USD,2005-07-31 22:17:50.000,1.215200,1.215500,D
173439853,EUR/USD,2005-07-31 22:18:08.000,1.215300,1.215600,D
173439879,EUR/USD,2005-07-31 22:18:22.000,1.215400,1.215700,D
173439907,EUR/USD,2005-07-31 22:18:28.000,1.215500,1.215800,D
173439935,EUR/USD,2005-07-31 22:18:57.000,1.215600,1.215900,D
173439958,EUR/USD,2005-07-31 22:19:23.000,1.215700,1.216000,D
173439960,EUR/USD,2005-07-31 22:19:28.000,1.215800,1.216100,D
173439975,EUR/USD,2005-07-31 22:19:31.000,1.215900,1.216200,D
173439976,EUR/USD,2005-07-31 22:19:31.000,1.215800,1.216100,D
173439977,EUR/USD,2005-07-31 22:19:32.000,1.215700,1.216000,D
173439987,EUR/USD,2005-07-31 22:19:36.000,1.215800,1.216100,D
173440031,EUR/USD,2005-07-31 22:19:58.000,1.215700,1.216000,D
173440040,EUR/USD,2005-07-31 22:20:02.000,1.215800,1.216100,D
173440064,EUR/USD,2005-07-31 22:20:18.000,1.215700,1.216000,D
173440087,EUR/USD,2005-07-31 22:20:27.000,1.215800,1.216100,D
173440106,EUR/USD,2005-07-31 22:20:37.000,1.215900,1.216200,D
173440111,EUR/USD,2005-07-31 22:20:38.000,1.215800,1.216100,D
173440117,EUR/USD,2005-07-31 22:20:39.000,1.215900,1.216200,D
173440121,EUR/USD,2005-07-31 22:20:48.000,1.215800,1.216100,D
173440154,EUR/USD,2005-07-31 22:21:21.000,1.215900,1.216200,D
173440181,EUR/USD,2005-07-31 22:21:41.000,1.215800,1.216100,D
173440188,EUR/USD,2005-07-31 22:21:44.000,1.215900,1.216200,D
173440194,EUR/USD,2005-07-31 22:21:45.000,1.215800,1.216100,D
173440200,EUR/USD,2005-07-31 22:21:46.000,1.215900,1.216200,D
173440205,EUR/USD,2005-07-31 22:21:47.000,1.215800,1.216100,D
173440210,EUR/USD,2005-07-31 22:21:50.000,1.215900,1.216200,D
173440218,EUR/USD,2005-07-31 22:21:56.000,1.215800,1.216100,D
173440235,EUR/USD,2005-07-31 22:22:15.000,1.215700,1.216000,D
173440277,EUR/USD,2005-07-31 22:22:50.000,1.215600,1.215900,D
173440333,EUR/USD,2005-07-31 22:23:19.000,1.215700,1.216000,D
173440354,EUR/USD,2005-07-31 22:23:40.000,1.215800,1.216100,D
173440356,EUR/USD,2005-07-31 22:23:41.000,1.215700,1.216000,D
173440384,EUR/USD,2005-07-31 22:23:53.000,1.215800,1.216100,D
173440465,EUR/USD,2005-07-31 22:24:45.000,1.215900,1.216200,D
173440466,EUR/USD,2005-07-31 22:24:45.000,1.215800,1.216100,D
173440491,EUR/USD,2005-07-31 22:25:18.000,1.215900,1.216200,D
173440492,EUR/USD,2005-07-31 22:25:18.000,1.215800,1.216100,D
173440595,EUR/USD,2005-07-31 22:27:39.000,1.215700,1.216000,D
173440646,EUR/USD,2005-07-31 22:28:57.000,1.215600,1.215900,D
173440653,EUR/USD,2005-07-31 22:29:01.000,1.215700,1.216000,D
173440662,EUR/USD,2005-07-31 22:29:14.000,1.215800,1.216100,D
173440679,EUR/USD,2005-07-31 22:29:43.000,1.215900,1.216200,D
173440688,EUR/USD,2005-07-31 22:29:45.000,1.215800,1.216100,D
173440695,EUR/USD,2005-07-31 22:29:59.000,1.215900,1.216200,D
173440702,EUR/USD,2005-07-31 22:30:05.000,1.216000,1.216300,D
173440707,EUR/USD,2005-07-31 22:30:06.000,1.215900,1.216200,D
173440724,EUR/USD,2005-07-31 22:30:19.000,1.216000,1.216300,D
173440773,EUR/USD,2005-07-31 22:30:42.000,1.216100,1.216400,D
173440774,EUR/USD,2005-07-31 22:30:42.000,1.216200,1.216500,D
173440782,EUR/USD,2005-07-31 22:30:44.000,1.216100,1.216400,D
173440784,EUR/USD,2005-07-31 22:30:45.000,1.216000,1.216300,D
173440806,EUR/USD,2005-07-31 22:30:53.000,1.216100,1.216400,D
173440822,EUR/USD,2005-07-31 22:31:15.000,1.216000,1.216300,D
173440829,EUR/USD,2005-07-31 22:31:21.000,1.215900,1.216200,D
173440873,EUR/USD,2005-07-31 22:31:44.000,1.216000,1.216300,D
173440882,EUR/USD,2005-07-31 22:31:47.000,1.215900,1.216200,D
173440884,EUR/USD,2005-07-31 22:31:47.000,1.216000,1.216300,D
173440929,EUR/USD,2005-07-31 22:33:17.000,1.215900,1.216200,D
173440946,EUR/USD,2005-07-31 22:33:48.000,1.216000,1.216300,D
173440948,EUR/USD,2005-07-31 22:33:57.000,1.215900,1.216200,D
173440955,EUR/USD,2005-07-31 22:34:00.000,1.216000,1.216300,D
173440982,EUR/USD,2005-07-31 22:34:30.000,1.216100,1.216400,D
173441001,EUR/USD,2005-07-31 22:34:41.000,1.216000,1.216300,D
173441017,EUR/USD,2005-07-31 22:34:53.000,1.216100,1.216400,D
173441075,EUR/USD,2005-07-31 22:35:27.000,1.216200,1.216500,D
173441089,EUR/USD,2005-07-31 22:35:33.000,1.216300,1.216600,D
173441133,EUR/USD,2005-07-31 22:35:47.000,1.216400,1.216700,D
173441172,EUR/USD,2005-07-31 22:36:00.000,1.216500,1.216800,D
173441181,EUR/USD,2005-07-31 22:36:03.000,1.216600,1.216900,D
173441200,EUR/USD,2005-07-31 22:36:06.000,1.216700,1.217000,D
173441217,EUR/USD,2005-07-31 22:36:07.000,1.216800,1.217100,D
173441222,EUR/USD,2005-07-31 22:36:08.000,1.216700,1.217000,D
173441226,EUR/USD,2005-07-31 22:36:08.000,1.216900,1.217200,D
173441260,EUR/USD,2005-07-31 22:36:12.000,1.217000,1.217300,D
173441275,EUR/USD,2005-07-31 22:36:14.000,1.217100,1.217400,D
173441278,EUR/USD,2005-07-31 22:36:14.000,1.217200,1.217500,D
173441318,EUR/USD,2005-07-31 22:36:20.000,1.217300,1.217600,D
173441328,EUR/USD,2005-07-31 22:36:22.000,1.217200,1.217500,D
173441353,EUR/USD,2005-07-31 22:36:26.000,1.217100,1.217400,D
173441374,EUR/USD,2005-07-31 22:36:29.000,1.217200,1.217500,D
173441386,EUR/USD,2005-07-31 22:36:32.000,1.217100,1.217400,D
173441390,EUR/USD,2005-07-31 22:36:34.000,1.217200,1.217500,D
173441398,EUR/USD,2005-07-31 22:36:37.000,1.217300,1.217600,D
173441422,EUR/USD,2005-07-31 22:36:40.000,1.217400,1.217700,D
173441432,EUR/USD,2005-07-31 22:36:42.000,1.217300,1.217600,D
173441436,EUR/USD,2005-07-31 22:36:42.000,1.217400,1.217700,D
173441446,EUR/USD,2005-07-31 22:36:43.000,1.217500,1.217800,D
173441452,EUR/USD,2005-07-31 22:36:44.000,1.217600,1.217900,D
173441454,EUR/USD,2005-07-31 22:36:44.000,1.217500,1.217800,D
173441460,EUR/USD,2005-07-31 22:36:45.000,1.217600,1.217900,D
173441484,EUR/USD,2005-07-31 22:36:49.000,1.217500,1.217800,D
173441503,EUR/USD,2005-07-31 22:36:52.000,1.217400,1.217700,D
173441507,EUR/USD,2005-07-31 22:36:53.000,1.217500,1.217800,D
173441537,EUR/USD,2005-07-31 22:36:58.000,1.217400,1.217700,D
173441540,EUR/USD,2005-07-31 22:36:59.000,1.217300,1.217600,D
173441546,EUR/USD,2005-07-31 22:36:59.000,1.217200,1.217500,D
173441552,EUR/USD,2005-07-31 22:37:00.000,1.217300,1.217600,D
173441565,EUR/USD,2005-07-31 22:37:01.000,1.217200,1.217500,D
173441567,EUR/USD,2005-07-31 22:37:02.000,1.217300,1.217600,D
173441570,EUR/USD,2005-07-31 22:37:02.000,1.217400,1.217700,D
173441576,EUR/USD,2005-07-31 22:37:03.000,1.217300,1.217600,D
173441577,EUR/USD,2005-07-31 22:37:04.000,1.217200,1.217500,D
173441585,EUR/USD,2005-07-31 22:37:05.000,1.217100,1.217400,D
173441597,EUR/USD,2005-07-31 22:37:08.000,1.217000,1.217300,D
173441600,EUR/USD,2005-07-31 22:37:08.000,1.217100,1.217400,D
173441611,EUR/USD,2005-07-31 22:37:09.000,1.217200,1.217500,D
173441616,EUR/USD,2005-07-31 22:37:10.000,1.217100,1.217400,D
173441620,EUR/USD,2005-07-31 22:37:10.000,1.217200,1.217500,D
173441622,EUR/USD,2005-07-31 22:37:11.000,1.217300,1.217600,D
173441630,EUR/USD,2005-07-31 22:37:12.000,1.217200,1.217500,D
173441642,EUR/USD,2005-07-31 22:37:14.000,1.217300,1.217600,D
173441644,EUR/USD,2005-07-31 22:37:16.000,1.217200,1.217500,D
173441655,EUR/USD,2005-07-31 22:37:17.000,1.217300,1.217600,D
173441658,EUR/USD,2005-07-31 22:37:17.000,1.217400,1.217700,D
173441668,EUR/USD,2005-07-31 22:37:19.000,1.217500,1.217800,D
173441670,EUR/USD,2005-07-31 22:37:20.000,1.217700,1.218000,D
173441674,EUR/USD,2005-07-31 22:37:20.000,1.217600,1.217900,D
173441675,EUR/USD,2005-07-31 22:37:21.000,1.217500,1.217800,D
173441684,EUR/USD,2005-07-31 22:37:23.000,1.217700,1.218000,D
173441698,EUR/USD,2005-07-31 22:37:24.000,1.217600,1.217900,D
173441701,EUR/USD,2005-07-31 22:37:24.000,1.217500,1.217800,D
173441716,EUR/USD,2005-07-31 22:37:26.000,1.217400,1.217700,D
173441731,EUR/USD,2005-07-31 22:37:27.000,1.217300,1.217600,D
173441744,EUR/USD,2005-07-31 22:37:29.000,1.217400,1.217700,D
173441753,EUR/USD,2005-07-31 22:37:31.000,1.217300,1.217600,D
173441761,EUR/USD,2005-07-31 22:37:32.000,1.217400,1.217700,D
173441777,EUR/USD,2005-07-31 22:37:34.000,1.217300,1.217600,D
173441787,EUR/USD,2005-07-31 22:37:36.000,1.217400,1.217700,D
173441796,EUR/USD,2005-07-31 22:37:38.000,1.217300,1.217600,D
173441801,EUR/USD,2005-07-31 22:37:39.000,1.217400,1.217700,D
173441810,EUR/USD,2005-07-31 22:37:43.000,1.217300,1.217600,D
173441815,EUR/USD,2005-07-31 22:37:43.000,1.217400,1.217700,D
173441837,EUR/USD,2005-07-31 22:37:49.000,1.217300,1.217600,D
173441842,EUR/USD,2005-07-31 22:37:50.000,1.217400,1.217700,D
173441853,EUR/USD,2005-07-31 22:37:51.000,1.217300,1.217600,D
173441859,EUR/USD,2005-07-31 22:37:53.000,1.217400,1.217700,D
173441873,EUR/USD,2005-07-31 22:37:56.000,1.217500,1.217800,D
173441883,EUR/USD,2005-07-31 22:37:59.000,1.217600,1.217900,D
173441898,EUR/USD,2005-07-31 22:38:00.000,1.217500,1.217800,D
173441902,EUR/USD,2005-07-31 22:38:01.000,1.217600,1.217900,D
173441903,EUR/USD,2005-07-31 22:38:01.000,1.217500,1.217800,D
173441944,EUR/USD,2005-07-31 22:38:17.000,1.217600,1.217900,D
173441961,EUR/USD,2005-07-31 22:38:19.000,1.217500,1.217800,D
173442017,EUR/USD,2005-07-31 22:38:33.000,1.217600,1.217900,D
173442056,EUR/USD,2005-07-31 22:38:47.000,1.217500,1.217800,D
173442107,EUR/USD,2005-07-31 22:38:56.000,1.217400,1.217700,D
173442111,EUR/USD,2005-07-31 22:38:57.000,1.217500,1.217800,D
173442124,EUR/USD,2005-07-31 22:38:58.000,1.217400,1.217700,D
173442177,EUR/USD,2005-07-31 22:39:13.000,1.217500,1.217800,D
173442189,EUR/USD,2005-07-31 22:39:16.000,1.217600,1.217900,D
173442198,EUR/USD,2005-07-31 22:39:18.000,1.217700,1.218000,D
173442209,EUR/USD,2005-07-31 22:39:20.000,1.217800,1.218100,D
173442216,EUR/USD,2005-07-31 22:39:21.000,1.217900,1.218200,D
173442222,EUR/USD,2005-07-31 22:39:21.000,1.218000,1.218300,D
173442238,EUR/USD,2005-07-31 22:39:23.000,1.218100,1.218400,D
173442268,EUR/USD,2005-07-31 22:39:26.000,1.218000,1.218300,D
173442292,EUR/USD,2005-07-31 22:39:31.000,1.218100,1.218400,D
173442320,EUR/USD,2005-07-31 22:39:36.000,1.218000,1.218300,D
173442323,EUR/USD,2005-07-31 22:39:36.000,1.218200,1.218500,D
173442327,EUR/USD,2005-07-31 22:39:36.000,1.218100,1.218400,D
173442329,EUR/USD,2005-07-31 22:39:37.000,1.218000,1.218300,D
173442340,EUR/USD,2005-07-31 22:39:39.000,1.218100,1.218400,D
173442370,EUR/USD,2005-07-31 22:39:48.000,1.218000,1.218300,D
173442378,EUR/USD,2005-07-31 22:39:49.000,1.217900,1.218200,D
173442403,EUR/USD,2005-07-31 22:39:52.000,1.217800,1.218100,D
173442415,EUR/USD,2005-07-31 22:39:55.000,1.217700,1.218000,D
173442426,EUR/USD,2005-07-31 22:39:55.000,1.217800,1.218100,D
173442487,EUR/USD,2005-07-31 22:40:06.000,1.217900,1.218200,D
173442490,EUR/USD,2005-07-31 22:40:06.000,1.218000,1.218300,D
173442522,EUR/USD,2005-07-31 22:40:15.000,1.218100,1.218400,D
173442530,EUR/USD,2005-07-31 22:40:17.000,1.218000,1.218300,D
173442541,EUR/USD,2005-07-31 22:40:17.000,1.217900,1.218200,D
173442544,EUR/USD,2005-07-31 22:40:18.000,1.217800,1.218100,D
173442547,EUR/USD,2005-07-31 22:40:18.000,1.217900,1.218200,D
173442554,EUR/USD,2005-07-31 22:40:18.000,1.218000,1.218300,D
173442566,EUR/USD,2005-07-31 22:40:20.000,1.217900,1.218200,D
173442601,EUR/USD,2005-07-31 22:40:29.000,1.217800,1.218100,D
173442650,EUR/USD,2005-07-31 22:40:46.000,1.217700,1.218000,D
173442707,EUR/USD,2005-07-31 22:41:01.000,1.217600,1.217900,D
173442722,EUR/USD,2005-07-31 22:41:05.000,1.217700,1.218000,D
173442724,EUR/USD,2005-07-31 22:41:05.000,1.217600,1.217900,D
173442768,EUR/USD,2005-07-31 22:41:19.000,1.217500,1.217800,D
173442774,EUR/USD,2005-07-31 22:41:27.000,1.217400,1.217700,D
173442790,EUR/USD,2005-07-31 22:41:39.000,1.217500,1.217800,D
173442798,EUR/USD,2005-07-31 22:41:42.000,1.217400,1.217700,D
173442830,EUR/USD,2005-07-31 22:41:47.000,1.217500,1.217800,D
173442846,EUR/USD,2005-07-31 22:41:52.000,1.217600,1.217900,D
173442927,EUR/USD,2005-07-31 22:42:26.000,1.217700,1.218000,D
173442987,EUR/USD,2005-07-31 22:42:37.000,1.217600,1.217900,D
173442999,EUR/USD,2005-07-31 22:42:41.000,1.217700,1.218000,D
173443006,EUR/USD,2005-07-31 22:42:44.000,1.217800,1.218100,D
173443062,EUR/USD,2005-07-31 22:42:56.000,1.217900,1.218200,D
173443082,EUR/USD,2005-07-31 22:43:01.000,1.218000,1.218300,D
173443088,EUR/USD,2005-07-31 22:43:03.000,1.217900,1.218200,D
173443091,EUR/USD,2005-07-31 22:43:04.000,1.218000,1.218300,D
173443099,EUR/USD,2005-07-31 22:43:08.000,1.218100,1.218400,D
173443106,EUR/USD,2005-07-31 22:43:09.000,1.218000,1.218300,D
173443112,EUR/USD,2005-07-31 22:43:10.000,1.218100,1.218400,D
173443118,EUR/USD,2005-07-31 22:43:11.000,1.218000,1.218300,D
173443119,EUR/USD,2005-07-31 22:43:11.000,1.218100,1.218400,D
173443133,EUR/USD,2005-07-31 22:43:15.000,1.218000,1.218300,D
173443162,EUR/USD,2005-07-31 22:43:31.000,1.218100,1.218400,D
173443183,EUR/USD,2005-07-31 22:43:37.000,1.218000,1.218300,D
173443188,EUR/USD,2005-07-31 22:43:38.000,1.218100,1.218400,D
173443193,EUR/USD,2005-07-31 22:43:40.000,1.218000,1.218300,D
173443200,EUR/USD,2005-07-31 22:43:41.000,1.218100,1.218400,D
173443216,EUR/USD,2005-07-31 22:43:47.000,1.218000,1.218300,D
173443272,EUR/USD,2005-07-31 22:44:11.000,1.218100,1.218400,D
173443278,EUR/USD,2005-07-31 22:44:14.000,1.218000,1.218300,D
173443309,EUR/USD,2005-07-31 22:44:29.000,1.217900,1.218200,D
173443311,EUR/USD,2005-07-31 22:44:29.000,1.218000,1.218300,D
173443333,EUR/USD,2005-07-31 22:44:38.000,1.217900,1.218200,D
173443365,EUR/USD,2005-07-31 22:44:48.000,1.217800,1.218100,D
173443388,EUR/USD,2005-07-31 22:44:55.000,1.217700,1.218000,D
173443401,EUR/USD,2005-07-31 22:44:56.000,1.217600,1.217900,D
173443410,EUR/USD,2005-07-31 22:44:58.000,1.217500,1.217800,D
173443414,EUR/USD,2005-07-31 22:44:58.000,1.217600,1.217900,D
173443425,EUR/USD,2005-07-31 22:45:01.000,1.217500,1.217800,D
173443467,EUR/USD,2005-07-31 22:45:10.000,1.217600,1.217900,D
173443491,EUR/USD,2005-07-31 22:45:15.000,1.217500,1.217800,D
173443493,EUR/USD,2005-07-31 22:45:15.000,1.217600,1.217900,D
173443569,EUR/USD,2005-07-31 22:45:38.000,1.217500,1.217800,D
173443575,EUR/USD,2005-07-31 22:45:40.000,1.217600,1.217900,D
173443635,EUR/USD,2005-07-31 22:46:02.000,1.217500,1.217800,D
173443647,EUR/USD,2005-07-31 22:46:10.000,1.217600,1.217900,D
173443660,EUR/USD,2005-07-31 22:46:16.000,1.217500,1.217800,D
173443665,EUR/USD,2005-07-31 22:46:18.000,1.217600,1.217900,D
173443675,EUR/USD,2005-07-31 22:46:20.000,1.217500,1.217800,D
173443679,EUR/USD,2005-07-31 22:46:20.000,1.217600,1.217900,D
173443691,EUR/USD,2005-07-31 22:46:23.000,1.217500,1.217800,D
173443693,EUR/USD,2005-07-31 22:46:24.000,1.217600,1.217900,D
173443698,EUR/USD,2005-07-31 22:46:25.000,1.217500,1.217800,D
173443702,EUR/USD,2005-07-31 22:46:26.000,1.217600,1.217900,D
173443744,EUR/USD,2005-07-31 22:46:59.000,1.217500,1.217800,D
173443773,EUR/USD,2005-07-31 22:47:08.000,1.217600,1.217900,D
173443794,EUR/USD,2005-07-31 22:47:26.000,1.217500,1.217800,D
173443804,EUR/USD,2005-07-31 22:47:36.000,1.217600,1.217900,D
173443836,EUR/USD,2005-07-31 22:47:50.000,1.217500,1.217800,D
173443841,EUR/USD,2005-07-31 22:47:52.000,1.217600,1.217900,D
173443849,EUR/USD,2005-07-31 22:47:54.000,1.217500,1.217800,D
173443857,EUR/USD,2005-07-31 22:48:00.000,1.217400,1.217700,D
173443906,EUR/USD,2005-07-31 22:48:33.000,1.217300,1.217600,D
173443938,EUR/USD,2005-07-31 22:48:47.000,1.217400,1.217700,D
173443943,EUR/USD,2005-07-31 22:48:49.000,1.217300,1.217600,D
173443969,EUR/USD,2005-07-31 22:49:03.000,1.217400,1.217700,D
173444031,EUR/USD,2005-07-31 22:49:51.000,1.217300,1.217600,D
173444050,EUR/USD,2005-07-31 22:49:59.000,1.217400,1.217700,D
173444054,EUR/USD,2005-07-31 22:50:02.000,1.217300,1.217600,D
173444077,EUR/USD,2005-07-31 22:50:16.000,1.217400,1.217700,D
173444104,EUR/USD,2005-07-31 22:50:51.000,1.217500,1.217800,D
173444122,EUR/USD,2005-07-31 22:50:57.000,1.217400,1.217700,D
173444128,EUR/USD,2005-07-31 22:50:59.000,1.217500,1.217800,D
173444149,EUR/USD,2005-07-31 22:51:15.000,1.217400,1.217700,D
173444181,EUR/USD,2005-07-31 22:51:47.000,1.217500,1.217800,D
173444248,EUR/USD,2005-07-31 22:52:15.000,1.217600,1.217900,D
173444257,EUR/USD,2005-07-31 22:52:19.000,1.217500,1.217800,D
173444261,EUR/USD,2005-07-31 22:52:22.000,1.217600,1.217900,D
173444331,EUR/USD,2005-07-31 22:53:22.000,1.217500,1.217800,D
173444337,EUR/USD,2005-07-31 22:53:31.000,1.217600,1.217900,D
173444425,EUR/USD,2005-07-31 22:54:33.000,1.217700,1.218000,D
173444431,EUR/USD,2005-07-31 22:54:35.000,1.217800,1.218100,D
173444438,EUR/USD,2005-07-31 22:54:36.000,1.217700,1.218000,D
173444442,EUR/USD,2005-07-31 22:54:37.000,1.217800,1.218100,D
173444453,EUR/USD,2005-07-31 22:54:43.000,1.217700,1.218000,D
173444467,EUR/USD,2005-07-31 22:54:45.000,1.217800,1.218100,D
173444486,EUR/USD,2005-07-31 22:54:55.000,1.217700,1.218000,D
173444498,EUR/USD,2005-07-31 22:54:58.000,1.217800,1.218100,D
173444507,EUR/USD,2005-07-31 22:55:00.000,1.217900,1.218200,D
173444510,EUR/USD,2005-07-31 22:55:01.000,1.217800,1.218100,D
173444514,EUR/USD,2005-07-31 22:55:01.000,1.217700,1.218000,D
173444515,EUR/USD,2005-07-31 22:55:01.000,1.217800,1.218100,D
173444520,EUR/USD,2005-07-31 22:55:02.000,1.217900,1.218200,D
173444530,EUR/USD,2005-07-31 22:55:03.000,1.217800,1.218100,D
173444535,EUR/USD,2005-07-31 22:55:06.000,1.217900,1.218200,D
173444543,EUR/USD,2005-07-31 22:55:10.000,1.217800,1.218100,D
173444547,EUR/USD,2005-07-31 22:55:10.000,1.217700,1.218000,D
173444610,EUR/USD,2005-07-31 22:55:45.000,1.217600,1.217900,D
173444621,EUR/USD,2005-07-31 22:56:01.000,1.217700,1.218000,D
173444629,EUR/USD,2005-07-31 22:56:08.000,1.217800,1.218100,D
173444649,EUR/USD,2005-07-31 22:56:13.000,1.217700,1.218000,D
173444658,EUR/USD,2005-07-31 22:56:13.000,1.217800,1.218100,D
173444675,EUR/USD,2005-07-31 22:56:17.000,1.217700,1.218000,D
173444679,EUR/USD,2005-07-31 22:56:18.000,1.217800,1.218100,D
173444696,EUR/USD,2005-07-31 22:56:29.000,1.217900,1.218200,D
173444699,EUR/USD,2005-07-31 22:56:30.000,1.218000,1.218300,D
173444715,EUR/USD,2005-07-31 22:56:39.000,1.218100,1.218400,D
173444754,EUR/USD,2005-07-31 22:56:52.000,1.218000,1.218300,D
173444756,EUR/USD,2005-07-31 22:56:53.000,1.218100,1.218400,D
173444763,EUR/USD,2005-07-31 22:56:56.000,1.218000,1.218300,D
173444800,EUR/USD,2005-07-31 22:57:15.000,1.217900,1.218200,D
173444803,EUR/USD,2005-07-31 22:57:15.000,1.218000,1.218300,D
173444806,EUR/USD,2005-07-31 22:57:20.000,1.217900,1.218200,D
173444812,EUR/USD,2005-07-31 22:57:22.000,1.218000,1.218300,D
173444819,EUR/USD,2005-07-31 22:57:25.000,1.217900,1.218200,D
173444821,EUR/USD,2005-07-31 22:57:26.000,1.218000,1.218300,D
173444838,EUR/USD,2005-07-31 22:57:33.000,1.217900,1.218200,D
173444841,EUR/USD,2005-07-31 22:57:35.000,1.217800,1.218100,D
173444848,EUR/USD,2005-07-31 22:57:45.000,1.217900,1.218200,D
173444853,EUR/USD,2005-07-31 22:57:46.000,1.217800,1.218100,D
173444867,EUR/USD,2005-07-31 22:57:52.000,1.217900,1.218200,D
173444882,EUR/USD,2005-07-31 22:57:54.000,1.217800,1.218100,D
173444980,EUR/USD,2005-07-31 22:59:15.000,1.217700,1.218000,D
173444983,EUR/USD,2005-07-31 22:59:15.000,1.217600,1.217900,D
173445013,EUR/USD,2005-07-31 22:59:26.000,1.217500,1.217800,D
173445019,EUR/USD,2005-07-31 22:59:27.000,1.217600,1.217900,D
173445025,EUR/USD,2005-07-31 22:59:29.000,1.217700,1.218000,D
173445033,EUR/USD,2005-07-31 22:59:30.000,1.217600,1.217900,D
173445070,EUR/USD,2005-07-31 22:59:43.000,1.217500,1.217800,D
173445090,EUR/USD,2005-07-31 22:59:51.000,1.217400,1.217700,D
173445140,EUR/USD,2005-07-31 23:00:09.000,1.217300,1.217600,D
173445198,EUR/USD,2005-07-31 23:00:34.000,1.217400,1.217700,D
173445245,EUR/USD,2005-07-31 23:01:18.000,1.217300,1.217600,D
173445250,EUR/USD,2005-07-31 23:01:20.000,1.217400,1.217700,D
173445261,EUR/USD,2005-07-31 23:01:21.000,1.217300,1.217600,D
173445264,EUR/USD,2005-07-31 23:01:21.000,1.217400,1.217700,D
173445278,EUR/USD,2005-07-31 23:01:28.000,1.217300,1.217600,D
173445285,EUR/USD,2005-07-31 23:01:29.000,1.217400,1.217700,D
173445316,EUR/USD,2005-07-31 23:01:33.000,1.217300,1.217600,D
173445324,EUR/USD,2005-07-31 23:01:37.000,1.217400,1.217700,D
173445330,EUR/USD,2005-07-31 23:01:38.000,1.217300,1.217600,D
173445338,EUR/USD,2005-07-31 23:01:42.000,1.217400,1.217700,D
173445346,EUR/USD,2005-07-31 23:01:45.000,1.217300,1.217600,D
173445353,EUR/USD,2005-07-31 23:01:49.000,1.217400,1.217700,D
173445358,EUR/USD,2005-07-31 23:01:56.000,1.217300,1.217600,D
173445359,EUR/USD,2005-07-31 23:01:58.000,1.217400,1.217700,D
173445373,EUR/USD,2005-07-31 23:02:26.000,1.217500,1.217800,D
173445380,EUR/USD,2005-07-31 23:02:28.000,1.217400,1.217700,D
173445397,EUR/USD,2005-07-31 23:02:31.000,1.217500,1.217800,D
173445404,EUR/USD,2005-07-31 23:02:32.000,1.217600,1.217900,D
173445437,EUR/USD,2005-07-31 23:02:35.000,1.217500,1.217800,D
173445498,EUR/USD,2005-07-31 23:02:58.000,1.217600,1.217900,D
173445593,EUR/USD,2005-07-31 23:03:46.000,1.217700,1.218000,D
173445689,EUR/USD,2005-07-31 23:05:09.000,1.217800,1.218100,D
173445690,EUR/USD,2005-07-31 23:05:09.000,1.217700,1.218000,D
173445726,EUR/USD,2005-07-31 23:05:32.000,1.217800,1.218100,D
173445758,EUR/USD,2005-07-31 23:05:40.000,1.217900,1.218200,D
173445770,EUR/USD,2005-07-31 23:05:42.000,1.218000,1.218300,D
173445773,EUR/USD,2005-07-31 23:05:42.000,1.217900,1.218200,D
173445775,EUR/USD,2005-07-31 23:05:43.000,1.217800,1.218100,D
173445791,EUR/USD,2005-07-31 23:05:51.000,1.217900,1.218200,D
173445794,EUR/USD,2005-07-31 23:05:54.000,1.218000,1.218300,D
173445817,EUR/USD,2005-07-31 23:06:06.000,1.218100,1.218400,D
173445830,EUR/USD,2005-07-31 23:06:09.000,1.218200,1.218500,D
173445834,EUR/USD,2005-07-31 23:06:09.000,1.218300,1.218600,D
173445837,EUR/USD,2005-07-31 23:06:10.000,1.218200,1.218500,D
173445838,EUR/USD,2005-07-31 23:06:10.000,1.218100,1.218400,D
173445851,EUR/USD,2005-07-31 23:06:21.000,1.218200,1.218500,D
173445856,EUR/USD,2005-07-31 23:06:31.000,1.218100,1.218400,D
173445857,EUR/USD,2005-07-31 23:06:32.000,1.218200,1.218500,D
173445858,EUR/USD,2005-07-31 23:06:32.000,1.218100,1.218400,D
173445859,EUR/USD,2005-07-31 23:06:33.000,1.218000,1.218300,D
173445862,EUR/USD,2005-07-31 23:06:34.000,1.218100,1.218400,D
173445873,EUR/USD,2005-07-31 23:06:47.000,1.218000,1.218300,D
173445951,EUR/USD,2005-07-31 23:07:32.000,1.218100,1.218400,D
173445979,EUR/USD,2005-07-31 23:07:56.000,1.218200,1.218500,D
173446002,EUR/USD,2005-07-31 23:08:14.000,1.218100,1.218400,D
173446057,EUR/USD,2005-07-31 23:09:18.000,1.218200,1.218500,D
173446058,EUR/USD,2005-07-31 23:09:18.000,1.218100,1.218400,D
173446079,EUR/USD,2005-07-31 23:09:29.000,1.218200,1.218500,D
173446080,EUR/USD,2005-07-31 23:09:29.000,1.218100,1.218400,D
173446103,EUR/USD,2005-07-31 23:09:49.000,1.218200,1.218500,D
173446110,EUR/USD,2005-07-31 23:09:51.000,1.218300,1.218600,D
173446111,EUR/USD,2005-07-31 23:09:53.000,1.218200,1.218500,D
173446112,EUR/USD,2005-07-31 23:09:54.000,1.218100,1.218400,D
173446136,EUR/USD,2005-07-31 23:10:05.000,1.218200,1.218500,D
173446187,EUR/USD,2005-07-31 23:10:15.000,1.218300,1.218600,D
173446204,EUR/USD,2005-07-31 23:10:22.000,1.218400,1.218700,D
173446208,EUR/USD,2005-07-31 23:10:22.000,1.218300,1.218600,D
173446216,EUR/USD,2005-07-31 23:10:23.000,1.218200,1.218500,D
173446221,EUR/USD,2005-07-31 23:10:26.000,1.218300,1.218600,D
173446236,EUR/USD,2005-07-31 23:10:31.000,1.218400,1.218700,D
173446252,EUR/USD,2005-07-31 23:10:36.000,1.218500,1.218800,D
173446271,EUR/USD,2005-07-31 23:10:42.000,1.218400,1.218700,D
173446272,EUR/USD,2005-07-31 23:10:43.000,1.218300,1.218600,D
173446281,EUR/USD,2005-07-31 23:10:44.000,1.218400,1.218700,D
173446287,EUR/USD,2005-07-31 23:10:45.000,1.218300,1.218600,D
173446321,EUR/USD,2005-07-31 23:11:07.000,1.218400,1.218700,D
173446475,EUR/USD,2005-07-31 23:12:07.000,1.218300,1.218600,D
173446525,EUR/USD,2005-07-31 23:12:31.000,1.218200,1.218500,D
173446554,EUR/USD,2005-07-31 23:12:41.000,1.218100,1.218400,D
173446587,EUR/USD,2005-07-31 23:12:50.000,1.218200,1.218500,D
173446592,EUR/USD,2005-07-31 23:12:52.000,1.218100,1.218400,D
173446667,EUR/USD,2005-07-31 23:13:21.000,1.218000,1.218300,D
173446675,EUR/USD,2005-07-31 23:13:22.000,1.218100,1.218400,D
173446705,EUR/USD,2005-07-31 23:13:32.000,1.218000,1.218300,D
173446729,EUR/USD,2005-07-31 23:13:40.000,1.217900,1.218200,D
173446735,EUR/USD,2005-07-31 23:13:41.000,1.218000,1.218300,D
173446847,EUR/USD,2005-07-31 23:14:16.000,1.217900,1.218200,D
173446850,EUR/USD,2005-07-31 23:14:16.000,1.218000,1.218300,D
173446857,EUR/USD,2005-07-31 23:14:17.000,1.217900,1.218200,D
173446931,EUR/USD,2005-07-31 23:14:35.000,1.217800,1.218100,D
173446940,EUR/USD,2005-07-31 23:14:38.000,1.217900,1.218200,D
173446947,EUR/USD,2005-07-31 23:14:38.000,1.217800,1.218100,D
173446952,EUR/USD,2005-07-31 23:14:39.000,1.217900,1.218200,D
173446958,EUR/USD,2005-07-31 23:14:40.000,1.218000,1.218300,D
173446974,EUR/USD,2005-07-31 23:14:45.000,1.217900,1.218200,D
173446995,EUR/USD,2005-07-31 23:14:54.000,1.218000,1.218300,D
173447003,EUR/USD,2005-07-31 23:14:57.000,1.217900,1.218200,D
173447009,EUR/USD,2005-07-31 23:15:00.000,1.218000,1.218300,D
173447012,EUR/USD,2005-07-31 23:15:00.000,1.217900,1.218200,D
173447024,EUR/USD,2005-07-31 23:15:05.000,1.217800,1.218100,D
173447032,EUR/USD,2005-07-31 23:15:07.000,1.217900,1.218200,D
173447039,EUR/USD,2005-07-31 23:15:08.000,1.217800,1.218100,D
173447045,EUR/USD,2005-07-31 23:15:09.000,1.217900,1.218200,D
173447079,EUR/USD,2005-07-31 23:15:25.000,1.218000,1.218300,D
173447162,EUR/USD,2005-07-31 23:15:41.000,1.218100,1.218400,D
173447192,EUR/USD,2005-07-31 23:16:02.000,1.218000,1.218300,D
173447196,EUR/USD,2005-07-31 23:16:05.000,1.218100,1.218400,D
173447200,EUR/USD,2005-07-31 23:16:10.000,1.218000,1.218300,D
173447212,EUR/USD,2005-07-31 23:16:12.000,1.218100,1.218400,D
173447228,EUR/USD,2005-07-31 23:16:15.000,1.218000,1.218300,D
173447241,EUR/USD,2005-07-31 23:16:19.000,1.218100,1.218400,D
173447420,EUR/USD,2005-07-31 23:17:55.000,1.218000,1.218300,D
173447435,EUR/USD,2005-07-31 23:17:58.000,1.217900,1.218200,D
173447443,EUR/USD,2005-07-31 23:17:59.000,1.218000,1.218300,D
173447450,EUR/USD,2005-07-31 23:18:01.000,1.217900,1.218200,D
173447471,EUR/USD,2005-07-31 23:18:04.000,1.218000,1.218300,D
173447498,EUR/USD,2005-07-31 23:18:08.000,1.217900,1.218200,D
173447521,EUR/USD,2005-07-31 23:18:11.000,1.217800,1.218100,D
173447531,EUR/USD,2005-07-31 23:18:12.000,1.217900,1.218200,D
173447549,EUR/USD,2005-07-31 23:18:13.000,1.217800,1.218100,D
173447559,EUR/USD,2005-07-31 23:18:14.000,1.217900,1.218200,D
173447565,EUR/USD,2005-07-31 23:18:16.000,1.217800,1.218100,D
173447578,EUR/USD,2005-07-31 23:18:17.000,1.217900,1.218200,D
173447587,EUR/USD,2005-07-31 23:18:19.000,1.218000,1.218300,D
173447594,EUR/USD,2005-07-31 23:18:20.000,1.217900,1.218200,D
173447599,EUR/USD,2005-07-31 23:18:20.000,1.217800,1.218100,D
173447605,EUR/USD,2005-07-31 23:18:22.000,1.217900,1.218200,D
173447615,EUR/USD,2005-07-31 23:18:22.000,1.218000,1.218300,D
173447632,EUR/USD,2005-07-31 23:18:26.000,1.217900,1.218200,D
173447665,EUR/USD,2005-07-31 23:18:41.000,1.217800,1.218100,D
173447672,EUR/USD,2005-07-31 23:18:42.000,1.217900,1.218200,D
173447688,EUR/USD,2005-07-31 23:18:45.000,1.217800,1.218100,D
173447700,EUR/USD,2005-07-31 23:18:51.000,1.217900,1.218200,D
173447712,EUR/USD,2005-07-31 23:18:56.000,1.217800,1.218100,D
173447738,EUR/USD,2005-07-31 23:19:06.000,1.217900,1.218200,D
173447807,EUR/USD,2005-07-31 23:19:57.000,1.217800,1.218100,D
173447824,EUR/USD,2005-07-31 23:19:59.000,1.217700,1.218000,D
173447862,EUR/USD,2005-07-31 23:20:16.000,1.217600,1.217900,D
173447865,EUR/USD,2005-07-31 23:20:16.000,1.217700,1.218000,D
173448044,EUR/USD,2005-07-31 23:21:42.000,1.217600,1.217900,D
173448048,EUR/USD,2005-07-31 23:21:45.000,1.217700,1.218000,D
173448063,EUR/USD,2005-07-31 23:21:49.000,1.217800,1.218100,D
173448071,EUR/USD,2005-07-31 23:21:50.000,1.217900,1.218200,D
173448078,EUR/USD,2005-07-31 23:21:51.000,1.217800,1.218100,D
173448081,EUR/USD,2005-07-31 23:21:52.000,1.217700,1.218000,D
173448088,EUR/USD,2005-07-31 23:21:54.000,1.217800,1.218100,D
173448094,EUR/USD,2005-07-31 23:21:54.000,1.217900,1.218200,D
173448098,EUR/USD,2005-07-31 23:21:54.000,1.217800,1.218100,D
173448100,EUR/USD,2005-07-31 23:21:55.000,1.217700,1.218000,D
173448143,EUR/USD,2005-07-31 23:22:05.000,1.217600,1.217900,D
173448166,EUR/USD,2005-07-31 23:22:16.000,1.217700,1.218000,D
173448175,EUR/USD,2005-07-31 23:22:20.000,1.217600,1.217900,D
173448198,EUR/USD,2005-07-31 23:22:36.000,1.217500,1.217800,D
173448204,EUR/USD,2005-07-31 23:22:39.000,1.217600,1.217900,D
173448264,EUR/USD,2005-07-31 23:23:16.000,1.217500,1.217800,D
173448306,EUR/USD,2005-07-31 23:23:54.000,1.217600,1.217900,D
173448381,EUR/USD,2005-07-31 23:25:00.000,1.217500,1.217800,D
173448427,EUR/USD,2005-07-31 23:25:22.000,1.217400,1.217700,D
173448434,EUR/USD,2005-07-31 23:25:22.000,1.217500,1.217800,D
173448442,EUR/USD,2005-07-31 23:25:24.000,1.217400,1.217700,D
173448465,EUR/USD,2005-07-31 23:25:53.000,1.217300,1.217600,D
173448494,EUR/USD,2005-07-31 23:26:03.000,1.217200,1.217500,D
173448505,EUR/USD,2005-07-31 23:26:06.000,1.217300,1.217600,D
173448513,EUR/USD,2005-07-31 23:26:09.000,1.217200,1.217500,D
173448521,EUR/USD,2005-07-31 23:26:11.000,1.217300,1.217600,D
173448534,EUR/USD,2005-07-31 23:26:13.000,1.217400,1.217700,D
173448539,EUR/USD,2005-07-31 23:26:14.000,1.217300,1.217600,D
173448607,EUR/USD,2005-07-31 23:27:08.000,1.217200,1.217500,D
173448613,EUR/USD,2005-07-31 23:27:12.000,1.217300,1.217600,D
173448640,EUR/USD,2005-07-31 23:27:24.000,1.217400,1.217700,D
173448673,EUR/USD,2005-07-31 23:28:01.000,1.217500,1.217800,D
173448709,EUR/USD,2005-07-31 23:28:23.000,1.217600,1.217900,D
173448841,EUR/USD,2005-07-31 23:29:56.000,1.217700,1.218000,D
173448846,EUR/USD,2005-07-31 23:29:59.000,1.217600,1.217900,D
173448848,EUR/USD,2005-07-31 23:30:00.000,1.217700,1.218000,D
173448852,EUR/USD,2005-07-31 23:30:01.000,1.217600,1.217900,D
173448865,EUR/USD,2005-07-31 23:30:05.000,1.217700,1.218000,D
173448867,EUR/USD,2005-07-31 23:30:06.000,1.217600,1.217900,D
173448876,EUR/USD,2005-07-31 23:30:21.000,1.217700,1.218000,D
173448882,EUR/USD,2005-07-31 23:30:24.000,1.217600,1.217900,D
173448889,EUR/USD,2005-07-31 23:30:28.000,1.217700,1.218000,D
173448930,EUR/USD,2005-07-31 23:30:55.000,1.217800,1.218100,D
173448955,EUR/USD,2005-07-31 23:31:02.000,1.217900,1.218200,D
173448982,EUR/USD,2005-07-31 23:31:17.000,1.217800,1.218100,D
173448994,EUR/USD,2005-07-31 23:31:19.000,1.217700,1.218000,D
173448998,EUR/USD,2005-07-31 23:31:20.000,1.217800,1.218100,D
173449005,EUR/USD,2005-07-31 23:31:21.000,1.217700,1.218000,D
173449013,EUR/USD,2005-07-31 23:31:23.000,1.217800,1.218100,D
173449024,EUR/USD,2005-07-31 23:31:33.000,1.217700,1.218000,D
173449035,EUR/USD,2005-07-31 23:31:50.000,1.217600,1.217900,D
173449044,EUR/USD,2005-07-31 23:31:52.000,1.217700,1.218000,D
173449130,EUR/USD,2005-07-31 23:33:16.000,1.217600,1.217900,D
173449141,EUR/USD,2005-07-31 23:33:37.000,1.217700,1.218000,D
173449158,EUR/USD,2005-07-31 23:34:01.000,1.217600,1.217900,D
173449162,EUR/USD,2005-07-31 23:34:02.000,1.217700,1.218000,D
173449172,EUR/USD,2005-07-31 23:34:27.000,1.217600,1.217900,D
173449181,EUR/USD,2005-07-31 23:34:33.000,1.217700,1.218000,D
173449185,EUR/USD,2005-07-31 23:34:37.000,1.217600,1.217900,D
173449189,EUR/USD,2005-07-31 23:34:42.000,1.217700,1.218000,D
173449222,EUR/USD,2005-07-31 23:35:20.000,1.217600,1.217900,D
173449264,EUR/USD,2005-07-31 23:35:49.000,1.217700,1.218000,D
173449300,EUR/USD,2005-07-31 23:35:59.000,1.217800,1.218100,D
173449342,EUR/USD,2005-07-31 23:36:07.000,1.217900,1.218200,D
173449353,EUR/USD,2005-07-31 23:36:12.000,1.217800,1.218100,D
173449360,EUR/USD,2005-07-31 23:36:18.000,1.217700,1.218000,D
173449363,EUR/USD,2005-07-31 23:36:19.000,1.217800,1.218100,D
173449374,EUR/USD,2005-07-31 23:36:25.000,1.217700,1.218000,D
173449384,EUR/USD,2005-07-31 23:36:27.000,1.217800,1.218100,D
173449403,EUR/USD,2005-07-31 23:36:40.000,1.217900,1.218200,D
173449460,EUR/USD,2005-07-31 23:37:19.000,1.217800,1.218100,D
173449501,EUR/USD,2005-07-31 23:37:31.000,1.217700,1.218000,D
173449546,EUR/USD,2005-07-31 23:38:00.000,1.217800,1.218100,D
173449550,EUR/USD,2005-07-31 23:38:06.000,1.217700,1.218000,D
173449553,EUR/USD,2005-07-31 23:38:09.000,1.217800,1.218100,D
173449565,EUR/USD,2005-07-31 23:38:11.000,1.217900,1.218200,D
173449566,EUR/USD,2005-07-31 23:38:13.000,1.217800,1.218100,D
173449579,EUR/USD,2005-07-31 23:38:18.000,1.217900,1.218200,D
173449615,EUR/USD,2005-07-31 23:38:31.000,1.217800,1.218100,D
173449630,EUR/USD,2005-07-31 23:38:37.000,1.217900,1.218200,D
173449643,EUR/USD,2005-07-31 23:38:43.000,1.217800,1.218100,D
173449681,EUR/USD,2005-07-31 23:39:04.000,1.217700,1.218000,D
173449688,EUR/USD,2005-07-31 23:39:06.000,1.217800,1.218100,D
173449738,EUR/USD,2005-07-31 23:40:01.000,1.217900,1.218200,D
173449878,EUR/USD,2005-07-31 23:41:10.000,1.217800,1.218100,D
173449950,EUR/USD,2005-07-31 23:41:53.000,1.217900,1.218200,D
173449952,EUR/USD,2005-07-31 23:41:55.000,1.217800,1.218100,D
173449970,EUR/USD,2005-07-31 23:42:14.000,1.217700,1.218000,D
173449975,EUR/USD,2005-07-31 23:42:15.000,1.217800,1.218100,D
173449980,EUR/USD,2005-07-31 23:42:16.000,1.217900,1.218200,D
173449986,EUR/USD,2005-07-31 23:42:18.000,1.217800,1.218100,D
173449997,EUR/USD,2005-07-31 23:42:23.000,1.217900,1.218200,D
173450015,EUR/USD,2005-07-31 23:42:36.000,1.217800,1.218100,D
173450023,EUR/USD,2005-07-31 23:42:45.000,1.217900,1.218200,D
173450025,EUR/USD,2005-07-31 23:42:49.000,1.217800,1.218100,D
173450050,EUR/USD,2005-07-31 23:43:37.000,1.217700,1.218000,D
173450135,EUR/USD,2005-07-31 23:44:36.000,1.217600,1.217900,D
173450172,EUR/USD,2005-07-31 23:44:42.000,1.217700,1.218000,D
173450192,EUR/USD,2005-07-31 23:44:57.000,1.217600,1.217900,D
173450201,EUR/USD,2005-07-31 23:45:08.000,1.217700,1.218000,D
173450233,EUR/USD,2005-07-31 23:45:30.000,1.217800,1.218100,D
173450237,EUR/USD,2005-07-31 23:45:35.000,1.217700,1.218000,D
173450349,EUR/USD,2005-07-31 23:46:29.000,1.217800,1.218100,D
173450366,EUR/USD,2005-07-31 23:46:33.000,1.217700,1.218000,D
173450372,EUR/USD,2005-07-31 23:46:35.000,1.217800,1.218100,D
173450387,EUR/USD,2005-07-31 23:46:51.000,1.217700,1.218000,D
173450392,EUR/USD,2005-07-31 23:46:52.000,1.217800,1.218100,D
173450409,EUR/USD,2005-07-31 23:47:02.000,1.217700,1.218000,D
173450420,EUR/USD,2005-07-31 23:47:08.000,1.217800,1.218100,D
173450422,EUR/USD,2005-07-31 23:47:09.000,1.217700,1.218000,D
173450426,EUR/USD,2005-07-31 23:47:18.000,1.217800,1.218100,D
173450453,EUR/USD,2005-07-31 23:48:02.000,1.217900,1.218200,D
173450457,EUR/USD,2005-07-31 23:48:04.000,1.217800,1.218100,D
173450470,EUR/USD,2005-07-31 23:48:14.000,1.217900,1.218200,D
173450493,EUR/USD,2005-07-31 23:48:24.000,1.217800,1.218100,D
173450499,EUR/USD,2005-07-31 23:48:27.000,1.217900,1.218200,D
173450509,EUR/USD,2005-07-31 23:48:36.000,1.217800,1.218100,D
173450518,EUR/USD,2005-07-31 23:48:39.000,1.217900,1.218200,D
173450532,EUR/USD,2005-07-31 23:48:57.000,1.217800,1.218100,D
173450538,EUR/USD,2005-07-31 23:49:02.000,1.217900,1.218200,D
173450570,EUR/USD,2005-07-31 23:49:22.000,1.218000,1.218300,D
173450580,EUR/USD,2005-07-31 23:49:36.000,1.217900,1.218200,D
173450594,EUR/USD,2005-07-31 23:49:41.000,1.218000,1.218300,D
173450598,EUR/USD,2005-07-31 23:49:42.000,1.217900,1.218200,D
173450615,EUR/USD,2005-07-31 23:50:03.000,1.218000,1.218300,D
173450639,EUR/USD,2005-07-31 23:50:13.000,1.217900,1.218200,D
173450649,EUR/USD,2005-07-31 23:50:18.000,1.217800,1.218100,D
173450657,EUR/USD,2005-07-31 23:50:19.000,1.217900,1.218200,D
173450666,EUR/USD,2005-07-31 23:50:21.000,1.218000,1.218300,D
173450667,EUR/USD,2005-07-31 23:50:21.000,1.217900,1.218200,D
173450689,EUR/USD,2005-07-31 23:51:09.000,1.217800,1.218100,D
173450761,EUR/USD,2005-07-31 23:52:31.000,1.217900,1.218200,D
173450776,EUR/USD,2005-07-31 23:52:35.000,1.218000,1.218300,D
173450779,EUR/USD,2005-07-31 23:52:37.000,1.217900,1.218200,D
173450789,EUR/USD,2005-07-31 23:52:41.000,1.218000,1.218300,D
173450806,EUR/USD,2005-07-31 23:53:05.000,1.217900,1.218200,D
173450809,EUR/USD,2005-07-31 23:53:06.000,1.218000,1.218300,D
173450814,EUR/USD,2005-07-31 23:53:10.000,1.217900,1.218200,D
173450820,EUR/USD,2005-07-31 23:53:17.000,1.218000,1.218300,D
173450831,EUR/USD,2005-07-31 23:53:21.000,1.217900,1.218200,D
173450851,EUR/USD,2005-07-31 23:53:39.000,1.218000,1.218300,D
173450867,EUR/USD,2005-07-31 23:54:04.000,1.218100,1.218400,D
173450945,EUR/USD,2005-07-31 23:55:12.000,1.218000,1.218300,D
173450949,EUR/USD,2005-07-31 23:55:14.000,1.218100,1.218400,D
173450952,EUR/USD,2005-07-31 23:55:16.000,1.218000,1.218300,D
173450990,EUR/USD,2005-07-31 23:55:40.000,1.218100,1.218400,D
173451070,EUR/USD,2005-07-31 23:56:27.000,1.218000,1.218300,D
173451079,EUR/USD,2005-07-31 23:56:28.000,1.218100,1.218400,D
173451084,EUR/USD,2005-07-31 23:56:33.000,1.218000,1.218300,D
173451104,EUR/USD,2005-07-31 23:57:07.000,1.218100,1.218400,D
173451111,EUR/USD,2005-07-31 23:57:30.000,1.218200,1.218500,D
173451121,EUR/USD,2005-07-31 23:57:35.000,1.218100,1.218400,D
173451130,EUR/USD,2005-07-31 23:57:39.000,1.218200,1.218500,D
173451152,EUR/USD,2005-07-31 23:58:16.000,1.218100,1.218400,D
173451224,EUR/USD,2005-08-01 00:00:13.000,1.218000,1.218300,D
173451291,EUR/USD,2005-08-01 00:02:38.000,1.217900,1.218200,D
173451292,EUR/USD,2005-08-01 00:02:39.000,1.217800,1.218100,D
173451301,EUR/USD,2005-08-01 00:02:40.000,1.217900,1.218200,D
173451328,EUR/USD,2005-08-01 00:02:55.000,1.218000,1.218300,D
173451349,EUR/USD,2005-08-01 00:03:07.000,1.217900,1.218200,D
173451354,EUR/USD,2005-08-01 00:03:09.000,1.218000,1.218300,D
173451373,EUR/USD,2005-08-01 00:03:31.000,1.217900,1.218200,D
173451378,EUR/USD,2005-08-01 00:03:35.000,1.218000,1.218300,D
173451386,EUR/USD,2005-08-01 00:03:54.000,1.217900,1.218200,D
173451390,EUR/USD,2005-08-01 00:03:56.000,1.218000,1.218300,D
173451398,EUR/USD,2005-08-01 00:04:01.000,1.218100,1.218400,D
173451399,EUR/USD,2005-08-01 00:04:01.000,1.218000,1.218300,D
173451405,EUR/USD,2005-08-01 00:04:05.000,1.218100,1.218400,D
173451408,EUR/USD,2005-08-01 00:04:06.000,1.218200,1.218500,D
173451411,EUR/USD,2005-08-01 00:04:08.000,1.218100,1.218400,D
173451486,EUR/USD,2005-08-01 00:05:27.000,1.218200,1.218500,D
173451501,EUR/USD,2005-08-01 00:05:58.000,1.218300,1.218600,D
173451511,EUR/USD,2005-08-01 00:06:23.000,1.218400,1.218700,D
173451522,EUR/USD,2005-08-01 00:06:30.000,1.218300,1.218600,D
173451528,EUR/USD,2005-08-01 00:06:33.000,1.218400,1.218700,D
173451529,EUR/USD,2005-08-01 00:06:33.000,1.218500,1.218800,D
173451531,EUR/USD,2005-08-01 00:06:37.000,1.218600,1.218900,D
173451543,EUR/USD,2005-08-01 00:06:56.000,1.218500,1.218800,D
173451547,EUR/USD,2005-08-01 00:07:08.000,1.218400,1.218700,D
173451590,EUR/USD,2005-08-01 00:07:39.000,1.218500,1.218800,D
173451596,EUR/USD,2005-08-01 00:07:44.000,1.218400,1.218700,D
173451600,EUR/USD,2005-08-01 00:07:47.000,1.218500,1.218800,D
173451684,EUR/USD,2005-08-01 00:09:50.000,1.218600,1.218900,D
173451774,EUR/USD,2005-08-01 00:12:28.000,1.218500,1.218800,D
173451787,EUR/USD,2005-08-01 00:12:32.000,1.218400,1.218700,D
173451808,EUR/USD,2005-08-01 00:12:36.000,1.218300,1.218600,D
173451812,EUR/USD,2005-08-01 00:12:40.000,1.218400,1.218700,D
173451821,EUR/USD,2005-08-01 00:12:42.000,1.218300,1.218600,D
173451824,EUR/USD,2005-08-01 00:12:43.000,1.218400,1.218700,D
173451840,EUR/USD,2005-08-01 00:12:46.000,1.218300,1.218600,D
173451852,EUR/USD,2005-08-01 00:12:52.000,1.218200,1.218500,D
173451861,EUR/USD,2005-08-01 00:12:55.000,1.218300,1.218600,D
173451864,EUR/USD,2005-08-01 00:12:55.000,1.218400,1.218700,D
173451889,EUR/USD,2005-08-01 00:13:09.000,1.218500,1.218800,D
173451895,EUR/USD,2005-08-01 00:13:11.000,1.218600,1.218900,D
173451902,EUR/USD,2005-08-01 00:13:13.000,1.218500,1.218800,D
173451927,EUR/USD,2005-08-01 00:13:31.000,1.218600,1.218900,D
173451983,EUR/USD,2005-08-01 00:15:39.000,1.218500,1.218800,D
173452001,EUR/USD,2005-08-01 00:16:01.000,1.218400,1.218700,D
173452008,EUR/USD,2005-08-01 00:16:07.000,1.218500,1.218800,D
173452011,EUR/USD,2005-08-01 00:16:08.000,1.218600,1.218900,D
173452019,EUR/USD,2005-08-01 00:16:12.000,1.218500,1.218800,D
173452044,EUR/USD,2005-08-01 00:16:38.000,1.218400,1.218700,D
173452055,EUR/USD,2005-08-01 00:17:11.000,1.218300,1.218600,D
173452058,EUR/USD,2005-08-01 00:17:15.000,1.218400,1.218700,D
173452093,EUR/USD,2005-08-01 00:17:45.000,1.218500,1.218800,D
173452114,EUR/USD,2005-08-01 00:18:08.000,1.218400,1.218700,D
173452119,EUR/USD,2005-08-01 00:18:10.000,1.218500,1.218800,D
173452132,EUR/USD,2005-08-01 00:18:19.000,1.218400,1.218700,D
173452148,EUR/USD,2005-08-01 00:19:38.000,1.218300,1.218600,D
173452156,EUR/USD,2005-08-01 00:19:42.000,1.218400,1.218700,D
173452180,EUR/USD,2005-08-01 00:20:11.000,1.218300,1.218600,D
173452187,EUR/USD,2005-08-01 00:20:14.000,1.218400,1.218700,D
173452191,EUR/USD,2005-08-01 00:20:16.000,1.218300,1.218600,D
173452200,EUR/USD,2005-08-01 00:20:28.000,1.218200,1.218500,D
173452205,EUR/USD,2005-08-01 00:20:29.000,1.218300,1.218600,D
173452210,EUR/USD,2005-08-01 00:20:30.000,1.218200,1.218500,D
173452219,EUR/USD,2005-08-01 00:20:46.000,1.218100,1.218400,D
173452252,EUR/USD,2005-08-01 00:20:58.000,1.218200,1.218500,D
173452256,EUR/USD,2005-08-01 00:20:59.000,1.218100,1.218400,D
173452263,EUR/USD,2005-08-01 00:20:59.000,1.218000,1.218300,D
173452281,EUR/USD,2005-08-01 00:21:05.000,1.217900,1.218200,D
173452285,EUR/USD,2005-08-01 00:21:06.000,1.218000,1.218300,D
173452295,EUR/USD,2005-08-01 00:21:08.000,1.218100,1.218400,D
173452304,EUR/USD,2005-08-01 00:21:11.000,1.218000,1.218300,D
173452312,EUR/USD,2005-08-01 00:21:15.000,1.218100,1.218400,D
173452333,EUR/USD,2005-08-01 00:21:23.000,1.218000,1.218300,D
173452344,EUR/USD,2005-08-01 00:21:29.000,1.218100,1.218400,D
173452349,EUR/USD,2005-08-01 00:21:33.000,1.218000,1.218300,D
173452386,EUR/USD,2005-08-01 00:22:23.000,1.218100,1.218400,D
173452393,EUR/USD,2005-08-01 00:22:30.000,1.218000,1.218300,D
173452413,EUR/USD,2005-08-01 00:23:33.000,1.218100,1.218400,D
173452422,EUR/USD,2005-08-01 00:23:40.000,1.218000,1.218300,D
173452441,EUR/USD,2005-08-01 00:24:51.000,1.217900,1.218200,D
173452455,EUR/USD,2005-08-01 00:25:38.000,1.218000,1.218300,D
173452463,EUR/USD,2005-08-01 00:25:49.000,1.218100,1.218400,D
173452468,EUR/USD,2005-08-01 00:25:55.000,1.218000,1.218300,D
173452481,EUR/USD,2005-08-01 00:26:12.000,1.218100,1.218400,D
173452506,EUR/USD,2005-08-01 00:26:52.000,1.218200,1.218500,D
173452516,EUR/USD,2005-08-01 00:26:54.000,1.218100,1.218400,D
173452521,EUR/USD,2005-08-01 00:26:56.000,1.218200,1.218500,D
173452524,EUR/USD,2005-08-01 00:26:57.000,1.218100,1.218400,D
173452562,EUR/USD,2005-08-01 00:28:45.000,1.218200,1.218500,D
173452570,EUR/USD,2005-08-01 00:28:47.000,1.218300,1.218600,D
173452577,EUR/USD,2005-08-01 00:28:48.000,1.218200,1.218500,D
173452591,EUR/USD,2005-08-01 00:28:59.000,1.218300,1.218600,D
173452610,EUR/USD,2005-08-01 00:29:28.000,1.218200,1.218500,D
173452624,EUR/USD,2005-08-01 00:29:39.000,1.218300,1.218600,D
173452723,EUR/USD,2005-08-01 00:32:03.000,1.218200,1.218500,D
173452724,EUR/USD,2005-08-01 00:32:03.000,1.218100,1.218400,D
173452736,EUR/USD,2005-08-01 00:32:07.000,1.218200,1.218500,D
173452760,EUR/USD,2005-08-01 00:32:21.000,1.218300,1.218600,D
173452764,EUR/USD,2005-08-01 00:32:23.000,1.218200,1.218500,D
173452767,EUR/USD,2005-08-01 00:32:23.000,1.218100,1.218400,D
173452775,EUR/USD,2005-08-01 00:32:28.000,1.218200,1.218500,D
173452777,EUR/USD,2005-08-01 00:32:29.000,1.218100,1.218400,D
173452786,EUR/USD,2005-08-01 00:32:34.000,1.218000,1.218300,D
173452797,EUR/USD,2005-08-01 00:32:39.000,1.218100,1.218400,D
173452815,EUR/USD,2005-08-01 00:32:44.000,1.218000,1.218300,D
173452821,EUR/USD,2005-08-01 00:32:49.000,1.218100,1.218400,D
173452830,EUR/USD,2005-08-01 00:32:55.000,1.218200,1.218500,D
173452834,EUR/USD,2005-08-01 00:32:56.000,1.218100,1.218400,D
173452838,EUR/USD,2005-08-01 00:32:56.000,1.218000,1.218300,D
173452843,EUR/USD,2005-08-01 00:32:57.000,1.218100,1.218400,D
173452847,EUR/USD,2005-08-01 00:32:57.000,1.218200,1.218500,D
173452853,EUR/USD,2005-08-01 00:32:58.000,1.218100,1.218400,D
173452880,EUR/USD,2005-08-01 00:33:10.000,1.218000,1.218300,D
173452889,EUR/USD,2005-08-01 00:33:14.000,1.218100,1.218400,D
173452901,EUR/USD,2005-08-01 00:33:27.000,1.218200,1.218500,D
173452917,EUR/USD,2005-08-01 00:33:36.000,1.218100,1.218400,D
173452933,EUR/USD,2005-08-01 00:33:44.000,1.218200,1.218500,D
173452954,EUR/USD,2005-08-01 00:34:09.000,1.218100,1.218400,D
173452967,EUR/USD,2005-08-01 00:34:25.000,1.218200,1.218500,D
173452978,EUR/USD,2005-08-01 00:34:45.000,1.218300,1.218600,D
173452995,EUR/USD,2005-08-01 00:34:49.000,1.218200,1.218500,D
173453003,EUR/USD,2005-08-01 00:34:52.000,1.218300,1.218600,D
173453012,EUR/USD,2005-08-01 00:34:57.000,1.218400,1.218700,D
173453017,EUR/USD,2005-08-01 00:34:59.000,1.218500,1.218800,D
173453024,EUR/USD,2005-08-01 00:35:01.000,1.218400,1.218700,D
173453033,EUR/USD,2005-08-01 00:35:02.000,1.218300,1.218600,D
173453043,EUR/USD,2005-08-01 00:35:07.000,1.218400,1.218700,D
173453051,EUR/USD,2005-08-01 00:35:10.000,1.218500,1.218800,D
173453060,EUR/USD,2005-08-01 00:35:12.000,1.218400,1.218700,D
173453068,EUR/USD,2005-08-01 00:35:14.000,1.218500,1.218800,D
173453085,EUR/USD,2005-08-01 00:35:17.000,1.218600,1.218900,D
173453105,EUR/USD,2005-08-01 00:35:23.000,1.218500,1.218800,D
173453125,EUR/USD,2005-08-01 00:35:34.000,1.218400,1.218700,D
173453129,EUR/USD,2005-08-01 00:35:34.000,1.218300,1.218600,D
173453140,EUR/USD,2005-08-01 00:35:37.000,1.218400,1.218700,D
173453147,EUR/USD,2005-08-01 00:35:38.000,1.218500,1.218800,D
173453151,EUR/USD,2005-08-01 00:35:42.000,1.218400,1.218700,D
173453158,EUR/USD,2005-08-01 00:35:45.000,1.218500,1.218800,D
173453181,EUR/USD,2005-08-01 00:35:55.000,1.218400,1.218700,D
173453192,EUR/USD,2005-08-01 00:35:57.000,1.218500,1.218800,D
173453252,EUR/USD,2005-08-01 00:36:34.000,1.218600,1.218900,D
173453265,EUR/USD,2005-08-01 00:36:38.000,1.218500,1.218800,D
173453284,EUR/USD,2005-08-01 00:36:52.000,1.218600,1.218900,D
173453323,EUR/USD,2005-08-01 00:37:00.000,1.218500,1.218800,D
173453348,EUR/USD,2005-08-01 00:37:18.000,1.218600,1.218900,D
173453391,EUR/USD,2005-08-01 00:37:28.000,1.218500,1.218800,D
173453413,EUR/USD,2005-08-01 00:37:33.000,1.218600,1.218900,D
173453462,EUR/USD,2005-08-01 00:37:55.000,1.218700,1.219000,D
173453467,EUR/USD,2005-08-01 00:37:56.000,1.218600,1.218900,D
173453504,EUR/USD,2005-08-01 00:38:09.000,1.218700,1.219000,D
173453537,EUR/USD,2005-08-01 00:38:19.000,1.218600,1.218900,D
173453555,EUR/USD,2005-08-01 00:38:29.000,1.218700,1.219000,D
173453563,EUR/USD,2005-08-01 00:38:39.000,1.218600,1.218900,D
173453609,EUR/USD,2005-08-01 00:39:04.000,1.218500,1.218800,D
173453638,EUR/USD,2005-08-01 00:39:20.000,1.218400,1.218700,D
173453641,EUR/USD,2005-08-01 00:39:22.000,1.218500,1.218800,D
173453666,EUR/USD,2005-08-01 00:39:42.000,1.218400,1.218700,D
173453669,EUR/USD,2005-08-01 00:39:44.000,1.218500,1.218800,D
173453675,EUR/USD,2005-08-01 00:39:46.000,1.218400,1.218700,D
173453681,EUR/USD,2005-08-01 00:39:48.000,1.218500,1.218800,D
173453713,EUR/USD,2005-08-01 00:39:58.000,1.218400,1.218700,D
173453860,EUR/USD,2005-08-01 00:41:21.000,1.218300,1.218600,D
173453931,EUR/USD,2005-08-01 00:42:01.000,1.218400,1.218700,D
173453970,EUR/USD,2005-08-01 00:42:29.000,1.218300,1.218600,D
173454006,EUR/USD,2005-08-01 00:42:55.000,1.218400,1.218700,D
173454009,EUR/USD,2005-08-01 00:42:56.000,1.218300,1.218600,D
173454010,EUR/USD,2005-08-01 00:42:56.000,1.218200,1.218500,D
173454056,EUR/USD,2005-08-01 00:43:26.000,1.218300,1.218600,D
173454064,EUR/USD,2005-08-01 00:43:26.000,1.218400,1.218700,D
173454098,EUR/USD,2005-08-01 00:44:14.000,1.218500,1.218800,D
173454127,EUR/USD,2005-08-01 00:44:51.000,1.218400,1.218700,D
173454134,EUR/USD,2005-08-01 00:45:00.000,1.218500,1.218800,D
173454153,EUR/USD,2005-08-01 00:45:25.000,1.218400,1.218700,D
173454157,EUR/USD,2005-08-01 00:45:27.000,1.218500,1.218800,D
173454179,EUR/USD,2005-08-01 00:45:33.000,1.218400,1.218700,D
173454184,EUR/USD,2005-08-01 00:45:36.000,1.218500,1.218800,D
173454191,EUR/USD,2005-08-01 00:45:37.000,1.218600,1.218900,D
173454199,EUR/USD,2005-08-01 00:45:41.000,1.218700,1.219000,D
173454235,EUR/USD,2005-08-01 00:45:46.000,1.218800,1.219100,D
173454244,EUR/USD,2005-08-01 00:45:49.000,1.218700,1.219000,D
173454257,EUR/USD,2005-08-01 00:45:51.000,1.218600,1.218900,D
173454261,EUR/USD,2005-08-01 00:45:52.000,1.218700,1.219000,D
173454275,EUR/USD,2005-08-01 00:45:54.000,1.218800,1.219100,D
173454314,EUR/USD,2005-08-01 00:46:28.000,1.218700,1.219000,D
173454317,EUR/USD,2005-08-01 00:46:37.000,1.218800,1.219100,D
173454327,EUR/USD,2005-08-01 00:46:42.000,1.218900,1.219200,D
173454333,EUR/USD,2005-08-01 00:46:46.000,1.218800,1.219100,D
173454343,EUR/USD,2005-08-01 00:46:47.000,1.218700,1.219000,D
173454346,EUR/USD,2005-08-01 00:46:48.000,1.218600,1.218900,D
173454375,EUR/USD,2005-08-01 00:46:52.000,1.218700,1.219000,D
173454377,EUR/USD,2005-08-01 00:46:52.000,1.218600,1.218900,D
173454394,EUR/USD,2005-08-01 00:46:56.000,1.218700,1.219000,D
173454396,EUR/USD,2005-08-01 00:46:56.000,1.218600,1.218900,D
173454408,EUR/USD,2005-08-01 00:47:10.000,1.218500,1.218800,D
173454422,EUR/USD,2005-08-01 00:47:12.000,1.218400,1.218700,D
173454428,EUR/USD,2005-08-01 00:47:13.000,1.218500,1.218800,D
173454437,EUR/USD,2005-08-01 00:47:13.000,1.218600,1.218900,D
173454445,EUR/USD,2005-08-01 00:47:19.000,1.218500,1.218800,D
173454452,EUR/USD,2005-08-01 00:47:23.000,1.218600,1.218900,D
173454469,EUR/USD,2005-08-01 00:47:26.000,1.218500,1.218800,D
173454486,EUR/USD,2005-08-01 00:47:44.000,1.218400,1.218700,D
173454491,EUR/USD,2005-08-01 00:47:45.000,1.218500,1.218800,D
173454523,EUR/USD,2005-08-01 00:48:07.000,1.218400,1.218700,D
173454538,EUR/USD,2005-08-01 00:48:08.000,1.218500,1.218800,D
173454554,EUR/USD,2005-08-01 00:48:11.000,1.218400,1.218700,D
173454583,EUR/USD,2005-08-01 00:48:31.000,1.218500,1.218800,D
173454607,EUR/USD,2005-08-01 00:48:35.000,1.218600,1.218900,D
173454635,EUR/USD,2005-08-01 00:48:44.000,1.218500,1.218800,D
173454641,EUR/USD,2005-08-01 00:48:50.000,1.218600,1.218900,D
173454676,EUR/USD,2005-08-01 00:49:35.000,1.218500,1.218800,D
173454756,EUR/USD,2005-08-01 00:50:14.000,1.218600,1.218900,D
173454853,EUR/USD,2005-08-01 00:51:21.000,1.218500,1.218800,D
173454860,EUR/USD,2005-08-01 00:51:23.000,1.218600,1.218900,D
173454861,EUR/USD,2005-08-01 00:51:26.000,1.218500,1.218800,D
173454879,EUR/USD,2005-08-01 00:51:37.000,1.218400,1.218700,D
173454918,EUR/USD,2005-08-01 00:52:12.000,1.218300,1.218600,D
173454935,EUR/USD,2005-08-01 00:52:19.000,1.218400,1.218700,D
173454947,EUR/USD,2005-08-01 00:52:22.000,1.218300,1.218600,D
173454954,EUR/USD,2005-08-01 00:52:22.000,1.218400,1.218700,D
173454985,EUR/USD,2005-08-01 00:52:40.000,1.218300,1.218600,D
173455027,EUR/USD,2005-08-01 00:53:00.000,1.218400,1.218700,D
173455059,EUR/USD,2005-08-01 00:53:16.000,1.218300,1.218600,D
173455068,EUR/USD,2005-08-01 00:53:18.000,1.218400,1.218700,D
173455109,EUR/USD,2005-08-01 00:53:36.000,1.218500,1.218800,D
173455160,EUR/USD,2005-08-01 00:54:26.000,1.218400,1.218700,D
173455179,EUR/USD,2005-08-01 00:54:48.000,1.218500,1.218800,D
173455456,EUR/USD,2005-08-01 01:02:39.000,1.218400,1.218700,D
173455487,EUR/USD,2005-08-01 01:02:49.000,1.218500,1.218800,D
173455500,EUR/USD,2005-08-01 01:02:54.000,1.218400,1.218700,D
173455565,EUR/USD,2005-08-01 01:03:45.000,1.218300,1.218600,D
173455577,EUR/USD,2005-08-01 01:04:00.000,1.218400,1.218700,D
173455585,EUR/USD,2005-08-01 01:04:18.000,1.218300,1.218600,D
173455590,EUR/USD,2005-08-01 01:04:21.000,1.218400,1.218700,D
173455598,EUR/USD,2005-08-01 01:04:30.000,1.218500,1.218800,D
173455655,EUR/USD,2005-08-01 01:05:05.000,1.218400,1.218700,D
173455669,EUR/USD,2005-08-01 01:05:09.000,1.218500,1.218800,D
173455681,EUR/USD,2005-08-01 01:05:12.000,1.218400,1.218700,D
173455707,EUR/USD,2005-08-01 01:05:20.000,1.218500,1.218800,D
173455724,EUR/USD,2005-08-01 01:05:31.000,1.218400,1.218700,D
173455796,EUR/USD,2005-08-01 01:06:38.000,1.218500,1.218800,D
173455834,EUR/USD,2005-08-01 01:07:19.000,1.218400,1.218700,D
173455982,EUR/USD,2005-08-01 01:10:15.000,1.218300,1.218600,D
173455984,EUR/USD,2005-08-01 01:10:16.000,1.218400,1.218700,D
173455991,EUR/USD,2005-08-01 01:10:18.000,1.218300,1.218600,D
173456053,EUR/USD,2005-08-01 01:11:19.000,1.218400,1.218700,D
173456056,EUR/USD,2005-08-01 01:11:20.000,1.218300,1.218600,D
173456119,EUR/USD,2005-08-01 01:13:55.000,1.218200,1.218500,D
173456124,EUR/USD,2005-08-01 01:13:57.000,1.218300,1.218600,D
173456127,EUR/USD,2005-08-01 01:14:01.000,1.218200,1.218500,D
173456131,EUR/USD,2005-08-01 01:14:04.000,1.218300,1.218600,D
173456138,EUR/USD,2005-08-01 01:14:06.000,1.218200,1.218500,D
173456153,EUR/USD,2005-08-01 01:14:15.000,1.218300,1.218600,D
173456159,EUR/USD,2005-08-01 01:14:18.000,1.218200,1.218500,D
173456190,EUR/USD,2005-08-01 01:14:37.000,1.218100,1.218400,D
173456194,EUR/USD,2005-08-01 01:14:38.000,1.218200,1.218500,D
173456201,EUR/USD,2005-08-01 01:14:41.000,1.218100,1.218400,D
173456208,EUR/USD,2005-08-01 01:14:43.000,1.218200,1.218500,D
173456232,EUR/USD,2005-08-01 01:14:58.000,1.218300,1.218600,D
173456238,EUR/USD,2005-08-01 01:15:02.000,1.218200,1.218500,D
173456247,EUR/USD,2005-08-01 01:15:10.000,1.218300,1.218600,D
173456254,EUR/USD,2005-08-01 01:15:13.000,1.218200,1.218500,D
173456258,EUR/USD,2005-08-01 01:15:13.000,1.218300,1.218600,D
173456270,EUR/USD,2005-08-01 01:15:18.000,1.218200,1.218500,D
173456288,EUR/USD,2005-08-01 01:15:52.000,1.218100,1.218400,D
173456321,EUR/USD,2005-08-01 01:16:27.000,1.218200,1.218500,D
173456322,EUR/USD,2005-08-01 01:16:27.000,1.218300,1.218600,D
173456342,EUR/USD,2005-08-01 01:16:32.000,1.218200,1.218500,D
173456347,EUR/USD,2005-08-01 01:16:55.000,1.218300,1.218600,D
173456403,EUR/USD,2005-08-01 01:17:51.000,1.218400,1.218700,D
173456404,EUR/USD,2005-08-01 01:17:53.000,1.218300,1.218600,D
173456480,EUR/USD,2005-08-01 01:20:01.000,1.218200,1.218500,D
173456483,EUR/USD,2005-08-01 01:20:04.000,1.218300,1.218600,D
173456573,EUR/USD,2005-08-01 01:21:53.000,1.218200,1.218500,D
173456577,EUR/USD,2005-08-01 01:21:54.000,1.218300,1.218600,D
173456578,EUR/USD,2005-08-01 01:21:55.000,1.218400,1.218700,D
173456587,EUR/USD,2005-08-01 01:21:55.000,1.218300,1.218600,D
173456599,EUR/USD,2005-08-01 01:22:01.000,1.218200,1.218500,D
173456606,EUR/USD,2005-08-01 01:22:03.000,1.218300,1.218600,D
173456620,EUR/USD,2005-08-01 01:22:05.000,1.218200,1.218500,D
173456655,EUR/USD,2005-08-01 01:22:28.000,1.218300,1.218600,D
173456660,EUR/USD,2005-08-01 01:22:30.000,1.218200,1.218500,D
173456673,EUR/USD,2005-08-01 01:22:33.000,1.218300,1.218600,D
173456680,EUR/USD,2005-08-01 01:22:34.000,1.218200,1.218500,D
173456684,EUR/USD,2005-08-01 01:22:34.000,1.218100,1.218400,D
173456706,EUR/USD,2005-08-01 01:22:46.000,1.218000,1.218300,D
173456715,EUR/USD,2005-08-01 01:22:49.000,1.218100,1.218400,D
173456728,EUR/USD,2005-08-01 01:22:54.000,1.218000,1.218300,D
173456740,EUR/USD,2005-08-01 01:23:00.000,1.218100,1.218400,D
173456750,EUR/USD,2005-08-01 01:23:11.000,1.218000,1.218300,D
173456769,EUR/USD,2005-08-01 01:23:17.000,1.218100,1.218400,D
173456782,EUR/USD,2005-08-01 01:23:21.000,1.218000,1.218300,D
173456819,EUR/USD,2005-08-01 01:23:55.000,1.218100,1.218400,D
173456823,EUR/USD,2005-08-01 01:23:56.000,1.218000,1.218300,D
173456826,EUR/USD,2005-08-01 01:23:56.000,1.217900,1.218200,D
173456843,EUR/USD,2005-08-01 01:23:59.000,1.218000,1.218300,D
173456851,EUR/USD,2005-08-01 01:24:01.000,1.217900,1.218200,D
173456857,EUR/USD,2005-08-01 01:24:03.000,1.218000,1.218300,D
173456866,EUR/USD,2005-08-01 01:24:07.000,1.218100,1.218400,D
173456872,EUR/USD,2005-08-01 01:24:08.000,1.218000,1.218300,D
173456875,EUR/USD,2005-08-01 01:24:09.000,1.217900,1.218200,D
173456881,EUR/USD,2005-08-01 01:24:13.000,1.218000,1.218300,D
173456893,EUR/USD,2005-08-01 01:24:16.000,1.217900,1.218200,D
173456897,EUR/USD,2005-08-01 01:24:22.000,1.218000,1.218300,D
173456901,EUR/USD,2005-08-01 01:24:22.000,1.217900,1.218200,D
173456939,EUR/USD,2005-08-01 01:24:47.000,1.217800,1.218100,D
173456971,EUR/USD,2005-08-01 01:25:08.000,1.217700,1.218000,D
173456979,EUR/USD,2005-08-01 01:25:10.000,1.217800,1.218100,D
173456996,EUR/USD,2005-08-01 01:25:15.000,1.217700,1.218000,D
173457003,EUR/USD,2005-08-01 01:25:16.000,1.217800,1.218100,D
173457012,EUR/USD,2005-08-01 01:25:17.000,1.217700,1.218000,D
173457024,EUR/USD,2005-08-01 01:25:22.000,1.217800,1.218100,D
173457029,EUR/USD,2005-08-01 01:25:22.000,1.217700,1.218000,D
173457044,EUR/USD,2005-08-01 01:25:31.000,1.217600,1.217900,D
173457049,EUR/USD,2005-08-01 01:25:33.000,1.217700,1.218000,D
173457060,EUR/USD,2005-08-01 01:25:49.000,1.217600,1.217900,D
173457067,EUR/USD,2005-08-01 01:25:55.000,1.217700,1.218000,D
173457073,EUR/USD,2005-08-01 01:25:59.000,1.217600,1.217900,D
173457077,EUR/USD,2005-08-01 01:26:03.000,1.217700,1.218000,D
173457085,EUR/USD,2005-08-01 01:26:14.000,1.217800,1.218100,D
173457100,EUR/USD,2005-08-01 01:26:17.000,1.217700,1.218000,D
173457108,EUR/USD,2005-08-01 01:26:19.000,1.217800,1.218100,D
173457110,EUR/USD,2005-08-01 01:26:19.000,1.217700,1.218000,D
173457123,EUR/USD,2005-08-01 01:26:27.000,1.217600,1.217900,D
173457129,EUR/USD,2005-08-01 01:26:31.000,1.217700,1.218000,D
173457146,EUR/USD,2005-08-01 01:26:38.000,1.217600,1.217900,D
173457181,EUR/USD,2005-08-01 01:26:55.000,1.217700,1.218000,D
173457193,EUR/USD,2005-08-01 01:27:01.000,1.217600,1.217900,D
173457339,EUR/USD,2005-08-01 01:28:20.000,1.217700,1.218000,D
173457374,EUR/USD,2005-08-01 01:28:43.000,1.217600,1.217900,D
173457413,EUR/USD,2005-08-01 01:29:15.000,1.217500,1.217800,D
173457417,EUR/USD,2005-08-01 01:29:19.000,1.217600,1.217900,D
173457463,EUR/USD,2005-08-01 01:30:45.000,1.217500,1.217800,D
173457473,EUR/USD,2005-08-01 01:30:59.000,1.217600,1.217900,D
173457506,EUR/USD,2005-08-01 01:32:36.000,1.217700,1.218000,D
173457536,EUR/USD,2005-08-01 01:33:13.000,1.217800,1.218100,D
173457556,EUR/USD,2005-08-01 01:33:23.000,1.217700,1.218000,D
173457577,EUR/USD,2005-08-01 01:33:38.000,1.217800,1.218100,D
173457581,EUR/USD,2005-08-01 01:33:41.000,1.217700,1.218000,D
173457591,EUR/USD,2005-08-01 01:33:43.000,1.217800,1.218100,D
173457637,EUR/USD,2005-08-01 01:34:23.000,1.217900,1.218200,D
173457647,EUR/USD,2005-08-01 01:34:27.000,1.218000,1.218300,D
173457655,EUR/USD,2005-08-01 01:34:28.000,1.217900,1.218200,D
173457669,EUR/USD,2005-08-01 01:34:30.000,1.218000,1.218300,D
173457674,EUR/USD,2005-08-01 01:34:32.000,1.218100,1.218400,D
173457702,EUR/USD,2005-08-01 01:34:38.000,1.218000,1.218300,D
173457760,EUR/USD,2005-08-01 01:35:30.000,1.218100,1.218400,D
173457767,EUR/USD,2005-08-01 01:35:34.000,1.218000,1.218300,D
173457773,EUR/USD,2005-08-01 01:35:41.000,1.218100,1.218400,D
173457785,EUR/USD,2005-08-01 01:35:46.000,1.218000,1.218300,D
173457789,EUR/USD,2005-08-01 01:35:47.000,1.218100,1.218400,D
173457796,EUR/USD,2005-08-01 01:35:49.000,1.218000,1.218300,D
173457799,EUR/USD,2005-08-01 01:35:50.000,1.218100,1.218400,D
173457802,EUR/USD,2005-08-01 01:35:51.000,1.218000,1.218300,D
173457830,EUR/USD,2005-08-01 01:36:19.000,1.218100,1.218400,D
173457848,EUR/USD,2005-08-01 01:36:50.000,1.218200,1.218500,D
173457854,EUR/USD,2005-08-01 01:36:52.000,1.218100,1.218400,D
173457866,EUR/USD,2005-08-01 01:37:09.000,1.218200,1.218500,D
173457869,EUR/USD,2005-08-01 01:37:09.000,1.218100,1.218400,D
173457881,EUR/USD,2005-08-01 01:37:14.000,1.218200,1.218500,D
173457931,EUR/USD,2005-08-01 01:37:46.000,1.218300,1.218600,D
173457962,EUR/USD,2005-08-01 01:37:57.000,1.218200,1.218500,D
173457971,EUR/USD,2005-08-01 01:37:59.000,1.218300,1.218600,D
173458005,EUR/USD,2005-08-01 01:38:30.000,1.218200,1.218500,D
173458071,EUR/USD,2005-08-01 01:39:49.000,1.218100,1.218400,D
173458080,EUR/USD,2005-08-01 01:39:52.000,1.218200,1.218500,D
173458093,EUR/USD,2005-08-01 01:39:56.000,1.218100,1.218400,D
173458108,EUR/USD,2005-08-01 01:40:07.000,1.218000,1.218300,D
173458148,EUR/USD,2005-08-01 01:40:21.000,1.218100,1.218400,D
173458163,EUR/USD,2005-08-01 01:40:29.000,1.218000,1.218300,D
173458178,EUR/USD,2005-08-01 01:40:33.000,1.218100,1.218400,D
173458209,EUR/USD,2005-08-01 01:40:52.000,1.218200,1.218500,D
173458222,EUR/USD,2005-08-01 01:40:53.000,1.218100,1.218400,D
173458238,EUR/USD,2005-08-01 01:40:56.000,1.218200,1.218500,D
173458240,EUR/USD,2005-08-01 01:40:56.000,1.218300,1.218600,D
173458251,EUR/USD,2005-08-01 01:41:01.000,1.218200,1.218500,D
173458253,EUR/USD,2005-08-01 01:41:03.000,1.218100,1.218400,D
173458290,EUR/USD,2005-08-01 01:41:12.000,1.218000,1.218300,D
173458449,EUR/USD,2005-08-01 01:43:12.000,1.218100,1.218400,D
173458454,EUR/USD,2005-08-01 01:43:13.000,1.218000,1.218300,D
173458499,EUR/USD,2005-08-01 01:44:30.000,1.217900,1.218200,D
173458536,EUR/USD,2005-08-01 01:44:52.000,1.217800,1.218100,D
173458588,EUR/USD,2005-08-01 01:45:12.000,1.217900,1.218200,D
173458598,EUR/USD,2005-08-01 01:45:17.000,1.218000,1.218300,D
173458605,EUR/USD,2005-08-01 01:45:19.000,1.217900,1.218200,D
173458614,EUR/USD,2005-08-01 01:45:26.000,1.218000,1.218300,D
173458673,EUR/USD,2005-08-01 01:46:10.000,1.217900,1.218200,D
173458700,EUR/USD,2005-08-01 01:46:24.000,1.218000,1.218300,D
173458702,EUR/USD,2005-08-01 01:46:26.000,1.217900,1.218200,D
173458705,EUR/USD,2005-08-01 01:46:26.000,1.217800,1.218100,D
173458712,EUR/USD,2005-08-01 01:46:30.000,1.217700,1.218000,D
173458750,EUR/USD,2005-08-01 01:46:43.000,1.217800,1.218100,D
173458771,EUR/USD,2005-08-01 01:46:52.000,1.217900,1.218200,D
173458775,EUR/USD,2005-08-01 01:46:53.000,1.218000,1.218300,D
173458777,EUR/USD,2005-08-01 01:46:54.000,1.217900,1.218200,D
173458781,EUR/USD,2005-08-01 01:46:54.000,1.217800,1.218100,D
173458844,EUR/USD,2005-08-01 01:48:27.000,1.217700,1.218000,D
173458864,EUR/USD,2005-08-01 01:48:38.000,1.217800,1.218100,D
173459026,EUR/USD,2005-08-01 01:51:13.000,1.217700,1.218000,D
173459031,EUR/USD,2005-08-01 01:51:17.000,1.217800,1.218100,D
173459033,EUR/USD,2005-08-01 01:51:17.000,1.217700,1.218000,D
173459043,EUR/USD,2005-08-01 01:51:22.000,1.217800,1.218100,D
173459045,EUR/USD,2005-08-01 01:51:22.000,1.217700,1.218000,D
173459067,EUR/USD,2005-08-01 01:51:58.000,1.217800,1.218100,D
173459113,EUR/USD,2005-08-01 01:52:52.000,1.217700,1.218000,D
173459138,EUR/USD,2005-08-01 01:53:05.000,1.217800,1.218100,D
173459163,EUR/USD,2005-08-01 01:53:27.000,1.217700,1.218000,D
173459171,EUR/USD,2005-08-01 01:53:32.000,1.217800,1.218100,D
173459174,EUR/USD,2005-08-01 01:53:34.000,1.217700,1.218000,D
173459188,EUR/USD,2005-08-01 01:53:37.000,1.217800,1.218100,D
173459215,EUR/USD,2005-08-01 01:53:49.000,1.217700,1.218000,D
173459244,EUR/USD,2005-08-01 01:53:58.000,1.217800,1.218100,D
173459290,EUR/USD,2005-08-01 01:55:01.000,1.217700,1.218000,D
173459295,EUR/USD,2005-08-01 01:55:13.000,1.217600,1.217900,D
173459298,EUR/USD,2005-08-01 01:55:13.000,1.217500,1.217800,D
173459306,EUR/USD,2005-08-01 01:55:14.000,1.217700,1.218000,D
173459324,EUR/USD,2005-08-01 01:55:18.000,1.217600,1.217900,D
173459329,EUR/USD,2005-08-01 01:55:21.000,1.217500,1.217800,D
173459335,EUR/USD,2005-08-01 01:55:23.000,1.217600,1.217900,D
173459346,EUR/USD,2005-08-01 01:55:28.000,1.217500,1.217800,D
173459378,EUR/USD,2005-08-01 01:55:56.000,1.217600,1.217900,D
173459398,EUR/USD,2005-08-01 01:56:08.000,1.217500,1.217800,D
173459409,EUR/USD,2005-08-01 01:56:11.000,1.217600,1.217900,D
173459410,EUR/USD,2005-08-01 01:56:11.000,1.217500,1.217800,D
173459428,EUR/USD,2005-08-01 01:56:25.000,1.217400,1.217700,D
173459462,EUR/USD,2005-08-01 01:56:41.000,1.217300,1.217600,D
173459477,EUR/USD,2005-08-01 01:56:55.000,1.217400,1.217700,D
173459489,EUR/USD,2005-08-01 01:57:01.000,1.217500,1.217800,D
173459492,EUR/USD,2005-08-01 01:57:02.000,1.217600,1.217900,D
173459493,EUR/USD,2005-08-01 01:57:04.000,1.217500,1.217800,D
173459496,EUR/USD,2005-08-01 01:57:04.000,1.217400,1.217700,D
173459504,EUR/USD,2005-08-01 01:57:09.000,1.217500,1.217800,D
173459508,EUR/USD,2005-08-01 01:57:12.000,1.217400,1.217700,D
173459546,EUR/USD,2005-08-01 01:57:36.000,1.217500,1.217800,D
173459555,EUR/USD,2005-08-01 01:57:39.000,1.217400,1.217700,D
173459583,EUR/USD,2005-08-01 01:58:12.000,1.217300,1.217600,D
173459585,EUR/USD,2005-08-01 01:58:13.000,1.217400,1.217700,D
173459605,EUR/USD,2005-08-01 01:58:26.000,1.217500,1.217800,D
173459610,EUR/USD,2005-08-01 01:58:27.000,1.217400,1.217700,D
173459617,EUR/USD,2005-08-01 01:58:30.000,1.217500,1.217800,D
173459646,EUR/USD,2005-08-01 01:58:40.000,1.217400,1.217700,D
173459652,EUR/USD,2005-08-01 01:58:43.000,1.217500,1.217800,D
173459661,EUR/USD,2005-08-01 01:59:01.000,1.217600,1.217900,D
173459669,EUR/USD,2005-08-01 01:59:13.000,1.217700,1.218000,D
173459678,EUR/USD,2005-08-01 01:59:19.000,1.217800,1.218100,D
173459681,EUR/USD,2005-08-01 01:59:21.000,1.217700,1.218000,D
173459685,EUR/USD,2005-08-01 01:59:22.000,1.217800,1.218100,D
173459694,EUR/USD,2005-08-01 01:59:28.000,1.217900,1.218200,D
173459705,EUR/USD,2005-08-01 01:59:31.000,1.217800,1.218100,D
173459716,EUR/USD,2005-08-01 01:59:34.000,1.217900,1.218200,D
173459742,EUR/USD,2005-08-01 01:59:47.000,1.217800,1.218100,D
173459766,EUR/USD,2005-08-01 02:00:06.000,1.217900,1.218200,D
173459770,EUR/USD,2005-08-01 02:00:08.000,1.217800,1.218100,D
173459885,EUR/USD,2005-08-01 02:00:44.000,1.217900,1.218200,D
173459929,EUR/USD,2005-08-01 02:01:01.000,1.217800,1.218100,D
173459934,EUR/USD,2005-08-01 02:01:03.000,1.217900,1.218200,D
173459970,EUR/USD,2005-08-01 02:01:19.000,1.217800,1.218100,D
173459990,EUR/USD,2005-08-01 02:01:29.000,1.217900,1.218200,D
173460060,EUR/USD,2005-08-01 02:01:54.000,1.218000,1.218300,D
173460081,EUR/USD,2005-08-01 02:02:03.000,1.218100,1.218400,D
173460115,EUR/USD,2005-08-01 02:02:09.000,1.218000,1.218300,D
173460152,EUR/USD,2005-08-01 02:02:21.000,1.218100,1.218400,D
173460159,EUR/USD,2005-08-01 02:02:23.000,1.218200,1.218500,D
173460190,EUR/USD,2005-08-01 02:02:32.000,1.218300,1.218600,D
173460198,EUR/USD,2005-08-01 02:02:36.000,1.218200,1.218500,D
173460210,EUR/USD,2005-08-01 02:02:40.000,1.218300,1.218600,D
173460216,EUR/USD,2005-08-01 02:02:41.000,1.218200,1.218500,D
173460223,EUR/USD,2005-08-01 02:02:42.000,1.218300,1.218600,D
173460231,EUR/USD,2005-08-01 02:02:44.000,1.218200,1.218500,D
173460237,EUR/USD,2005-08-01 02:02:45.000,1.218300,1.218600,D
173460248,EUR/USD,2005-08-01 02:02:49.000,1.218200,1.218500,D
173460256,EUR/USD,2005-08-01 02:02:50.000,1.218300,1.218600,D
173460269,EUR/USD,2005-08-01 02:02:53.000,1.218200,1.218500,D
173460273,EUR/USD,2005-08-01 02:02:53.000,1.218300,1.218600,D
173460285,EUR/USD,2005-08-01 02:02:56.000,1.218200,1.218500,D
173460288,EUR/USD,2005-08-01 02:02:57.000,1.218300,1.218600,D
173460300,EUR/USD,2005-08-01 02:03:02.000,1.218400,1.218700,D
173460304,EUR/USD,2005-08-01 02:03:03.000,1.218300,1.218600,D
173460311,EUR/USD,2005-08-01 02:03:07.000,1.218400,1.218700,D
173460323,EUR/USD,2005-08-01 02:03:15.000,1.218300,1.218600,D
173460337,EUR/USD,2005-08-01 02:03:26.000,1.218200,1.218500,D
173460342,EUR/USD,2005-08-01 02:03:28.000,1.218300,1.218600,D
173460352,EUR/USD,2005-08-01 02:03:34.000,1.218200,1.218500,D
173460359,EUR/USD,2005-08-01 02:03:36.000,1.218300,1.218600,D
173460370,EUR/USD,2005-08-01 02:03:39.000,1.218400,1.218700,D
173460380,EUR/USD,2005-08-01 02:03:42.000,1.218500,1.218800,D
173460388,EUR/USD,2005-08-01 02:03:43.000,1.218400,1.218700,D
173460394,EUR/USD,2005-08-01 02:03:46.000,1.218500,1.218800,D
173460437,EUR/USD,2005-08-01 02:04:02.000,1.218400,1.218700,D
173460447,EUR/USD,2005-08-01 02:04:05.000,1.218500,1.218800,D
173460466,EUR/USD,2005-08-01 02:04:15.000,1.218400,1.218700,D
173460527,EUR/USD,2005-08-01 02:04:40.000,1.218300,1.218600,D
173460542,EUR/USD,2005-08-01 02:04:48.000,1.218200,1.218500,D
173460564,EUR/USD,2005-08-01 02:04:53.000,1.218100,1.218400,D
173460580,EUR/USD,2005-08-01 02:04:58.000,1.218200,1.218500,D
173460634,EUR/USD,2005-08-01 02:05:28.000,1.218100,1.218400,D
173460662,EUR/USD,2005-08-01 02:05:35.000,1.218200,1.218500,D
173460664,EUR/USD,2005-08-01 02:05:36.000,1.218100,1.218400,D
173460668,EUR/USD,2005-08-01 02:05:37.000,1.218200,1.218500,D
173460672,EUR/USD,2005-08-01 02:05:38.000,1.218100,1.218400,D
173460688,EUR/USD,2005-08-01 02:05:45.000,1.218000,1.218300,D
173460700,EUR/USD,2005-08-01 02:05:52.000,1.218100,1.218400,D
173460716,EUR/USD,2005-08-01 02:06:01.000,1.218200,1.218500,D
173460719,EUR/USD,2005-08-01 02:06:05.000,1.218100,1.218400,D
173460721,EUR/USD,2005-08-01 02:06:09.000,1.218200,1.218500,D
173460728,EUR/USD,2005-08-01 02:06:14.000,1.218100,1.218400,D
173460843,EUR/USD,2005-08-01 02:08:56.000,1.218000,1.218300,D
173460850,EUR/USD,2005-08-01 02:09:02.000,1.217900,1.218200,D
173460944,EUR/USD,2005-08-01 02:09:54.000,1.217800,1.218100,D
173460957,EUR/USD,2005-08-01 02:10:01.000,1.217700,1.218000,D
173460962,EUR/USD,2005-08-01 02:10:03.000,1.217800,1.218100,D
173460966,EUR/USD,2005-08-01 02:10:03.000,1.217700,1.218000,D
173460971,EUR/USD,2005-08-01 02:10:04.000,1.217800,1.218100,D
173460977,EUR/USD,2005-08-01 02:10:05.000,1.217700,1.218000,D
173460984,EUR/USD,2005-08-01 02:10:09.000,1.217800,1.218100,D
173460988,EUR/USD,2005-08-01 02:10:11.000,1.217700,1.218000,D
173460991,EUR/USD,2005-08-01 02:10:13.000,1.217800,1.218100,D
173460997,EUR/USD,2005-08-01 02:10:13.000,1.217900,1.218200,D
173461003,EUR/USD,2005-08-01 02:10:17.000,1.217800,1.218100,D
173461009,EUR/USD,2005-08-01 02:10:18.000,1.217900,1.218200,D
173461049,EUR/USD,2005-08-01 02:10:46.000,1.217800,1.218100,D
173461057,EUR/USD,2005-08-01 02:11:04.000,1.217900,1.218200,D
173461063,EUR/USD,2005-08-01 02:11:17.000,1.217800,1.218100,D
173461076,EUR/USD,2005-08-01 02:11:30.000,1.217700,1.218000,D
173461080,EUR/USD,2005-08-01 02:11:36.000,1.217600,1.217900,D
173461106,EUR/USD,2005-08-01 02:11:52.000,1.217500,1.217800,D
173461108,EUR/USD,2005-08-01 02:11:53.000,1.217600,1.217900,D
173461129,EUR/USD,2005-08-01 02:12:01.000,1.217500,1.217800,D
173461142,EUR/USD,2005-08-01 02:12:07.000,1.217600,1.217900,D
173461158,EUR/USD,2005-08-01 02:12:10.000,1.217500,1.217800,D
173461171,EUR/USD,2005-08-01 02:12:21.000,1.217600,1.217900,D
173461181,EUR/USD,2005-08-01 02:12:25.000,1.217700,1.218000,D
173461187,EUR/USD,2005-08-01 02:12:25.000,1.217600,1.217900,D
173461190,EUR/USD,2005-08-01 02:12:27.000,1.217700,1.218000,D
173461192,EUR/USD,2005-08-01 02:12:28.000,1.217600,1.217900,D
173461195,EUR/USD,2005-08-01 02:12:30.000,1.217700,1.218000,D
173461198,EUR/USD,2005-08-01 02:12:35.000,1.217600,1.217900,D
173461203,EUR/USD,2005-08-01 02:12:38.000,1.217700,1.218000,D
173461213,EUR/USD,2005-08-01 02:12:42.000,1.217600,1.217900,D
173461238,EUR/USD,2005-08-01 02:12:55.000,1.217700,1.218000,D
173461303,EUR/USD,2005-08-01 02:13:51.000,1.217600,1.217900,D
173461308,EUR/USD,2005-08-01 02:13:53.000,1.217700,1.218000,D
173461336,EUR/USD,2005-08-01 02:14:19.000,1.217600,1.217900,D
173461340,EUR/USD,2005-08-01 02:14:21.000,1.217700,1.218000,D
173461360,EUR/USD,2005-08-01 02:14:29.000,1.217600,1.217900,D
173461372,EUR/USD,2005-08-01 02:14:31.000,1.217700,1.218000,D
173461388,EUR/USD,2005-08-01 02:14:32.000,1.217600,1.217900,D
173461391,EUR/USD,2005-08-01 02:14:32.000,1.217700,1.218000,D
173461411,EUR/USD,2005-08-01 02:14:39.000,1.217800,1.218100,D
173461435,EUR/USD,2005-08-01 02:14:43.000,1.217700,1.218000,D
173461440,EUR/USD,2005-08-01 02:14:44.000,1.217800,1.218100,D
173461465,EUR/USD,2005-08-01 02:14:56.000,1.217900,1.218200,D
173461474,EUR/USD,2005-08-01 02:14:57.000,1.217800,1.218100,D
173461480,EUR/USD,2005-08-01 02:14:57.000,1.217700,1.218000,D
173461510,EUR/USD,2005-08-01 02:14:59.000,1.217800,1.218100,D
173461523,EUR/USD,2005-08-01 02:15:02.000,1.217900,1.218200,D
173461528,EUR/USD,2005-08-01 02:15:03.000,1.217800,1.218100,D
173461533,EUR/USD,2005-08-01 02:15:03.000,1.217700,1.218000,D
173461543,EUR/USD,2005-08-01 02:15:04.000,1.217800,1.218100,D
173461565,EUR/USD,2005-08-01 02:15:09.000,1.217700,1.218000,D
173461581,EUR/USD,2005-08-01 02:15:12.000,1.217800,1.218100,D
173461605,EUR/USD,2005-08-01 02:15:31.000,1.217900,1.218200,D
173461623,EUR/USD,2005-08-01 02:15:42.000,1.217800,1.218100,D
173461639,EUR/USD,2005-08-01 02:15:47.000,1.217900,1.218200,D
173461660,EUR/USD,2005-08-01 02:15:57.000,1.217800,1.218100,D
173461671,EUR/USD,2005-08-01 02:16:10.000,1.217900,1.218200,D
173461680,EUR/USD,2005-08-01 02:16:11.000,1.217800,1.218100,D
173461686,EUR/USD,2005-08-01 02:16:13.000,1.217700,1.218000,D
173461699,EUR/USD,2005-08-01 02:16:20.000,1.217800,1.218100,D
173461702,EUR/USD,2005-08-01 02:16:22.000,1.217700,1.218000,D
173461748,EUR/USD,2005-08-01 02:16:41.000,1.217600,1.217900,D
173461758,EUR/USD,2005-08-01 02:16:42.000,1.217500,1.217800,D
173461803,EUR/USD,2005-08-01 02:17:13.000,1.217400,1.217700,D
173461829,EUR/USD,2005-08-01 02:17:28.000,1.217500,1.217800,D
173461841,EUR/USD,2005-08-01 02:17:29.000,1.217600,1.217900,D
173461854,EUR/USD,2005-08-01 02:17:31.000,1.217500,1.217800,D
173461860,EUR/USD,2005-08-01 02:17:34.000,1.217400,1.217700,D
173461926,EUR/USD,2005-08-01 02:18:24.000,1.217500,1.217800,D
173461953,EUR/USD,2005-08-01 02:18:37.000,1.217600,1.217900,D
173461964,EUR/USD,2005-08-01 02:18:41.000,1.217700,1.218000,D
173461980,EUR/USD,2005-08-01 02:18:44.000,1.217600,1.217900,D
173461982,EUR/USD,2005-08-01 02:18:46.000,1.217700,1.218000,D
173462010,EUR/USD,2005-08-01 02:18:58.000,1.217600,1.217900,D
173462019,EUR/USD,2005-08-01 02:18:59.000,1.217700,1.218000,D
173462043,EUR/USD,2005-08-01 02:19:15.000,1.217600,1.217900,D
173462059,EUR/USD,2005-08-01 02:19:31.000,1.217700,1.218000,D
173462064,EUR/USD,2005-08-01 02:19:39.000,1.217600,1.217900,D
173462065,EUR/USD,2005-08-01 02:19:39.000,1.217500,1.217800,D
173462080,EUR/USD,2005-08-01 02:19:42.000,1.217600,1.217900,D
173462087,EUR/USD,2005-08-01 02:19:43.000,1.217700,1.218000,D
173462091,EUR/USD,2005-08-01 02:19:43.000,1.217600,1.217900,D
173462100,EUR/USD,2005-08-01 02:19:45.000,1.217700,1.218000,D
173462106,EUR/USD,2005-08-01 02:19:46.000,1.217600,1.217900,D
173462124,EUR/USD,2005-08-01 02:20:03.000,1.217700,1.218000,D
173462176,EUR/USD,2005-08-01 02:21:05.000,1.217600,1.217900,D
173462188,EUR/USD,2005-08-01 02:21:10.000,1.217500,1.217800,D
173462198,EUR/USD,2005-08-01 02:21:18.000,1.217600,1.217900,D
173462216,EUR/USD,2005-08-01 02:21:48.000,1.217700,1.218000,D
173462222,EUR/USD,2005-08-01 02:21:52.000,1.217600,1.217900,D
173462256,EUR/USD,2005-08-01 02:22:11.000,1.217500,1.217800,D
173462267,EUR/USD,2005-08-01 02:22:17.000,1.217600,1.217900,D
173462279,EUR/USD,2005-08-01 02:22:20.000,1.217500,1.217800,D
173462290,EUR/USD,2005-08-01 02:22:22.000,1.217600,1.217900,D
173462301,EUR/USD,2005-08-01 02:22:25.000,1.217500,1.217800,D
173462343,EUR/USD,2005-08-01 02:22:55.000,1.217600,1.217900,D
173462373,EUR/USD,2005-08-01 02:23:46.000,1.217500,1.217800,D
173462400,EUR/USD,2005-08-01 02:24:27.000,1.217600,1.217900,D
173462434,EUR/USD,2005-08-01 02:24:49.000,1.217700,1.218000,D
173462439,EUR/USD,2005-08-01 02:24:52.000,1.217600,1.217900,D
173462442,EUR/USD,2005-08-01 02:24:52.000,1.217700,1.218000,D
173462519,EUR/USD,2005-08-01 02:25:50.000,1.217800,1.218100,D
173462561,EUR/USD,2005-08-01 02:26:05.000,1.217900,1.218200,D
173462565,EUR/USD,2005-08-01 02:26:05.000,1.217800,1.218100,D
173462569,EUR/USD,2005-08-01 02:26:06.000,1.217700,1.218000,D
173462575,EUR/USD,2005-08-01 02:26:06.000,1.217800,1.218100,D
173462583,EUR/USD,2005-08-01 02:26:07.000,1.217700,1.218000,D
173462593,EUR/USD,2005-08-01 02:26:08.000,1.217800,1.218100,D
173462604,EUR/USD,2005-08-01 02:26:08.000,1.217900,1.218200,D
173462621,EUR/USD,2005-08-01 02:26:12.000,1.217800,1.218100,D
173462626,EUR/USD,2005-08-01 02:26:12.000,1.217700,1.218000,D
173462667,EUR/USD,2005-08-01 02:26:23.000,1.217800,1.218100,D
173462673,EUR/USD,2005-08-01 02:26:25.000,1.217700,1.218000,D
173462680,EUR/USD,2005-08-01 02:26:28.000,1.217800,1.218100,D
173462698,EUR/USD,2005-08-01 02:26:33.000,1.217700,1.218000,D
173462711,EUR/USD,2005-08-01 02:26:43.000,1.217600,1.217900,D
173462714,EUR/USD,2005-08-01 02:26:44.000,1.217700,1.218000,D
173462718,EUR/USD,2005-08-01 02:26:47.000,1.217600,1.217900,D
173462721,EUR/USD,2005-08-01 02:26:49.000,1.217500,1.217800,D
173462728,EUR/USD,2005-08-01 02:26:49.000,1.217400,1.217700,D
173462744,EUR/USD,2005-08-01 02:26:51.000,1.217500,1.217800,D
173462756,EUR/USD,2005-08-01 02:26:52.000,1.217400,1.217700,D
173462819,EUR/USD,2005-08-01 02:27:06.000,1.217500,1.217800,D
173462851,EUR/USD,2005-08-01 02:27:28.000,1.217400,1.217700,D
173462870,EUR/USD,2005-08-01 02:27:41.000,1.217300,1.217600,D
173462897,EUR/USD,2005-08-01 02:27:50.000,1.217400,1.217700,D
173462913,EUR/USD,2005-08-01 02:27:53.000,1.217300,1.217600,D
173463005,EUR/USD,2005-08-01 02:28:56.000,1.217200,1.217500,D
173463024,EUR/USD,2005-08-01 02:29:00.000,1.217100,1.217400,D
173463077,EUR/USD,2005-08-01 02:29:16.000,1.217000,1.217300,D
173463091,EUR/USD,2005-08-01 02:29:21.000,1.216900,1.217200,D
173463106,EUR/USD,2005-08-01 02:29:22.000,1.216800,1.217100,D
173463117,EUR/USD,2005-08-01 02:29:24.000,1.216900,1.217200,D
173463132,EUR/USD,2005-08-01 02:29:26.000,1.216800,1.217100,D
173463136,EUR/USD,2005-08-01 02:29:26.000,1.216700,1.217000,D
173463163,EUR/USD,2005-08-01 02:29:35.000,1.216600,1.216900,D
173463177,EUR/USD,2005-08-01 02:29:41.000,1.216700,1.217000,D
173463183,EUR/USD,2005-08-01 02:29:41.000,1.216600,1.216900,D
173463187,EUR/USD,2005-08-01 02:29:42.000,1.216700,1.217000,D
173463199,EUR/USD,2005-08-01 02:29:47.000,1.216800,1.217100,D
173463219,EUR/USD,2005-08-01 02:29:51.000,1.216700,1.217000,D
173463221,EUR/USD,2005-08-01 02:29:53.000,1.216800,1.217100,D
173463223,EUR/USD,2005-08-01 02:29:54.000,1.216700,1.217000,D
173463260,EUR/USD,2005-08-01 02:30:07.000,1.216600,1.216900,D
173463271,EUR/USD,2005-08-01 02:30:09.000,1.216700,1.217000,D
173463334,EUR/USD,2005-08-01 02:30:40.000,1.216600,1.216900,D
173463343,EUR/USD,2005-08-01 02:30:41.000,1.216700,1.217000,D
173463353,EUR/USD,2005-08-01 02:30:44.000,1.216600,1.216900,D
173463364,EUR/USD,2005-08-01 02:30:50.000,1.216700,1.217000,D
173463416,EUR/USD,2005-08-01 02:31:13.000,1.216600,1.216900,D
173463464,EUR/USD,2005-08-01 02:31:26.000,1.216500,1.216800,D
173463473,EUR/USD,2005-08-01 02:31:27.000,1.216600,1.216900,D
173463475,EUR/USD,2005-08-01 02:31:28.000,1.216500,1.216800,D
173463519,EUR/USD,2005-08-01 02:31:54.000,1.216400,1.216700,D
173463527,EUR/USD,2005-08-01 02:31:56.000,1.216500,1.216800,D
173463535,EUR/USD,2005-08-01 02:32:00.000,1.216600,1.216900,D
173463557,EUR/USD,2005-08-01 02:32:08.000,1.216500,1.216800,D
173463563,EUR/USD,2005-08-01 02:32:09.000,1.216600,1.216900,D
173463594,EUR/USD,2005-08-01 02:32:28.000,1.216500,1.216800,D
173463615,EUR/USD,2005-08-01 02:32:36.000,1.216400,1.216700,D
173463630,EUR/USD,2005-08-01 02:32:43.000,1.216300,1.216600,D
173463644,EUR/USD,2005-08-01 02:32:45.000,1.216400,1.216700,D
173463652,EUR/USD,2005-08-01 02:32:48.000,1.216500,1.216800,D
173463675,EUR/USD,2005-08-01 02:32:57.000,1.216600,1.216900,D
173463709,EUR/USD,2005-08-01 02:33:26.000,1.216700,1.217000,D
173463743,EUR/USD,2005-08-01 02:33:40.000,1.216800,1.217100,D
173463754,EUR/USD,2005-08-01 02:33:41.000,1.216700,1.217000,D
173463790,EUR/USD,2005-08-01 02:33:57.000,1.216800,1.217100,D
173463806,EUR/USD,2005-08-01 02:34:03.000,1.216900,1.217200,D
173463822,EUR/USD,2005-08-01 02:34:04.000,1.216800,1.217100,D
173463826,EUR/USD,2005-08-01 02:34:04.000,1.216900,1.217200,D
173463852,EUR/USD,2005-08-01 02:34:10.000,1.217000,1.217300,D
173463866,EUR/USD,2005-08-01 02:34:12.000,1.216900,1.217200,D
173463874,EUR/USD,2005-08-01 02:34:14.000,1.217000,1.217300,D
173463889,EUR/USD,2005-08-01 02:34:18.000,1.216900,1.217200,D
173463897,EUR/USD,2005-08-01 02:34:19.000,1.217000,1.217300,D
173463902,EUR/USD,2005-08-01 02:34:20.000,1.216900,1.217200,D
173463915,EUR/USD,2005-08-01 02:34:26.000,1.217000,1.217300,D
173463930,EUR/USD,2005-08-01 02:34:32.000,1.217100,1.217400,D
173463951,EUR/USD,2005-08-01 02:34:45.000,1.217200,1.217500,D
173463969,EUR/USD,2005-08-01 02:34:47.000,1.217100,1.217400,D
173463988,EUR/USD,2005-08-01 02:34:55.000,1.217000,1.217300,D
173463996,EUR/USD,2005-08-01 02:34:58.000,1.217100,1.217400,D
173464009,EUR/USD,2005-08-01 02:35:12.000,1.217000,1.217300,D
173464025,EUR/USD,2005-08-01 02:35:27.000,1.216900,1.217200,D
173464050,EUR/USD,2005-08-01 02:35:39.000,1.217000,1.217300,D
173464067,EUR/USD,2005-08-01 02:35:45.000,1.216900,1.217200,D
173464093,EUR/USD,2005-08-01 02:35:53.000,1.216800,1.217100,D
173464109,EUR/USD,2005-08-01 02:35:55.000,1.216900,1.217200,D
173464119,EUR/USD,2005-08-01 02:36:01.000,1.216800,1.217100,D
173464128,EUR/USD,2005-08-01 02:36:05.000,1.216900,1.217200,D
173464172,EUR/USD,2005-08-01 02:37:17.000,1.216800,1.217100,D
173464279,EUR/USD,2005-08-01 02:38:31.000,1.216900,1.217200,D
173464284,EUR/USD,2005-08-01 02:38:33.000,1.216800,1.217100,D
173464294,EUR/USD,2005-08-01 02:38:41.000,1.216700,1.217000,D
173464300,EUR/USD,2005-08-01 02:38:44.000,1.216800,1.217100,D
173464329,EUR/USD,2005-08-01 02:39:14.000,1.216700,1.217000,D
173464346,EUR/USD,2005-08-01 02:39:40.000,1.216800,1.217100,D
173464355,EUR/USD,2005-08-01 02:39:42.000,1.216700,1.217000,D
173464385,EUR/USD,2005-08-01 02:39:53.000,1.216600,1.216900,D
173464400,EUR/USD,2005-08-01 02:39:57.000,1.216700,1.217000,D
173464403,EUR/USD,2005-08-01 02:39:59.000,1.216600,1.216900,D
173464420,EUR/USD,2005-08-01 02:40:53.000,1.216700,1.217000,D
173464436,EUR/USD,2005-08-01 02:40:57.000,1.216600,1.216900,D
173464452,EUR/USD,2005-08-01 02:41:13.000,1.216500,1.216800,D
173464470,EUR/USD,2005-08-01 02:41:35.000,1.216600,1.216900,D
173464490,EUR/USD,2005-08-01 02:41:44.000,1.216500,1.216800,D
173464502,EUR/USD,2005-08-01 02:41:49.000,1.216600,1.216900,D
173464517,EUR/USD,2005-08-01 02:41:55.000,1.216500,1.216800,D
173464534,EUR/USD,2005-08-01 02:42:10.000,1.216600,1.216900,D
173464546,EUR/USD,2005-08-01 02:42:31.000,1.216700,1.217000,D
173464565,EUR/USD,2005-08-01 02:42:39.000,1.216800,1.217100,D
173464579,EUR/USD,2005-08-01 02:42:41.000,1.216700,1.217000,D
173464587,EUR/USD,2005-08-01 02:42:44.000,1.216800,1.217100,D
173464621,EUR/USD,2005-08-01 02:43:06.000,1.216700,1.217000,D
173464630,EUR/USD,2005-08-01 02:43:11.000,1.216600,1.216900,D
173464697,EUR/USD,2005-08-01 02:44:34.000,1.216700,1.217000,D
173464731,EUR/USD,2005-08-01 02:44:42.000,1.216800,1.217100,D
173464733,EUR/USD,2005-08-01 02:44:44.000,1.216700,1.217000,D
173464748,EUR/USD,2005-08-01 02:44:56.000,1.216600,1.216900,D
173464761,EUR/USD,2005-08-01 02:45:03.000,1.216700,1.217000,D
173464804,EUR/USD,2005-08-01 02:45:28.000,1.216600,1.216900,D
173464805,EUR/USD,2005-08-01 02:45:30.000,1.216700,1.217000,D
173464816,EUR/USD,2005-08-01 02:45:35.000,1.216800,1.217100,D
173464835,EUR/USD,2005-08-01 02:45:44.000,1.216900,1.217200,D
173464848,EUR/USD,2005-08-01 02:45:49.000,1.217000,1.217300,D
173464851,EUR/USD,2005-08-01 02:45:49.000,1.217100,1.217400,D
173464866,EUR/USD,2005-08-01 02:45:51.000,1.217000,1.217300,D
173464869,EUR/USD,2005-08-01 02:45:51.000,1.217100,1.217400,D
173464873,EUR/USD,2005-08-01 02:45:52.000,1.217000,1.217300,D
173464881,EUR/USD,2005-08-01 02:45:54.000,1.217100,1.217400,D
173464885,EUR/USD,2005-08-01 02:45:56.000,1.217000,1.217300,D
173464888,EUR/USD,2005-08-01 02:45:57.000,1.217100,1.217400,D
173464899,EUR/USD,2005-08-01 02:45:58.000,1.217200,1.217500,D
173464930,EUR/USD,2005-08-01 02:46:12.000,1.217300,1.217600,D
173464938,EUR/USD,2005-08-01 02:46:13.000,1.217200,1.217500,D
173464943,EUR/USD,2005-08-01 02:46:14.000,1.217300,1.217600,D
173464981,EUR/USD,2005-08-01 02:46:25.000,1.217200,1.217500,D
173464983,EUR/USD,2005-08-01 02:46:25.000,1.217300,1.217600,D
173465012,EUR/USD,2005-08-01 02:46:36.000,1.217400,1.217700,D
173465016,EUR/USD,2005-08-01 02:46:38.000,1.217300,1.217600,D
173465017,EUR/USD,2005-08-01 02:46:40.000,1.217400,1.217700,D
173465036,EUR/USD,2005-08-01 02:46:53.000,1.217300,1.217600,D
173465042,EUR/USD,2005-08-01 02:46:54.000,1.217400,1.217700,D
173465050,EUR/USD,2005-08-01 02:46:55.000,1.217300,1.217600,D
173465057,EUR/USD,2005-08-01 02:46:59.000,1.217400,1.217700,D
173465060,EUR/USD,2005-08-01 02:47:00.000,1.217300,1.217600,D
173465074,EUR/USD,2005-08-01 02:47:03.000,1.217200,1.217500,D
173465082,EUR/USD,2005-08-01 02:47:05.000,1.217300,1.217600,D
173465093,EUR/USD,2005-08-01 02:47:11.000,1.217400,1.217700,D
173465113,EUR/USD,2005-08-01 02:47:17.000,1.217300,1.217600,D
173465134,EUR/USD,2005-08-01 02:47:28.000,1.217400,1.217700,D
173465156,EUR/USD,2005-08-01 02:47:42.000,1.217300,1.217600,D
173465189,EUR/USD,2005-08-01 02:48:07.000,1.217400,1.217700,D
173465201,EUR/USD,2005-08-01 02:48:12.000,1.217300,1.217600,D
173465207,EUR/USD,2005-08-01 02:48:13.000,1.217400,1.217700,D
173465225,EUR/USD,2005-08-01 02:48:22.000,1.217500,1.217800,D
173465247,EUR/USD,2005-08-01 02:48:24.000,1.217400,1.217700,D
173465288,EUR/USD,2005-08-01 02:48:38.000,1.217500,1.217800,D
173465338,EUR/USD,2005-08-01 02:48:57.000,1.217400,1.217700,D
173465345,EUR/USD,2005-08-01 02:48:58.000,1.217300,1.217600,D
173465371,EUR/USD,2005-08-01 02:49:04.000,1.217200,1.217500,D
173465372,EUR/USD,2005-08-01 02:49:04.000,1.217300,1.217600,D
173465391,EUR/USD,2005-08-01 02:49:08.000,1.217200,1.217500,D
173465393,EUR/USD,2005-08-01 02:49:08.000,1.217300,1.217600,D
173465417,EUR/USD,2005-08-01 02:49:13.000,1.217200,1.217500,D
173465443,EUR/USD,2005-08-01 02:49:15.000,1.217300,1.217600,D
173465458,EUR/USD,2005-08-01 02:49:17.000,1.217200,1.217500,D
173465467,EUR/USD,2005-08-01 02:49:19.000,1.217300,1.217600,D
173465476,EUR/USD,2005-08-01 02:49:21.000,1.217400,1.217700,D
173465481,EUR/USD,2005-08-01 02:49:22.000,1.217300,1.217600,D
173465493,EUR/USD,2005-08-01 02:49:23.000,1.217200,1.217500,D
173465503,EUR/USD,2005-08-01 02:49:25.000,1.217300,1.217600,D
173465530,EUR/USD,2005-08-01 02:49:29.000,1.217200,1.217500,D
173465536,EUR/USD,2005-08-01 02:49:30.000,1.217300,1.217600,D
173465545,EUR/USD,2005-08-01 02:49:31.000,1.217200,1.217500,D
173465561,EUR/USD,2005-08-01 02:49:33.000,1.217100,1.217400,D
173465575,EUR/USD,2005-08-01 02:49:36.000,1.217200,1.217500,D
173465577,EUR/USD,2005-08-01 02:49:37.000,1.217100,1.217400,D
173465608,EUR/USD,2005-08-01 02:49:42.000,1.217200,1.217500,D
173465619,EUR/USD,2005-08-01 02:49:47.000,1.217100,1.217400,D
173465623,EUR/USD,2005-08-01 02:49:48.000,1.217200,1.217500,D
173465627,EUR/USD,2005-08-01 02:49:49.000,1.217100,1.217400,D
173465629,EUR/USD,2005-08-01 02:49:50.000,1.217200,1.217500,D
173465634,EUR/USD,2005-08-01 02:49:51.000,1.217300,1.217600,D
173465656,EUR/USD,2005-08-01 02:49:59.000,1.217200,1.217500,D
173465773,EUR/USD,2005-08-01 02:51:09.000,1.217100,1.217400,D
173465785,EUR/USD,2005-08-01 02:51:12.000,1.217200,1.217500,D
173465796,EUR/USD,2005-08-01 02:51:15.000,1.217100,1.217400,D
173465797,EUR/USD,2005-08-01 02:51:18.000,1.217200,1.217500,D
173465809,EUR/USD,2005-08-01 02:51:21.000,1.217300,1.217600,D
173465823,EUR/USD,2005-08-01 02:51:23.000,1.217400,1.217700,D
173465842,EUR/USD,2005-08-01 02:51:27.000,1.217500,1.217800,D
173465853,EUR/USD,2005-08-01 02:51:28.000,1.217400,1.217700,D
173465880,EUR/USD,2005-08-01 02:51:34.000,1.217500,1.217800,D
173465909,EUR/USD,2005-08-01 02:51:40.000,1.217400,1.217700,D
173465912,EUR/USD,2005-08-01 02:51:41.000,1.217500,1.217800,D
173465926,EUR/USD,2005-08-01 02:51:46.000,1.217400,1.217700,D
173465935,EUR/USD,2005-08-01 02:51:47.000,1.217300,1.217600,D
173465943,EUR/USD,2005-08-01 02:51:48.000,1.217400,1.217700,D
173465951,EUR/USD,2005-08-01 02:51:50.000,1.217500,1.217800,D
173465957,EUR/USD,2005-08-01 02:51:52.000,1.217400,1.217700,D
173465961,EUR/USD,2005-08-01 02:51:52.000,1.217500,1.217800,D
173465988,EUR/USD,2005-08-01 02:51:57.000,1.217600,1.217900,D
173466002,EUR/USD,2005-08-01 02:52:00.000,1.217700,1.218000,D
173466032,EUR/USD,2005-08-01 02:52:07.000,1.217600,1.217900,D
173466045,EUR/USD,2005-08-01 02:52:10.000,1.217700,1.218000,D
173466051,EUR/USD,2005-08-01 02:52:12.000,1.217600,1.217900,D
173466055,EUR/USD,2005-08-01 02:52:12.000,1.217500,1.217800,D
173466060,EUR/USD,2005-08-01 02:52:13.000,1.217600,1.217900,D
173466069,EUR/USD,2005-08-01 02:52:14.000,1.217700,1.218000,D
173466070,EUR/USD,2005-08-01 02:52:14.000,1.217600,1.217900,D
173466077,EUR/USD,2005-08-01 02:52:17.000,1.217700,1.218000,D
173466084,EUR/USD,2005-08-01 02:52:18.000,1.217600,1.217900,D
173466102,EUR/USD,2005-08-01 02:52:22.000,1.217500,1.217800,D
173466110,EUR/USD,2005-08-01 02:52:23.000,1.217600,1.217900,D
173466156,EUR/USD,2005-08-01 02:52:45.000,1.217500,1.217800,D
173466158,EUR/USD,2005-08-01 02:52:45.000,1.217600,1.217900,D
173466167,EUR/USD,2005-08-01 02:52:48.000,1.217500,1.217800,D
173466175,EUR/USD,2005-08-01 02:52:52.000,1.217600,1.217900,D
173466212,EUR/USD,2005-08-01 02:53:17.000,1.217700,1.218000,D
173466229,EUR/USD,2005-08-01 02:53:21.000,1.217800,1.218100,D
173466241,EUR/USD,2005-08-01 02:53:23.000,1.217700,1.218000,D
173466249,EUR/USD,2005-08-01 02:53:24.000,1.217800,1.218100,D
173466255,EUR/USD,2005-08-01 02:53:25.000,1.217700,1.218000,D
173466259,EUR/USD,2005-08-01 02:53:26.000,1.217600,1.217900,D
173466272,EUR/USD,2005-08-01 02:53:28.000,1.217700,1.218000,D
173466288,EUR/USD,2005-08-01 02:53:32.000,1.217800,1.218100,D
173466314,EUR/USD,2005-08-01 02:53:40.000,1.217900,1.218200,D
173466330,EUR/USD,2005-08-01 02:53:45.000,1.218000,1.218300,D
173466356,EUR/USD,2005-08-01 02:53:52.000,1.218100,1.218400,D
173466360,EUR/USD,2005-08-01 02:53:52.000,1.218000,1.218300,D
173466366,EUR/USD,2005-08-01 02:53:52.000,1.218100,1.218400,D
173466398,EUR/USD,2005-08-01 02:54:01.000,1.218000,1.218300,D
173466404,EUR/USD,2005-08-01 02:54:01.000,1.217900,1.218200,D
173466412,EUR/USD,2005-08-01 02:54:02.000,1.218000,1.218300,D
173466413,EUR/USD,2005-08-01 02:54:03.000,1.218100,1.218400,D
173466434,EUR/USD,2005-08-01 02:54:05.000,1.218000,1.218300,D
173466485,EUR/USD,2005-08-01 02:54:21.000,1.217900,1.218200,D
173466534,EUR/USD,2005-08-01 02:54:34.000,1.217800,1.218100,D
173466536,EUR/USD,2005-08-01 02:54:35.000,1.217700,1.218000,D
173466545,EUR/USD,2005-08-01 02:54:35.000,1.217800,1.218100,D
173466584,EUR/USD,2005-08-01 02:54:43.000,1.217700,1.218000,D
173466597,EUR/USD,2005-08-01 02:54:47.000,1.217800,1.218100,D
173466626,EUR/USD,2005-08-01 02:54:51.000,1.217900,1.218200,D
173466648,EUR/USD,2005-08-01 02:54:54.000,1.217800,1.218100,D
173466655,EUR/USD,2005-08-01 02:54:58.000,1.217900,1.218200,D
173466675,EUR/USD,2005-08-01 02:55:03.000,1.218000,1.218300,D
173466718,EUR/USD,2005-08-01 02:55:17.000,1.218100,1.218400,D
173466728,EUR/USD,2005-08-01 02:55:18.000,1.218000,1.218300,D
173466738,EUR/USD,2005-08-01 02:55:21.000,1.218100,1.218400,D
173466755,EUR/USD,2005-08-01 02:55:32.000,1.218000,1.218300,D
173466774,EUR/USD,2005-08-01 02:55:36.000,1.218100,1.218400,D
173466795,EUR/USD,2005-08-01 02:55:42.000,1.218000,1.218300,D
173466801,EUR/USD,2005-08-01 02:55:43.000,1.218100,1.218400,D
173466823,EUR/USD,2005-08-01 02:55:50.000,1.218200,1.218500,D
173466837,EUR/USD,2005-08-01 02:55:52.000,1.218100,1.218400,D
173466852,EUR/USD,2005-08-01 02:55:56.000,1.218000,1.218300,D
173466874,EUR/USD,2005-08-01 02:56:14.000,1.218100,1.218400,D
173466885,EUR/USD,2005-08-01 02:56:15.000,1.218000,1.218300,D
173466891,EUR/USD,2005-08-01 02:56:16.000,1.218100,1.218400,D
173466900,EUR/USD,2005-08-01 02:56:16.000,1.218000,1.218300,D
173466961,EUR/USD,2005-08-01 02:56:33.000,1.218100,1.218400,D
173466977,EUR/USD,2005-08-01 02:56:39.000,1.218000,1.218300,D
173466989,EUR/USD,2005-08-01 02:56:41.000,1.218100,1.218400,D
173466993,EUR/USD,2005-08-01 02:56:42.000,1.218000,1.218300,D
173466999,EUR/USD,2005-08-01 02:56:48.000,1.218100,1.218400,D
173467062,EUR/USD,2005-08-01 02:57:13.000,1.218000,1.218300,D
173467077,EUR/USD,2005-08-01 02:57:17.000,1.218100,1.218400,D
173467103,EUR/USD,2005-08-01 02:57:32.000,1.218000,1.218300,D
173467117,EUR/USD,2005-08-01 02:57:41.000,1.217900,1.218200,D
173467136,EUR/USD,2005-08-01 02:57:50.000,1.217800,1.218100,D
173467154,EUR/USD,2005-08-01 02:57:53.000,1.217900,1.218200,D
173467161,EUR/USD,2005-08-01 02:57:55.000,1.217800,1.218100,D
173467164,EUR/USD,2005-08-01 02:57:56.000,1.217900,1.218200,D
173467172,EUR/USD,2005-08-01 02:57:57.000,1.217800,1.218100,D
173467176,EUR/USD,2005-08-01 02:57:58.000,1.217900,1.218200,D
173467192,EUR/USD,2005-08-01 02:58:03.000,1.217800,1.218100,D
173467203,EUR/USD,2005-08-01 02:58:05.000,1.217900,1.218200,D
173467210,EUR/USD,2005-08-01 02:58:12.000,1.217800,1.218100,D
173467265,EUR/USD,2005-08-01 02:58:28.000,1.217900,1.218200,D
173467371,EUR/USD,2005-08-01 02:59:33.000,1.218000,1.218300,D
173467380,EUR/USD,2005-08-01 02:59:35.000,1.217900,1.218200,D
173467389,EUR/USD,2005-08-01 02:59:36.000,1.218000,1.218300,D
173467393,EUR/USD,2005-08-01 02:59:37.000,1.217900,1.218200,D
173467405,EUR/USD,2005-08-01 02:59:38.000,1.218000,1.218300,D
173467425,EUR/USD,2005-08-01 02:59:44.000,1.217900,1.218200,D
173467429,EUR/USD,2005-08-01 02:59:45.000,1.218000,1.218300,D
173467448,EUR/USD,2005-08-01 02:59:48.000,1.217900,1.218200,D
173467450,EUR/USD,2005-08-01 02:59:49.000,1.218000,1.218300,D
173467452,EUR/USD,2005-08-01 02:59:50.000,1.217900,1.218200,D
173467471,EUR/USD,2005-08-01 02:59:54.000,1.218000,1.218300,D
173467522,EUR/USD,2005-08-01 03:00:12.000,1.218100,1.218400,D
173467549,EUR/USD,2005-08-01 03:00:19.000,1.218200,1.218500,D
173467586,EUR/USD,2005-08-01 03:00:27.000,1.218100,1.218400,D
173467600,EUR/USD,2005-08-01 03:00:29.000,1.218200,1.218500,D
173467606,EUR/USD,2005-08-01 03:00:30.000,1.218100,1.218400,D
173467645,EUR/USD,2005-08-01 03:00:41.000,1.218200,1.218500,D
173467671,EUR/USD,2005-08-01 03:00:48.000,1.218300,1.218600,D
173467679,EUR/USD,2005-08-01 03:00:52.000,1.218200,1.218500,D
173467689,EUR/USD,2005-08-01 03:00:55.000,1.218300,1.218600,D
173467693,EUR/USD,2005-08-01 03:00:56.000,1.218200,1.218500,D
173467709,EUR/USD,2005-08-01 03:00:59.000,1.218100,1.218400,D
173467727,EUR/USD,2005-08-01 03:01:03.000,1.218200,1.218500,D
173467734,EUR/USD,2005-08-01 03:01:05.000,1.218300,1.218600,D
173467819,EUR/USD,2005-08-01 03:01:28.000,1.218400,1.218700,D
173467823,EUR/USD,2005-08-01 03:01:29.000,1.218300,1.218600,D
173467829,EUR/USD,2005-08-01 03:01:30.000,1.218400,1.218700,D
173467865,EUR/USD,2005-08-01 03:01:39.000,1.218300,1.218600,D
173467882,EUR/USD,2005-08-01 03:01:43.000,1.218400,1.218700,D
173467887,EUR/USD,2005-08-01 03:01:44.000,1.218300,1.218600,D
173467889,EUR/USD,2005-08-01 03:01:44.000,1.218400,1.218700,D
173467891,EUR/USD,2005-08-01 03:01:45.000,1.218300,1.218600,D
173467894,EUR/USD,2005-08-01 03:01:45.000,1.218400,1.218700,D
173467907,EUR/USD,2005-08-01 03:01:50.000,1.218500,1.218800,D
173467909,EUR/USD,2005-08-01 03:01:51.000,1.218600,1.218900,D
173467919,EUR/USD,2005-08-01 03:01:52.000,1.218500,1.218800,D
173467921,EUR/USD,2005-08-01 03:01:52.000,1.218400,1.218700,D
173467929,EUR/USD,2005-08-01 03:01:54.000,1.218500,1.218800,D
173467947,EUR/USD,2005-08-01 03:01:58.000,1.218400,1.218700,D
173467985,EUR/USD,2005-08-01 03:02:02.000,1.218500,1.218800,D
173468032,EUR/USD,2005-08-01 03:02:09.000,1.218600,1.218900,D
173468051,EUR/USD,2005-08-01 03:02:11.000,1.218500,1.218800,D
173468060,EUR/USD,2005-08-01 03:02:12.000,1.218600,1.218900,D
173468077,EUR/USD,2005-08-01 03:02:15.000,1.218500,1.218800,D
173468127,EUR/USD,2005-08-01 03:02:24.000,1.218600,1.218900,D
173468167,EUR/USD,2005-08-01 03:02:28.000,1.218700,1.219000,D
173468180,EUR/USD,2005-08-01 03:02:29.000,1.218600,1.218900,D
173468188,EUR/USD,2005-08-01 03:02:30.000,1.218700,1.219000,D
173468202,EUR/USD,2005-08-01 03:02:35.000,1.218800,1.219100,D
173468212,EUR/USD,2005-08-01 03:02:37.000,1.218900,1.219200,D
173468227,EUR/USD,2005-08-01 03:02:39.000,1.219000,1.219300,D
173468249,EUR/USD,2005-08-01 03:02:42.000,1.218900,1.219200,D
173468263,EUR/USD,2005-08-01 03:02:43.000,1.218800,1.219100,D
173468277,EUR/USD,2005-08-01 03:02:45.000,1.218700,1.219000,D
173468361,EUR/USD,2005-08-01 03:03:02.000,1.218800,1.219100,D
173468368,EUR/USD,2005-08-01 03:03:03.000,1.218700,1.219000,D
173468386,EUR/USD,2005-08-01 03:03:08.000,1.218600,1.218900,D
173468499,EUR/USD,2005-08-01 03:03:34.000,1.218500,1.218800,D
173468523,EUR/USD,2005-08-01 03:03:44.000,1.218400,1.218700,D
173468558,EUR/USD,2005-08-01 03:03:53.000,1.218300,1.218600,D
173468584,EUR/USD,2005-08-01 03:03:58.000,1.218200,1.218500,D
173468593,EUR/USD,2005-08-01 03:03:59.000,1.218300,1.218600,D
173468601,EUR/USD,2005-08-01 03:04:00.000,1.218200,1.218500,D
173468610,EUR/USD,2005-08-01 03:04:03.000,1.218100,1.218400,D
173468611,EUR/USD,2005-08-01 03:04:04.000,1.218200,1.218500,D
173468615,EUR/USD,2005-08-01 03:04:05.000,1.218100,1.218400,D
173468631,EUR/USD,2005-08-01 03:04:10.000,1.218200,1.218500,D
173468654,EUR/USD,2005-08-01 03:04:16.000,1.218100,1.218400,D
173468658,EUR/USD,2005-08-01 03:04:17.000,1.218000,1.218300,D
173468659,EUR/USD,2005-08-01 03:04:17.000,1.218100,1.218400,D
173468688,EUR/USD,2005-08-01 03:04:25.000,1.218200,1.218500,D
173468709,EUR/USD,2005-08-01 03:04:28.000,1.218100,1.218400,D
173468726,EUR/USD,2005-08-01 03:04:34.000,1.218200,1.218500,D
173468735,EUR/USD,2005-08-01 03:04:35.000,1.218100,1.218400,D
173468746,EUR/USD,2005-08-01 03:04:38.000,1.218200,1.218500,D
173468830,EUR/USD,2005-08-01 03:05:03.000,1.218100,1.218400,D
173468850,EUR/USD,2005-08-01 03:05:10.000,1.218000,1.218300,D
173468860,EUR/USD,2005-08-01 03:05:14.000,1.217900,1.218200,D
173468889,EUR/USD,2005-08-01 03:05:23.000,1.218000,1.218300,D
173468901,EUR/USD,2005-08-01 03:05:25.000,1.217900,1.218200,D
173468911,EUR/USD,2005-08-01 03:05:28.000,1.218000,1.218300,D
173468952,EUR/USD,2005-08-01 03:05:47.000,1.218100,1.218400,D
173469014,EUR/USD,2005-08-01 03:06:21.000,1.218000,1.218300,D
173469040,EUR/USD,2005-08-01 03:06:31.000,1.217900,1.218200,D
173469054,EUR/USD,2005-08-01 03:06:34.000,1.217800,1.218100,D
173469062,EUR/USD,2005-08-01 03:06:36.000,1.217700,1.218000,D
173469069,EUR/USD,2005-08-01 03:06:37.000,1.217800,1.218100,D
173469074,EUR/USD,2005-08-01 03:06:37.000,1.217700,1.218000,D
173469088,EUR/USD,2005-08-01 03:06:40.000,1.217600,1.217900,D
173469104,EUR/USD,2005-08-01 03:06:43.000,1.217500,1.217800,D
173469125,EUR/USD,2005-08-01 03:06:50.000,1.217600,1.217900,D
173469158,EUR/USD,2005-08-01 03:06:57.000,1.217700,1.218000,D
173469163,EUR/USD,2005-08-01 03:06:57.000,1.217600,1.217900,D
173469170,EUR/USD,2005-08-01 03:06:59.000,1.217700,1.218000,D
173469173,EUR/USD,2005-08-01 03:06:59.000,1.217600,1.217900,D
173469186,EUR/USD,2005-08-01 03:07:08.000,1.217500,1.217800,D
173469192,EUR/USD,2005-08-01 03:07:10.000,1.217600,1.217900,D
173469266,EUR/USD,2005-08-01 03:07:58.000,1.217700,1.218000,D
173469277,EUR/USD,2005-08-01 03:08:01.000,1.217600,1.217900,D
173469297,EUR/USD,2005-08-01 03:08:07.000,1.217500,1.217800,D
173469308,EUR/USD,2005-08-01 03:08:11.000,1.217600,1.217900,D
173469340,EUR/USD,2005-08-01 03:08:20.000,1.217700,1.218000,D
173469354,EUR/USD,2005-08-01 03:08:22.000,1.217600,1.217900,D
173469363,EUR/USD,2005-08-01 03:08:23.000,1.217700,1.218000,D
173469381,EUR/USD,2005-08-01 03:08:26.000,1.217600,1.217900,D
173469391,EUR/USD,2005-08-01 03:08:29.000,1.217700,1.218000,D
173469402,EUR/USD,2005-08-01 03:08:32.000,1.217600,1.217900,D
173469410,EUR/USD,2005-08-01 03:08:33.000,1.217700,1.218000,D
173469448,EUR/USD,2005-08-01 03:08:44.000,1.217800,1.218100,D
173469454,EUR/USD,2005-08-01 03:08:46.000,1.217700,1.218000,D
173469459,EUR/USD,2005-08-01 03:08:47.000,1.217800,1.218100,D
173469475,EUR/USD,2005-08-01 03:08:48.000,1.217700,1.218000,D
173469481,EUR/USD,2005-08-01 03:08:48.000,1.217800,1.218100,D
173469516,EUR/USD,2005-08-01 03:08:55.000,1.217700,1.218000,D
173469530,EUR/USD,2005-08-01 03:09:00.000,1.217600,1.217900,D
173469535,EUR/USD,2005-08-01 03:09:01.000,1.217700,1.218000,D
173469551,EUR/USD,2005-08-01 03:09:03.000,1.217600,1.217900,D
173469553,EUR/USD,2005-08-01 03:09:05.000,1.217700,1.218000,D
173469562,EUR/USD,2005-08-01 03:09:07.000,1.217600,1.217900,D
173469576,EUR/USD,2005-08-01 03:09:12.000,1.217700,1.218000,D
173469584,EUR/USD,2005-08-01 03:09:14.000,1.217600,1.217900,D
173469619,EUR/USD,2005-08-01 03:09:27.000,1.217700,1.218000,D
173469655,EUR/USD,2005-08-01 03:09:43.000,1.217800,1.218100,D
173469664,EUR/USD,2005-08-01 03:09:44.000,1.217700,1.218000,D
173469674,EUR/USD,2005-08-01 03:09:51.000,1.217600,1.217900,D
173469682,EUR/USD,2005-08-01 03:09:53.000,1.217500,1.217800,D
173469734,EUR/USD,2005-08-01 03:10:07.000,1.217400,1.217700,D
173469753,EUR/USD,2005-08-01 03:10:12.000,1.217300,1.217600,D
173469760,EUR/USD,2005-08-01 03:10:15.000,1.217400,1.217700,D
173469766,EUR/USD,2005-08-01 03:10:16.000,1.217300,1.217600,D
173469799,EUR/USD,2005-08-01 03:10:20.000,1.217200,1.217500,D
173469809,EUR/USD,2005-08-01 03:10:21.000,1.217300,1.217600,D
173469825,EUR/USD,2005-08-01 03:10:23.000,1.217200,1.217500,D
173469833,EUR/USD,2005-08-01 03:10:25.000,1.217300,1.217600,D
173469880,EUR/USD,2005-08-01 03:10:35.000,1.217200,1.217500,D
173469903,EUR/USD,2005-08-01 03:10:38.000,1.217100,1.217400,D
173469982,EUR/USD,2005-08-01 03:11:09.000,1.217000,1.217300,D
173469997,EUR/USD,2005-08-01 03:11:14.000,1.217100,1.217400,D
173470016,EUR/USD,2005-08-01 03:11:27.000,1.217200,1.217500,D
173470027,EUR/USD,2005-08-01 03:11:32.000,1.217100,1.217400,D
173470029,EUR/USD,2005-08-01 03:11:32.000,1.217200,1.217500,D
173470066,EUR/USD,2005-08-01 03:11:51.000,1.217100,1.217400,D
173470093,EUR/USD,2005-08-01 03:11:58.000,1.217200,1.217500,D
173470108,EUR/USD,2005-08-01 03:12:02.000,1.217100,1.217400,D
173470120,EUR/USD,2005-08-01 03:12:04.000,1.217200,1.217500,D
173470141,EUR/USD,2005-08-01 03:12:13.000,1.217300,1.217600,D
173470154,EUR/USD,2005-08-01 03:12:20.000,1.217400,1.217700,D
173470166,EUR/USD,2005-08-01 03:12:24.000,1.217300,1.217600,D
173470193,EUR/USD,2005-08-01 03:12:33.000,1.217400,1.217700,D
173470225,EUR/USD,2005-08-01 03:12:38.000,1.217300,1.217600,D
173470238,EUR/USD,2005-08-01 03:12:41.000,1.217400,1.217700,D
173470260,EUR/USD,2005-08-01 03:12:47.000,1.217300,1.217600,D
173470290,EUR/USD,2005-08-01 03:12:55.000,1.217400,1.217700,D
173470462,EUR/USD,2005-08-01 03:14:05.000,1.217500,1.217800,D
173470525,EUR/USD,2005-08-01 03:14:24.000,1.217400,1.217700,D
173470533,EUR/USD,2005-08-01 03:14:27.000,1.217500,1.217800,D
173470570,EUR/USD,2005-08-01 03:14:42.000,1.217400,1.217700,D
173470580,EUR/USD,2005-08-01 03:14:47.000,1.217500,1.217800,D
173470588,EUR/USD,2005-08-01 03:14:48.000,1.217400,1.217700,D
173470598,EUR/USD,2005-08-01 03:14:50.000,1.217500,1.217800,D
173470609,EUR/USD,2005-08-01 03:14:59.000,1.217400,1.217700,D
173470655,EUR/USD,2005-08-01 03:15:08.000,1.217500,1.217800,D
173470685,EUR/USD,2005-08-01 03:15:16.000,1.217400,1.217700,D
173470803,EUR/USD,2005-08-01 03:15:54.000,1.217500,1.217800,D
173470810,EUR/USD,2005-08-01 03:15:56.000,1.217400,1.217700,D
173470824,EUR/USD,2005-08-01 03:16:04.000,1.217300,1.217600,D
173470868,EUR/USD,2005-08-01 03:16:19.000,1.217200,1.217500,D
173470900,EUR/USD,2005-08-01 03:16:33.000,1.217100,1.217400,D
173470925,EUR/USD,2005-08-01 03:16:39.000,1.217000,1.217300,D
173470979,EUR/USD,2005-08-01 03:16:55.000,1.216900,1.217200,D
173470992,EUR/USD,2005-08-01 03:17:01.000,1.217000,1.217300,D
173471003,EUR/USD,2005-08-01 03:17:05.000,1.216900,1.217200,D
173471011,EUR/USD,2005-08-01 03:17:07.000,1.217000,1.217300,D
173471022,EUR/USD,2005-08-01 03:17:08.000,1.216900,1.217200,D
173471026,EUR/USD,2005-08-01 03:17:10.000,1.217000,1.217300,D
173471034,EUR/USD,2005-08-01 03:17:11.000,1.216900,1.217200,D
173471050,EUR/USD,2005-08-01 03:17:15.000,1.217000,1.217300,D
173471085,EUR/USD,2005-08-01 03:17:33.000,1.216900,1.217200,D
173471095,EUR/USD,2005-08-01 03:17:34.000,1.217000,1.217300,D
173471100,EUR/USD,2005-08-01 03:17:35.000,1.216900,1.217200,D
173471107,EUR/USD,2005-08-01 03:17:35.000,1.217000,1.217300,D
173471119,EUR/USD,2005-08-01 03:17:46.000,1.217100,1.217400,D
173471129,EUR/USD,2005-08-01 03:17:51.000,1.217200,1.217500,D
173471137,EUR/USD,2005-08-01 03:17:51.000,1.217100,1.217400,D
173471168,EUR/USD,2005-08-01 03:18:04.000,1.217000,1.217300,D
173471173,EUR/USD,2005-08-01 03:18:05.000,1.217100,1.217400,D
173471175,EUR/USD,2005-08-01 03:18:08.000,1.217000,1.217300,D
173471178,EUR/USD,2005-08-01 03:18:08.000,1.217100,1.217400,D
173471198,EUR/USD,2005-08-01 03:18:25.000,1.217200,1.217500,D
173471218,EUR/USD,2005-08-01 03:18:34.000,1.217300,1.217600,D
173471223,EUR/USD,2005-08-01 03:18:35.000,1.217400,1.217700,D
173471251,EUR/USD,2005-08-01 03:18:39.000,1.217300,1.217600,D
173471267,EUR/USD,2005-08-01 03:18:45.000,1.217400,1.217700,D
173471297,EUR/USD,2005-08-01 03:19:00.000,1.217300,1.217600,D
173471324,EUR/USD,2005-08-01 03:19:04.000,1.217200,1.217500,D
173471343,EUR/USD,2005-08-01 03:19:09.000,1.217100,1.217400,D
173471355,EUR/USD,2005-08-01 03:19:11.000,1.217000,1.217300,D
173471361,EUR/USD,2005-08-01 03:19:12.000,1.217100,1.217400,D
173471381,EUR/USD,2005-08-01 03:19:15.000,1.217000,1.217300,D
173471399,EUR/USD,2005-08-01 03:19:27.000,1.216900,1.217200,D
173471427,EUR/USD,2005-08-01 03:19:36.000,1.217000,1.217300,D
173471460,EUR/USD,2005-08-01 03:19:49.000,1.216900,1.217200,D
173471475,EUR/USD,2005-08-01 03:19:53.000,1.217000,1.217300,D
173471477,EUR/USD,2005-08-01 03:19:57.000,1.216900,1.217200,D
173471490,EUR/USD,2005-08-01 03:20:00.000,1.217000,1.217300,D
173471494,EUR/USD,2005-08-01 03:20:02.000,1.216900,1.217200,D
173471517,EUR/USD,2005-08-01 03:20:06.000,1.217000,1.217300,D
173471532,EUR/USD,2005-08-01 03:20:09.000,1.216900,1.217200,D
173471607,EUR/USD,2005-08-01 03:20:39.000,1.217000,1.217300,D
173471660,EUR/USD,2005-08-01 03:20:54.000,1.216900,1.217200,D
173471661,EUR/USD,2005-08-01 03:20:55.000,1.217000,1.217300,D
173471694,EUR/USD,2005-08-01 03:21:20.000,1.216900,1.217200,D
173471772,EUR/USD,2005-08-01 03:22:38.000,1.217000,1.217300,D
173471788,EUR/USD,2005-08-01 03:22:54.000,1.216900,1.217200,D
173471811,EUR/USD,2005-08-01 03:23:01.000,1.216800,1.217100,D
173471815,EUR/USD,2005-08-01 03:23:04.000,1.216900,1.217200,D
173471828,EUR/USD,2005-08-01 03:23:07.000,1.216800,1.217100,D
173471836,EUR/USD,2005-08-01 03:23:11.000,1.216900,1.217200,D
173471883,EUR/USD,2005-08-01 03:23:40.000,1.217000,1.217300,D
173471910,EUR/USD,2005-08-01 03:24:05.000,1.217100,1.217400,D
173471914,EUR/USD,2005-08-01 03:24:11.000,1.217200,1.217500,D
173471950,EUR/USD,2005-08-01 03:24:18.000,1.217300,1.217600,D
173471980,EUR/USD,2005-08-01 03:24:29.000,1.217400,1.217700,D
173471992,EUR/USD,2005-08-01 03:24:34.000,1.217500,1.217800,D
173472000,EUR/USD,2005-08-01 03:24:37.000,1.217400,1.217700,D
173472007,EUR/USD,2005-08-01 03:24:40.000,1.217500,1.217800,D
173472025,EUR/USD,2005-08-01 03:25:02.000,1.217600,1.217900,D
173472046,EUR/USD,2005-08-01 03:25:12.000,1.217500,1.217800,D
173472063,EUR/USD,2005-08-01 03:25:29.000,1.217600,1.217900,D
173472065,EUR/USD,2005-08-01 03:25:30.000,1.217500,1.217800,D
173472068,EUR/USD,2005-08-01 03:25:31.000,1.217600,1.217900,D
173472091,EUR/USD,2005-08-01 03:25:44.000,1.217500,1.217800,D
173472110,EUR/USD,2005-08-01 03:26:10.000,1.217600,1.217900,D
173472137,EUR/USD,2005-08-01 03:26:23.000,1.217700,1.218000,D
173472150,EUR/USD,2005-08-01 03:26:33.000,1.217600,1.217900,D
173472153,EUR/USD,2005-08-01 03:26:34.000,1.217700,1.218000,D
173472156,EUR/USD,2005-08-01 03:26:34.000,1.217600,1.217900,D
173472160,EUR/USD,2005-08-01 03:26:36.000,1.217700,1.218000,D
173472164,EUR/USD,2005-08-01 03:26:43.000,1.217600,1.217900,D
173472229,EUR/USD,2005-08-01 03:27:37.000,1.217700,1.218000,D
173472256,EUR/USD,2005-08-01 03:27:52.000,1.217800,1.218100,D
173472286,EUR/USD,2005-08-01 03:28:01.000,1.217700,1.218000,D
173472297,EUR/USD,2005-08-01 03:28:03.000,1.217800,1.218100,D
173472344,EUR/USD,2005-08-01 03:28:21.000,1.217900,1.218200,D
173472352,EUR/USD,2005-08-01 03:28:24.000,1.218000,1.218300,D
173472408,EUR/USD,2005-08-01 03:28:38.000,1.218100,1.218400,D
173472437,EUR/USD,2005-08-01 03:28:43.000,1.218000,1.218300,D
173472440,EUR/USD,2005-08-01 03:28:44.000,1.218100,1.218400,D
173472457,EUR/USD,2005-08-01 03:28:52.000,1.218000,1.218300,D
173472475,EUR/USD,2005-08-01 03:29:01.000,1.217900,1.218200,D
173472480,EUR/USD,2005-08-01 03:29:01.000,1.218000,1.218300,D
173472484,EUR/USD,2005-08-01 03:29:02.000,1.217900,1.218200,D
173472492,EUR/USD,2005-08-01 03:29:04.000,1.218000,1.218300,D
173472499,EUR/USD,2005-08-01 03:29:06.000,1.218100,1.218400,D
173472505,EUR/USD,2005-08-01 03:29:08.000,1.218000,1.218300,D
173472529,EUR/USD,2005-08-01 03:29:16.000,1.218100,1.218400,D
173472533,EUR/USD,2005-08-01 03:29:18.000,1.218000,1.218300,D
173472548,EUR/USD,2005-08-01 03:29:24.000,1.217900,1.218200,D
173472563,EUR/USD,2005-08-01 03:29:34.000,1.218000,1.218300,D
173472569,EUR/USD,2005-08-01 03:29:47.000,1.218100,1.218400,D
173472574,EUR/USD,2005-08-01 03:29:48.000,1.218000,1.218300,D
173472608,EUR/USD,2005-08-01 03:29:59.000,1.217900,1.218200,D
173472613,EUR/USD,2005-08-01 03:30:01.000,1.218000,1.218300,D
173472625,EUR/USD,2005-08-01 03:30:04.000,1.217900,1.218200,D
173472637,EUR/USD,2005-08-01 03:30:05.000,1.218000,1.218300,D
173472654,EUR/USD,2005-08-01 03:30:13.000,1.218100,1.218400,D
173472674,EUR/USD,2005-08-01 03:30:17.000,1.218000,1.218300,D
173472696,EUR/USD,2005-08-01 03:30:29.000,1.218100,1.218400,D
173472753,EUR/USD,2005-08-01 03:30:44.000,1.218200,1.218500,D
173472755,EUR/USD,2005-08-01 03:30:44.000,1.218300,1.218600,D
173472763,EUR/USD,2005-08-01 03:30:51.000,1.218400,1.218700,D
173472767,EUR/USD,2005-08-01 03:30:54.000,1.218500,1.218800,D
173472811,EUR/USD,2005-08-01 03:31:08.000,1.218600,1.218900,D
173472819,EUR/USD,2005-08-01 03:31:08.000,1.218500,1.218800,D
173472828,EUR/USD,2005-08-01 03:31:14.000,1.218400,1.218700,D
173472835,EUR/USD,2005-08-01 03:31:14.000,1.218500,1.218800,D
173472849,EUR/USD,2005-08-01 03:31:18.000,1.218400,1.218700,D
173472870,EUR/USD,2005-08-01 03:31:30.000,1.218500,1.218800,D
173472894,EUR/USD,2005-08-01 03:31:40.000,1.218400,1.218700,D
173472946,EUR/USD,2005-08-01 03:32:09.000,1.218500,1.218800,D
173473091,EUR/USD,2005-08-01 03:33:11.000,1.218400,1.218700,D
173473097,EUR/USD,2005-08-01 03:33:13.000,1.218300,1.218600,D
173473099,EUR/USD,2005-08-01 03:33:14.000,1.218400,1.218700,D
173473119,EUR/USD,2005-08-01 03:33:17.000,1.218300,1.218600,D
173473130,EUR/USD,2005-08-01 03:33:19.000,1.218200,1.218500,D
173473132,EUR/USD,2005-08-01 03:33:19.000,1.218300,1.218600,D
173473134,EUR/USD,2005-08-01 03:33:19.000,1.218400,1.218700,D
173473152,EUR/USD,2005-08-01 03:33:22.000,1.218300,1.218600,D
173473164,EUR/USD,2005-08-01 03:33:26.000,1.218200,1.218500,D
173473169,EUR/USD,2005-08-01 03:33:27.000,1.218300,1.218600,D
173473204,EUR/USD,2005-08-01 03:33:53.000,1.218200,1.218500,D
173473211,EUR/USD,2005-08-01 03:33:55.000,1.218300,1.218600,D
173473294,EUR/USD,2005-08-01 03:34:27.000,1.218400,1.218700,D
173473320,EUR/USD,2005-08-01 03:34:48.000,1.218500,1.218800,D
173473328,EUR/USD,2005-08-01 03:34:51.000,1.218400,1.218700,D
173473341,EUR/USD,2005-08-01 03:34:53.000,1.218500,1.218800,D
173473355,EUR/USD,2005-08-01 03:34:58.000,1.218600,1.218900,D
173473374,EUR/USD,2005-08-01 03:35:04.000,1.218500,1.218800,D
173473396,EUR/USD,2005-08-01 03:35:13.000,1.218400,1.218700,D
173473434,EUR/USD,2005-08-01 03:35:33.000,1.218300,1.218600,D
173473459,EUR/USD,2005-08-01 03:35:44.000,1.218400,1.218700,D
173473476,EUR/USD,2005-08-01 03:35:51.000,1.218300,1.218600,D
173473495,EUR/USD,2005-08-01 03:35:54.000,1.218400,1.218700,D
173473506,EUR/USD,2005-08-01 03:35:59.000,1.218300,1.218600,D
173473532,EUR/USD,2005-08-01 03:36:29.000,1.218200,1.218500,D
173473555,EUR/USD,2005-08-01 03:36:34.000,1.218300,1.218600,D
173473684,EUR/USD,2005-08-01 03:37:31.000,1.218200,1.218500,D
173473688,EUR/USD,2005-08-01 03:37:31.000,1.218300,1.218600,D
173473692,EUR/USD,2005-08-01 03:37:32.000,1.218200,1.218500,D
173473699,EUR/USD,2005-08-01 03:37:32.000,1.218300,1.218600,D
173473716,EUR/USD,2005-08-01 03:37:35.000,1.218200,1.218500,D
173473743,EUR/USD,2005-08-01 03:37:38.000,1.218100,1.218400,D
173473750,EUR/USD,2005-08-01 03:37:42.000,1.218000,1.218300,D
173473762,EUR/USD,2005-08-01 03:37:45.000,1.217900,1.218200,D
173473769,EUR/USD,2005-08-01 03:37:45.000,1.218000,1.218300,D
173473776,EUR/USD,2005-08-01 03:37:46.000,1.217900,1.218200,D
173473796,EUR/USD,2005-08-01 03:37:52.000,1.218000,1.218300,D
173473811,EUR/USD,2005-08-01 03:37:57.000,1.217900,1.218200,D
173473812,EUR/USD,2005-08-01 03:37:57.000,1.218000,1.218300,D
173473829,EUR/USD,2005-08-01 03:38:02.000,1.218100,1.218400,D
173473842,EUR/USD,2005-08-01 03:38:07.000,1.218000,1.218300,D
173473875,EUR/USD,2005-08-01 03:38:27.000,1.218100,1.218400,D
173473906,EUR/USD,2005-08-01 03:38:46.000,1.218200,1.218500,D
173473923,EUR/USD,2005-08-01 03:38:52.000,1.218100,1.218400,D
173473926,EUR/USD,2005-08-01 03:38:54.000,1.218200,1.218500,D
173473947,EUR/USD,2005-08-01 03:39:00.000,1.218300,1.218600,D
173473985,EUR/USD,2005-08-01 03:39:12.000,1.218400,1.218700,D
173473991,EUR/USD,2005-08-01 03:39:13.000,1.218300,1.218600,D
173473995,EUR/USD,2005-08-01 03:39:15.000,1.218400,1.218700,D
173474011,EUR/USD,2005-08-01 03:39:25.000,1.218500,1.218800,D
173474021,EUR/USD,2005-08-01 03:39:28.000,1.218600,1.218900,D
173474031,EUR/USD,2005-08-01 03:39:29.000,1.218500,1.218800,D
173474038,EUR/USD,2005-08-01 03:39:32.000,1.218600,1.218900,D
173474046,EUR/USD,2005-08-01 03:39:38.000,1.218700,1.219000,D
173474087,EUR/USD,2005-08-01 03:39:50.000,1.218600,1.218900,D
173474102,EUR/USD,2005-08-01 03:39:52.000,1.218500,1.218800,D
173474123,EUR/USD,2005-08-01 03:39:55.000,1.218400,1.218700,D
173474130,EUR/USD,2005-08-01 03:39:56.000,1.218500,1.218800,D
173474144,EUR/USD,2005-08-01 03:39:57.000,1.218400,1.218700,D
173474174,EUR/USD,2005-08-01 03:40:11.000,1.218500,1.218800,D
173474206,EUR/USD,2005-08-01 03:40:16.000,1.218400,1.218700,D
173474225,EUR/USD,2005-08-01 03:40:29.000,1.218300,1.218600,D
173474284,EUR/USD,2005-08-01 03:40:59.000,1.218200,1.218500,D
173474291,EUR/USD,2005-08-01 03:41:02.000,1.218100,1.218400,D
173474296,EUR/USD,2005-08-01 03:41:03.000,1.218200,1.218500,D
173474299,EUR/USD,2005-08-01 03:41:03.000,1.218300,1.218600,D
173474334,EUR/USD,2005-08-01 03:41:12.000,1.218200,1.218500,D
173474336,EUR/USD,2005-08-01 03:41:13.000,1.218300,1.218600,D
173474341,EUR/USD,2005-08-01 03:41:15.000,1.218200,1.218500,D
173474344,EUR/USD,2005-08-01 03:41:16.000,1.218300,1.218600,D
173474357,EUR/USD,2005-08-01 03:41:23.000,1.218200,1.218500,D
173474363,EUR/USD,2005-08-01 03:41:24.000,1.218300,1.218600,D
173474374,EUR/USD,2005-08-01 03:41:27.000,1.218200,1.218500,D
173474379,EUR/USD,2005-08-01 03:41:32.000,1.218300,1.218600,D
173474382,EUR/USD,2005-08-01 03:41:33.000,1.218200,1.218500,D
173474425,EUR/USD,2005-08-01 03:42:14.000,1.218300,1.218600,D
173474442,EUR/USD,2005-08-01 03:42:22.000,1.218200,1.218500,D
173474457,EUR/USD,2005-08-01 03:42:39.000,1.218300,1.218600,D
173474492,EUR/USD,2005-08-01 03:43:03.000,1.218400,1.218700,D
173474524,EUR/USD,2005-08-01 03:43:23.000,1.218300,1.218600,D
173474532,EUR/USD,2005-08-01 03:43:29.000,1.218400,1.218700,D
173474584,EUR/USD,2005-08-01 03:43:54.000,1.218500,1.218800,D
173474643,EUR/USD,2005-08-01 03:44:15.000,1.218400,1.218700,D
173474644,EUR/USD,2005-08-01 03:44:15.000,1.218500,1.218800,D
173474652,EUR/USD,2005-08-01 03:44:17.000,1.218400,1.218700,D
173474686,EUR/USD,2005-08-01 03:44:27.000,1.218300,1.218600,D
173474706,EUR/USD,2005-08-01 03:44:33.000,1.218400,1.218700,D
173474742,EUR/USD,2005-08-01 03:44:56.000,1.218500,1.218800,D
173474744,EUR/USD,2005-08-01 03:44:56.000,1.218400,1.218700,D
173474756,EUR/USD,2005-08-01 03:45:03.000,1.218500,1.218800,D
173474839,EUR/USD,2005-08-01 03:45:51.000,1.218600,1.218900,D
173474877,EUR/USD,2005-08-01 03:46:03.000,1.218500,1.218800,D
173474929,EUR/USD,2005-08-01 03:46:23.000,1.218400,1.218700,D
173475003,EUR/USD,2005-08-01 03:47:39.000,1.218300,1.218600,D
173475009,EUR/USD,2005-08-01 03:47:42.000,1.218400,1.218700,D
173475012,EUR/USD,2005-08-01 03:47:43.000,1.218300,1.218600,D
173475108,EUR/USD,2005-08-01 03:49:09.000,1.218400,1.218700,D
173475111,EUR/USD,2005-08-01 03:49:09.000,1.218300,1.218600,D
173475131,EUR/USD,2005-08-01 03:49:22.000,1.218400,1.218700,D
173475177,EUR/USD,2005-08-01 03:49:39.000,1.218500,1.218800,D
173475199,EUR/USD,2005-08-01 03:49:55.000,1.218600,1.218900,D
173475231,EUR/USD,2005-08-01 03:50:11.000,1.218700,1.219000,D
173475240,EUR/USD,2005-08-01 03:50:13.000,1.218800,1.219100,D
173475249,EUR/USD,2005-08-01 03:50:15.000,1.218900,1.219200,D
173475253,EUR/USD,2005-08-01 03:50:15.000,1.219000,1.219300,D
173475274,EUR/USD,2005-08-01 03:50:17.000,1.219100,1.219400,D
173475281,EUR/USD,2005-08-01 03:50:18.000,1.219000,1.219300,D
173475283,EUR/USD,2005-08-01 03:50:18.000,1.219100,1.219400,D
173475290,EUR/USD,2005-08-01 03:50:19.000,1.219200,1.219500,D
173475328,EUR/USD,2005-08-01 03:50:23.000,1.219100,1.219400,D
173475335,EUR/USD,2005-08-01 03:50:24.000,1.219200,1.219500,D
173475338,EUR/USD,2005-08-01 03:50:24.000,1.219300,1.219600,D
173475362,EUR/USD,2005-08-01 03:50:28.000,1.219400,1.219700,D
173475385,EUR/USD,2005-08-01 03:50:34.000,1.219300,1.219600,D
173475407,EUR/USD,2005-08-01 03:50:38.000,1.219200,1.219500,D
173475438,EUR/USD,2005-08-01 03:50:43.000,1.219300,1.219600,D
173475460,EUR/USD,2005-08-01 03:50:50.000,1.219400,1.219700,D
173475468,EUR/USD,2005-08-01 03:50:51.000,1.219300,1.219600,D
173475487,EUR/USD,2005-08-01 03:50:55.000,1.219200,1.219500,D
173475497,EUR/USD,2005-08-01 03:50:56.000,1.219100,1.219400,D
173475506,EUR/USD,2005-08-01 03:50:58.000,1.219200,1.219500,D
173475519,EUR/USD,2005-08-01 03:51:01.000,1.219100,1.219400,D
173475575,EUR/USD,2005-08-01 03:51:19.000,1.218900,1.219200,D
173475617,EUR/USD,2005-08-01 03:51:23.000,1.219000,1.219300,D
173475626,EUR/USD,2005-08-01 03:51:23.000,1.218900,1.219200,D
173475634,EUR/USD,2005-08-01 03:51:24.000,1.218800,1.219100,D
173475657,EUR/USD,2005-08-01 03:51:27.000,1.218900,1.219200,D
173475661,EUR/USD,2005-08-01 03:51:28.000,1.218800,1.219100,D
173475675,EUR/USD,2005-08-01 03:51:32.000,1.218900,1.219200,D
173475680,EUR/USD,2005-08-01 03:51:33.000,1.218800,1.219100,D
173475714,EUR/USD,2005-08-01 03:51:44.000,1.218700,1.219000,D
173475723,EUR/USD,2005-08-01 03:51:49.000,1.218800,1.219100,D
173475729,EUR/USD,2005-08-01 03:51:51.000,1.218700,1.219000,D
173475768,EUR/USD,2005-08-01 03:52:04.000,1.218600,1.218900,D
173475796,EUR/USD,2005-08-01 03:52:13.000,1.218500,1.218800,D
173475819,EUR/USD,2005-08-01 03:52:17.000,1.218400,1.218700,D
173475828,EUR/USD,2005-08-01 03:52:21.000,1.218500,1.218800,D
173475844,EUR/USD,2005-08-01 03:52:25.000,1.218400,1.218700,D
173475847,EUR/USD,2005-08-01 03:52:27.000,1.218500,1.218800,D
173475883,EUR/USD,2005-08-01 03:52:46.000,1.218600,1.218900,D
173475897,EUR/USD,2005-08-01 03:52:48.000,1.218500,1.218800,D
173475904,EUR/USD,2005-08-01 03:52:49.000,1.218600,1.218900,D
173475923,EUR/USD,2005-08-01 03:52:57.000,1.218700,1.219000,D
173475929,EUR/USD,2005-08-01 03:52:57.000,1.218800,1.219100,D
173475938,EUR/USD,2005-08-01 03:52:58.000,1.218700,1.219000,D
173475944,EUR/USD,2005-08-01 03:52:58.000,1.218800,1.219100,D
173475950,EUR/USD,2005-08-01 03:52:59.000,1.218700,1.219000,D
173475957,EUR/USD,2005-08-01 03:53:00.000,1.218800,1.219100,D
173475960,EUR/USD,2005-08-01 03:53:01.000,1.218700,1.219000,D
173475974,EUR/USD,2005-08-01 03:53:05.000,1.218800,1.219100,D
173475984,EUR/USD,2005-08-01 03:53:07.000,1.218700,1.219000,D
173475991,EUR/USD,2005-08-01 03:53:08.000,1.218600,1.218900,D
173476007,EUR/USD,2005-08-01 03:53:10.000,1.218700,1.219000,D
173476016,EUR/USD,2005-08-01 03:53:12.000,1.218600,1.218900,D
173476022,EUR/USD,2005-08-01 03:53:13.000,1.218700,1.219000,D
173476027,EUR/USD,2005-08-01 03:53:15.000,1.218600,1.218900,D
173476078,EUR/USD,2005-08-01 03:53:41.000,1.218500,1.218800,D
173476091,EUR/USD,2005-08-01 03:53:47.000,1.218400,1.218700,D
173476130,EUR/USD,2005-08-01 03:54:00.000,1.218500,1.218800,D
173476141,EUR/USD,2005-08-01 03:54:02.000,1.218400,1.218700,D
173476155,EUR/USD,2005-08-01 03:54:06.000,1.218500,1.218800,D
173476168,EUR/USD,2005-08-01 03:54:09.000,1.218400,1.218700,D
173476225,EUR/USD,2005-08-01 03:54:37.000,1.218300,1.218600,D
173476243,EUR/USD,2005-08-01 03:54:42.000,1.218400,1.218700,D
173476278,EUR/USD,2005-08-01 03:54:47.000,1.218300,1.218600,D
173476279,EUR/USD,2005-08-01 03:54:48.000,1.218400,1.218700,D
173476289,EUR/USD,2005-08-01 03:54:55.000,1.218500,1.218800,D
173476301,EUR/USD,2005-08-01 03:55:06.000,1.218600,1.218900,D
173476322,EUR/USD,2005-08-01 03:55:14.000,1.218700,1.219000,D
173476338,EUR/USD,2005-08-01 03:55:18.000,1.218600,1.218900,D
173476346,EUR/USD,2005-08-01 03:55:18.000,1.218700,1.219000,D
173476353,EUR/USD,2005-08-01 03:55:19.000,1.218600,1.218900,D
173476370,EUR/USD,2005-08-01 03:55:33.000,1.218500,1.218800,D
173476372,EUR/USD,2005-08-01 03:55:35.000,1.218600,1.218900,D
173476376,EUR/USD,2005-08-01 03:55:36.000,1.218500,1.218800,D
173476429,EUR/USD,2005-08-01 03:56:08.000,1.218400,1.218700,D
173476434,EUR/USD,2005-08-01 03:56:09.000,1.218500,1.218800,D
173476450,EUR/USD,2005-08-01 03:56:21.000,1.218600,1.218900,D
173476471,EUR/USD,2005-08-01 03:56:28.000,1.218500,1.218800,D
173476475,EUR/USD,2005-08-01 03:56:29.000,1.218600,1.218900,D
173476494,EUR/USD,2005-08-01 03:56:32.000,1.218700,1.219000,D
173476499,EUR/USD,2005-08-01 03:56:34.000,1.218600,1.218900,D
173476503,EUR/USD,2005-08-01 03:56:35.000,1.218700,1.219000,D
173476519,EUR/USD,2005-08-01 03:56:47.000,1.218800,1.219100,D
173476557,EUR/USD,2005-08-01 03:56:51.000,1.218700,1.219000,D
173476612,EUR/USD,2005-08-01 03:57:04.000,1.218600,1.218900,D
173476615,EUR/USD,2005-08-01 03:57:04.000,1.218700,1.219000,D
173476628,EUR/USD,2005-08-01 03:57:07.000,1.218600,1.218900,D
173476667,EUR/USD,2005-08-01 03:57:33.000,1.218500,1.218800,D
173476670,EUR/USD,2005-08-01 03:57:34.000,1.218600,1.218900,D
173476679,EUR/USD,2005-08-01 03:57:37.000,1.218500,1.218800,D
173476698,EUR/USD,2005-08-01 03:57:49.000,1.218400,1.218700,D
173476710,EUR/USD,2005-08-01 03:57:51.000,1.218500,1.218800,D
173476743,EUR/USD,2005-08-01 03:58:23.000,1.218400,1.218700,D
173476760,EUR/USD,2005-08-01 03:58:32.000,1.218500,1.218800,D
173476765,EUR/USD,2005-08-01 03:58:33.000,1.218400,1.218700,D
173476772,EUR/USD,2005-08-01 03:58:34.000,1.218500,1.218800,D
173476779,EUR/USD,2005-08-01 03:58:41.000,1.218400,1.218700,D
173476788,EUR/USD,2005-08-01 03:58:57.000,1.218500,1.218800,D
173476793,EUR/USD,2005-08-01 03:58:58.000,1.218400,1.218700,D
173476803,EUR/USD,2005-08-01 03:58:59.000,1.218500,1.218800,D
173476807,EUR/USD,2005-08-01 03:59:01.000,1.218400,1.218700,D
173476815,EUR/USD,2005-08-01 03:59:07.000,1.218500,1.218800,D
173476825,EUR/USD,2005-08-01 03:59:10.000,1.218600,1.218900,D
173476837,EUR/USD,2005-08-01 03:59:22.000,1.218500,1.218800,D
173476853,EUR/USD,2005-08-01 03:59:52.000,1.218400,1.218700,D
173476887,EUR/USD,2005-08-01 04:00:03.000,1.218500,1.218800,D
173476997,EUR/USD,2005-08-01 04:00:45.000,1.218400,1.218700,D
173477005,EUR/USD,2005-08-01 04:00:49.000,1.218500,1.218800,D
173477060,EUR/USD,2005-08-01 04:01:03.000,1.218400,1.218700,D
173477068,EUR/USD,2005-08-01 04:01:10.000,1.218500,1.218800,D
173477080,EUR/USD,2005-08-01 04:01:14.000,1.218400,1.218700,D
173477107,EUR/USD,2005-08-01 04:01:22.000,1.218500,1.218800,D
173477110,EUR/USD,2005-08-01 04:01:23.000,1.218400,1.218700,D
173477112,EUR/USD,2005-08-01 04:01:23.000,1.218500,1.218800,D
173477135,EUR/USD,2005-08-01 04:01:57.000,1.218600,1.218900,D
173477138,EUR/USD,2005-08-01 04:01:59.000,1.218500,1.218800,D
173477176,EUR/USD,2005-08-01 04:02:34.000,1.218600,1.218900,D
173477180,EUR/USD,2005-08-01 04:02:38.000,1.218500,1.218800,D
173477184,EUR/USD,2005-08-01 04:02:42.000,1.218600,1.218900,D
173477199,EUR/USD,2005-08-01 04:02:50.000,1.218500,1.218800,D
173477229,EUR/USD,2005-08-01 04:03:09.000,1.218400,1.218700,D
173477245,EUR/USD,2005-08-01 04:03:20.000,1.218500,1.218800,D
173477254,EUR/USD,2005-08-01 04:03:23.000,1.218400,1.218700,D
173477261,EUR/USD,2005-08-01 04:03:25.000,1.218500,1.218800,D
173477271,EUR/USD,2005-08-01 04:03:28.000,1.218600,1.218900,D
173477287,EUR/USD,2005-08-01 04:03:31.000,1.218500,1.218800,D
173477298,EUR/USD,2005-08-01 04:03:38.000,1.218600,1.218900,D
173477354,EUR/USD,2005-08-01 04:04:06.000,1.218500,1.218800,D
173477355,EUR/USD,2005-08-01 04:04:07.000,1.218600,1.218900,D
173477363,EUR/USD,2005-08-01 04:04:12.000,1.218500,1.218800,D
173477384,EUR/USD,2005-08-01 04:04:39.000,1.218600,1.218900,D
173477469,EUR/USD,2005-08-01 04:05:20.000,1.218700,1.219000,D
173477489,EUR/USD,2005-08-01 04:05:30.000,1.218600,1.218900,D
173477526,EUR/USD,2005-08-01 04:05:53.000,1.218700,1.219000,D
173477542,EUR/USD,2005-08-01 04:06:07.000,1.218800,1.219100,D
173477568,EUR/USD,2005-08-01 04:06:12.000,1.218900,1.219200,D
173477573,EUR/USD,2005-08-01 04:06:12.000,1.218800,1.219100,D
173477580,EUR/USD,2005-08-01 04:06:13.000,1.218900,1.219200,D
173477600,EUR/USD,2005-08-01 04:06:18.000,1.219000,1.219300,D
173477614,EUR/USD,2005-08-01 04:06:21.000,1.219100,1.219400,D
173477624,EUR/USD,2005-08-01 04:06:22.000,1.219000,1.219300,D
173477638,EUR/USD,2005-08-01 04:06:24.000,1.219100,1.219400,D
173477641,EUR/USD,2005-08-01 04:06:25.000,1.219000,1.219300,D
173477649,EUR/USD,2005-08-01 04:06:26.000,1.219100,1.219400,D
173477688,EUR/USD,2005-08-01 04:06:33.000,1.219000,1.219300,D
173477706,EUR/USD,2005-08-01 04:06:38.000,1.218900,1.219200,D
173477712,EUR/USD,2005-08-01 04:06:38.000,1.219000,1.219300,D
173477729,EUR/USD,2005-08-01 04:06:43.000,1.219100,1.219400,D
173477754,EUR/USD,2005-08-01 04:06:49.000,1.219000,1.219300,D
173477761,EUR/USD,2005-08-01 04:06:54.000,1.219100,1.219400,D
173477768,EUR/USD,2005-08-01 04:06:56.000,1.219000,1.219300,D
173477776,EUR/USD,2005-08-01 04:07:01.000,1.219100,1.219400,D
173477835,EUR/USD,2005-08-01 04:07:19.000,1.219000,1.219300,D
173477854,EUR/USD,2005-08-01 04:07:25.000,1.218800,1.219100,D
173477864,EUR/USD,2005-08-01 04:07:27.000,1.218700,1.219000,D
173477910,EUR/USD,2005-08-01 04:07:37.000,1.218600,1.218900,D
173477925,EUR/USD,2005-08-01 04:07:38.000,1.218700,1.219000,D
173477949,EUR/USD,2005-08-01 04:07:58.000,1.218600,1.218900,D
173477968,EUR/USD,2005-08-01 04:08:11.000,1.218500,1.218800,D
173477976,EUR/USD,2005-08-01 04:08:12.000,1.218600,1.218900,D
173477984,EUR/USD,2005-08-01 04:08:14.000,1.218500,1.218800,D
173477990,EUR/USD,2005-08-01 04:08:15.000,1.218600,1.218900,D
173478007,EUR/USD,2005-08-01 04:08:19.000,1.218700,1.219000,D
173478012,EUR/USD,2005-08-01 04:08:20.000,1.218600,1.218900,D
173478016,EUR/USD,2005-08-01 04:08:21.000,1.218700,1.219000,D
173478033,EUR/USD,2005-08-01 04:08:27.000,1.218600,1.218900,D
173478084,EUR/USD,2005-08-01 04:08:41.000,1.218500,1.218800,D
173478095,EUR/USD,2005-08-01 04:08:45.000,1.218600,1.218900,D
173478124,EUR/USD,2005-08-01 04:08:58.000,1.218500,1.218800,D
173478131,EUR/USD,2005-08-01 04:09:03.000,1.218600,1.218900,D
173478142,EUR/USD,2005-08-01 04:09:08.000,1.218700,1.219000,D
173478168,EUR/USD,2005-08-01 04:09:18.000,1.218800,1.219100,D
173478173,EUR/USD,2005-08-01 04:09:19.000,1.218700,1.219000,D
173478179,EUR/USD,2005-08-01 04:09:20.000,1.218800,1.219100,D
173478185,EUR/USD,2005-08-01 04:09:22.000,1.218900,1.219200,D
173478188,EUR/USD,2005-08-01 04:09:22.000,1.218800,1.219100,D
173478214,EUR/USD,2005-08-01 04:09:38.000,1.218900,1.219200,D
173478235,EUR/USD,2005-08-01 04:09:43.000,1.219000,1.219300,D
173478256,EUR/USD,2005-08-01 04:09:46.000,1.218900,1.219200,D
173478264,EUR/USD,2005-08-01 04:09:48.000,1.219000,1.219300,D
173478279,EUR/USD,2005-08-01 04:09:49.000,1.218900,1.219200,D
173478292,EUR/USD,2005-08-01 04:09:51.000,1.218800,1.219100,D
173478303,EUR/USD,2005-08-01 04:09:53.000,1.218900,1.219200,D
173478336,EUR/USD,2005-08-01 04:10:02.000,1.219000,1.219300,D
173478384,EUR/USD,2005-08-01 04:10:15.000,1.219100,1.219400,D
173478396,EUR/USD,2005-08-01 04:10:18.000,1.219200,1.219500,D
173478418,EUR/USD,2005-08-01 04:10:23.000,1.219300,1.219600,D
173478428,EUR/USD,2005-08-01 04:10:24.000,1.219200,1.219500,D
173478429,EUR/USD,2005-08-01 04:10:24.000,1.219100,1.219400,D
173478442,EUR/USD,2005-08-01 04:10:25.000,1.219200,1.219500,D
173478450,EUR/USD,2005-08-01 04:10:26.000,1.219100,1.219400,D
173478468,EUR/USD,2005-08-01 04:10:29.000,1.219000,1.219300,D
173478479,EUR/USD,2005-08-01 04:10:31.000,1.219100,1.219400,D
173478499,EUR/USD,2005-08-01 04:10:39.000,1.219000,1.219300,D
173478527,EUR/USD,2005-08-01 04:10:42.000,1.219100,1.219400,D
173478567,EUR/USD,2005-08-01 04:10:54.000,1.219000,1.219300,D
173478591,EUR/USD,2005-08-01 04:10:57.000,1.219100,1.219400,D
173478649,EUR/USD,2005-08-01 04:11:14.000,1.219200,1.219500,D
173478664,EUR/USD,2005-08-01 04:11:20.000,1.219300,1.219600,D
173478676,EUR/USD,2005-08-01 04:11:21.000,1.219200,1.219500,D
173478688,EUR/USD,2005-08-01 04:11:22.000,1.219300,1.219600,D
173478695,EUR/USD,2005-08-01 04:11:22.000,1.219200,1.219500,D
173478747,EUR/USD,2005-08-01 04:11:27.000,1.219300,1.219600,D
173478775,EUR/USD,2005-08-01 04:11:30.000,1.219200,1.219500,D
173478788,EUR/USD,2005-08-01 04:11:32.000,1.219300,1.219600,D
173478804,EUR/USD,2005-08-01 04:11:38.000,1.219200,1.219500,D
173478815,EUR/USD,2005-08-01 04:11:40.000,1.219100,1.219400,D
173478820,EUR/USD,2005-08-01 04:11:40.000,1.219200,1.219500,D
173478869,EUR/USD,2005-08-01 04:11:50.000,1.219300,1.219600,D
173478876,EUR/USD,2005-08-01 04:11:50.000,1.219200,1.219500,D
173478877,EUR/USD,2005-08-01 04:11:51.000,1.219100,1.219400,D
173478890,EUR/USD,2005-08-01 04:11:52.000,1.219200,1.219500,D
173478897,EUR/USD,2005-08-01 04:11:56.000,1.219100,1.219400,D
173478902,EUR/USD,2005-08-01 04:11:58.000,1.219200,1.219500,D
173478925,EUR/USD,2005-08-01 04:12:03.000,1.219300,1.219600,D
173478937,EUR/USD,2005-08-01 04:12:05.000,1.219200,1.219500,D
173478940,EUR/USD,2005-08-01 04:12:06.000,1.219300,1.219600,D
173478945,EUR/USD,2005-08-01 04:12:07.000,1.219200,1.219500,D
173478951,EUR/USD,2005-08-01 04:12:07.000,1.219300,1.219600,D
173478957,EUR/USD,2005-08-01 04:12:08.000,1.219200,1.219500,D
173478973,EUR/USD,2005-08-01 04:12:12.000,1.219100,1.219400,D
173478975,EUR/USD,2005-08-01 04:12:12.000,1.219200,1.219500,D
173478988,EUR/USD,2005-08-01 04:12:14.000,1.219100,1.219400,D
173478993,EUR/USD,2005-08-01 04:12:15.000,1.219200,1.219500,D
173479012,EUR/USD,2005-08-01 04:12:22.000,1.219100,1.219400,D
173479018,EUR/USD,2005-08-01 04:12:23.000,1.219200,1.219500,D
173479027,EUR/USD,2005-08-01 04:12:26.000,1.219100,1.219400,D
173479052,EUR/USD,2005-08-01 04:12:36.000,1.219200,1.219500,D
173479058,EUR/USD,2005-08-01 04:12:38.000,1.219100,1.219400,D
173479063,EUR/USD,2005-08-01 04:12:40.000,1.219000,1.219300,D
173479102,EUR/USD,2005-08-01 04:12:49.000,1.218900,1.219200,D
173479118,EUR/USD,2005-08-01 04:12:52.000,1.219000,1.219300,D
173479133,EUR/USD,2005-08-01 04:12:53.000,1.218900,1.219200,D
173479135,EUR/USD,2005-08-01 04:12:53.000,1.218800,1.219100,D
173479149,EUR/USD,2005-08-01 04:12:54.000,1.218900,1.219200,D
173479163,EUR/USD,2005-08-01 04:12:58.000,1.219000,1.219300,D
173479198,EUR/USD,2005-08-01 04:13:05.000,1.219100,1.219400,D
173479242,EUR/USD,2005-08-01 04:13:20.000,1.219200,1.219500,D
173479285,EUR/USD,2005-08-01 04:13:31.000,1.219100,1.219400,D
173479295,EUR/USD,2005-08-01 04:13:32.000,1.219200,1.219500,D
173479324,EUR/USD,2005-08-01 04:13:40.000,1.219300,1.219600,D
173479334,EUR/USD,2005-08-01 04:13:41.000,1.219400,1.219700,D
173479372,EUR/USD,2005-08-01 04:13:48.000,1.219500,1.219800,D
173479383,EUR/USD,2005-08-01 04:13:49.000,1.219400,1.219700,D
173479393,EUR/USD,2005-08-01 04:13:51.000,1.219500,1.219800,D
173479398,EUR/USD,2005-08-01 04:13:51.000,1.219400,1.219700,D
173479400,EUR/USD,2005-08-01 04:13:51.000,1.219500,1.219800,D
173479409,EUR/USD,2005-08-01 04:13:52.000,1.219300,1.219600,D
173479417,EUR/USD,2005-08-01 04:13:52.000,1.219400,1.219700,D
173479440,EUR/USD,2005-08-01 04:13:57.000,1.219500,1.219800,D
173479445,EUR/USD,2005-08-01 04:13:58.000,1.219400,1.219700,D
173479449,EUR/USD,2005-08-01 04:13:58.000,1.219500,1.219800,D
173479462,EUR/USD,2005-08-01 04:14:00.000,1.219400,1.219700,D
173479477,EUR/USD,2005-08-01 04:14:04.000,1.219300,1.219600,D
173479506,EUR/USD,2005-08-01 04:14:10.000,1.219400,1.219700,D
173479515,EUR/USD,2005-08-01 04:14:12.000,1.219300,1.219600,D
173479549,EUR/USD,2005-08-01 04:14:19.000,1.219200,1.219500,D
173479556,EUR/USD,2005-08-01 04:14:19.000,1.219300,1.219600,D
173479564,EUR/USD,2005-08-01 04:14:20.000,1.219200,1.219500,D
173479568,EUR/USD,2005-08-01 04:14:21.000,1.219300,1.219600,D
173479575,EUR/USD,2005-08-01 04:14:22.000,1.219200,1.219500,D
173479584,EUR/USD,2005-08-01 04:14:23.000,1.219300,1.219600,D
173479621,EUR/USD,2005-08-01 04:14:37.000,1.219200,1.219500,D
173479629,EUR/USD,2005-08-01 04:14:38.000,1.219300,1.219600,D
173479644,EUR/USD,2005-08-01 04:14:40.000,1.219200,1.219500,D
173479649,EUR/USD,2005-08-01 04:14:41.000,1.219300,1.219600,D
173479673,EUR/USD,2005-08-01 04:14:50.000,1.219200,1.219500,D
173479692,EUR/USD,2005-08-01 04:14:54.000,1.219100,1.219400,D
173479703,EUR/USD,2005-08-01 04:14:55.000,1.219200,1.219500,D
173479726,EUR/USD,2005-08-01 04:15:00.000,1.219300,1.219600,D
173479741,EUR/USD,2005-08-01 04:15:04.000,1.219200,1.219500,D
173479761,EUR/USD,2005-08-01 04:15:14.000,1.219100,1.219400,D
173479803,EUR/USD,2005-08-01 04:15:23.000,1.219200,1.219500,D
173479813,EUR/USD,2005-08-01 04:15:24.000,1.219100,1.219400,D
173479814,EUR/USD,2005-08-01 04:15:25.000,1.219200,1.219500,D
173479825,EUR/USD,2005-08-01 04:15:32.000,1.219300,1.219600,D
173479837,EUR/USD,2005-08-01 04:15:33.000,1.219200,1.219500,D
173479845,EUR/USD,2005-08-01 04:15:34.000,1.219300,1.219600,D
173479854,EUR/USD,2005-08-01 04:15:35.000,1.219200,1.219500,D
173479861,EUR/USD,2005-08-01 04:15:37.000,1.219300,1.219600,D
173479878,EUR/USD,2005-08-01 04:15:40.000,1.219200,1.219500,D
173479881,EUR/USD,2005-08-01 04:15:41.000,1.219300,1.219600,D
173479897,EUR/USD,2005-08-01 04:15:42.000,1.219400,1.219700,D
173479902,EUR/USD,2005-08-01 04:15:43.000,1.219300,1.219600,D
173479929,EUR/USD,2005-08-01 04:15:50.000,1.219400,1.219700,D
173479939,EUR/USD,2005-08-01 04:15:53.000,1.219300,1.219600,D
173480030,EUR/USD,2005-08-01 04:16:24.000,1.219400,1.219700,D
173480035,EUR/USD,2005-08-01 04:16:25.000,1.219300,1.219600,D
173480046,EUR/USD,2005-08-01 04:16:32.000,1.219400,1.219700,D
173480079,EUR/USD,2005-08-01 04:16:37.000,1.219300,1.219600,D
173480095,EUR/USD,2005-08-01 04:16:41.000,1.219400,1.219700,D
173480187,EUR/USD,2005-08-01 04:17:05.000,1.219500,1.219800,D
173480237,EUR/USD,2005-08-01 04:17:13.000,1.219400,1.219700,D
173480268,EUR/USD,2005-08-01 04:17:22.000,1.219500,1.219800,D
173480286,EUR/USD,2005-08-01 04:17:26.000,1.219400,1.219700,D
173480293,EUR/USD,2005-08-01 04:17:32.000,1.219500,1.219800,D
173480299,EUR/USD,2005-08-01 04:17:33.000,1.219400,1.219700,D
173480314,EUR/USD,2005-08-01 04:17:36.000,1.219500,1.219800,D
173480345,EUR/USD,2005-08-01 04:17:42.000,1.219400,1.219700,D
173480364,EUR/USD,2005-08-01 04:17:46.000,1.219500,1.219800,D
173480368,EUR/USD,2005-08-01 04:17:46.000,1.219400,1.219700,D
173480398,EUR/USD,2005-08-01 04:17:52.000,1.219300,1.219600,D
173480408,EUR/USD,2005-08-01 04:17:54.000,1.219400,1.219700,D
173480420,EUR/USD,2005-08-01 04:17:56.000,1.219500,1.219800,D
173480440,EUR/USD,2005-08-01 04:17:58.000,1.219400,1.219700,D
173480446,EUR/USD,2005-08-01 04:17:58.000,1.219500,1.219800,D
173480454,EUR/USD,2005-08-01 04:17:59.000,1.219400,1.219700,D
173480474,EUR/USD,2005-08-01 04:18:02.000,1.219500,1.219800,D
173480486,EUR/USD,2005-08-01 04:18:05.000,1.219600,1.219900,D
173480515,EUR/USD,2005-08-01 04:18:08.000,1.219700,1.220000,D
173480520,EUR/USD,2005-08-01 04:18:09.000,1.219800,1.220100,D
173480548,EUR/USD,2005-08-01 04:18:13.000,1.219700,1.220000,D
173480564,EUR/USD,2005-08-01 04:18:16.000,1.219800,1.220100,D
173480607,EUR/USD,2005-08-01 04:18:22.000,1.219700,1.220000,D
173480612,EUR/USD,2005-08-01 04:18:24.000,1.219800,1.220100,D
173480633,EUR/USD,2005-08-01 04:18:28.000,1.219700,1.220000,D
173480636,EUR/USD,2005-08-01 04:18:29.000,1.219800,1.220100,D
173480648,EUR/USD,2005-08-01 04:18:32.000,1.219700,1.220000,D
173480656,EUR/USD,2005-08-01 04:18:33.000,1.219800,1.220100,D
173480666,EUR/USD,2005-08-01 04:18:35.000,1.219900,1.220200,D
173480868,EUR/USD,2005-08-01 04:19:10.000,1.219800,1.220100,D
173480890,EUR/USD,2005-08-01 04:19:13.000,1.219700,1.220000,D
173480916,EUR/USD,2005-08-01 04:19:19.000,1.219800,1.220100,D
173480942,EUR/USD,2005-08-01 04:19:25.000,1.219700,1.220000,D
173480946,EUR/USD,2005-08-01 04:19:26.000,1.219800,1.220100,D
173480949,EUR/USD,2005-08-01 04:19:28.000,1.219700,1.220000,D
173480953,EUR/USD,2005-08-01 04:19:28.000,1.219800,1.220100,D
173481034,EUR/USD,2005-08-01 04:19:50.000,1.219700,1.220000,D
173481041,EUR/USD,2005-08-01 04:19:51.000,1.219800,1.220100,D
173481047,EUR/USD,2005-08-01 04:19:51.000,1.219700,1.220000,D
173481063,EUR/USD,2005-08-01 04:19:57.000,1.219800,1.220100,D
173481135,EUR/USD,2005-08-01 04:20:15.000,1.219900,1.220200,D
173481195,EUR/USD,2005-08-01 04:20:27.000,1.219800,1.220100,D
173481206,EUR/USD,2005-08-01 04:20:30.000,1.219900,1.220200,D
173481273,EUR/USD,2005-08-01 04:20:56.000,1.219800,1.220100,D
173481286,EUR/USD,2005-08-01 04:21:01.000,1.219900,1.220200,D
173481289,EUR/USD,2005-08-01 04:21:01.000,1.219800,1.220100,D
173481298,EUR/USD,2005-08-01 04:21:05.000,1.219900,1.220200,D
173481327,EUR/USD,2005-08-01 04:21:14.000,1.219800,1.220100,D
173481329,EUR/USD,2005-08-01 04:21:15.000,1.219900,1.220200,D
173481352,EUR/USD,2005-08-01 04:21:20.000,1.219800,1.220100,D
173481355,EUR/USD,2005-08-01 04:21:20.000,1.219900,1.220200,D
173481372,EUR/USD,2005-08-01 04:21:28.000,1.219800,1.220100,D
173481375,EUR/USD,2005-08-01 04:21:29.000,1.219900,1.220200,D
173481385,EUR/USD,2005-08-01 04:21:32.000,1.219800,1.220100,D
173481396,EUR/USD,2005-08-01 04:21:33.000,1.219900,1.220200,D
173481402,EUR/USD,2005-08-01 04:21:34.000,1.219800,1.220100,D
173481412,EUR/USD,2005-08-01 04:21:36.000,1.219900,1.220200,D
173481418,EUR/USD,2005-08-01 04:21:37.000,1.219800,1.220100,D
173481428,EUR/USD,2005-08-01 04:21:40.000,1.219900,1.220200,D
173481493,EUR/USD,2005-08-01 04:22:03.000,1.220000,1.220300,D
173481515,EUR/USD,2005-08-01 04:22:06.000,1.220100,1.220400,D
173481527,EUR/USD,2005-08-01 04:22:08.000,1.220000,1.220300,D
173481537,EUR/USD,2005-08-01 04:22:08.000,1.220100,1.220400,D
173481585,EUR/USD,2005-08-01 04:22:12.000,1.220000,1.220300,D
173481595,EUR/USD,2005-08-01 04:22:14.000,1.220100,1.220400,D
173481632,EUR/USD,2005-08-01 04:22:22.000,1.220000,1.220300,D
173481644,EUR/USD,2005-08-01 04:22:24.000,1.219900,1.220200,D
173481662,EUR/USD,2005-08-01 04:22:26.000,1.219800,1.220100,D
173481686,EUR/USD,2005-08-01 04:22:28.000,1.219900,1.220200,D
173481701,EUR/USD,2005-08-01 04:22:31.000,1.219800,1.220100,D
173481775,EUR/USD,2005-08-01 04:22:40.000,1.219700,1.220000,D
173481834,EUR/USD,2005-08-01 04:22:56.000,1.219800,1.220100,D
173481851,EUR/USD,2005-08-01 04:22:59.000,1.219900,1.220200,D
173481870,EUR/USD,2005-08-01 04:23:06.000,1.220000,1.220300,D
173481899,EUR/USD,2005-08-01 04:23:12.000,1.220100,1.220400,D
173481918,EUR/USD,2005-08-01 04:23:17.000,1.220200,1.220500,D
173481938,EUR/USD,2005-08-01 04:23:18.000,1.220300,1.220600,D
173481957,EUR/USD,2005-08-01 04:23:21.000,1.220400,1.220700,D
173481970,EUR/USD,2005-08-01 04:23:23.000,1.220500,1.220800,D
173481974,EUR/USD,2005-08-01 04:23:23.000,1.220600,1.220900,D
173481983,EUR/USD,2005-08-01 04:23:24.000,1.220500,1.220800,D
173481995,EUR/USD,2005-08-01 04:23:25.000,1.220600,1.220900,D
173481996,EUR/USD,2005-08-01 04:23:25.000,1.220700,1.221000,D
173482027,EUR/USD,2005-08-01 04:23:29.000,1.220600,1.220900,D
173482051,EUR/USD,2005-08-01 04:23:31.000,1.220500,1.220800,D
173482064,EUR/USD,2005-08-01 04:23:32.000,1.220400,1.220700,D
173482067,EUR/USD,2005-08-01 04:23:32.000,1.220500,1.220800,D
173482080,EUR/USD,2005-08-01 04:23:34.000,1.220400,1.220700,D
173482105,EUR/USD,2005-08-01 04:23:37.000,1.220500,1.220800,D
173482139,EUR/USD,2005-08-01 04:23:43.000,1.220600,1.220900,D
173482144,EUR/USD,2005-08-01 04:23:43.000,1.220500,1.220800,D
173482172,EUR/USD,2005-08-01 04:23:47.000,1.220600,1.220900,D
173482188,EUR/USD,2005-08-01 04:23:49.000,1.220500,1.220800,D
173482198,EUR/USD,2005-08-01 04:23:51.000,1.220600,1.220900,D
173482247,EUR/USD,2005-08-01 04:24:02.000,1.220700,1.221000,D
173482254,EUR/USD,2005-08-01 04:24:03.000,1.220600,1.220900,D
173482264,EUR/USD,2005-08-01 04:24:03.000,1.220700,1.221000,D
173482284,EUR/USD,2005-08-01 04:24:05.000,1.220600,1.220900,D
173482288,EUR/USD,2005-08-01 04:24:06.000,1.220700,1.221000,D
173482332,EUR/USD,2005-08-01 04:24:15.000,1.220800,1.221100,D
173482338,EUR/USD,2005-08-01 04:24:15.000,1.220700,1.221000,D
173482353,EUR/USD,2005-08-01 04:24:17.000,1.220800,1.221100,D
173482404,EUR/USD,2005-08-01 04:24:27.000,1.220700,1.221000,D
173482412,EUR/USD,2005-08-01 04:24:28.000,1.220800,1.221100,D
173482424,EUR/USD,2005-08-01 04:24:29.000,1.220900,1.221200,D
173482448,EUR/USD,2005-08-01 04:24:33.000,1.221000,1.221300,D
173482462,EUR/USD,2005-08-01 04:24:34.000,1.220900,1.221200,D
173482493,EUR/USD,2005-08-01 04:24:37.000,1.220800,1.221100,D
173482522,EUR/USD,2005-08-01 04:24:39.000,1.220700,1.221000,D
173482535,EUR/USD,2005-08-01 04:24:40.000,1.220600,1.220900,D
173482587,EUR/USD,2005-08-01 04:24:45.000,1.220700,1.221000,D
173482614,EUR/USD,2005-08-01 04:24:48.000,1.220800,1.221100,D
173482619,EUR/USD,2005-08-01 04:24:49.000,1.220700,1.221000,D
173482651,EUR/USD,2005-08-01 04:24:54.000,1.220600,1.220900,D
173482660,EUR/USD,2005-08-01 04:24:56.000,1.220500,1.220800,D
173482669,EUR/USD,2005-08-01 04:24:58.000,1.220600,1.220900,D
173482680,EUR/USD,2005-08-01 04:24:59.000,1.220500,1.220800,D
173482687,EUR/USD,2005-08-01 04:25:01.000,1.220600,1.220900,D
173482708,EUR/USD,2005-08-01 04:25:07.000,1.220700,1.221000,D
173482726,EUR/USD,2005-08-01 04:25:11.000,1.220600,1.220900,D
173482731,EUR/USD,2005-08-01 04:25:11.000,1.220700,1.221000,D
173482746,EUR/USD,2005-08-01 04:25:16.000,1.220600,1.220900,D
173482756,EUR/USD,2005-08-01 04:25:16.000,1.220700,1.221000,D
173482798,EUR/USD,2005-08-01 04:25:25.000,1.220600,1.220900,D
173482851,EUR/USD,2005-08-01 04:25:35.000,1.220700,1.221000,D
173482876,EUR/USD,2005-08-01 04:25:41.000,1.220800,1.221100,D
173482887,EUR/USD,2005-08-01 04:25:44.000,1.220900,1.221200,D
173482905,EUR/USD,2005-08-01 04:25:46.000,1.221000,1.221300,D
173482920,EUR/USD,2005-08-01 04:25:48.000,1.220900,1.221200,D
173482946,EUR/USD,2005-08-01 04:25:54.000,1.220800,1.221100,D
173482959,EUR/USD,2005-08-01 04:25:56.000,1.220700,1.221000,D
173482972,EUR/USD,2005-08-01 04:26:00.000,1.220800,1.221100,D
173482998,EUR/USD,2005-08-01 04:26:07.000,1.220900,1.221200,D
173483028,EUR/USD,2005-08-01 04:26:15.000,1.220800,1.221100,D
173483049,EUR/USD,2005-08-01 04:26:19.000,1.220900,1.221200,D
173483057,EUR/USD,2005-08-01 04:26:20.000,1.220800,1.221100,D
173483116,EUR/USD,2005-08-01 04:26:37.000,1.220900,1.221200,D
173483122,EUR/USD,2005-08-01 04:26:37.000,1.221000,1.221300,D
173483128,EUR/USD,2005-08-01 04:26:38.000,1.220900,1.221200,D
173483153,EUR/USD,2005-08-01 04:26:44.000,1.221000,1.221300,D
173483164,EUR/USD,2005-08-01 04:26:46.000,1.220900,1.221200,D
173483175,EUR/USD,2005-08-01 04:26:47.000,1.221000,1.221300,D
173483202,EUR/USD,2005-08-01 04:26:50.000,1.220900,1.221200,D
173483209,EUR/USD,2005-08-01 04:26:51.000,1.221000,1.221300,D
173483225,EUR/USD,2005-08-01 04:26:55.000,1.220900,1.221200,D
173483232,EUR/USD,2005-08-01 04:26:56.000,1.221000,1.221300,D
173483236,EUR/USD,2005-08-01 04:26:56.000,1.220900,1.221200,D
173483261,EUR/USD,2005-08-01 04:27:02.000,1.220800,1.221100,D
173483285,EUR/USD,2005-08-01 04:27:09.000,1.220900,1.221200,D
173483293,EUR/USD,2005-08-01 04:27:11.000,1.220800,1.221100,D
173483299,EUR/USD,2005-08-01 04:27:16.000,1.220700,1.221000,D
173483311,EUR/USD,2005-08-01 04:27:18.000,1.220800,1.221100,D
173483334,EUR/USD,2005-08-01 04:27:35.000,1.220900,1.221200,D
173483345,EUR/USD,2005-08-01 04:27:36.000,1.220800,1.221100,D
173483355,EUR/USD,2005-08-01 04:27:37.000,1.220700,1.221000,D
173483364,EUR/USD,2005-08-01 04:27:38.000,1.220800,1.221100,D
173483383,EUR/USD,2005-08-01 04:27:40.000,1.220700,1.221000,D
173483394,EUR/USD,2005-08-01 04:27:42.000,1.220800,1.221100,D
173483464,EUR/USD,2005-08-01 04:27:55.000,1.220900,1.221200,D
173483494,EUR/USD,2005-08-01 04:28:00.000,1.221000,1.221300,D
173483536,EUR/USD,2005-08-01 04:28:06.000,1.221200,1.221500,D
173483548,EUR/USD,2005-08-01 04:28:07.000,1.221300,1.221600,D
173483557,EUR/USD,2005-08-01 04:28:08.000,1.221200,1.221500,D
173483579,EUR/USD,2005-08-01 04:28:10.000,1.221300,1.221600,D
173483593,EUR/USD,2005-08-01 04:28:12.000,1.221400,1.221700,D
173483638,EUR/USD,2005-08-01 04:28:19.000,1.221500,1.221800,D
173483646,EUR/USD,2005-08-01 04:28:20.000,1.221600,1.221900,D
173483656,EUR/USD,2005-08-01 04:28:21.000,1.221700,1.222000,D
173483677,EUR/USD,2005-08-01 04:28:23.000,1.221500,1.221800,D
173483683,EUR/USD,2005-08-01 04:28:23.000,1.221600,1.221900,D
173483701,EUR/USD,2005-08-01 04:28:25.000,1.221700,1.222000,D
173483717,EUR/USD,2005-08-01 04:28:27.000,1.221600,1.221900,D
173483734,EUR/USD,2005-08-01 04:28:30.000,1.221500,1.221800,D
173483764,EUR/USD,2005-08-01 04:28:33.000,1.221400,1.221700,D
173483780,EUR/USD,2005-08-01 04:28:35.000,1.221300,1.221600,D
173483783,EUR/USD,2005-08-01 04:28:35.000,1.221400,1.221700,D
173483791,EUR/USD,2005-08-01 04:28:36.000,1.221500,1.221800,D
173483798,EUR/USD,2005-08-01 04:28:37.000,1.221400,1.221700,D
173483803,EUR/USD,2005-08-01 04:28:38.000,1.221500,1.221800,D
173483811,EUR/USD,2005-08-01 04:28:38.000,1.221600,1.221900,D
173483828,EUR/USD,2005-08-01 04:28:41.000,1.221500,1.221800,D
173483835,EUR/USD,2005-08-01 04:28:42.000,1.221600,1.221900,D
173483847,EUR/USD,2005-08-01 04:28:43.000,1.221500,1.221800,D
173483875,EUR/USD,2005-08-01 04:28:48.000,1.221400,1.221700,D
173483883,EUR/USD,2005-08-01 04:28:49.000,1.221500,1.221800,D
173483910,EUR/USD,2005-08-01 04:28:54.000,1.221400,1.221700,D
173483925,EUR/USD,2005-08-01 04:29:00.000,1.221500,1.221800,D
173483941,EUR/USD,2005-08-01 04:29:02.000,1.221600,1.221900,D
173483977,EUR/USD,2005-08-01 04:29:12.000,1.221500,1.221800,D
173483982,EUR/USD,2005-08-01 04:29:14.000,1.221400,1.221700,D
173483986,EUR/USD,2005-08-01 04:29:14.000,1.221500,1.221800,D
173484009,EUR/USD,2005-08-01 04:29:16.000,1.221400,1.221700,D
173484010,EUR/USD,2005-08-01 04:29:16.000,1.221300,1.221600,D
173484015,EUR/USD,2005-08-01 04:29:17.000,1.221200,1.221500,D
173484036,EUR/USD,2005-08-01 04:29:21.000,1.221100,1.221400,D
173484039,EUR/USD,2005-08-01 04:29:21.000,1.221200,1.221500,D
173484065,EUR/USD,2005-08-01 04:29:30.000,1.221300,1.221600,D
173484071,EUR/USD,2005-08-01 04:29:31.000,1.221200,1.221500,D
173484145,EUR/USD,2005-08-01 04:29:54.000,1.221100,1.221400,D
173484152,EUR/USD,2005-08-01 04:29:54.000,1.221200,1.221500,D
173484245,EUR/USD,2005-08-01 04:30:14.000,1.221300,1.221600,D
173484270,EUR/USD,2005-08-01 04:30:20.000,1.221200,1.221500,D
173484277,EUR/USD,2005-08-01 04:30:21.000,1.221300,1.221600,D
173484295,EUR/USD,2005-08-01 04:30:25.000,1.221400,1.221700,D
173484334,EUR/USD,2005-08-01 04:30:38.000,1.221500,1.221800,D
173484339,EUR/USD,2005-08-01 04:30:39.000,1.221600,1.221900,D
173484360,EUR/USD,2005-08-01 04:30:42.000,1.221500,1.221800,D
173484361,EUR/USD,2005-08-01 04:30:44.000,1.221600,1.221900,D
173484384,EUR/USD,2005-08-01 04:30:49.000,1.221700,1.222000,D
173484402,EUR/USD,2005-08-01 04:30:51.000,1.221800,1.222100,D
173484419,EUR/USD,2005-08-01 04:30:53.000,1.221900,1.222200,D
173484428,EUR/USD,2005-08-01 04:30:56.000,1.222000,1.222300,D
173484433,EUR/USD,2005-08-01 04:30:56.000,1.222100,1.222400,D
173484442,EUR/USD,2005-08-01 04:30:57.000,1.222000,1.222300,D
173484450,EUR/USD,2005-08-01 04:30:59.000,1.222100,1.222400,D
173484468,EUR/USD,2005-08-01 04:31:01.000,1.222000,1.222300,D
173484471,EUR/USD,2005-08-01 04:31:01.000,1.222100,1.222400,D
173484474,EUR/USD,2005-08-01 04:31:03.000,1.222000,1.222300,D
173484487,EUR/USD,2005-08-01 04:31:05.000,1.221900,1.222200,D
173484521,EUR/USD,2005-08-01 04:31:08.000,1.221800,1.222100,D
173484556,EUR/USD,2005-08-01 04:31:12.000,1.221900,1.222200,D
173484575,EUR/USD,2005-08-01 04:31:17.000,1.222000,1.222300,D
173484597,EUR/USD,2005-08-01 04:31:20.000,1.222100,1.222400,D
173484620,EUR/USD,2005-08-01 04:31:23.000,1.222000,1.222300,D
173484640,EUR/USD,2005-08-01 04:31:25.000,1.222100,1.222400,D
173484664,EUR/USD,2005-08-01 04:31:29.000,1.222000,1.222300,D
173484677,EUR/USD,2005-08-01 04:31:30.000,1.221900,1.222200,D
173484687,EUR/USD,2005-08-01 04:31:32.000,1.222000,1.222300,D
173484712,EUR/USD,2005-08-01 04:31:36.000,1.221900,1.222200,D
173484753,EUR/USD,2005-08-01 04:31:45.000,1.221800,1.222100,D
173484761,EUR/USD,2005-08-01 04:31:46.000,1.221900,1.222200,D
173484798,EUR/USD,2005-08-01 04:31:57.000,1.222000,1.222300,D
173484835,EUR/USD,2005-08-01 04:32:03.000,1.222100,1.222400,D
173484884,EUR/USD,2005-08-01 04:32:14.000,1.221900,1.222200,D
173484891,EUR/USD,2005-08-01 04:32:15.000,1.222000,1.222300,D
173484904,EUR/USD,2005-08-01 04:32:21.000,1.222100,1.222400,D
173484918,EUR/USD,2005-08-01 04:32:24.000,1.222000,1.222300,D
173485024,EUR/USD,2005-08-01 04:32:48.000,1.221900,1.222200,D
173485082,EUR/USD,2005-08-01 04:33:02.000,1.221800,1.222100,D
173485095,EUR/USD,2005-08-01 04:33:03.000,1.221900,1.222200,D
173485108,EUR/USD,2005-08-01 04:33:08.000,1.221800,1.222100,D
173485132,EUR/USD,2005-08-01 04:33:15.000,1.221700,1.222000,D
173485196,EUR/USD,2005-08-01 04:33:29.000,1.221800,1.222100,D
173485212,EUR/USD,2005-08-01 04:33:33.000,1.221900,1.222200,D
173485217,EUR/USD,2005-08-01 04:33:34.000,1.221800,1.222100,D
173485242,EUR/USD,2005-08-01 04:33:36.000,1.221700,1.222000,D
173485277,EUR/USD,2005-08-01 04:33:41.000,1.221800,1.222100,D
173485336,EUR/USD,2005-08-01 04:33:53.000,1.221700,1.222000,D
173485352,EUR/USD,2005-08-01 04:33:54.000,1.221600,1.221900,D
173485364,EUR/USD,2005-08-01 04:33:56.000,1.221700,1.222000,D
173485391,EUR/USD,2005-08-01 04:34:00.000,1.221600,1.221900,D
173485429,EUR/USD,2005-08-01 04:34:09.000,1.221500,1.221800,D
173485443,EUR/USD,2005-08-01 04:34:18.000,1.221600,1.221900,D
173485457,EUR/USD,2005-08-01 04:34:19.000,1.221500,1.221800,D
173485476,EUR/USD,2005-08-01 04:34:24.000,1.221600,1.221900,D
173485483,EUR/USD,2005-08-01 04:34:25.000,1.221500,1.221800,D
173485501,EUR/USD,2005-08-01 04:34:36.000,1.221400,1.221700,D
173485524,EUR/USD,2005-08-01 04:34:44.000,1.221500,1.221800,D
173485546,EUR/USD,2005-08-01 04:34:47.000,1.221400,1.221700,D
173485563,EUR/USD,2005-08-01 04:34:53.000,1.221300,1.221600,D
173485586,EUR/USD,2005-08-01 04:34:59.000,1.221400,1.221700,D
173485617,EUR/USD,2005-08-01 04:35:10.000,1.221500,1.221800,D
173485628,EUR/USD,2005-08-01 04:35:11.000,1.221400,1.221700,D
173485642,EUR/USD,2005-08-01 04:35:13.000,1.221500,1.221800,D
173485669,EUR/USD,2005-08-01 04:35:20.000,1.221400,1.221700,D
173485676,EUR/USD,2005-08-01 04:35:20.000,1.221500,1.221800,D
173485700,EUR/USD,2005-08-01 04:35:29.000,1.221600,1.221900,D
173485716,EUR/USD,2005-08-01 04:35:31.000,1.221700,1.222000,D
173485721,EUR/USD,2005-08-01 04:35:31.000,1.221600,1.221900,D
173485754,EUR/USD,2005-08-01 04:35:37.000,1.221500,1.221800,D
173485824,EUR/USD,2005-08-01 04:35:54.000,1.221600,1.221900,D
173485829,EUR/USD,2005-08-01 04:35:55.000,1.221500,1.221800,D
173485833,EUR/USD,2005-08-01 04:35:55.000,1.221600,1.221900,D
173485892,EUR/USD,2005-08-01 04:36:07.000,1.221500,1.221800,D
173485927,EUR/USD,2005-08-01 04:36:21.000,1.221400,1.221700,D
173485942,EUR/USD,2005-08-01 04:36:29.000,1.221500,1.221800,D
173485951,EUR/USD,2005-08-01 04:36:32.000,1.221400,1.221700,D
173485985,EUR/USD,2005-08-01 04:36:55.000,1.221300,1.221600,D
173486008,EUR/USD,2005-08-01 04:37:00.000,1.221400,1.221700,D
173486040,EUR/USD,2005-08-01 04:37:10.000,1.221300,1.221600,D
173486049,EUR/USD,2005-08-01 04:37:13.000,1.221400,1.221700,D
173486056,EUR/USD,2005-08-01 04:37:14.000,1.221300,1.221600,D
173486061,EUR/USD,2005-08-01 04:37:17.000,1.221200,1.221500,D
173486071,EUR/USD,2005-08-01 04:37:19.000,1.221300,1.221600,D
173486093,EUR/USD,2005-08-01 04:37:22.000,1.221200,1.221500,D
173486099,EUR/USD,2005-08-01 04:37:24.000,1.221300,1.221600,D
173486113,EUR/USD,2005-08-01 04:37:26.000,1.221200,1.221500,D
173486117,EUR/USD,2005-08-01 04:37:32.000,1.221300,1.221600,D
173486125,EUR/USD,2005-08-01 04:37:35.000,1.221200,1.221500,D
173486135,EUR/USD,2005-08-01 04:37:40.000,1.221300,1.221600,D
173486218,EUR/USD,2005-08-01 04:38:17.000,1.221400,1.221700,D
173486258,EUR/USD,2005-08-01 04:38:29.000,1.221300,1.221600,D
173486262,EUR/USD,2005-08-01 04:38:30.000,1.221400,1.221700,D
173486273,EUR/USD,2005-08-01 04:38:33.000,1.221300,1.221600,D
173486296,EUR/USD,2005-08-01 04:38:36.000,1.221200,1.221500,D
173486309,EUR/USD,2005-08-01 04:38:37.000,1.221300,1.221600,D
173486332,EUR/USD,2005-08-01 04:38:42.000,1.221400,1.221700,D
173486335,EUR/USD,2005-08-01 04:38:43.000,1.221300,1.221600,D
173486343,EUR/USD,2005-08-01 04:38:44.000,1.221200,1.221500,D
173486352,EUR/USD,2005-08-01 04:38:45.000,1.221300,1.221600,D
173486377,EUR/USD,2005-08-01 04:38:52.000,1.221400,1.221700,D
173486388,EUR/USD,2005-08-01 04:38:55.000,1.221300,1.221600,D
173486405,EUR/USD,2005-08-01 04:39:05.000,1.221200,1.221500,D
173486418,EUR/USD,2005-08-01 04:39:08.000,1.221300,1.221600,D
173486441,EUR/USD,2005-08-01 04:39:20.000,1.221400,1.221700,D
173486449,EUR/USD,2005-08-01 04:39:21.000,1.221300,1.221600,D
173486460,EUR/USD,2005-08-01 04:39:29.000,1.221400,1.221700,D
173486484,EUR/USD,2005-08-01 04:39:36.000,1.221500,1.221800,D
173486487,EUR/USD,2005-08-01 04:39:36.000,1.221400,1.221700,D
173486494,EUR/USD,2005-08-01 04:39:38.000,1.221500,1.221800,D
173486501,EUR/USD,2005-08-01 04:39:39.000,1.221400,1.221700,D
173486540,EUR/USD,2005-08-01 04:39:48.000,1.221500,1.221800,D
173486544,EUR/USD,2005-08-01 04:39:49.000,1.221400,1.221700,D
173486564,EUR/USD,2005-08-01 04:39:59.000,1.221300,1.221600,D
173486596,EUR/USD,2005-08-01 04:40:14.000,1.221200,1.221500,D
173486606,EUR/USD,2005-08-01 04:40:18.000,1.221300,1.221600,D
173486608,EUR/USD,2005-08-01 04:40:19.000,1.221200,1.221500,D
173486622,EUR/USD,2005-08-01 04:40:32.000,1.221300,1.221600,D
173486649,EUR/USD,2005-08-01 04:40:39.000,1.221400,1.221700,D
173486651,EUR/USD,2005-08-01 04:40:40.000,1.221300,1.221600,D
173486664,EUR/USD,2005-08-01 04:40:41.000,1.221400,1.221700,D
173486670,EUR/USD,2005-08-01 04:40:42.000,1.221300,1.221600,D
173486681,EUR/USD,2005-08-01 04:40:45.000,1.221400,1.221700,D
173486697,EUR/USD,2005-08-01 04:40:52.000,1.221300,1.221600,D
173486726,EUR/USD,2005-08-01 04:41:07.000,1.221200,1.221500,D
173486754,EUR/USD,2005-08-01 04:41:27.000,1.221300,1.221600,D
173486762,EUR/USD,2005-08-01 04:41:29.000,1.221200,1.221500,D
173486784,EUR/USD,2005-08-01 04:41:36.000,1.221100,1.221400,D
173486800,EUR/USD,2005-08-01 04:41:40.000,1.221200,1.221500,D
173486813,EUR/USD,2005-08-01 04:41:42.000,1.221100,1.221400,D
173486826,EUR/USD,2005-08-01 04:41:45.000,1.221200,1.221500,D
173486832,EUR/USD,2005-08-01 04:41:48.000,1.221100,1.221400,D
173486851,EUR/USD,2005-08-01 04:41:51.000,1.221200,1.221500,D
173486858,EUR/USD,2005-08-01 04:41:54.000,1.221100,1.221400,D
173486872,EUR/USD,2005-08-01 04:42:03.000,1.221200,1.221500,D
173486884,EUR/USD,2005-08-01 04:42:08.000,1.221100,1.221400,D
173486887,EUR/USD,2005-08-01 04:42:09.000,1.221200,1.221500,D
173486925,EUR/USD,2005-08-01 04:42:29.000,1.221300,1.221600,D
173486993,EUR/USD,2005-08-01 04:43:12.000,1.221200,1.221500,D
173486996,EUR/USD,2005-08-01 04:43:12.000,1.221300,1.221600,D
173487024,EUR/USD,2005-08-01 04:43:23.000,1.221200,1.221500,D
173487048,EUR/USD,2005-08-01 04:43:35.000,1.221300,1.221600,D
173487120,EUR/USD,2005-08-01 04:44:05.000,1.221200,1.221500,D
173487154,EUR/USD,2005-08-01 04:44:12.000,1.221100,1.221400,D
173487156,EUR/USD,2005-08-01 04:44:12.000,1.221200,1.221500,D
173487164,EUR/USD,2005-08-01 04:44:13.000,1.221100,1.221400,D
173487168,EUR/USD,2005-08-01 04:44:14.000,1.221200,1.221500,D
173487175,EUR/USD,2005-08-01 04:44:16.000,1.221300,1.221600,D
173487195,EUR/USD,2005-08-01 04:44:18.000,1.221200,1.221500,D
173487200,EUR/USD,2005-08-01 04:44:18.000,1.221300,1.221600,D
173487207,EUR/USD,2005-08-01 04:44:20.000,1.221200,1.221500,D
173487258,EUR/USD,2005-08-01 04:44:48.000,1.221100,1.221400,D
173487265,EUR/USD,2005-08-01 04:44:49.000,1.221200,1.221500,D
173487359,EUR/USD,2005-08-01 04:45:21.000,1.221100,1.221400,D
173487363,EUR/USD,2005-08-01 04:45:23.000,1.221200,1.221500,D
173487383,EUR/USD,2005-08-01 04:45:36.000,1.221300,1.221600,D
173487408,EUR/USD,2005-08-01 04:45:51.000,1.221200,1.221500,D
173487455,EUR/USD,2005-08-01 04:46:19.000,1.221100,1.221400,D
173487468,EUR/USD,2005-08-01 04:46:21.000,1.221200,1.221500,D
173487477,EUR/USD,2005-08-01 04:46:22.000,1.221100,1.221400,D
173487551,EUR/USD,2005-08-01 04:47:18.000,1.221000,1.221300,D
173487558,EUR/USD,2005-08-01 04:47:21.000,1.221100,1.221400,D
173487563,EUR/USD,2005-08-01 04:47:21.000,1.221000,1.221300,D
173487601,EUR/USD,2005-08-01 04:47:56.000,1.221100,1.221400,D
173487648,EUR/USD,2005-08-01 04:48:07.000,1.221200,1.221500,D
173487666,EUR/USD,2005-08-01 04:48:10.000,1.221100,1.221400,D
173487671,EUR/USD,2005-08-01 04:48:11.000,1.221200,1.221500,D
173487702,EUR/USD,2005-08-01 04:48:28.000,1.221300,1.221600,D
173487715,EUR/USD,2005-08-01 04:48:30.000,1.221400,1.221700,D
173487737,EUR/USD,2005-08-01 04:48:33.000,1.221500,1.221800,D
173487762,EUR/USD,2005-08-01 04:48:36.000,1.221400,1.221700,D
173487770,EUR/USD,2005-08-01 04:48:38.000,1.221500,1.221800,D
173487772,EUR/USD,2005-08-01 04:48:39.000,1.221600,1.221900,D
173487783,EUR/USD,2005-08-01 04:48:39.000,1.221500,1.221800,D
173487809,EUR/USD,2005-08-01 04:48:45.000,1.221400,1.221700,D
173487837,EUR/USD,2005-08-01 04:48:48.000,1.221500,1.221800,D
173487888,EUR/USD,2005-08-01 04:49:03.000,1.221400,1.221700,D
173487893,EUR/USD,2005-08-01 04:49:04.000,1.221300,1.221600,D
173487912,EUR/USD,2005-08-01 04:49:07.000,1.221400,1.221700,D
173487936,EUR/USD,2005-08-01 04:49:11.000,1.221500,1.221800,D
173487959,EUR/USD,2005-08-01 04:49:18.000,1.221400,1.221700,D
173487980,EUR/USD,2005-08-01 04:49:31.000,1.221300,1.221600,D
173487988,EUR/USD,2005-08-01 04:49:32.000,1.221200,1.221500,D
173487999,EUR/USD,2005-08-01 04:49:37.000,1.221300,1.221600,D
173488019,EUR/USD,2005-08-01 04:49:54.000,1.221200,1.221500,D
173488041,EUR/USD,2005-08-01 04:49:56.000,1.221100,1.221400,D
173488046,EUR/USD,2005-08-01 04:49:57.000,1.221200,1.221500,D
173488060,EUR/USD,2005-08-01 04:50:00.000,1.221300,1.221600,D
173488071,EUR/USD,2005-08-01 04:50:02.000,1.221200,1.221500,D
173488090,EUR/USD,2005-08-01 04:50:05.000,1.221100,1.221400,D
173488095,EUR/USD,2005-08-01 04:50:07.000,1.221200,1.221500,D
173488134,EUR/USD,2005-08-01 04:50:24.000,1.221300,1.221600,D
173488150,EUR/USD,2005-08-01 04:50:29.000,1.221200,1.221500,D
173488165,EUR/USD,2005-08-01 04:50:36.000,1.221300,1.221600,D
173488177,EUR/USD,2005-08-01 04:50:38.000,1.221200,1.221500,D
173488184,EUR/USD,2005-08-01 04:50:39.000,1.221300,1.221600,D
173488193,EUR/USD,2005-08-01 04:50:39.000,1.221200,1.221500,D
173488198,EUR/USD,2005-08-01 04:50:40.000,1.221300,1.221600,D
173488219,EUR/USD,2005-08-01 04:50:42.000,1.221200,1.221500,D
173488242,EUR/USD,2005-08-01 04:50:47.000,1.221100,1.221400,D
173488249,EUR/USD,2005-08-01 04:50:48.000,1.221200,1.221500,D
173488261,EUR/USD,2005-08-01 04:50:51.000,1.221300,1.221600,D
173488265,EUR/USD,2005-08-01 04:50:53.000,1.221200,1.221500,D
173488302,EUR/USD,2005-08-01 04:51:14.000,1.221300,1.221600,D
173488307,EUR/USD,2005-08-01 04:51:15.000,1.221200,1.221500,D
173488309,EUR/USD,2005-08-01 04:51:16.000,1.221300,1.221600,D
173488339,EUR/USD,2005-08-01 04:51:24.000,1.221400,1.221700,D
173488367,EUR/USD,2005-08-01 04:51:32.000,1.221500,1.221800,D
173488392,EUR/USD,2005-08-01 04:51:37.000,1.221600,1.221900,D
173488399,EUR/USD,2005-08-01 04:51:40.000,1.221500,1.221800,D
173488404,EUR/USD,2005-08-01 04:51:40.000,1.221600,1.221900,D
173488423,EUR/USD,2005-08-01 04:51:47.000,1.221500,1.221800,D
173488430,EUR/USD,2005-08-01 04:51:49.000,1.221600,1.221900,D
173488446,EUR/USD,2005-08-01 04:51:54.000,1.221700,1.222000,D
173488467,EUR/USD,2005-08-01 04:52:02.000,1.221600,1.221900,D
173488491,EUR/USD,2005-08-01 04:52:11.000,1.221500,1.221800,D
173488499,EUR/USD,2005-08-01 04:52:13.000,1.221600,1.221900,D
173488502,EUR/USD,2005-08-01 04:52:14.000,1.221700,1.222000,D
173488525,EUR/USD,2005-08-01 04:52:18.000,1.221600,1.221900,D
173488546,EUR/USD,2005-08-01 04:52:23.000,1.221500,1.221800,D
173488553,EUR/USD,2005-08-01 04:52:24.000,1.221600,1.221900,D
173488568,EUR/USD,2005-08-01 04:52:28.000,1.221700,1.222000,D
173488584,EUR/USD,2005-08-01 04:52:33.000,1.221800,1.222100,D
173488612,EUR/USD,2005-08-01 04:52:38.000,1.221900,1.222200,D
173488628,EUR/USD,2005-08-01 04:52:40.000,1.222000,1.222300,D
173488692,EUR/USD,2005-08-01 04:52:57.000,1.222100,1.222400,D
173488693,EUR/USD,2005-08-01 04:52:57.000,1.222000,1.222300,D
173488699,EUR/USD,2005-08-01 04:52:58.000,1.221900,1.222200,D
173488753,EUR/USD,2005-08-01 04:53:08.000,1.221800,1.222100,D
173488776,EUR/USD,2005-08-01 04:53:09.000,1.221900,1.222200,D
173488798,EUR/USD,2005-08-01 04:53:15.000,1.221800,1.222100,D
173488806,EUR/USD,2005-08-01 04:53:16.000,1.221900,1.222200,D
173488831,EUR/USD,2005-08-01 04:53:21.000,1.221800,1.222100,D
173488864,EUR/USD,2005-08-01 04:53:28.000,1.221900,1.222200,D
173488905,EUR/USD,2005-08-01 04:53:37.000,1.221800,1.222100,D
173488944,EUR/USD,2005-08-01 04:53:46.000,1.221700,1.222000,D
173488950,EUR/USD,2005-08-01 04:53:49.000,1.221800,1.222100,D
173488963,EUR/USD,2005-08-01 04:53:53.000,1.221900,1.222200,D
173488976,EUR/USD,2005-08-01 04:53:55.000,1.221800,1.222100,D
173488979,EUR/USD,2005-08-01 04:53:57.000,1.221900,1.222200,D
173489004,EUR/USD,2005-08-01 04:54:06.000,1.222000,1.222300,D
173489014,EUR/USD,2005-08-01 04:54:08.000,1.221900,1.222200,D
173489026,EUR/USD,2005-08-01 04:54:09.000,1.222000,1.222300,D
173489029,EUR/USD,2005-08-01 04:54:09.000,1.221900,1.222200,D
173489038,EUR/USD,2005-08-01 04:54:17.000,1.222000,1.222300,D
173489055,EUR/USD,2005-08-01 04:54:24.000,1.221900,1.222200,D
173489077,EUR/USD,2005-08-01 04:54:28.000,1.221800,1.222100,D
173489089,EUR/USD,2005-08-01 04:54:31.000,1.221900,1.222200,D
173489099,EUR/USD,2005-08-01 04:54:33.000,1.221800,1.222100,D
173489104,EUR/USD,2005-08-01 04:54:34.000,1.221900,1.222200,D
173489117,EUR/USD,2005-08-01 04:54:37.000,1.221800,1.222100,D
173489129,EUR/USD,2005-08-01 04:54:40.000,1.221900,1.222200,D
173489146,EUR/USD,2005-08-01 04:54:47.000,1.221800,1.222100,D
173489154,EUR/USD,2005-08-01 04:54:51.000,1.221900,1.222200,D
173489169,EUR/USD,2005-08-01 04:54:57.000,1.222000,1.222300,D
173489209,EUR/USD,2005-08-01 04:55:06.000,1.222100,1.222400,D
173489241,EUR/USD,2005-08-01 04:55:15.000,1.222000,1.222300,D
173489249,EUR/USD,2005-08-01 04:55:18.000,1.222100,1.222400,D
173489263,EUR/USD,2005-08-01 04:55:20.000,1.222000,1.222300,D
173489271,EUR/USD,2005-08-01 04:55:22.000,1.222100,1.222400,D
173489279,EUR/USD,2005-08-01 04:55:22.000,1.222000,1.222300,D
173489323,EUR/USD,2005-08-01 04:56:00.000,1.221900,1.222200,D
173489327,EUR/USD,2005-08-01 04:56:02.000,1.222000,1.222300,D
173489350,EUR/USD,2005-08-01 04:56:11.000,1.222100,1.222400,D
173489376,EUR/USD,2005-08-01 04:56:25.000,1.222200,1.222500,D
173489387,EUR/USD,2005-08-01 04:56:26.000,1.222100,1.222400,D
173489425,EUR/USD,2005-08-01 04:56:41.000,1.222000,1.222300,D
173489445,EUR/USD,2005-08-01 04:56:45.000,1.221900,1.222200,D
173489450,EUR/USD,2005-08-01 04:56:48.000,1.222000,1.222300,D
173489482,EUR/USD,2005-08-01 04:57:01.000,1.221900,1.222200,D
173489498,EUR/USD,2005-08-01 04:57:06.000,1.222000,1.222300,D
173489540,EUR/USD,2005-08-01 04:57:29.000,1.221900,1.222200,D
173489546,EUR/USD,2005-08-01 04:57:32.000,1.222000,1.222300,D
173489565,EUR/USD,2005-08-01 04:57:41.000,1.221900,1.222200,D
173489575,EUR/USD,2005-08-01 04:57:43.000,1.222000,1.222300,D
173489583,EUR/USD,2005-08-01 04:57:44.000,1.221900,1.222200,D
173489600,EUR/USD,2005-08-01 04:57:53.000,1.222000,1.222300,D
173489609,EUR/USD,2005-08-01 04:57:54.000,1.221900,1.222200,D
173489624,EUR/USD,2005-08-01 04:58:07.000,1.221800,1.222100,D
173489655,EUR/USD,2005-08-01 04:58:24.000,1.221900,1.222200,D
173489666,EUR/USD,2005-08-01 04:58:27.000,1.221800,1.222100,D
173489688,EUR/USD,2005-08-01 04:58:32.000,1.221700,1.222000,D
173489709,EUR/USD,2005-08-01 04:58:37.000,1.221800,1.222100,D
173489727,EUR/USD,2005-08-01 04:58:39.000,1.221700,1.222000,D
173489735,EUR/USD,2005-08-01 04:58:41.000,1.221800,1.222100,D
173489749,EUR/USD,2005-08-01 04:58:42.000,1.221700,1.222000,D
173489755,EUR/USD,2005-08-01 04:58:44.000,1.221800,1.222100,D
173489759,EUR/USD,2005-08-01 04:58:45.000,1.221700,1.222000,D
173489768,EUR/USD,2005-08-01 04:58:50.000,1.221800,1.222100,D
173489792,EUR/USD,2005-08-01 04:58:58.000,1.221700,1.222000,D
173489805,EUR/USD,2005-08-01 04:59:09.000,1.221800,1.222100,D
173489820,EUR/USD,2005-08-01 04:59:10.000,1.221700,1.222000,D
173489821,EUR/USD,2005-08-01 04:59:10.000,1.221800,1.222100,D
173489864,EUR/USD,2005-08-01 04:59:19.000,1.221700,1.222000,D
173489870,EUR/USD,2005-08-01 04:59:21.000,1.221800,1.222100,D
173489877,EUR/USD,2005-08-01 04:59:30.000,1.221700,1.222000,D
173489939,EUR/USD,2005-08-01 04:59:54.000,1.221800,1.222100,D
173489956,EUR/USD,2005-08-01 05:00:01.000,1.221700,1.222000,D
173489970,EUR/USD,2005-08-01 05:00:06.000,1.221600,1.221900,D
173489979,EUR/USD,2005-08-01 05:00:07.000,1.221700,1.222000,D
173489987,EUR/USD,2005-08-01 05:00:12.000,1.221800,1.222100,D
173489989,EUR/USD,2005-08-01 05:00:13.000,1.221700,1.222000,D
173490008,EUR/USD,2005-08-01 05:00:22.000,1.221800,1.222100,D
173490025,EUR/USD,2005-08-01 05:00:24.000,1.221700,1.222000,D
173490034,EUR/USD,2005-08-01 05:00:26.000,1.221800,1.222100,D
173490086,EUR/USD,2005-08-01 05:01:07.000,1.221700,1.222000,D
173490095,EUR/USD,2005-08-01 05:01:09.000,1.221800,1.222100,D
173490113,EUR/USD,2005-08-01 05:01:15.000,1.221700,1.222000,D
173490125,EUR/USD,2005-08-01 05:01:19.000,1.221800,1.222100,D
173490129,EUR/USD,2005-08-01 05:01:20.000,1.221700,1.222000,D
173490137,EUR/USD,2005-08-01 05:01:23.000,1.221800,1.222100,D
173490144,EUR/USD,2005-08-01 05:01:24.000,1.221700,1.222000,D
173490149,EUR/USD,2005-08-01 05:01:24.000,1.221800,1.222100,D
173490161,EUR/USD,2005-08-01 05:01:29.000,1.221700,1.222000,D
173490206,EUR/USD,2005-08-01 05:01:48.000,1.221800,1.222100,D
173490220,EUR/USD,2005-08-01 05:02:03.000,1.221700,1.222000,D
173490228,EUR/USD,2005-08-01 05:02:06.000,1.221800,1.222100,D
173490234,EUR/USD,2005-08-01 05:02:14.000,1.221700,1.222000,D
173490245,EUR/USD,2005-08-01 05:02:28.000,1.221800,1.222100,D
173490250,EUR/USD,2005-08-01 05:02:31.000,1.221700,1.222000,D
173490256,EUR/USD,2005-08-01 05:02:36.000,1.221800,1.222100,D
173490280,EUR/USD,2005-08-01 05:03:08.000,1.221700,1.222000,D
173490286,EUR/USD,2005-08-01 05:03:10.000,1.221800,1.222100,D
173490318,EUR/USD,2005-08-01 05:03:36.000,1.221700,1.222000,D
173490344,EUR/USD,2005-08-01 05:04:01.000,1.221600,1.221900,D
173490385,EUR/USD,2005-08-01 05:04:17.000,1.221700,1.222000,D
173490392,EUR/USD,2005-08-01 05:04:18.000,1.221600,1.221900,D
173490405,EUR/USD,2005-08-01 05:04:27.000,1.221700,1.222000,D
173490407,EUR/USD,2005-08-01 05:04:28.000,1.221600,1.221900,D
173490460,EUR/USD,2005-08-01 05:05:00.000,1.221500,1.221800,D
173490505,EUR/USD,2005-08-01 05:05:35.000,1.221600,1.221900,D
173490521,EUR/USD,2005-08-01 05:05:39.000,1.221500,1.221800,D
173490530,EUR/USD,2005-08-01 05:05:46.000,1.221400,1.221700,D
173490568,EUR/USD,2005-08-01 05:05:52.000,1.221500,1.221800,D
173490583,EUR/USD,2005-08-01 05:05:58.000,1.221400,1.221700,D
173490586,EUR/USD,2005-08-01 05:05:59.000,1.221500,1.221800,D
173490591,EUR/USD,2005-08-01 05:06:00.000,1.221400,1.221700,D
173490605,EUR/USD,2005-08-01 05:06:08.000,1.221300,1.221600,D
173490619,EUR/USD,2005-08-01 05:06:11.000,1.221200,1.221500,D
173490632,EUR/USD,2005-08-01 05:06:12.000,1.221300,1.221600,D
173490638,EUR/USD,2005-08-01 05:06:13.000,1.221200,1.221500,D
173490644,EUR/USD,2005-08-01 05:06:13.000,1.221300,1.221600,D
173490655,EUR/USD,2005-08-01 05:06:17.000,1.221200,1.221500,D
173490737,EUR/USD,2005-08-01 05:06:53.000,1.221300,1.221600,D
173490758,EUR/USD,2005-08-01 05:07:00.000,1.221400,1.221700,D
173490778,EUR/USD,2005-08-01 05:07:06.000,1.221300,1.221600,D
173490793,EUR/USD,2005-08-01 05:07:29.000,1.221200,1.221500,D
173490798,EUR/USD,2005-08-01 05:07:31.000,1.221300,1.221600,D
173490840,EUR/USD,2005-08-01 05:08:05.000,1.221200,1.221500,D
173490848,EUR/USD,2005-08-01 05:08:05.000,1.221300,1.221600,D
173490863,EUR/USD,2005-08-01 05:08:18.000,1.221400,1.221700,D
173490881,EUR/USD,2005-08-01 05:08:43.000,1.221500,1.221800,D
173490907,EUR/USD,2005-08-01 05:08:58.000,1.221600,1.221900,D
173490916,EUR/USD,2005-08-01 05:09:02.000,1.221700,1.222000,D
173490925,EUR/USD,2005-08-01 05:09:03.000,1.221600,1.221900,D
173490931,EUR/USD,2005-08-01 05:09:04.000,1.221700,1.222000,D
173490935,EUR/USD,2005-08-01 05:09:05.000,1.221600,1.221900,D
173490944,EUR/USD,2005-08-01 05:09:11.000,1.221700,1.222000,D
173490948,EUR/USD,2005-08-01 05:09:12.000,1.221600,1.221900,D
173490951,EUR/USD,2005-08-01 05:09:12.000,1.221700,1.222000,D
173490959,EUR/USD,2005-08-01 05:09:13.000,1.221800,1.222100,D
173490983,EUR/USD,2005-08-01 05:09:17.000,1.221700,1.222000,D
173490997,EUR/USD,2005-08-01 05:09:24.000,1.221800,1.222100,D
173491005,EUR/USD,2005-08-01 05:09:25.000,1.221700,1.222000,D
173491012,EUR/USD,2005-08-01 05:09:27.000,1.221800,1.222100,D
173491014,EUR/USD,2005-08-01 05:09:28.000,1.221700,1.222000,D
173491033,EUR/USD,2005-08-01 05:09:40.000,1.221600,1.221900,D
173491041,EUR/USD,2005-08-01 05:09:42.000,1.221500,1.221800,D
173491049,EUR/USD,2005-08-01 05:09:43.000,1.221600,1.221900,D
173491089,EUR/USD,2005-08-01 05:10:06.000,1.221500,1.221800,D
173491175,EUR/USD,2005-08-01 05:11:06.000,1.221600,1.221900,D
173491193,EUR/USD,2005-08-01 05:11:13.000,1.221700,1.222000,D
173491229,EUR/USD,2005-08-01 05:11:31.000,1.221600,1.221900,D
173491244,EUR/USD,2005-08-01 05:11:33.000,1.221700,1.222000,D
173491261,EUR/USD,2005-08-01 05:11:34.000,1.221600,1.221900,D
173491273,EUR/USD,2005-08-01 05:11:40.000,1.221700,1.222000,D
173491280,EUR/USD,2005-08-01 05:11:41.000,1.221800,1.222100,D
173491295,EUR/USD,2005-08-01 05:11:42.000,1.221700,1.222000,D
173491326,EUR/USD,2005-08-01 05:11:48.000,1.221600,1.221900,D
173491360,EUR/USD,2005-08-01 05:12:14.000,1.221500,1.221800,D
173491368,EUR/USD,2005-08-01 05:12:17.000,1.221600,1.221900,D
173491370,EUR/USD,2005-08-01 05:12:19.000,1.221500,1.221800,D
173491380,EUR/USD,2005-08-01 05:12:30.000,1.221600,1.221900,D
173491399,EUR/USD,2005-08-01 05:12:38.000,1.221700,1.222000,D
173491415,EUR/USD,2005-08-01 05:12:43.000,1.221600,1.221900,D
173491442,EUR/USD,2005-08-01 05:12:52.000,1.221700,1.222000,D
173491472,EUR/USD,2005-08-01 05:12:58.000,1.221600,1.221900,D
173491474,EUR/USD,2005-08-01 05:12:58.000,1.221700,1.222000,D
173491485,EUR/USD,2005-08-01 05:13:06.000,1.221800,1.222100,D
173491524,EUR/USD,2005-08-01 05:13:17.000,1.221700,1.222000,D
173491546,EUR/USD,2005-08-01 05:13:22.000,1.221800,1.222100,D
173491551,EUR/USD,2005-08-01 05:13:24.000,1.221900,1.222200,D
173491553,EUR/USD,2005-08-01 05:13:24.000,1.221800,1.222100,D
173491572,EUR/USD,2005-08-01 05:13:28.000,1.221900,1.222200,D
173491578,EUR/USD,2005-08-01 05:13:30.000,1.222000,1.222300,D
173491585,EUR/USD,2005-08-01 05:13:32.000,1.221900,1.222200,D
173491591,EUR/USD,2005-08-01 05:13:33.000,1.222000,1.222300,D
173491602,EUR/USD,2005-08-01 05:13:34.000,1.221900,1.222200,D
173491604,EUR/USD,2005-08-01 05:13:35.000,1.222000,1.222300,D
173491641,EUR/USD,2005-08-01 05:13:50.000,1.221900,1.222200,D
173491647,EUR/USD,2005-08-01 05:13:52.000,1.222000,1.222300,D
173491649,EUR/USD,2005-08-01 05:13:54.000,1.221900,1.222200,D
173491656,EUR/USD,2005-08-01 05:13:58.000,1.221800,1.222100,D
173491660,EUR/USD,2005-08-01 05:14:02.000,1.221700,1.222000,D
173491676,EUR/USD,2005-08-01 05:14:06.000,1.221800,1.222100,D
173491679,EUR/USD,2005-08-01 05:14:06.000,1.221700,1.222000,D
173491686,EUR/USD,2005-08-01 05:14:12.000,1.221800,1.222100,D
173491697,EUR/USD,2005-08-01 05:14:21.000,1.221700,1.222000,D
173491699,EUR/USD,2005-08-01 05:14:22.000,1.221800,1.222100,D
173491732,EUR/USD,2005-08-01 05:14:33.000,1.221900,1.222200,D
173491774,EUR/USD,2005-08-01 05:14:51.000,1.222000,1.222300,D
173491799,EUR/USD,2005-08-01 05:15:00.000,1.222100,1.222400,D
173491816,EUR/USD,2005-08-01 05:15:04.000,1.222200,1.222500,D
173491826,EUR/USD,2005-08-01 05:15:04.000,1.222100,1.222400,D
173491834,EUR/USD,2005-08-01 05:15:05.000,1.222000,1.222300,D
173491844,EUR/USD,2005-08-01 05:15:06.000,1.222100,1.222400,D
173491853,EUR/USD,2005-08-01 05:15:07.000,1.222000,1.222300,D
173491871,EUR/USD,2005-08-01 05:15:12.000,1.221800,1.222100,D
173491876,EUR/USD,2005-08-01 05:15:13.000,1.221900,1.222200,D
173491896,EUR/USD,2005-08-01 05:15:17.000,1.222000,1.222300,D
173491905,EUR/USD,2005-08-01 05:15:19.000,1.221900,1.222200,D
173491909,EUR/USD,2005-08-01 05:15:20.000,1.222000,1.222300,D
173491919,EUR/USD,2005-08-01 05:15:21.000,1.221900,1.222200,D
173491928,EUR/USD,2005-08-01 05:15:23.000,1.222000,1.222300,D
173491930,EUR/USD,2005-08-01 05:15:24.000,1.221900,1.222200,D
173491949,EUR/USD,2005-08-01 05:15:29.000,1.221800,1.222100,D
173491953,EUR/USD,2005-08-01 05:15:33.000,1.221900,1.222200,D
173491973,EUR/USD,2005-08-01 05:15:38.000,1.221800,1.222100,D
173492010,EUR/USD,2005-08-01 05:15:56.000,1.221700,1.222000,D
173492022,EUR/USD,2005-08-01 05:16:01.000,1.221600,1.221900,D
173492060,EUR/USD,2005-08-01 05:16:23.000,1.221700,1.222000,D
173492064,EUR/USD,2005-08-01 05:16:29.000,1.221600,1.221900,D
173492099,EUR/USD,2005-08-01 05:16:54.000,1.221500,1.221800,D
173492116,EUR/USD,2005-08-01 05:17:17.000,1.221600,1.221900,D
173492139,EUR/USD,2005-08-01 05:17:26.000,1.221500,1.221800,D
173492140,EUR/USD,2005-08-01 05:17:26.000,1.221600,1.221900,D
173492175,EUR/USD,2005-08-01 05:17:40.000,1.221700,1.222000,D
173492183,EUR/USD,2005-08-01 05:17:43.000,1.221600,1.221900,D
173492198,EUR/USD,2005-08-01 05:17:46.000,1.221700,1.222000,D
173492208,EUR/USD,2005-08-01 05:17:47.000,1.221600,1.221900,D
173492221,EUR/USD,2005-08-01 05:17:50.000,1.221700,1.222000,D
173492248,EUR/USD,2005-08-01 05:18:01.000,1.221800,1.222100,D
173492280,EUR/USD,2005-08-01 05:18:20.000,1.221900,1.222200,D
173492291,EUR/USD,2005-08-01 05:18:26.000,1.221800,1.222100,D
173492302,EUR/USD,2005-08-01 05:18:28.000,1.221700,1.222000,D
173492327,EUR/USD,2005-08-01 05:18:51.000,1.221800,1.222100,D
173492329,EUR/USD,2005-08-01 05:18:51.000,1.221700,1.222000,D
173492347,EUR/USD,2005-08-01 05:19:05.000,1.221600,1.221900,D
173492351,EUR/USD,2005-08-01 05:19:07.000,1.221700,1.222000,D
173492361,EUR/USD,2005-08-01 05:19:10.000,1.221600,1.221900,D
173492370,EUR/USD,2005-08-01 05:19:14.000,1.221700,1.222000,D
173492376,EUR/USD,2005-08-01 05:19:17.000,1.221600,1.221900,D
173492379,EUR/USD,2005-08-01 05:19:18.000,1.221700,1.222000,D
173492385,EUR/USD,2005-08-01 05:19:20.000,1.221600,1.221900,D
173492394,EUR/USD,2005-08-01 05:19:21.000,1.221700,1.222000,D
173492406,EUR/USD,2005-08-01 05:19:24.000,1.221600,1.221900,D
173492407,EUR/USD,2005-08-01 05:19:25.000,1.221700,1.222000,D
173492419,EUR/USD,2005-08-01 05:19:28.000,1.221800,1.222100,D
173492434,EUR/USD,2005-08-01 05:19:31.000,1.221700,1.222000,D
173492476,EUR/USD,2005-08-01 05:19:44.000,1.221600,1.221900,D
173492481,EUR/USD,2005-08-01 05:19:45.000,1.221700,1.222000,D
173492510,EUR/USD,2005-08-01 05:19:58.000,1.221600,1.221900,D
173492525,EUR/USD,2005-08-01 05:20:05.000,1.221500,1.221800,D
173492542,EUR/USD,2005-08-01 05:20:10.000,1.221600,1.221900,D
173492548,EUR/USD,2005-08-01 05:20:12.000,1.221500,1.221800,D
173492553,EUR/USD,2005-08-01 05:20:12.000,1.221600,1.221900,D
173492564,EUR/USD,2005-08-01 05:20:18.000,1.221500,1.221800,D
173492571,EUR/USD,2005-08-01 05:20:23.000,1.221400,1.221700,D
173492582,EUR/USD,2005-08-01 05:20:26.000,1.221500,1.221800,D
173492586,EUR/USD,2005-08-01 05:20:27.000,1.221400,1.221700,D
173492597,EUR/USD,2005-08-01 05:20:28.000,1.221500,1.221800,D
173492606,EUR/USD,2005-08-01 05:20:31.000,1.221400,1.221700,D
173492616,EUR/USD,2005-08-01 05:20:35.000,1.221500,1.221800,D
173492649,EUR/USD,2005-08-01 05:20:45.000,1.221400,1.221700,D
173492669,EUR/USD,2005-08-01 05:20:52.000,1.221500,1.221800,D
173492673,EUR/USD,2005-08-01 05:20:54.000,1.221400,1.221700,D
173492677,EUR/USD,2005-08-01 05:20:55.000,1.221500,1.221800,D
173492695,EUR/USD,2005-08-01 05:20:59.000,1.221400,1.221700,D
173492713,EUR/USD,2005-08-01 05:21:13.000,1.221500,1.221800,D
173492720,EUR/USD,2005-08-01 05:21:16.000,1.221400,1.221700,D
173492729,EUR/USD,2005-08-01 05:21:18.000,1.221500,1.221800,D
173492736,EUR/USD,2005-08-01 05:21:20.000,1.221400,1.221700,D
173492741,EUR/USD,2005-08-01 05:21:23.000,1.221500,1.221800,D
173492746,EUR/USD,2005-08-01 05:21:25.000,1.221400,1.221700,D
173492775,EUR/USD,2005-08-01 05:22:00.000,1.221500,1.221800,D
173492780,EUR/USD,2005-08-01 05:22:02.000,1.221400,1.221700,D
173492782,EUR/USD,2005-08-01 05:22:03.000,1.221500,1.221800,D
173492791,EUR/USD,2005-08-01 05:22:05.000,1.221400,1.221700,D
173492815,EUR/USD,2005-08-01 05:22:15.000,1.221300,1.221600,D
173492816,EUR/USD,2005-08-01 05:22:15.000,1.221400,1.221700,D
173492820,EUR/USD,2005-08-01 05:22:15.000,1.221500,1.221800,D
173492836,EUR/USD,2005-08-01 05:22:17.000,1.221400,1.221700,D
173492850,EUR/USD,2005-08-01 05:22:21.000,1.221300,1.221500,D
173492864,EUR/USD,2005-08-01 05:22:21.000,1.221100,1.221400,D
173492978,EUR/USD,2005-08-01 05:23:01.000,1.221200,1.221500,D
173492993,EUR/USD,2005-08-01 05:23:05.000,1.221100,1.221400,D
173493047,EUR/USD,2005-08-01 05:23:39.000,1.221200,1.221500,D
173493055,EUR/USD,2005-08-01 05:23:39.000,1.221100,1.221400,D
173493093,EUR/USD,2005-08-01 05:23:56.000,1.221200,1.221500,D
173493099,EUR/USD,2005-08-01 05:24:00.000,1.221100,1.221400,D
173493101,EUR/USD,2005-08-01 05:24:01.000,1.221200,1.221500,D
173493103,EUR/USD,2005-08-01 05:24:04.000,1.221100,1.221400,D
173493119,EUR/USD,2005-08-01 05:24:12.000,1.221200,1.221500,D
173493127,EUR/USD,2005-08-01 05:24:16.000,1.221100,1.221400,D
173493142,EUR/USD,2005-08-01 05:24:24.000,1.221000,1.221300,D
173493145,EUR/USD,2005-08-01 05:24:25.000,1.221100,1.221400,D
173493154,EUR/USD,2005-08-01 05:24:26.000,1.221000,1.221300,D
173493161,EUR/USD,2005-08-01 05:24:28.000,1.221100,1.221400,D
173493171,EUR/USD,2005-08-01 05:24:35.000,1.221200,1.221500,D
173493175,EUR/USD,2005-08-01 05:24:37.000,1.221100,1.221400,D
173493180,EUR/USD,2005-08-01 05:24:39.000,1.221200,1.221500,D
173493183,EUR/USD,2005-08-01 05:24:41.000,1.221100,1.221400,D
173493222,EUR/USD,2005-08-01 05:25:21.000,1.221200,1.221500,D
173493232,EUR/USD,2005-08-01 05:25:33.000,1.221100,1.221400,D
173493235,EUR/USD,2005-08-01 05:25:33.000,1.221200,1.221500,D
173493238,EUR/USD,2005-08-01 05:25:34.000,1.221100,1.221400,D
173493246,EUR/USD,2005-08-01 05:25:35.000,1.221200,1.221500,D
173493252,EUR/USD,2005-08-01 05:25:39.000,1.221100,1.221400,D
173493285,EUR/USD,2005-08-01 05:25:59.000,1.221200,1.221500,D
173493301,EUR/USD,2005-08-01 05:26:07.000,1.221100,1.221400,D
173493307,EUR/USD,2005-08-01 05:26:07.000,1.221200,1.221500,D
173493345,EUR/USD,2005-08-01 05:26:31.000,1.221100,1.221400,D
173493353,EUR/USD,2005-08-01 05:26:37.000,1.221000,1.221300,D
173493354,EUR/USD,2005-08-01 05:26:37.000,1.221100,1.221400,D
173493371,EUR/USD,2005-08-01 05:26:40.000,1.221000,1.221300,D
173493377,EUR/USD,2005-08-01 05:26:41.000,1.221100,1.221400,D
173493385,EUR/USD,2005-08-01 05:26:41.000,1.221000,1.221300,D
173493392,EUR/USD,2005-08-01 05:26:42.000,1.221100,1.221400,D
173493432,EUR/USD,2005-08-01 05:27:31.000,1.221000,1.221300,D
173493445,EUR/USD,2005-08-01 05:27:35.000,1.221100,1.221400,D
173493596,EUR/USD,2005-08-01 05:29:38.000,1.221200,1.221500,D
173493600,EUR/USD,2005-08-01 05:29:41.000,1.221100,1.221400,D
173493618,EUR/USD,2005-08-01 05:30:08.000,1.221000,1.221300,D
173493626,EUR/USD,2005-08-01 05:30:10.000,1.221100,1.221400,D
173493639,EUR/USD,2005-08-01 05:30:36.000,1.221000,1.221300,D
173493656,EUR/USD,2005-08-01 05:30:46.000,1.220900,1.221200,D
173493664,EUR/USD,2005-08-01 05:30:47.000,1.220800,1.221100,D
173493673,EUR/USD,2005-08-01 05:30:48.000,1.220900,1.221200,D
173493686,EUR/USD,2005-08-01 05:30:53.000,1.220800,1.221100,D
173493707,EUR/USD,2005-08-01 05:30:56.000,1.220900,1.221200,D
173493743,EUR/USD,2005-08-01 05:31:03.000,1.220800,1.221100,D
173493767,EUR/USD,2005-08-01 05:31:13.000,1.220700,1.221000,D
173493779,EUR/USD,2005-08-01 05:31:15.000,1.220600,1.220900,D
173493792,EUR/USD,2005-08-01 05:31:19.000,1.220700,1.221000,D
173493797,EUR/USD,2005-08-01 05:31:20.000,1.220600,1.220900,D
173493834,EUR/USD,2005-08-01 05:31:31.000,1.220500,1.220800,D
173493837,EUR/USD,2005-08-01 05:31:32.000,1.220600,1.220900,D
173493891,EUR/USD,2005-08-01 05:32:04.000,1.220700,1.221000,D
173493901,EUR/USD,2005-08-01 05:32:06.000,1.220600,1.220900,D
173493912,EUR/USD,2005-08-01 05:32:10.000,1.220700,1.221000,D
173493950,EUR/USD,2005-08-01 05:32:25.000,1.220800,1.221100,D
173493957,EUR/USD,2005-08-01 05:32:25.000,1.220900,1.221200,D
173493965,EUR/USD,2005-08-01 05:32:27.000,1.220800,1.221100,D
173493975,EUR/USD,2005-08-01 05:32:29.000,1.220900,1.221200,D
173493989,EUR/USD,2005-08-01 05:32:31.000,1.220800,1.221100,D
173494044,EUR/USD,2005-08-01 05:32:49.000,1.220700,1.221000,D
173494048,EUR/USD,2005-08-01 05:32:50.000,1.220800,1.221100,D
173494057,EUR/USD,2005-08-01 05:32:50.000,1.220700,1.221000,D
173494062,EUR/USD,2005-08-01 05:32:51.000,1.220800,1.221100,D
173494069,EUR/USD,2005-08-01 05:32:51.000,1.220900,1.221200,D
173494074,EUR/USD,2005-08-01 05:32:52.000,1.220800,1.221100,D
173494091,EUR/USD,2005-08-01 05:32:58.000,1.220900,1.221200,D
173494130,EUR/USD,2005-08-01 05:33:14.000,1.221000,1.221300,D
173494153,EUR/USD,2005-08-01 05:33:26.000,1.220900,1.221200,D
173494185,EUR/USD,2005-08-01 05:33:37.000,1.221000,1.221300,D
173494189,EUR/USD,2005-08-01 05:33:38.000,1.220900,1.221200,D
173494209,EUR/USD,2005-08-01 05:33:53.000,1.221000,1.221300,D
173494251,EUR/USD,2005-08-01 05:34:11.000,1.221100,1.221400,D
173494263,EUR/USD,2005-08-01 05:34:14.000,1.221000,1.221300,D
173494288,EUR/USD,2005-08-01 05:34:42.000,1.220900,1.221200,D
173494317,EUR/USD,2005-08-01 05:34:52.000,1.221000,1.221300,D
173494325,EUR/USD,2005-08-01 05:34:55.000,1.220900,1.221200,D
173494343,EUR/USD,2005-08-01 05:35:03.000,1.221000,1.221300,D
173494361,EUR/USD,2005-08-01 05:35:08.000,1.220900,1.221200,D
173494367,EUR/USD,2005-08-01 05:35:10.000,1.221000,1.221300,D
173494407,EUR/USD,2005-08-01 05:35:33.000,1.221100,1.221400,D
173494427,EUR/USD,2005-08-01 05:35:40.000,1.221000,1.221300,D
173494452,EUR/USD,2005-08-01 05:36:02.000,1.220900,1.221200,D
173494458,EUR/USD,2005-08-01 05:36:04.000,1.221000,1.221300,D
173494482,EUR/USD,2005-08-01 05:36:09.000,1.220900,1.221200,D
173494490,EUR/USD,2005-08-01 05:36:13.000,1.221000,1.221300,D
173494501,EUR/USD,2005-08-01 05:36:18.000,1.220900,1.221200,D
173494523,EUR/USD,2005-08-01 05:36:24.000,1.221000,1.221300,D
173494616,EUR/USD,2005-08-01 05:37:36.000,1.220900,1.221200,D
173494620,EUR/USD,2005-08-01 05:37:38.000,1.221000,1.221300,D
173494625,EUR/USD,2005-08-01 05:37:44.000,1.220900,1.221200,D
173494631,EUR/USD,2005-08-01 05:37:47.000,1.220800,1.221100,D
173494635,EUR/USD,2005-08-01 05:38:00.000,1.220900,1.221200,D
173494639,EUR/USD,2005-08-01 05:38:01.000,1.220800,1.221100,D
173494643,EUR/USD,2005-08-01 05:38:02.000,1.220900,1.221200,D
173494718,EUR/USD,2005-08-01 05:40:20.000,1.220800,1.221100,D
173494752,EUR/USD,2005-08-01 05:40:55.000,1.220700,1.221000,D
173494755,EUR/USD,2005-08-01 05:40:57.000,1.220800,1.221100,D
173494810,EUR/USD,2005-08-01 05:41:32.000,1.220900,1.221200,D
173494857,EUR/USD,2005-08-01 05:42:11.000,1.220800,1.221100,D
173494947,EUR/USD,2005-08-01 05:43:11.000,1.220700,1.221000,D
173494961,EUR/USD,2005-08-01 05:43:20.000,1.220800,1.221100,D
173494981,EUR/USD,2005-08-01 05:43:32.000,1.220900,1.221200,D
173494994,EUR/USD,2005-08-01 05:43:34.000,1.220800,1.221100,D
173494996,EUR/USD,2005-08-01 05:43:35.000,1.220900,1.221200,D
173495015,EUR/USD,2005-08-01 05:43:46.000,1.221000,1.221300,D
173495069,EUR/USD,2005-08-01 05:44:55.000,1.220900,1.221200,D
173495124,EUR/USD,2005-08-01 05:45:51.000,1.221000,1.221300,D
173495177,EUR/USD,2005-08-01 05:46:44.000,1.220900,1.221200,D
173495182,EUR/USD,2005-08-01 05:46:47.000,1.221000,1.221300,D
173495192,EUR/USD,2005-08-01 05:46:54.000,1.220900,1.221200,D
173495215,EUR/USD,2005-08-01 05:47:15.000,1.221000,1.221300,D
173495256,EUR/USD,2005-08-01 05:48:12.000,1.220900,1.221200,D
173495326,EUR/USD,2005-08-01 05:49:03.000,1.221000,1.221300,D
173495358,EUR/USD,2005-08-01 05:49:47.000,1.220900,1.221200,D
173495373,EUR/USD,2005-08-01 05:49:57.000,1.221000,1.221300,D
173495376,EUR/USD,2005-08-01 05:49:58.000,1.220900,1.221200,D
173495388,EUR/USD,2005-08-01 05:50:07.000,1.221000,1.221300,D
173495391,EUR/USD,2005-08-01 05:50:07.000,1.220900,1.221200,D
173495398,EUR/USD,2005-08-01 05:50:09.000,1.221000,1.221300,D
173495406,EUR/USD,2005-08-01 05:50:10.000,1.220900,1.221200,D
173495412,EUR/USD,2005-08-01 05:50:12.000,1.221000,1.221300,D
173495421,EUR/USD,2005-08-01 05:50:14.000,1.220900,1.221200,D
173495455,EUR/USD,2005-08-01 05:50:42.000,1.221000,1.221300,D
173495461,EUR/USD,2005-08-01 05:50:42.000,1.220900,1.221200,D
173495467,EUR/USD,2005-08-01 05:50:44.000,1.221000,1.221300,D
173495471,EUR/USD,2005-08-01 05:50:44.000,1.220900,1.221200,D
173495537,EUR/USD,2005-08-01 05:51:55.000,1.221000,1.221300,D
173495544,EUR/USD,2005-08-01 05:52:00.000,1.220900,1.221200,D
173495552,EUR/USD,2005-08-01 05:52:01.000,1.221000,1.221300,D
173495553,EUR/USD,2005-08-01 05:52:02.000,1.220900,1.221200,D
173495585,EUR/USD,2005-08-01 05:52:32.000,1.221000,1.221300,D
173495591,EUR/USD,2005-08-01 05:52:35.000,1.220900,1.221200,D
173495602,EUR/USD,2005-08-01 05:52:39.000,1.221000,1.221300,D
173495610,EUR/USD,2005-08-01 05:52:42.000,1.220900,1.221200,D
173495626,EUR/USD,2005-08-01 05:52:45.000,1.220800,1.221100,D
173495635,EUR/USD,2005-08-01 05:52:56.000,1.220900,1.221200,D
173495648,EUR/USD,2005-08-01 05:52:59.000,1.220800,1.221100,D
173495651,EUR/USD,2005-08-01 05:53:04.000,1.220700,1.221000,D
173495679,EUR/USD,2005-08-01 05:53:14.000,1.220800,1.221100,D
173495681,EUR/USD,2005-08-01 05:53:14.000,1.220700,1.221000,D
173495687,EUR/USD,2005-08-01 05:53:17.000,1.220800,1.221100,D
173495693,EUR/USD,2005-08-01 05:53:25.000,1.220700,1.221000,D
173495705,EUR/USD,2005-08-01 05:53:28.000,1.220800,1.221100,D
173495707,EUR/USD,2005-08-01 05:53:29.000,1.220700,1.221000,D
173495719,EUR/USD,2005-08-01 05:53:33.000,1.220600,1.220900,D
173495721,EUR/USD,2005-08-01 05:53:33.000,1.220700,1.221000,D
173495724,EUR/USD,2005-08-01 05:53:34.000,1.220800,1.221100,D
173495730,EUR/USD,2005-08-01 05:53:34.000,1.220600,1.220900,D
173495733,EUR/USD,2005-08-01 05:53:34.000,1.220700,1.221000,D
173495744,EUR/USD,2005-08-01 05:53:37.000,1.220600,1.220900,D
173495746,EUR/USD,2005-08-01 05:53:38.000,1.220700,1.221000,D
173495751,EUR/USD,2005-08-01 05:53:39.000,1.220800,1.221100,D
173495758,EUR/USD,2005-08-01 05:53:41.000,1.220700,1.221000,D
173495804,EUR/USD,2005-08-01 05:54:01.000,1.220800,1.221100,D
173495808,EUR/USD,2005-08-01 05:54:04.000,1.220700,1.221000,D
173495831,EUR/USD,2005-08-01 05:54:18.000,1.220600,1.220900,D
173495838,EUR/USD,2005-08-01 05:54:19.000,1.220700,1.221000,D
173495845,EUR/USD,2005-08-01 05:54:23.000,1.220800,1.221100,D
173495853,EUR/USD,2005-08-01 05:54:25.000,1.220700,1.221000,D
173495859,EUR/USD,2005-08-01 05:54:35.000,1.220800,1.221100,D
173495868,EUR/USD,2005-08-01 05:54:39.000,1.220700,1.221000,D
173495875,EUR/USD,2005-08-01 05:54:40.000,1.220800,1.221100,D
173495902,EUR/USD,2005-08-01 05:55:04.000,1.220900,1.221200,D
173495918,EUR/USD,2005-08-01 05:55:09.000,1.220800,1.221100,D
173495922,EUR/USD,2005-08-01 05:55:13.000,1.220900,1.221200,D
173495938,EUR/USD,2005-08-01 05:55:15.000,1.220800,1.221100,D
173495962,EUR/USD,2005-08-01 05:55:25.000,1.220900,1.221200,D
173495970,EUR/USD,2005-08-01 05:55:26.000,1.220800,1.221100,D
173495991,EUR/USD,2005-08-01 05:55:42.000,1.220700,1.221000,D
173496003,EUR/USD,2005-08-01 05:55:52.000,1.220800,1.221100,D
173496005,EUR/USD,2005-08-01 05:55:52.000,1.220900,1.221200,D
173496012,EUR/USD,2005-08-01 05:55:53.000,1.220800,1.221100,D
173496034,EUR/USD,2005-08-01 05:55:58.000,1.220900,1.221200,D
173496042,EUR/USD,2005-08-01 05:55:59.000,1.221000,1.221300,D
173496065,EUR/USD,2005-08-01 05:56:05.000,1.220900,1.221200,D
173496070,EUR/USD,2005-08-01 05:56:05.000,1.221000,1.221300,D
173496090,EUR/USD,2005-08-01 05:56:11.000,1.220900,1.221200,D
173496101,EUR/USD,2005-08-01 05:56:16.000,1.220800,1.221100,D
173496111,EUR/USD,2005-08-01 05:56:20.000,1.220900,1.221200,D
173496123,EUR/USD,2005-08-01 05:56:24.000,1.220800,1.221100,D
173496138,EUR/USD,2005-08-01 05:56:32.000,1.220900,1.221200,D
173496145,EUR/USD,2005-08-01 05:56:39.000,1.220800,1.221100,D
173496156,EUR/USD,2005-08-01 05:57:12.000,1.220900,1.221200,D
173496163,EUR/USD,2005-08-01 05:57:22.000,1.221000,1.221300,D
173496169,EUR/USD,2005-08-01 05:57:24.000,1.220900,1.221200,D
173496177,EUR/USD,2005-08-01 05:57:29.000,1.221000,1.221300,D
173496182,EUR/USD,2005-08-01 05:57:36.000,1.220900,1.221200,D
173496186,EUR/USD,2005-08-01 05:57:37.000,1.221000,1.221300,D
173496204,EUR/USD,2005-08-01 05:57:54.000,1.220900,1.221200,D
173496210,EUR/USD,2005-08-01 05:57:56.000,1.220800,1.221100,D
173496215,EUR/USD,2005-08-01 05:57:58.000,1.220900,1.221200,D
173496222,EUR/USD,2005-08-01 05:58:00.000,1.220800,1.221100,D
173496237,EUR/USD,2005-08-01 05:58:08.000,1.220700,1.221000,D
173496238,EUR/USD,2005-08-01 05:58:08.000,1.220800,1.221100,D
173496245,EUR/USD,2005-08-01 05:58:12.000,1.220700,1.221000,D
173496255,EUR/USD,2005-08-01 05:58:15.000,1.220800,1.221100,D
173496261,EUR/USD,2005-08-01 05:58:17.000,1.220700,1.221000,D
173496268,EUR/USD,2005-08-01 05:58:21.000,1.220800,1.221100,D
173496277,EUR/USD,2005-08-01 05:58:23.000,1.220700,1.221000,D
173496287,EUR/USD,2005-08-01 05:58:26.000,1.220800,1.221100,D
173496310,EUR/USD,2005-08-01 05:58:30.000,1.220700,1.221000,D
173496312,EUR/USD,2005-08-01 05:58:32.000,1.220800,1.221100,D
173496322,EUR/USD,2005-08-01 05:58:34.000,1.220700,1.221000,D
173496328,EUR/USD,2005-08-01 05:58:38.000,1.220800,1.221100,D
173496333,EUR/USD,2005-08-01 05:58:39.000,1.220700,1.221000,D
173496342,EUR/USD,2005-08-01 05:58:42.000,1.220800,1.221100,D
173496386,EUR/USD,2005-08-01 05:59:12.000,1.220700,1.221000,D
173496392,EUR/USD,2005-08-01 05:59:15.000,1.220800,1.221100,D
173496401,EUR/USD,2005-08-01 05:59:18.000,1.220700,1.221000,D
173496417,EUR/USD,2005-08-01 05:59:24.000,1.220800,1.221100,D
173496419,EUR/USD,2005-08-01 05:59:25.000,1.220700,1.221000,D
173496427,EUR/USD,2005-08-01 05:59:29.000,1.220800,1.221100,D
173496433,EUR/USD,2005-08-01 05:59:31.000,1.220700,1.221000,D
173496503,EUR/USD,2005-08-01 06:00:14.000,1.220600,1.220900,D
173496517,EUR/USD,2005-08-01 06:00:21.000,1.220500,1.220800,D
173496532,EUR/USD,2005-08-01 06:00:30.000,1.220600,1.220900,D
173496541,EUR/USD,2005-08-01 06:00:35.000,1.220500,1.220800,D
173496545,EUR/USD,2005-08-01 06:00:35.000,1.220600,1.220900,D
173496565,EUR/USD,2005-08-01 06:00:38.000,1.220500,1.220800,D
173496568,EUR/USD,2005-08-01 06:00:39.000,1.220600,1.220900,D
173496576,EUR/USD,2005-08-01 06:00:41.000,1.220500,1.220800,D
173496579,EUR/USD,2005-08-01 06:00:41.000,1.220600,1.220900,D
173496631,EUR/USD,2005-08-01 06:01:10.000,1.220500,1.220800,D
173496635,EUR/USD,2005-08-01 06:01:11.000,1.220600,1.220900,D
173496641,EUR/USD,2005-08-01 06:01:13.000,1.220500,1.220800,D
173496667,EUR/USD,2005-08-01 06:01:36.000,1.220600,1.220900,D
173496672,EUR/USD,2005-08-01 06:01:38.000,1.220500,1.220800,D
173496677,EUR/USD,2005-08-01 06:01:41.000,1.220600,1.220900,D
173496688,EUR/USD,2005-08-01 06:01:46.000,1.220500,1.220800,D
173496689,EUR/USD,2005-08-01 06:01:49.000,1.220600,1.220900,D
173496698,EUR/USD,2005-08-01 06:01:52.000,1.220500,1.220800,D
173496701,EUR/USD,2005-08-01 06:01:55.000,1.220600,1.220900,D
173496772,EUR/USD,2005-08-01 06:03:11.000,1.220500,1.220800,D
173496780,EUR/USD,2005-08-01 06:03:12.000,1.220600,1.220900,D
173496793,EUR/USD,2005-08-01 06:03:20.000,1.220500,1.220800,D
173496796,EUR/USD,2005-08-01 06:03:20.000,1.220600,1.220900,D
173496887,EUR/USD,2005-08-01 06:04:31.000,1.220500,1.220800,D
173497018,EUR/USD,2005-08-01 06:06:37.000,1.220400,1.220700,D
173497028,EUR/USD,2005-08-01 06:06:41.000,1.220500,1.220800,D
173497114,EUR/USD,2005-08-01 06:07:43.000,1.220400,1.220700,D
173497138,EUR/USD,2005-08-01 06:07:49.000,1.220500,1.220800,D
173497142,EUR/USD,2005-08-01 06:07:52.000,1.220400,1.220700,D
173497160,EUR/USD,2005-08-01 06:07:58.000,1.220500,1.220800,D
173497168,EUR/USD,2005-08-01 06:08:00.000,1.220400,1.220700,D
173497179,EUR/USD,2005-08-01 06:08:08.000,1.220500,1.220800,D
173497230,EUR/USD,2005-08-01 06:08:28.000,1.220400,1.220700,D
173497235,EUR/USD,2005-08-01 06:08:30.000,1.220500,1.220800,D
173497251,EUR/USD,2005-08-01 06:08:34.000,1.220400,1.220700,D
173497337,EUR/USD,2005-08-01 06:09:31.000,1.220500,1.220800,D
173497349,EUR/USD,2005-08-01 06:09:38.000,1.220600,1.220900,D
173497364,EUR/USD,2005-08-01 06:09:41.000,1.220700,1.221000,D
173497383,EUR/USD,2005-08-01 06:09:45.000,1.220600,1.220900,D
173497427,EUR/USD,2005-08-01 06:10:25.000,1.220700,1.221000,D
173497431,EUR/USD,2005-08-01 06:10:25.000,1.220600,1.220900,D
173497436,EUR/USD,2005-08-01 06:10:26.000,1.220700,1.221000,D
173497441,EUR/USD,2005-08-01 06:10:30.000,1.220600,1.220900,D
173497448,EUR/USD,2005-08-01 06:10:31.000,1.220700,1.221000,D
173497504,EUR/USD,2005-08-01 06:10:57.000,1.220600,1.220900,D
173497543,EUR/USD,2005-08-01 06:11:09.000,1.220500,1.220800,D
173497556,EUR/USD,2005-08-01 06:11:16.000,1.220600,1.220900,D
173497576,EUR/USD,2005-08-01 06:11:37.000,1.220500,1.220800,D
173497577,EUR/USD,2005-08-01 06:11:41.000,1.220600,1.220900,D
173497584,EUR/USD,2005-08-01 06:11:48.000,1.220500,1.220800,D
173497589,EUR/USD,2005-08-01 06:11:49.000,1.220600,1.220900,D
173497592,EUR/USD,2005-08-01 06:11:49.000,1.220700,1.221000,D
173497595,EUR/USD,2005-08-01 06:11:51.000,1.220600,1.220900,D
173497603,EUR/USD,2005-08-01 06:11:54.000,1.220700,1.221000,D
173497606,EUR/USD,2005-08-01 06:11:54.000,1.220600,1.220900,D
173497633,EUR/USD,2005-08-01 06:12:01.000,1.220700,1.221000,D
173497638,EUR/USD,2005-08-01 06:12:03.000,1.220600,1.220900,D
173497683,EUR/USD,2005-08-01 06:12:37.000,1.220700,1.221000,D
173497696,EUR/USD,2005-08-01 06:12:48.000,1.220600,1.220900,D
173497700,EUR/USD,2005-08-01 06:12:49.000,1.220700,1.221000,D
173497710,EUR/USD,2005-08-01 06:12:54.000,1.220600,1.220900,D
173497748,EUR/USD,2005-08-01 06:13:15.000,1.220500,1.220800,D
173497866,EUR/USD,2005-08-01 06:15:20.000,1.220400,1.220700,D
173497946,EUR/USD,2005-08-01 06:16:28.000,1.220300,1.220600,D
173497957,EUR/USD,2005-08-01 06:16:30.000,1.220400,1.220700,D
173497987,EUR/USD,2005-08-01 06:16:37.000,1.220300,1.220600,D
173497995,EUR/USD,2005-08-01 06:16:39.000,1.220400,1.220700,D
173498014,EUR/USD,2005-08-01 06:16:50.000,1.220500,1.220800,D
173498022,EUR/USD,2005-08-01 06:17:00.000,1.220600,1.220900,D
173498055,EUR/USD,2005-08-01 06:17:08.000,1.220500,1.220800,D
173498063,EUR/USD,2005-08-01 06:17:10.000,1.220600,1.220900,D
173498066,EUR/USD,2005-08-01 06:17:11.000,1.220500,1.220800,D
173498073,EUR/USD,2005-08-01 06:17:12.000,1.220600,1.220900,D
173498116,EUR/USD,2005-08-01 06:17:30.000,1.220500,1.220800,D
173498156,EUR/USD,2005-08-01 06:18:08.000,1.220400,1.220700,D
173498158,EUR/USD,2005-08-01 06:18:10.000,1.220500,1.220800,D
173498164,EUR/USD,2005-08-01 06:18:12.000,1.220400,1.220700,D
173498185,EUR/USD,2005-08-01 06:18:16.000,1.220500,1.220800,D
173498220,EUR/USD,2005-08-01 06:18:38.000,1.220400,1.220700,D
173498320,EUR/USD,2005-08-01 06:19:27.000,1.220500,1.220800,D
173498418,EUR/USD,2005-08-01 06:20:19.000,1.220400,1.220700,D
173498423,EUR/USD,2005-08-01 06:20:23.000,1.220500,1.220800,D
173498447,EUR/USD,2005-08-01 06:20:48.000,1.220600,1.220900,D
173498463,EUR/USD,2005-08-01 06:20:53.000,1.220500,1.220800,D
173498469,EUR/USD,2005-08-01 06:21:09.000,1.220600,1.220900,D
173498506,EUR/USD,2005-08-01 06:22:29.000,1.220500,1.220800,D
173498601,EUR/USD,2005-08-01 06:24:18.000,1.220600,1.220900,D
173498621,EUR/USD,2005-08-01 06:24:40.000,1.220700,1.221000,D
173498626,EUR/USD,2005-08-01 06:24:42.000,1.220600,1.220900,D
173498649,EUR/USD,2005-08-01 06:24:46.000,1.220500,1.220800,D
173498651,EUR/USD,2005-08-01 06:24:47.000,1.220600,1.220900,D
173498675,EUR/USD,2005-08-01 06:24:52.000,1.220700,1.221000,D
173498682,EUR/USD,2005-08-01 06:24:57.000,1.220600,1.220900,D
173498696,EUR/USD,2005-08-01 06:25:06.000,1.220700,1.221000,D
173498705,EUR/USD,2005-08-01 06:25:15.000,1.220600,1.220900,D
173498718,EUR/USD,2005-08-01 06:25:18.000,1.220700,1.221000,D
173498725,EUR/USD,2005-08-01 06:25:31.000,1.220600,1.220900,D
173498740,EUR/USD,2005-08-01 06:25:52.000,1.220700,1.221000,D
173498757,EUR/USD,2005-08-01 06:25:59.000,1.220800,1.221100,D
173498763,EUR/USD,2005-08-01 06:26:00.000,1.220700,1.221000,D
173498770,EUR/USD,2005-08-01 06:26:01.000,1.220800,1.221100,D
173498779,EUR/USD,2005-08-01 06:26:06.000,1.220900,1.221200,D
173498806,EUR/USD,2005-08-01 06:26:11.000,1.221000,1.221300,D
173498819,EUR/USD,2005-08-01 06:26:14.000,1.220900,1.221200,D
173498829,EUR/USD,2005-08-01 06:26:16.000,1.221000,1.221300,D
173498852,EUR/USD,2005-08-01 06:26:26.000,1.221100,1.221400,D
173498882,EUR/USD,2005-08-01 06:26:39.000,1.221200,1.221500,D
173498898,EUR/USD,2005-08-01 06:26:41.000,1.221100,1.221400,D
173498905,EUR/USD,2005-08-01 06:26:42.000,1.221200,1.221500,D
173498915,EUR/USD,2005-08-01 06:26:45.000,1.221300,1.221600,D
173498923,EUR/USD,2005-08-01 06:26:46.000,1.221200,1.221500,D
173498932,EUR/USD,2005-08-01 06:26:46.000,1.221300,1.221600,D
173498951,EUR/USD,2005-08-01 06:26:49.000,1.221400,1.221700,D
173498994,EUR/USD,2005-08-01 06:27:05.000,1.221300,1.221600,D
173499018,EUR/USD,2005-08-01 06:27:16.000,1.221200,1.221500,D
173499045,EUR/USD,2005-08-01 06:27:27.000,1.221300,1.221600,D
173499068,EUR/USD,2005-08-01 06:27:42.000,1.221400,1.221700,D
173499094,EUR/USD,2005-08-01 06:27:45.000,1.221500,1.221800,D
173499101,EUR/USD,2005-08-01 06:27:46.000,1.221600,1.221900,D
173499131,EUR/USD,2005-08-01 06:27:50.000,1.221500,1.221800,D
173499152,EUR/USD,2005-08-01 06:27:55.000,1.221600,1.221900,D
173499158,EUR/USD,2005-08-01 06:27:56.000,1.221500,1.221800,D
173499159,EUR/USD,2005-08-01 06:27:56.000,1.221600,1.221900,D
173499168,EUR/USD,2005-08-01 06:27:59.000,1.221500,1.221800,D
173499207,EUR/USD,2005-08-01 06:28:09.000,1.221400,1.221700,D
173499249,EUR/USD,2005-08-01 06:28:28.000,1.221500,1.221800,D
173499256,EUR/USD,2005-08-01 06:28:32.000,1.221400,1.221700,D
173499264,EUR/USD,2005-08-01 06:28:33.000,1.221500,1.221800,D
173499280,EUR/USD,2005-08-01 06:28:35.000,1.221400,1.221700,D
173499311,EUR/USD,2005-08-01 06:28:47.000,1.221500,1.221800,D
173499313,EUR/USD,2005-08-01 06:28:48.000,1.221400,1.221700,D
173499320,EUR/USD,2005-08-01 06:28:50.000,1.221500,1.221800,D
173499340,EUR/USD,2005-08-01 06:28:57.000,1.221400,1.221700,D
173499348,EUR/USD,2005-08-01 06:29:00.000,1.221500,1.221800,D
173499357,EUR/USD,2005-08-01 06:29:03.000,1.221400,1.221700,D
173499362,EUR/USD,2005-08-01 06:29:05.000,1.221500,1.221800,D
173499407,EUR/USD,2005-08-01 06:29:21.000,1.221400,1.221700,D
173499413,EUR/USD,2005-08-01 06:29:23.000,1.221500,1.221800,D
173499446,EUR/USD,2005-08-01 06:29:48.000,1.221600,1.221900,D
173499450,EUR/USD,2005-08-01 06:29:51.000,1.221500,1.221800,D
173499466,EUR/USD,2005-08-01 06:29:58.000,1.221600,1.221900,D
173499511,EUR/USD,2005-08-01 06:30:16.000,1.221700,1.222000,D
173499533,EUR/USD,2005-08-01 06:30:20.000,1.221600,1.221900,D
173499552,EUR/USD,2005-08-01 06:30:38.000,1.221500,1.221800,D
173499563,EUR/USD,2005-08-01 06:30:42.000,1.221600,1.221900,D
173499577,EUR/USD,2005-08-01 06:30:46.000,1.221500,1.221800,D
173499582,EUR/USD,2005-08-01 06:30:50.000,1.221600,1.221900,D
173499586,EUR/USD,2005-08-01 06:30:52.000,1.221500,1.221800,D
173499637,EUR/USD,2005-08-01 06:31:46.000,1.221400,1.221700,D
173499654,EUR/USD,2005-08-01 06:31:49.000,1.221500,1.221800,D
173499667,EUR/USD,2005-08-01 06:31:55.000,1.221600,1.221900,D
173499678,EUR/USD,2005-08-01 06:31:57.000,1.221700,1.222000,D
173499698,EUR/USD,2005-08-01 06:32:05.000,1.221600,1.221900,D
173499709,EUR/USD,2005-08-01 06:32:08.000,1.221700,1.222000,D
173499724,EUR/USD,2005-08-01 06:32:13.000,1.221800,1.222100,D
173499737,EUR/USD,2005-08-01 06:32:15.000,1.221900,1.222200,D
173499754,EUR/USD,2005-08-01 06:32:17.000,1.221800,1.222100,D
173499777,EUR/USD,2005-08-01 06:32:23.000,1.221900,1.222200,D
173499790,EUR/USD,2005-08-01 06:32:27.000,1.222000,1.222300,D
173499798,EUR/USD,2005-08-01 06:32:29.000,1.221900,1.222200,D
173499818,EUR/USD,2005-08-01 06:32:33.000,1.222000,1.222300,D
173499823,EUR/USD,2005-08-01 06:32:37.000,1.222100,1.222400,D
173499830,EUR/USD,2005-08-01 06:32:39.000,1.222000,1.222300,D
173499841,EUR/USD,2005-08-01 06:32:41.000,1.222100,1.222400,D
173499847,EUR/USD,2005-08-01 06:32:41.000,1.222000,1.222300,D
173499866,EUR/USD,2005-08-01 06:32:48.000,1.222100,1.222400,D
173499872,EUR/USD,2005-08-01 06:32:50.000,1.222000,1.222300,D
173499891,EUR/USD,2005-08-01 06:32:55.000,1.221900,1.222200,D
173499936,EUR/USD,2005-08-01 06:33:09.000,1.222000,1.222300,D
173499962,EUR/USD,2005-08-01 06:33:33.000,1.222100,1.222400,D
173499969,EUR/USD,2005-08-01 06:33:34.000,1.222000,1.222300,D
173499981,EUR/USD,2005-08-01 06:33:40.000,1.222100,1.222400,D
173499985,EUR/USD,2005-08-01 06:33:41.000,1.222000,1.222300,D
173499993,EUR/USD,2005-08-01 06:33:44.000,1.222100,1.222400,D
173500004,EUR/USD,2005-08-01 06:33:47.000,1.222000,1.222300,D
173500018,EUR/USD,2005-08-01 06:33:51.000,1.222100,1.222400,D
173500031,EUR/USD,2005-08-01 06:33:54.000,1.222000,1.222300,D
173500059,EUR/USD,2005-08-01 06:34:00.000,1.222100,1.222400,D
173500066,EUR/USD,2005-08-01 06:34:02.000,1.222000,1.222300,D
173500102,EUR/USD,2005-08-01 06:34:16.000,1.222100,1.222400,D
173500111,EUR/USD,2005-08-01 06:34:17.000,1.222000,1.222300,D
173500124,EUR/USD,2005-08-01 06:34:21.000,1.222100,1.222400,D
173500153,EUR/USD,2005-08-01 06:34:30.000,1.222000,1.222300,D
173500170,EUR/USD,2005-08-01 06:34:40.000,1.222100,1.222400,D
173500182,EUR/USD,2005-08-01 06:34:43.000,1.222000,1.222300,D
173500208,EUR/USD,2005-08-01 06:35:00.000,1.221900,1.222200,D
173500216,EUR/USD,2005-08-01 06:35:03.000,1.222000,1.222300,D
173500264,EUR/USD,2005-08-01 06:35:28.000,1.221900,1.222200,D
173500290,EUR/USD,2005-08-01 06:35:44.000,1.222000,1.222300,D
173500340,EUR/USD,2005-08-01 06:36:02.000,1.222100,1.222400,D
173500346,EUR/USD,2005-08-01 06:36:02.000,1.222000,1.222300,D
173500349,EUR/USD,2005-08-01 06:36:03.000,1.222100,1.222400,D
173500369,EUR/USD,2005-08-01 06:36:08.000,1.222000,1.222300,D
173500380,EUR/USD,2005-08-01 06:36:12.000,1.222100,1.222400,D
173500391,EUR/USD,2005-08-01 06:36:23.000,1.222200,1.222500,D
173500404,EUR/USD,2005-08-01 06:36:31.000,1.222100,1.222400,D
173500408,EUR/USD,2005-08-01 06:36:32.000,1.222000,1.222300,D
173500417,EUR/USD,2005-08-01 06:36:34.000,1.222100,1.222400,D
173500432,EUR/USD,2005-08-01 06:36:49.000,1.222200,1.222500,D
173500441,EUR/USD,2005-08-01 06:36:53.000,1.222300,1.222600,D
173500453,EUR/USD,2005-08-01 06:36:56.000,1.222400,1.222700,D
173500467,EUR/USD,2005-08-01 06:36:58.000,1.222500,1.222800,D
173500480,EUR/USD,2005-08-01 06:37:00.000,1.222400,1.222700,D
173500488,EUR/USD,2005-08-01 06:37:02.000,1.222500,1.222800,D
173500497,EUR/USD,2005-08-01 06:37:02.000,1.222600,1.222900,D
173500517,EUR/USD,2005-08-01 06:37:06.000,1.222500,1.222800,D
173500533,EUR/USD,2005-08-01 06:37:08.000,1.222600,1.222900,D
173500554,EUR/USD,2005-08-01 06:37:12.000,1.222500,1.222800,D
173500564,EUR/USD,2005-08-01 06:37:13.000,1.222600,1.222900,D
173500581,EUR/USD,2005-08-01 06:37:15.000,1.222500,1.222800,D
173500584,EUR/USD,2005-08-01 06:37:16.000,1.222600,1.222900,D
173500643,EUR/USD,2005-08-01 06:37:29.000,1.222500,1.222800,D
173500655,EUR/USD,2005-08-01 06:37:31.000,1.222600,1.222900,D
173500698,EUR/USD,2005-08-01 06:37:42.000,1.222500,1.222800,D
173500705,EUR/USD,2005-08-01 06:37:43.000,1.222600,1.222900,D
173500736,EUR/USD,2005-08-01 06:37:52.000,1.222700,1.223000,D
173500740,EUR/USD,2005-08-01 06:37:52.000,1.222800,1.223100,D
173500826,EUR/USD,2005-08-01 06:38:02.000,1.222700,1.223000,D
173500858,EUR/USD,2005-08-01 06:38:06.000,1.222800,1.223100,D
173500880,EUR/USD,2005-08-01 06:38:10.000,1.222700,1.223000,D
173500887,EUR/USD,2005-08-01 06:38:12.000,1.222800,1.223100,D
173500911,EUR/USD,2005-08-01 06:38:17.000,1.222900,1.223200,D
173500937,EUR/USD,2005-08-01 06:38:24.000,1.222800,1.223100,D
173500991,EUR/USD,2005-08-01 06:38:35.000,1.222900,1.223200,D
173501008,EUR/USD,2005-08-01 06:38:37.000,1.222800,1.223100,D
173501028,EUR/USD,2005-08-01 06:38:43.000,1.222900,1.223200,D
173501035,EUR/USD,2005-08-01 06:38:43.000,1.222800,1.223100,D
173501052,EUR/USD,2005-08-01 06:38:45.000,1.222700,1.223000,D
173501106,EUR/USD,2005-08-01 06:38:55.000,1.222800,1.223100,D
173501208,EUR/USD,2005-08-01 06:39:15.000,1.222900,1.223200,D
173501220,EUR/USD,2005-08-01 06:39:19.000,1.222800,1.223100,D
173501226,EUR/USD,2005-08-01 06:39:21.000,1.222700,1.223000,D
173501230,EUR/USD,2005-08-01 06:39:23.000,1.222800,1.223100,D
173501248,EUR/USD,2005-08-01 06:39:26.000,1.222900,1.223200,D
173501252,EUR/USD,2005-08-01 06:39:28.000,1.222800,1.223100,D
173501260,EUR/USD,2005-08-01 06:39:30.000,1.222700,1.223000,D
173501272,EUR/USD,2005-08-01 06:39:31.000,1.222800,1.223100,D
173501299,EUR/USD,2005-08-01 06:39:44.000,1.222700,1.223000,D
173501310,EUR/USD,2005-08-01 06:39:46.000,1.222800,1.223100,D
173501315,EUR/USD,2005-08-01 06:39:47.000,1.222700,1.223000,D
173501342,EUR/USD,2005-08-01 06:39:53.000,1.222600,1.222900,D
173501354,EUR/USD,2005-08-01 06:39:56.000,1.222700,1.223000,D
173501389,EUR/USD,2005-08-01 06:40:02.000,1.222800,1.223100,D
173501399,EUR/USD,2005-08-01 06:40:04.000,1.222700,1.223000,D
173501411,EUR/USD,2005-08-01 06:40:08.000,1.222800,1.223100,D
173501447,EUR/USD,2005-08-01 06:40:16.000,1.222700,1.223000,D
173501476,EUR/USD,2005-08-01 06:40:27.000,1.222800,1.223100,D
173501494,EUR/USD,2005-08-01 06:40:33.000,1.222700,1.223000,D
173501512,EUR/USD,2005-08-01 06:40:35.000,1.222600,1.222900,D
173501520,EUR/USD,2005-08-01 06:40:36.000,1.222700,1.223000,D
173501539,EUR/USD,2005-08-01 06:40:44.000,1.222600,1.222900,D
173501568,EUR/USD,2005-08-01 06:40:51.000,1.222700,1.223000,D
173501605,EUR/USD,2005-08-01 06:41:05.000,1.222600,1.222900,D
173501615,EUR/USD,2005-08-01 06:41:08.000,1.222700,1.223000,D
173501632,EUR/USD,2005-08-01 06:41:15.000,1.222800,1.223100,D
173501647,EUR/USD,2005-08-01 06:41:19.000,1.222900,1.223200,D
173501662,EUR/USD,2005-08-01 06:41:24.000,1.222800,1.223100,D
173501684,EUR/USD,2005-08-01 06:41:27.000,1.222900,1.223200,D
173501694,EUR/USD,2005-08-01 06:41:28.000,1.222800,1.223100,D
173501701,EUR/USD,2005-08-01 06:41:30.000,1.222900,1.223200,D
173501722,EUR/USD,2005-08-01 06:41:34.000,1.222800,1.223100,D
173501798,EUR/USD,2005-08-01 06:41:56.000,1.222700,1.223000,D
173501806,EUR/USD,2005-08-01 06:41:58.000,1.222800,1.223100,D
173501811,EUR/USD,2005-08-01 06:41:58.000,1.222900,1.223200,D
173501817,EUR/USD,2005-08-01 06:41:59.000,1.222800,1.223100,D
173501843,EUR/USD,2005-08-01 06:42:04.000,1.222900,1.223200,D
173501850,EUR/USD,2005-08-01 06:42:06.000,1.222800,1.223100,D
173501867,EUR/USD,2005-08-01 06:42:09.000,1.222900,1.223200,D
173501879,EUR/USD,2005-08-01 06:42:11.000,1.222800,1.223100,D
173501887,EUR/USD,2005-08-01 06:42:12.000,1.222900,1.223200,D
173501892,EUR/USD,2005-08-01 06:42:12.000,1.223000,1.223300,D
173501902,EUR/USD,2005-08-01 06:42:14.000,1.222900,1.223200,D
173501922,EUR/USD,2005-08-01 06:42:16.000,1.222800,1.223100,D
173501927,EUR/USD,2005-08-01 06:42:17.000,1.222900,1.223200,D
173501932,EUR/USD,2005-08-01 06:42:17.000,1.222800,1.223100,D
173501950,EUR/USD,2005-08-01 06:42:21.000,1.222700,1.223000,D
173501978,EUR/USD,2005-08-01 06:42:25.000,1.222600,1.222900,D
173501986,EUR/USD,2005-08-01 06:42:26.000,1.222700,1.223000,D
173502020,EUR/USD,2005-08-01 06:42:31.000,1.222800,1.223100,D
173502028,EUR/USD,2005-08-01 06:42:33.000,1.222900,1.223200,D
173502045,EUR/USD,2005-08-01 06:42:36.000,1.223000,1.223300,D
173502052,EUR/USD,2005-08-01 06:42:37.000,1.222900,1.223200,D
173502054,EUR/USD,2005-08-01 06:42:37.000,1.223000,1.223300,D
173502068,EUR/USD,2005-08-01 06:42:38.000,1.222900,1.223200,D
173502100,EUR/USD,2005-08-01 06:42:43.000,1.223000,1.223300,D
173502107,EUR/USD,2005-08-01 06:42:44.000,1.222900,1.223200,D
173502113,EUR/USD,2005-08-01 06:42:47.000,1.223000,1.223300,D
173502151,EUR/USD,2005-08-01 06:43:12.000,1.222900,1.223200,D
173502178,EUR/USD,2005-08-01 06:43:20.000,1.223000,1.223300,D
173502184,EUR/USD,2005-08-01 06:43:23.000,1.223100,1.223400,D
173502191,EUR/USD,2005-08-01 06:43:26.000,1.223000,1.223300,D
173502208,EUR/USD,2005-08-01 06:43:30.000,1.223100,1.223400,D
173502232,EUR/USD,2005-08-01 06:43:34.000,1.223000,1.223300,D
173502238,EUR/USD,2005-08-01 06:43:35.000,1.223100,1.223400,D
173502243,EUR/USD,2005-08-01 06:43:36.000,1.223000,1.223300,D
173502251,EUR/USD,2005-08-01 06:43:38.000,1.223100,1.223400,D
173502255,EUR/USD,2005-08-01 06:43:40.000,1.223000,1.223300,D
173502279,EUR/USD,2005-08-01 06:43:46.000,1.222900,1.223200,D
173502288,EUR/USD,2005-08-01 06:43:47.000,1.223000,1.223300,D
173502326,EUR/USD,2005-08-01 06:43:59.000,1.223100,1.223400,D
173502332,EUR/USD,2005-08-01 06:44:00.000,1.223000,1.223300,D
173502345,EUR/USD,2005-08-01 06:44:05.000,1.223100,1.223400,D
173502360,EUR/USD,2005-08-01 06:44:08.000,1.222900,1.223200,D
173502376,EUR/USD,2005-08-01 06:44:11.000,1.223000,1.223300,D
173502381,EUR/USD,2005-08-01 06:44:12.000,1.222900,1.223200,D
173502394,EUR/USD,2005-08-01 06:44:15.000,1.223000,1.223300,D
173502414,EUR/USD,2005-08-01 06:44:30.000,1.222900,1.223200,D
173502461,EUR/USD,2005-08-01 06:45:06.000,1.223000,1.223300,D
173502495,EUR/USD,2005-08-01 06:45:17.000,1.222900,1.223200,D
173502515,EUR/USD,2005-08-01 06:45:21.000,1.223000,1.223300,D
173502528,EUR/USD,2005-08-01 06:45:26.000,1.222900,1.223200,D
173502556,EUR/USD,2005-08-01 06:45:35.000,1.223000,1.223300,D
173502567,EUR/USD,2005-08-01 06:45:41.000,1.223100,1.223400,D
173502571,EUR/USD,2005-08-01 06:45:41.000,1.223000,1.223300,D
173502584,EUR/USD,2005-08-01 06:45:44.000,1.223100,1.223400,D
173502618,EUR/USD,2005-08-01 06:45:50.000,1.223000,1.223300,D
173502623,EUR/USD,2005-08-01 06:45:50.000,1.223100,1.223400,D
173502636,EUR/USD,2005-08-01 06:45:52.000,1.223000,1.223300,D
173502640,EUR/USD,2005-08-01 06:45:53.000,1.223100,1.223400,D
173502661,EUR/USD,2005-08-01 06:45:58.000,1.223200,1.223500,D
173502664,EUR/USD,2005-08-01 06:45:58.000,1.223100,1.223400,D
173502683,EUR/USD,2005-08-01 06:46:04.000,1.223000,1.223300,D
173502691,EUR/USD,2005-08-01 06:46:06.000,1.223100,1.223400,D
173502700,EUR/USD,2005-08-01 06:46:07.000,1.223200,1.223500,D
173502755,EUR/USD,2005-08-01 06:46:19.000,1.223100,1.223400,D
173502769,EUR/USD,2005-08-01 06:46:21.000,1.223200,1.223500,D
173502773,EUR/USD,2005-08-01 06:46:22.000,1.223100,1.223400,D
173502777,EUR/USD,2005-08-01 06:46:23.000,1.223000,1.223300,D
173502783,EUR/USD,2005-08-01 06:46:23.000,1.223100,1.223400,D
173502793,EUR/USD,2005-08-01 06:46:26.000,1.223200,1.223500,D
173502804,EUR/USD,2005-08-01 06:46:28.000,1.223100,1.223400,D
173502818,EUR/USD,2005-08-01 06:46:31.000,1.223000,1.223300,D
173502842,EUR/USD,2005-08-01 06:46:34.000,1.223100,1.223400,D
173502853,EUR/USD,2005-08-01 06:46:35.000,1.223200,1.223500,D
173502860,EUR/USD,2005-08-01 06:46:36.000,1.223100,1.223400,D
173502869,EUR/USD,2005-08-01 06:46:39.000,1.223200,1.223500,D
173502877,EUR/USD,2005-08-01 06:46:40.000,1.223100,1.223400,D
173502886,EUR/USD,2005-08-01 06:46:43.000,1.223200,1.223500,D
173502893,EUR/USD,2005-08-01 06:46:44.000,1.223100,1.223400,D
173502905,EUR/USD,2005-08-01 06:46:47.000,1.223200,1.223500,D
173502924,EUR/USD,2005-08-01 06:46:52.000,1.223100,1.223400,D
173502949,EUR/USD,2005-08-01 06:46:56.000,1.223200,1.223500,D
173502955,EUR/USD,2005-08-01 06:46:57.000,1.223100,1.223400,D
173502979,EUR/USD,2005-08-01 06:47:00.000,1.223000,1.223300,D
173502984,EUR/USD,2005-08-01 06:47:01.000,1.223100,1.223400,D
173502994,EUR/USD,2005-08-01 06:47:02.000,1.223000,1.223300,D
173503007,EUR/USD,2005-08-01 06:47:04.000,1.223100,1.223400,D
173503029,EUR/USD,2005-08-01 06:47:14.000,1.223200,1.223500,D
173503037,EUR/USD,2005-08-01 06:47:16.000,1.223100,1.223400,D
173503039,EUR/USD,2005-08-01 06:47:16.000,1.223200,1.223500,D
173503063,EUR/USD,2005-08-01 06:47:21.000,1.223400,1.223700,D
173503065,EUR/USD,2005-08-01 06:47:22.000,1.223300,1.223600,D
173503066,EUR/USD,2005-08-01 06:47:22.000,1.223200,1.223500,D
173503117,EUR/USD,2005-08-01 06:47:40.000,1.223100,1.223400,D
173503120,EUR/USD,2005-08-01 06:47:40.000,1.223200,1.223500,D
173503154,EUR/USD,2005-08-01 06:47:48.000,1.223100,1.223400,D
173503164,EUR/USD,2005-08-01 06:47:50.000,1.223200,1.223500,D
173503168,EUR/USD,2005-08-01 06:47:51.000,1.223100,1.223400,D
173503173,EUR/USD,2005-08-01 06:47:52.000,1.223200,1.223500,D
173503220,EUR/USD,2005-08-01 06:48:11.000,1.223100,1.223400,D
173503233,EUR/USD,2005-08-01 06:48:13.000,1.223200,1.223500,D
173503259,EUR/USD,2005-08-01 06:48:18.000,1.223100,1.223400,D
173503261,EUR/USD,2005-08-01 06:48:18.000,1.223200,1.223500,D
173503274,EUR/USD,2005-08-01 06:48:24.000,1.223100,1.223400,D
173503276,EUR/USD,2005-08-01 06:48:25.000,1.223200,1.223500,D
173503291,EUR/USD,2005-08-01 06:48:28.000,1.223100,1.223400,D
173503306,EUR/USD,2005-08-01 06:48:32.000,1.223000,1.223300,D
173503312,EUR/USD,2005-08-01 06:48:33.000,1.223100,1.223400,D
173503319,EUR/USD,2005-08-01 06:48:34.000,1.223000,1.223300,D
173503335,EUR/USD,2005-08-01 06:48:42.000,1.222900,1.223200,D
173503336,EUR/USD,2005-08-01 06:48:43.000,1.223000,1.223300,D
173503352,EUR/USD,2005-08-01 06:48:51.000,1.223200,1.223500,D
173503368,EUR/USD,2005-08-01 06:48:52.000,1.223100,1.223400,D
173503396,EUR/USD,2005-08-01 06:48:59.000,1.223000,1.223300,D
173503411,EUR/USD,2005-08-01 06:49:00.000,1.223100,1.223400,D
173503467,EUR/USD,2005-08-01 06:49:12.000,1.223200,1.223500,D
173503479,EUR/USD,2005-08-01 06:49:15.000,1.223100,1.223400,D
173503588,EUR/USD,2005-08-01 06:50:25.000,1.223000,1.223300,D
173503608,EUR/USD,2005-08-01 06:50:33.000,1.222900,1.223200,D
173503613,EUR/USD,2005-08-01 06:50:35.000,1.223000,1.223300,D
173503622,EUR/USD,2005-08-01 06:50:36.000,1.222900,1.223200,D
173503626,EUR/USD,2005-08-01 06:50:40.000,1.222800,1.223100,D
173503629,EUR/USD,2005-08-01 06:50:41.000,1.222900,1.223200,D
173503636,EUR/USD,2005-08-01 06:50:41.000,1.222800,1.223100,D
173503654,EUR/USD,2005-08-01 06:50:46.000,1.222900,1.223200,D
173503664,EUR/USD,2005-08-01 06:50:48.000,1.222800,1.223100,D
173503680,EUR/USD,2005-08-01 06:50:50.000,1.222900,1.223200,D
173503691,EUR/USD,2005-08-01 06:50:53.000,1.223000,1.223300,D
173503696,EUR/USD,2005-08-01 06:50:54.000,1.222900,1.223200,D
173503718,EUR/USD,2005-08-01 06:51:00.000,1.223000,1.223300,D
173503727,EUR/USD,2005-08-01 06:51:02.000,1.222900,1.223200,D
173503744,EUR/USD,2005-08-01 06:51:07.000,1.223000,1.223300,D
173503789,EUR/USD,2005-08-01 06:51:29.000,1.222900,1.223200,D
173503830,EUR/USD,2005-08-01 06:51:41.000,1.222800,1.223100,D
173503836,EUR/USD,2005-08-01 06:51:42.000,1.222700,1.223000,D
173503849,EUR/USD,2005-08-01 06:51:43.000,1.222600,1.222900,D
173503859,EUR/USD,2005-08-01 06:51:44.000,1.222700,1.223000,D
173503890,EUR/USD,2005-08-01 06:51:52.000,1.222800,1.223100,D
173503921,EUR/USD,2005-08-01 06:52:01.000,1.222700,1.223000,D
173503925,EUR/USD,2005-08-01 06:52:02.000,1.222800,1.223100,D
173504009,EUR/USD,2005-08-01 06:52:36.000,1.222900,1.223200,D
173504030,EUR/USD,2005-08-01 06:52:42.000,1.222800,1.223100,D
173504037,EUR/USD,2005-08-01 06:52:44.000,1.222900,1.223200,D
173504047,EUR/USD,2005-08-01 06:52:46.000,1.222800,1.223100,D
173504053,EUR/USD,2005-08-01 06:52:46.000,1.222900,1.223200,D
173504080,EUR/USD,2005-08-01 06:52:54.000,1.223000,1.223300,D
173504085,EUR/USD,2005-08-01 06:52:54.000,1.223100,1.223400,D
173504100,EUR/USD,2005-08-01 06:52:58.000,1.223000,1.223300,D
173504139,EUR/USD,2005-08-01 06:53:12.000,1.222900,1.223200,D
173504144,EUR/USD,2005-08-01 06:53:16.000,1.223000,1.223300,D
173504169,EUR/USD,2005-08-01 06:53:23.000,1.223100,1.223400,D
173504179,EUR/USD,2005-08-01 06:53:25.000,1.223000,1.223300,D
173504184,EUR/USD,2005-08-01 06:53:25.000,1.223100,1.223400,D
173504186,EUR/USD,2005-08-01 06:53:26.000,1.223200,1.223500,D
173504203,EUR/USD,2005-08-01 06:53:27.000,1.223100,1.223400,D
173504212,EUR/USD,2005-08-01 06:53:31.000,1.223000,1.223300,D
173504222,EUR/USD,2005-08-01 06:53:33.000,1.223100,1.223400,D
173504225,EUR/USD,2005-08-01 06:53:34.000,1.223000,1.223300,D
173504273,EUR/USD,2005-08-01 06:53:59.000,1.222900,1.223200,D
173504285,EUR/USD,2005-08-01 06:54:01.000,1.223000,1.223300,D
173504296,EUR/USD,2005-08-01 06:54:03.000,1.222900,1.223200,D
173504305,EUR/USD,2005-08-01 06:54:07.000,1.223000,1.223300,D
173504316,EUR/USD,2005-08-01 06:54:12.000,1.222900,1.223200,D
173504342,EUR/USD,2005-08-01 06:54:25.000,1.222800,1.223100,D
173504354,EUR/USD,2005-08-01 06:54:31.000,1.222900,1.223200,D
173504363,EUR/USD,2005-08-01 06:54:34.000,1.222800,1.223100,D
173504398,EUR/USD,2005-08-01 06:54:41.000,1.222700,1.223000,D
173504408,EUR/USD,2005-08-01 06:54:42.000,1.222800,1.223100,D
173504416,EUR/USD,2005-08-01 06:54:43.000,1.222700,1.223000,D
173504421,EUR/USD,2005-08-01 06:54:43.000,1.222800,1.223100,D
173504431,EUR/USD,2005-08-01 06:54:45.000,1.222900,1.223200,D
173504443,EUR/USD,2005-08-01 06:54:47.000,1.223000,1.223300,D
173504456,EUR/USD,2005-08-01 06:54:48.000,1.222900,1.223200,D
173504481,EUR/USD,2005-08-01 06:54:52.000,1.222800,1.223100,D
173504489,EUR/USD,2005-08-01 06:54:59.000,1.222900,1.223200,D
173504507,EUR/USD,2005-08-01 06:55:06.000,1.222800,1.223100,D
173504540,EUR/USD,2005-08-01 06:55:18.000,1.222900,1.223200,D
173504543,EUR/USD,2005-08-01 06:55:21.000,1.222800,1.223100,D
173504560,EUR/USD,2005-08-01 06:55:28.000,1.222900,1.223200,D
173504580,EUR/USD,2005-08-01 06:55:32.000,1.222800,1.223100,D
173504622,EUR/USD,2005-08-01 06:55:56.000,1.222700,1.223000,D
173504630,EUR/USD,2005-08-01 06:55:58.000,1.222800,1.223100,D
173504650,EUR/USD,2005-08-01 06:56:09.000,1.222900,1.223200,D
173504662,EUR/USD,2005-08-01 06:56:20.000,1.222800,1.223100,D
173504701,EUR/USD,2005-08-01 06:56:43.000,1.222700,1.223000,D
173504709,EUR/USD,2005-08-01 06:56:44.000,1.222800,1.223100,D
173504725,EUR/USD,2005-08-01 06:56:54.000,1.222700,1.223000,D
173504726,EUR/USD,2005-08-01 06:56:56.000,1.222800,1.223100,D
173504749,EUR/USD,2005-08-01 06:57:01.000,1.222900,1.223200,D
173504765,EUR/USD,2005-08-01 06:57:02.000,1.222800,1.223100,D
173504780,EUR/USD,2005-08-01 06:57:07.000,1.222900,1.223200,D
173504789,EUR/USD,2005-08-01 06:57:09.000,1.222800,1.223100,D
173504794,EUR/USD,2005-08-01 06:57:09.000,1.222900,1.223200,D
173504796,EUR/USD,2005-08-01 06:57:10.000,1.222800,1.223100,D
173504812,EUR/USD,2005-08-01 06:57:24.000,1.222900,1.223200,D
173504863,EUR/USD,2005-08-01 06:58:02.000,1.223000,1.223300,D
173504866,EUR/USD,2005-08-01 06:58:03.000,1.222900,1.223200,D
173504870,EUR/USD,2005-08-01 06:58:04.000,1.223000,1.223300,D
173504881,EUR/USD,2005-08-01 06:58:06.000,1.222900,1.223200,D
173504916,EUR/USD,2005-08-01 06:58:28.000,1.222800,1.223100,D
173504942,EUR/USD,2005-08-01 06:58:41.000,1.222900,1.223200,D
173504960,EUR/USD,2005-08-01 06:58:59.000,1.223000,1.223300,D
173504973,EUR/USD,2005-08-01 06:59:06.000,1.222900,1.223200,D
173504977,EUR/USD,2005-08-01 06:59:07.000,1.223000,1.223300,D
173504983,EUR/USD,2005-08-01 06:59:08.000,1.222900,1.223200,D
173504990,EUR/USD,2005-08-01 06:59:10.000,1.223000,1.223300,D
173504994,EUR/USD,2005-08-01 06:59:11.000,1.222900,1.223200,D
173505014,EUR/USD,2005-08-01 06:59:33.000,1.222800,1.223100,D
173505023,EUR/USD,2005-08-01 06:59:39.000,1.222700,1.223000,D
173505045,EUR/USD,2005-08-01 06:59:49.000,1.222600,1.222900,D
173505073,EUR/USD,2005-08-01 06:59:57.000,1.222700,1.223000,D
173505088,EUR/USD,2005-08-01 06:59:59.000,1.222600,1.222900,D
173505107,EUR/USD,2005-08-01 07:00:04.000,1.222500,1.222800,D
173505112,EUR/USD,2005-08-01 07:00:05.000,1.222600,1.222900,D
173505130,EUR/USD,2005-08-01 07:00:12.000,1.222700,1.223000,D
173505145,EUR/USD,2005-08-01 07:00:15.000,1.222600,1.222900,D
173505167,EUR/USD,2005-08-01 07:00:24.000,1.222700,1.223000,D
173505261,EUR/USD,2005-08-01 07:01:00.000,1.222600,1.222900,D
173505268,EUR/USD,2005-08-01 07:01:01.000,1.222700,1.223000,D
173505276,EUR/USD,2005-08-01 07:01:02.000,1.222600,1.222900,D
173505282,EUR/USD,2005-08-01 07:01:02.000,1.222500,1.222800,D
173505356,EUR/USD,2005-08-01 07:01:22.000,1.222600,1.222900,D
173505397,EUR/USD,2005-08-01 07:01:52.000,1.222500,1.222800,D
173505409,EUR/USD,2005-08-01 07:01:54.000,1.222600,1.222900,D
173505419,EUR/USD,2005-08-01 07:01:56.000,1.222500,1.222800,D
173505422,EUR/USD,2005-08-01 07:01:57.000,1.222600,1.222900,D
173505429,EUR/USD,2005-08-01 07:02:00.000,1.222500,1.222800,D
173505433,EUR/USD,2005-08-01 07:02:02.000,1.222600,1.222900,D
173505456,EUR/USD,2005-08-01 07:02:13.000,1.222500,1.222800,D
173505505,EUR/USD,2005-08-01 07:02:40.000,1.222600,1.222900,D
173505512,EUR/USD,2005-08-01 07:02:43.000,1.222500,1.222800,D
173505534,EUR/USD,2005-08-01 07:02:51.000,1.222400,1.222700,D
173505547,EUR/USD,2005-08-01 07:02:53.000,1.222300,1.222600,D
173505563,EUR/USD,2005-08-01 07:02:54.000,1.222400,1.222700,D
173505574,EUR/USD,2005-08-01 07:02:55.000,1.222300,1.222600,D
173505582,EUR/USD,2005-08-01 07:02:57.000,1.222400,1.222700,D
173505599,EUR/USD,2005-08-01 07:03:05.000,1.222300,1.222600,D
173505602,EUR/USD,2005-08-01 07:03:07.000,1.222400,1.222700,D
173505612,EUR/USD,2005-08-01 07:03:09.000,1.222300,1.222600,D
173505624,EUR/USD,2005-08-01 07:03:12.000,1.222400,1.222700,D
173505632,EUR/USD,2005-08-01 07:03:13.000,1.222300,1.222600,D
173505635,EUR/USD,2005-08-01 07:03:14.000,1.222400,1.222700,D
173505654,EUR/USD,2005-08-01 07:03:19.000,1.222300,1.222600,D
173505700,EUR/USD,2005-08-01 07:03:33.000,1.222400,1.222700,D
173505707,EUR/USD,2005-08-01 07:03:33.000,1.222300,1.222600,D
173505785,EUR/USD,2005-08-01 07:03:55.000,1.222200,1.222500,D
173505820,EUR/USD,2005-08-01 07:04:04.000,1.222300,1.222600,D
173505845,EUR/USD,2005-08-01 07:04:12.000,1.222200,1.222500,D
173505865,EUR/USD,2005-08-01 07:04:14.000,1.222300,1.222600,D
173505874,EUR/USD,2005-08-01 07:04:20.000,1.222400,1.222700,D
173505900,EUR/USD,2005-08-01 07:04:28.000,1.222500,1.222800,D
173505954,EUR/USD,2005-08-01 07:04:54.000,1.222400,1.222700,D
173505975,EUR/USD,2005-08-01 07:05:13.000,1.222500,1.222800,D
173505980,EUR/USD,2005-08-01 07:05:16.000,1.222400,1.222700,D
173505995,EUR/USD,2005-08-01 07:05:26.000,1.222500,1.222800,D
173506003,EUR/USD,2005-08-01 07:05:34.000,1.222400,1.222700,D
173506009,EUR/USD,2005-08-01 07:05:38.000,1.222500,1.222800,D
173506017,EUR/USD,2005-08-01 07:05:42.000,1.222400,1.222700,D
173506022,EUR/USD,2005-08-01 07:05:45.000,1.222500,1.222800,D
173506034,EUR/USD,2005-08-01 07:05:48.000,1.222400,1.222700,D
173506054,EUR/USD,2005-08-01 07:06:06.000,1.222500,1.222800,D
173506073,EUR/USD,2005-08-01 07:06:23.000,1.222400,1.222700,D
173506128,EUR/USD,2005-08-01 07:07:15.000,1.222500,1.222800,D
173506132,EUR/USD,2005-08-01 07:07:16.000,1.222600,1.222900,D
173506134,EUR/USD,2005-08-01 07:07:16.000,1.222500,1.222800,D
173506141,EUR/USD,2005-08-01 07:07:18.000,1.222400,1.222700,D
173506142,EUR/USD,2005-08-01 07:07:18.000,1.222500,1.222800,D
173506161,EUR/USD,2005-08-01 07:07:31.000,1.222600,1.222900,D
173506171,EUR/USD,2005-08-01 07:07:37.000,1.222700,1.223000,D
173506173,EUR/USD,2005-08-01 07:07:37.000,1.222600,1.222900,D
173506181,EUR/USD,2005-08-01 07:07:41.000,1.222700,1.223000,D
173506186,EUR/USD,2005-08-01 07:07:41.000,1.222800,1.223100,D
173506192,EUR/USD,2005-08-01 07:07:42.000,1.222700,1.223000,D
173506203,EUR/USD,2005-08-01 07:07:43.000,1.222600,1.222900,D
173506207,EUR/USD,2005-08-01 07:07:43.000,1.222700,1.223000,D
173506211,EUR/USD,2005-08-01 07:07:44.000,1.222800,1.223100,D
173506257,EUR/USD,2005-08-01 07:07:59.000,1.222900,1.223200,D
173506269,EUR/USD,2005-08-01 07:08:09.000,1.222800,1.223100,D
173506293,EUR/USD,2005-08-01 07:08:13.000,1.222700,1.223000,D
173506307,EUR/USD,2005-08-01 07:08:15.000,1.222800,1.223100,D
173506322,EUR/USD,2005-08-01 07:08:18.000,1.222700,1.223000,D
173506333,EUR/USD,2005-08-01 07:08:22.000,1.222600,1.222900,D
173506399,EUR/USD,2005-08-01 07:08:48.000,1.222700,1.223000,D
173506414,EUR/USD,2005-08-01 07:08:50.000,1.222600,1.222900,D
173506446,EUR/USD,2005-08-01 07:09:06.000,1.222500,1.222800,D
173506467,EUR/USD,2005-08-01 07:09:24.000,1.222400,1.222700,D
173506521,EUR/USD,2005-08-01 07:10:20.000,1.222300,1.222600,D
173506561,EUR/USD,2005-08-01 07:10:32.000,1.222400,1.222700,D
173506603,EUR/USD,2005-08-01 07:11:12.000,1.222500,1.222800,D
173506673,EUR/USD,2005-08-01 07:12:04.000,1.222400,1.222700,D
173506690,EUR/USD,2005-08-01 07:12:09.000,1.222500,1.222800,D
173506701,EUR/USD,2005-08-01 07:12:11.000,1.222400,1.222700,D
173506715,EUR/USD,2005-08-01 07:12:18.000,1.222300,1.222600,D
173506724,EUR/USD,2005-08-01 07:12:19.000,1.222400,1.222700,D
173506736,EUR/USD,2005-08-01 07:12:20.000,1.222300,1.222600,D
173506745,EUR/USD,2005-08-01 07:12:20.000,1.222200,1.222500,D
173506756,EUR/USD,2005-08-01 07:12:21.000,1.222300,1.222600,D
173506762,EUR/USD,2005-08-01 07:12:22.000,1.222200,1.222500,D
173506767,EUR/USD,2005-08-01 07:12:23.000,1.222300,1.222600,D
173506807,EUR/USD,2005-08-01 07:12:40.000,1.222200,1.222500,D
173506813,EUR/USD,2005-08-01 07:12:41.000,1.222300,1.222600,D
173506819,EUR/USD,2005-08-01 07:12:42.000,1.222200,1.222500,D
173506829,EUR/USD,2005-08-01 07:12:45.000,1.222100,1.222400,D
173506842,EUR/USD,2005-08-01 07:12:49.000,1.222000,1.222300,D
173506847,EUR/USD,2005-08-01 07:12:49.000,1.221900,1.222200,D
173506850,EUR/USD,2005-08-01 07:12:50.000,1.221700,1.222000,D
173506879,EUR/USD,2005-08-01 07:12:52.000,1.221900,1.222200,D
173506885,EUR/USD,2005-08-01 07:12:53.000,1.222000,1.222300,D
173506899,EUR/USD,2005-08-01 07:12:53.000,1.221900,1.222200,D
173506909,EUR/USD,2005-08-01 07:12:54.000,1.221800,1.222100,D
173506912,EUR/USD,2005-08-01 07:12:54.000,1.221700,1.222000,D
173506924,EUR/USD,2005-08-01 07:12:55.000,1.221600,1.221900,D
173506951,EUR/USD,2005-08-01 07:12:58.000,1.221500,1.221800,D
173506958,EUR/USD,2005-08-01 07:12:58.000,1.221600,1.221900,D
173506962,EUR/USD,2005-08-01 07:12:59.000,1.221500,1.221800,D
173506965,EUR/USD,2005-08-01 07:12:59.000,1.221600,1.221900,D
173506996,EUR/USD,2005-08-01 07:13:02.000,1.221700,1.222000,D
173507013,EUR/USD,2005-08-01 07:13:04.000,1.221800,1.222100,D
173507030,EUR/USD,2005-08-01 07:13:06.000,1.221900,1.222200,D
173507039,EUR/USD,2005-08-01 07:13:07.000,1.221800,1.222100,D
173507060,EUR/USD,2005-08-01 07:13:09.000,1.221900,1.222200,D
173507069,EUR/USD,2005-08-01 07:13:10.000,1.222000,1.222300,D
173507075,EUR/USD,2005-08-01 07:13:11.000,1.222100,1.222400,D
173507079,EUR/USD,2005-08-01 07:13:11.000,1.222000,1.222300,D
173507092,EUR/USD,2005-08-01 07:13:12.000,1.222100,1.222400,D
173507100,EUR/USD,2005-08-01 07:13:13.000,1.222000,1.222300,D
173507107,EUR/USD,2005-08-01 07:13:13.000,1.221900,1.222200,D
173507112,EUR/USD,2005-08-01 07:13:14.000,1.222000,1.222300,D
173507125,EUR/USD,2005-08-01 07:13:18.000,1.222100,1.222400,D
173507141,EUR/USD,2005-08-01 07:13:20.000,1.222000,1.222300,D
173507155,EUR/USD,2005-08-01 07:13:26.000,1.222100,1.222400,D
173507166,EUR/USD,2005-08-01 07:13:29.000,1.222200,1.222500,D
173507179,EUR/USD,2005-08-01 07:13:31.000,1.222100,1.222400,D
173507189,EUR/USD,2005-08-01 07:13:33.000,1.222200,1.222500,D
173507216,EUR/USD,2005-08-01 07:13:43.000,1.222300,1.222600,D
173507241,EUR/USD,2005-08-01 07:13:52.000,1.222200,1.222500,D
173507259,EUR/USD,2005-08-01 07:13:58.000,1.222100,1.222400,D
173507295,EUR/USD,2005-08-01 07:14:10.000,1.222200,1.222500,D
173507309,EUR/USD,2005-08-01 07:14:13.000,1.222100,1.222400,D
173507319,EUR/USD,2005-08-01 07:14:21.000,1.222200,1.222500,D
173507342,EUR/USD,2005-08-01 07:14:32.000,1.222300,1.222600,D
173507347,EUR/USD,2005-08-01 07:14:33.000,1.222200,1.222500,D
173507369,EUR/USD,2005-08-01 07:14:55.000,1.222300,1.222600,D
173507374,EUR/USD,2005-08-01 07:14:56.000,1.222200,1.222500,D
173507395,EUR/USD,2005-08-01 07:15:21.000,1.222300,1.222600,D
173507443,EUR/USD,2005-08-01 07:15:40.000,1.222200,1.222500,D
173507460,EUR/USD,2005-08-01 07:15:46.000,1.222300,1.222600,D
173507476,EUR/USD,2005-08-01 07:15:49.000,1.222200,1.222500,D
173507480,EUR/USD,2005-08-01 07:15:50.000,1.222300,1.222600,D
173507530,EUR/USD,2005-08-01 07:16:27.000,1.222200,1.222500,D
173507538,EUR/USD,2005-08-01 07:16:29.000,1.222300,1.222600,D
173507555,EUR/USD,2005-08-01 07:16:33.000,1.222400,1.222700,D
173507558,EUR/USD,2005-08-01 07:16:34.000,1.222300,1.222600,D
173507568,EUR/USD,2005-08-01 07:16:44.000,1.222400,1.222700,D
173507604,EUR/USD,2005-08-01 07:16:51.000,1.222300,1.222600,D
173507615,EUR/USD,2005-08-01 07:16:58.000,1.222400,1.222700,D
173507622,EUR/USD,2005-08-01 07:17:00.000,1.222300,1.222600,D
173507641,EUR/USD,2005-08-01 07:17:06.000,1.222400,1.222700,D
173507651,EUR/USD,2005-08-01 07:17:07.000,1.222300,1.222600,D
173507656,EUR/USD,2005-08-01 07:17:08.000,1.222400,1.222700,D
173507663,EUR/USD,2005-08-01 07:17:09.000,1.222300,1.222600,D
173507689,EUR/USD,2005-08-01 07:17:19.000,1.222400,1.222700,D
173507742,EUR/USD,2005-08-01 07:17:34.000,1.222500,1.222800,D
173507803,EUR/USD,2005-08-01 07:18:33.000,1.222600,1.222900,D
173507810,EUR/USD,2005-08-01 07:18:34.000,1.222500,1.222800,D
173507831,EUR/USD,2005-08-01 07:18:48.000,1.222400,1.222700,D
173507836,EUR/USD,2005-08-01 07:18:50.000,1.222500,1.222800,D
173507870,EUR/USD,2005-08-01 07:19:14.000,1.222600,1.222900,D
173507884,EUR/USD,2005-08-01 07:19:15.000,1.222500,1.222800,D
173507891,EUR/USD,2005-08-01 07:19:16.000,1.222600,1.222900,D
173508038,EUR/USD,2005-08-01 07:20:59.000,1.222500,1.222800,D
173508066,EUR/USD,2005-08-01 07:21:16.000,1.222600,1.222900,D
173508080,EUR/USD,2005-08-01 07:21:33.000,1.222700,1.223000,D
173508094,EUR/USD,2005-08-01 07:21:35.000,1.222800,1.223100,D
173508101,EUR/USD,2005-08-01 07:21:35.000,1.222700,1.223000,D
173508163,EUR/USD,2005-08-01 07:22:10.000,1.222800,1.223100,D
173508189,EUR/USD,2005-08-01 07:22:28.000,1.222700,1.223000,D
173508210,EUR/USD,2005-08-01 07:22:33.000,1.222800,1.223100,D
173508231,EUR/USD,2005-08-01 07:22:36.000,1.222700,1.223000,D
173508237,EUR/USD,2005-08-01 07:22:37.000,1.222800,1.223100,D
173508250,EUR/USD,2005-08-01 07:22:39.000,1.222700,1.223000,D
173508260,EUR/USD,2005-08-01 07:22:44.000,1.222800,1.223100,D
173508265,EUR/USD,2005-08-01 07:22:45.000,1.222700,1.223000,D
173508268,EUR/USD,2005-08-01 07:22:46.000,1.222800,1.223100,D
173508275,EUR/USD,2005-08-01 07:22:50.000,1.222700,1.223000,D
173508278,EUR/USD,2005-08-01 07:22:50.000,1.222800,1.223100,D
173508287,EUR/USD,2005-08-01 07:22:51.000,1.222700,1.223000,D
173508301,EUR/USD,2005-08-01 07:22:57.000,1.222800,1.223100,D
173508320,EUR/USD,2005-08-01 07:23:02.000,1.222700,1.223000,D
173508342,EUR/USD,2005-08-01 07:23:15.000,1.222800,1.223100,D
173508354,EUR/USD,2005-08-01 07:23:23.000,1.222700,1.223000,D
173508357,EUR/USD,2005-08-01 07:23:24.000,1.222800,1.223100,D
173508369,EUR/USD,2005-08-01 07:23:31.000,1.222700,1.223000,D
173508372,EUR/USD,2005-08-01 07:23:32.000,1.222800,1.223100,D
173508375,EUR/USD,2005-08-01 07:23:35.000,1.222700,1.223000,D
173508382,EUR/USD,2005-08-01 07:23:37.000,1.222800,1.223100,D
173508387,EUR/USD,2005-08-01 07:23:53.000,1.222700,1.223000,D
173508398,EUR/USD,2005-08-01 07:23:56.000,1.222800,1.223100,D
173508424,EUR/USD,2005-08-01 07:24:27.000,1.222700,1.223000,D
173508482,EUR/USD,2005-08-01 07:24:46.000,1.222800,1.223100,D
173508492,EUR/USD,2005-08-01 07:24:52.000,1.222900,1.223200,D
173508547,EUR/USD,2005-08-01 07:25:36.000,1.223000,1.223300,D
173508567,EUR/USD,2005-08-01 07:25:40.000,1.223100,1.223400,D
173508575,EUR/USD,2005-08-01 07:25:41.000,1.223200,1.223500,D
173508585,EUR/USD,2005-08-01 07:25:43.000,1.223100,1.223400,D
173508635,EUR/USD,2005-08-01 07:25:57.000,1.223000,1.223300,D
173508648,EUR/USD,2005-08-01 07:26:01.000,1.223100,1.223400,D
173508672,EUR/USD,2005-08-01 07:26:03.000,1.223200,1.223500,D
173508699,EUR/USD,2005-08-01 07:26:14.000,1.223300,1.223600,D
173508718,EUR/USD,2005-08-01 07:26:20.000,1.223200,1.223500,D
173508733,EUR/USD,2005-08-01 07:26:24.000,1.223300,1.223600,D
173508755,EUR/USD,2005-08-01 07:26:30.000,1.223200,1.223500,D
173508784,EUR/USD,2005-08-01 07:26:34.000,1.223300,1.223600,D
173508806,EUR/USD,2005-08-01 07:26:44.000,1.223200,1.223500,D
173508812,EUR/USD,2005-08-01 07:26:45.000,1.223100,1.223400,D
173508822,EUR/USD,2005-08-01 07:26:46.000,1.223200,1.223500,D
173508835,EUR/USD,2005-08-01 07:26:47.000,1.223100,1.223400,D
173508845,EUR/USD,2005-08-01 07:26:48.000,1.223000,1.223300,D
173508852,EUR/USD,2005-08-01 07:26:50.000,1.223100,1.223400,D
173508856,EUR/USD,2005-08-01 07:26:51.000,1.223000,1.223300,D
173508894,EUR/USD,2005-08-01 07:27:03.000,1.222900,1.223200,D
173508904,EUR/USD,2005-08-01 07:27:05.000,1.223000,1.223300,D
173508911,EUR/USD,2005-08-01 07:27:05.000,1.222900,1.223200,D
173508938,EUR/USD,2005-08-01 07:27:10.000,1.222800,1.223100,D
173508957,EUR/USD,2005-08-01 07:27:13.000,1.222700,1.223000,D
173509003,EUR/USD,2005-08-01 07:27:25.000,1.222600,1.222900,D
173509010,EUR/USD,2005-08-01 07:27:25.000,1.222700,1.223000,D
173509025,EUR/USD,2005-08-01 07:27:27.000,1.222600,1.222900,D
173509084,EUR/USD,2005-08-01 07:27:36.000,1.222500,1.222800,D
173509091,EUR/USD,2005-08-01 07:27:36.000,1.222600,1.222900,D
173509105,EUR/USD,2005-08-01 07:27:38.000,1.222500,1.222800,D
173509128,EUR/USD,2005-08-01 07:27:48.000,1.222400,1.222700,D
173509194,EUR/USD,2005-08-01 07:28:08.000,1.222300,1.222600,D
173509197,EUR/USD,2005-08-01 07:28:08.000,1.222400,1.222700,D
173509245,EUR/USD,2005-08-01 07:28:17.000,1.222500,1.222800,D
173509289,EUR/USD,2005-08-01 07:28:24.000,1.222400,1.222700,D
173509308,EUR/USD,2005-08-01 07:28:28.000,1.222500,1.222800,D
173509344,EUR/USD,2005-08-01 07:28:36.000,1.222400,1.222700,D
173509352,EUR/USD,2005-08-01 07:28:41.000,1.222500,1.222800,D
173509367,EUR/USD,2005-08-01 07:28:56.000,1.222600,1.222900,D
173509375,EUR/USD,2005-08-01 07:28:57.000,1.222700,1.223000,D
173509400,EUR/USD,2005-08-01 07:29:00.000,1.222800,1.223100,D
173509416,EUR/USD,2005-08-01 07:29:04.000,1.222700,1.223000,D
173509428,EUR/USD,2005-08-01 07:29:05.000,1.222800,1.223100,D
173509444,EUR/USD,2005-08-01 07:29:08.000,1.222700,1.223000,D
173509453,EUR/USD,2005-08-01 07:29:10.000,1.222600,1.222900,D
173509474,EUR/USD,2005-08-01 07:29:19.000,1.222500,1.222800,D
173509506,EUR/USD,2005-08-01 07:29:25.000,1.222400,1.222700,D
173509531,EUR/USD,2005-08-01 07:29:32.000,1.222300,1.222600,D
173509563,EUR/USD,2005-08-01 07:29:48.000,1.222200,1.222500,D
173509568,EUR/USD,2005-08-01 07:29:49.000,1.222300,1.222600,D
173509572,EUR/USD,2005-08-01 07:29:50.000,1.222200,1.222500,D
173509616,EUR/USD,2005-08-01 07:30:15.000,1.222300,1.222600,D
173509630,EUR/USD,2005-08-01 07:30:17.000,1.222200,1.222500,D
173509651,EUR/USD,2005-08-01 07:30:20.000,1.222300,1.222600,D
173509664,EUR/USD,2005-08-01 07:30:25.000,1.222200,1.222500,D
173509701,EUR/USD,2005-08-01 07:30:32.000,1.222100,1.222400,D
173509722,EUR/USD,2005-08-01 07:30:42.000,1.222200,1.222500,D
173509733,EUR/USD,2005-08-01 07:30:44.000,1.222300,1.222600,D
173509763,EUR/USD,2005-08-01 07:30:47.000,1.222200,1.222500,D
173509809,EUR/USD,2005-08-01 07:31:14.000,1.222100,1.222400,D
173509815,EUR/USD,2005-08-01 07:31:15.000,1.222200,1.222500,D
173509850,EUR/USD,2005-08-01 07:31:26.000,1.222100,1.222400,D
173509856,EUR/USD,2005-08-01 07:31:28.000,1.222200,1.222500,D
173509874,EUR/USD,2005-08-01 07:31:33.000,1.222100,1.222400,D
173509914,EUR/USD,2005-08-01 07:31:47.000,1.222000,1.222300,D
173509963,EUR/USD,2005-08-01 07:32:00.000,1.222100,1.222400,D
173509981,EUR/USD,2005-08-01 07:32:04.000,1.222000,1.222300,D
173510010,EUR/USD,2005-08-01 07:32:10.000,1.222100,1.222400,D
173510036,EUR/USD,2005-08-01 07:32:20.000,1.222000,1.222300,D
173510047,EUR/USD,2005-08-01 07:32:22.000,1.222100,1.222400,D
173510109,EUR/USD,2005-08-01 07:32:50.000,1.222000,1.222300,D
173510111,EUR/USD,2005-08-01 07:32:51.000,1.222100,1.222400,D
173510152,EUR/USD,2005-08-01 07:33:13.000,1.222000,1.222300,D
173510170,EUR/USD,2005-08-01 07:33:21.000,1.222100,1.222400,D
173510179,EUR/USD,2005-08-01 07:33:22.000,1.222000,1.222300,D
173510187,EUR/USD,2005-08-01 07:33:25.000,1.222100,1.222400,D
173510209,EUR/USD,2005-08-01 07:33:31.000,1.222200,1.222500,D
173510234,EUR/USD,2005-08-01 07:33:35.000,1.222100,1.222400,D
173510243,EUR/USD,2005-08-01 07:33:36.000,1.222200,1.222500,D
173510246,EUR/USD,2005-08-01 07:33:37.000,1.222300,1.222600,D
173510277,EUR/USD,2005-08-01 07:33:43.000,1.222400,1.222700,D
173510303,EUR/USD,2005-08-01 07:33:57.000,1.222300,1.222600,D
173510324,EUR/USD,2005-08-01 07:34:02.000,1.222400,1.222700,D
173510361,EUR/USD,2005-08-01 07:34:23.000,1.222300,1.222600,D
173510398,EUR/USD,2005-08-01 07:34:44.000,1.222200,1.222500,D
173510416,EUR/USD,2005-08-01 07:34:47.000,1.222300,1.222600,D
173510423,EUR/USD,2005-08-01 07:34:48.000,1.222200,1.222500,D
173510438,EUR/USD,2005-08-01 07:34:52.000,1.222100,1.222400,D
173510451,EUR/USD,2005-08-01 07:34:55.000,1.222000,1.222300,D
173510452,EUR/USD,2005-08-01 07:34:56.000,1.222100,1.222400,D
173510456,EUR/USD,2005-08-01 07:34:58.000,1.222000,1.222300,D
173510542,EUR/USD,2005-08-01 07:35:50.000,1.222100,1.222400,D
173510546,EUR/USD,2005-08-01 07:35:53.000,1.222000,1.222300,D
173510613,EUR/USD,2005-08-01 07:36:18.000,1.222100,1.222400,D
173510640,EUR/USD,2005-08-01 07:36:35.000,1.222200,1.222500,D
173510652,EUR/USD,2005-08-01 07:36:37.000,1.222100,1.222400,D
173510656,EUR/USD,2005-08-01 07:36:38.000,1.222200,1.222500,D
173510690,EUR/USD,2005-08-01 07:37:10.000,1.222100,1.222400,D
173510697,EUR/USD,2005-08-01 07:37:12.000,1.222200,1.222500,D
173510732,EUR/USD,2005-08-01 07:37:38.000,1.222100,1.222400,D
173510738,EUR/USD,2005-08-01 07:37:42.000,1.222200,1.222500,D
173510751,EUR/USD,2005-08-01 07:37:49.000,1.222100,1.222400,D
173510757,EUR/USD,2005-08-01 07:37:54.000,1.222200,1.222500,D
173510777,EUR/USD,2005-08-01 07:38:05.000,1.222300,1.222600,D
173510786,EUR/USD,2005-08-01 07:38:06.000,1.222200,1.222500,D
173510803,EUR/USD,2005-08-01 07:38:09.000,1.222300,1.222600,D
173510876,EUR/USD,2005-08-01 07:38:49.000,1.222200,1.222500,D
173510884,EUR/USD,2005-08-01 07:38:51.000,1.222300,1.222600,D
173510912,EUR/USD,2005-08-01 07:39:31.000,1.222400,1.222700,D
173510916,EUR/USD,2005-08-01 07:39:32.000,1.222300,1.222600,D
173510927,EUR/USD,2005-08-01 07:39:35.000,1.222400,1.222700,D
173510934,EUR/USD,2005-08-01 07:39:41.000,1.222300,1.222600,D
173510943,EUR/USD,2005-08-01 07:39:52.000,1.222400,1.222700,D
173510976,EUR/USD,2005-08-01 07:40:09.000,1.222500,1.222800,D
173510984,EUR/USD,2005-08-01 07:40:09.000,1.222400,1.222700,D
173510996,EUR/USD,2005-08-01 07:40:21.000,1.222300,1.222600,D
173511001,EUR/USD,2005-08-01 07:40:21.000,1.222400,1.222700,D
173511014,EUR/USD,2005-08-01 07:40:34.000,1.222300,1.222600,D
173511028,EUR/USD,2005-08-01 07:40:55.000,1.222200,1.222500,D
173511057,EUR/USD,2005-08-01 07:41:16.000,1.222100,1.222400,D
173511146,EUR/USD,2005-08-01 07:42:01.000,1.222200,1.222500,D
173511168,EUR/USD,2005-08-01 07:42:09.000,1.222100,1.222400,D
173511205,EUR/USD,2005-08-01 07:42:59.000,1.222200,1.222500,D
173511333,EUR/USD,2005-08-01 07:44:11.000,1.222100,1.222400,D
173511345,EUR/USD,2005-08-01 07:44:15.000,1.222200,1.222500,D
173511352,EUR/USD,2005-08-01 07:44:17.000,1.222100,1.222400,D
173511386,EUR/USD,2005-08-01 07:45:05.000,1.222200,1.222500,D
173511391,EUR/USD,2005-08-01 07:45:06.000,1.222100,1.222400,D
173511396,EUR/USD,2005-08-01 07:45:07.000,1.222200,1.222500,D
173511401,EUR/USD,2005-08-01 07:45:13.000,1.222100,1.222400,D
173511404,EUR/USD,2005-08-01 07:45:14.000,1.222200,1.222500,D
173511464,EUR/USD,2005-08-01 07:46:24.000,1.222100,1.222400,D
173511484,EUR/USD,2005-08-01 07:46:52.000,1.222000,1.222300,D
173511530,EUR/USD,2005-08-01 07:47:15.000,1.221900,1.222200,D
173511580,EUR/USD,2005-08-01 07:47:35.000,1.222000,1.222300,D
173511593,EUR/USD,2005-08-01 07:47:35.000,1.221900,1.222200,D
173511659,EUR/USD,2005-08-01 07:48:03.000,1.222000,1.222300,D
173511676,EUR/USD,2005-08-01 07:48:07.000,1.221900,1.222200,D
173511694,EUR/USD,2005-08-01 07:48:11.000,1.222000,1.222300,D
173511700,EUR/USD,2005-08-01 07:48:13.000,1.221900,1.222200,D
173511708,EUR/USD,2005-08-01 07:48:17.000,1.222000,1.222300,D
173511717,EUR/USD,2005-08-01 07:48:23.000,1.221900,1.222200,D
173511728,EUR/USD,2005-08-01 07:48:26.000,1.222000,1.222300,D
173511743,EUR/USD,2005-08-01 07:48:35.000,1.221900,1.222200,D
173511748,EUR/USD,2005-08-01 07:48:36.000,1.222000,1.222300,D
173511754,EUR/USD,2005-08-01 07:48:38.000,1.222100,1.222400,D
173511757,EUR/USD,2005-08-01 07:48:39.000,1.222000,1.222300,D
173511766,EUR/USD,2005-08-01 07:48:42.000,1.222100,1.222400,D
173511781,EUR/USD,2005-08-01 07:48:52.000,1.222000,1.222300,D
173511786,EUR/USD,2005-08-01 07:48:58.000,1.222100,1.222400,D
173511801,EUR/USD,2005-08-01 07:49:10.000,1.222200,1.222500,D
173511810,EUR/USD,2005-08-01 07:49:12.000,1.222100,1.222400,D
173511816,EUR/USD,2005-08-01 07:49:12.000,1.222200,1.222500,D
173511823,EUR/USD,2005-08-01 07:49:13.000,1.222100,1.222400,D
173511829,EUR/USD,2005-08-01 07:49:14.000,1.222200,1.222500,D
173511846,EUR/USD,2005-08-01 07:49:17.000,1.222100,1.222400,D
173511852,EUR/USD,2005-08-01 07:49:17.000,1.222000,1.222300,D
173511855,EUR/USD,2005-08-01 07:49:18.000,1.222100,1.222400,D
173511868,EUR/USD,2005-08-01 07:49:23.000,1.221900,1.222200,D
173511894,EUR/USD,2005-08-01 07:49:28.000,1.222000,1.222300,D
173511913,EUR/USD,2005-08-01 07:49:31.000,1.221900,1.222200,D
173511931,EUR/USD,2005-08-01 07:49:34.000,1.221800,1.222100,D
173511939,EUR/USD,2005-08-01 07:49:35.000,1.221900,1.222200,D
173511941,EUR/USD,2005-08-01 07:49:36.000,1.221800,1.222100,D
173511960,EUR/USD,2005-08-01 07:49:40.000,1.221900,1.222200,D
173511968,EUR/USD,2005-08-01 07:49:42.000,1.221800,1.222100,D
173511989,EUR/USD,2005-08-01 07:49:50.000,1.221900,1.222200,D
173511993,EUR/USD,2005-08-01 07:49:51.000,1.221800,1.222100,D
173512018,EUR/USD,2005-08-01 07:50:01.000,1.221900,1.222200,D
173512038,EUR/USD,2005-08-01 07:50:07.000,1.221800,1.222100,D
173512053,EUR/USD,2005-08-01 07:50:14.000,1.221900,1.222200,D
173512059,EUR/USD,2005-08-01 07:50:14.000,1.221800,1.222100,D
173512067,EUR/USD,2005-08-01 07:50:16.000,1.221900,1.222200,D
173512083,EUR/USD,2005-08-01 07:50:53.000,1.221800,1.222100,D
173512092,EUR/USD,2005-08-01 07:50:55.000,1.221900,1.222200,D
173512111,EUR/USD,2005-08-01 07:51:09.000,1.221800,1.222100,D
173512116,EUR/USD,2005-08-01 07:51:10.000,1.221900,1.222200,D
173512164,EUR/USD,2005-08-01 07:51:41.000,1.222000,1.222300,D
173512166,EUR/USD,2005-08-01 07:51:42.000,1.221900,1.222200,D
173512174,EUR/USD,2005-08-01 07:51:57.000,1.222000,1.222300,D
173512182,EUR/USD,2005-08-01 07:51:58.000,1.221900,1.222200,D
173512196,EUR/USD,2005-08-01 07:52:27.000,1.221800,1.222100,D
173512216,EUR/USD,2005-08-01 07:52:55.000,1.221700,1.222000,D
173512229,EUR/USD,2005-08-01 07:52:59.000,1.221600,1.221900,D
173512239,EUR/USD,2005-08-01 07:53:02.000,1.221700,1.222000,D
173512251,EUR/USD,2005-08-01 07:53:11.000,1.221800,1.222100,D
173512270,EUR/USD,2005-08-01 07:53:33.000,1.221900,1.222200,D
173512279,EUR/USD,2005-08-01 07:53:37.000,1.221800,1.222100,D
173512286,EUR/USD,2005-08-01 07:53:40.000,1.221900,1.222200,D
173512297,EUR/USD,2005-08-01 07:53:52.000,1.221800,1.222100,D
173512307,EUR/USD,2005-08-01 07:53:56.000,1.221700,1.222000,D
173512312,EUR/USD,2005-08-01 07:53:59.000,1.221800,1.222100,D
173512323,EUR/USD,2005-08-01 07:54:06.000,1.221700,1.222000,D
173512326,EUR/USD,2005-08-01 07:54:07.000,1.221800,1.222100,D
173512380,EUR/USD,2005-08-01 07:54:41.000,1.221700,1.222000,D
173512387,EUR/USD,2005-08-01 07:54:41.000,1.221800,1.222100,D
173512407,EUR/USD,2005-08-01 07:55:01.000,1.221700,1.222000,D
173512417,EUR/USD,2005-08-01 07:55:07.000,1.221800,1.222100,D
173512426,EUR/USD,2005-08-01 07:55:13.000,1.221700,1.222000,D
173512430,EUR/USD,2005-08-01 07:55:15.000,1.221800,1.222100,D
173512500,EUR/USD,2005-08-01 07:56:34.000,1.221900,1.222200,D
173512505,EUR/USD,2005-08-01 07:56:37.000,1.221800,1.222100,D
173512513,EUR/USD,2005-08-01 07:56:40.000,1.221700,1.222000,D
173512526,EUR/USD,2005-08-01 07:56:42.000,1.221800,1.222100,D
173512535,EUR/USD,2005-08-01 07:56:46.000,1.221700,1.222000,D
173512541,EUR/USD,2005-08-01 07:56:47.000,1.221800,1.222100,D
173512550,EUR/USD,2005-08-01 07:56:50.000,1.221700,1.222000,D
173512560,EUR/USD,2005-08-01 07:56:59.000,1.221800,1.222100,D
173512568,EUR/USD,2005-08-01 07:57:00.000,1.221700,1.222000,D
173512571,EUR/USD,2005-08-01 07:57:08.000,1.221800,1.222100,D
173512576,EUR/USD,2005-08-01 07:57:11.000,1.221700,1.222000,D
173512580,EUR/USD,2005-08-01 07:57:14.000,1.221800,1.222100,D
173512589,EUR/USD,2005-08-01 07:57:18.000,1.221700,1.222000,D
173512596,EUR/USD,2005-08-01 07:57:24.000,1.221800,1.222100,D
173512607,EUR/USD,2005-08-01 07:57:25.000,1.221700,1.222000,D
173512610,EUR/USD,2005-08-01 07:57:27.000,1.221800,1.222100,D
173512619,EUR/USD,2005-08-01 07:57:32.000,1.221700,1.222000,D
173512626,EUR/USD,2005-08-01 07:57:41.000,1.221800,1.222100,D
173512632,EUR/USD,2005-08-01 07:57:41.000,1.221700,1.222000,D
173512638,EUR/USD,2005-08-01 07:57:44.000,1.221600,1.221900,D
173512665,EUR/USD,2005-08-01 07:57:58.000,1.221700,1.222000,D
173512671,EUR/USD,2005-08-01 07:57:59.000,1.221600,1.221900,D
173512681,EUR/USD,2005-08-01 07:58:03.000,1.221700,1.222000,D
173512688,EUR/USD,2005-08-01 07:58:08.000,1.221600,1.221900,D
173512690,EUR/USD,2005-08-01 07:58:08.000,1.221700,1.222000,D
173512717,EUR/USD,2005-08-01 07:58:25.000,1.221600,1.221900,D
173512727,EUR/USD,2005-08-01 07:58:28.000,1.221700,1.222000,D
173512733,EUR/USD,2005-08-01 07:58:29.000,1.221600,1.221900,D
173512767,EUR/USD,2005-08-01 07:58:54.000,1.221700,1.222000,D
173512817,EUR/USD,2005-08-01 07:59:30.000,1.221600,1.221900,D
173512835,EUR/USD,2005-08-01 07:59:37.000,1.221500,1.221800,D
173512876,EUR/USD,2005-08-01 07:59:50.000,1.221400,1.221700,D
173512886,EUR/USD,2005-08-01 07:59:52.000,1.221500,1.221800,D
173512906,EUR/USD,2005-08-01 07:59:56.000,1.221400,1.221700,D
173512909,EUR/USD,2005-08-01 08:00:01.000,1.221500,1.221800,D
173512926,EUR/USD,2005-08-01 08:00:09.000,1.221600,1.221900,D
173512940,EUR/USD,2005-08-01 08:00:10.000,1.221500,1.221800,D
173512949,EUR/USD,2005-08-01 08:00:12.000,1.221600,1.221900,D
173513070,EUR/USD,2005-08-01 08:00:52.000,1.221500,1.221800,D
173513077,EUR/USD,2005-08-01 08:00:58.000,1.221600,1.221900,D
173513085,EUR/USD,2005-08-01 08:00:59.000,1.221500,1.221800,D
173513113,EUR/USD,2005-08-01 08:01:25.000,1.221400,1.221700,D
173513125,EUR/USD,2005-08-01 08:01:27.000,1.221500,1.221800,D
173513139,EUR/USD,2005-08-01 08:01:29.000,1.221400,1.221700,D
173513140,EUR/USD,2005-08-01 08:01:30.000,1.221500,1.221800,D
173513163,EUR/USD,2005-08-01 08:01:41.000,1.221400,1.221700,D
173513169,EUR/USD,2005-08-01 08:01:42.000,1.221500,1.221800,D
173513182,EUR/USD,2005-08-01 08:01:46.000,1.221600,1.221900,D
173513198,EUR/USD,2005-08-01 08:01:53.000,1.221500,1.221800,D
173513207,EUR/USD,2005-08-01 08:01:56.000,1.221600,1.221900,D
173513218,EUR/USD,2005-08-01 08:01:59.000,1.221500,1.221800,D
173513229,EUR/USD,2005-08-01 08:02:19.000,1.221400,1.221700,D
173513236,EUR/USD,2005-08-01 08:02:22.000,1.221500,1.221800,D
173513261,EUR/USD,2005-08-01 08:02:45.000,1.221600,1.221900,D
173513279,EUR/USD,2005-08-01 08:02:50.000,1.221500,1.221800,D
173513287,EUR/USD,2005-08-01 08:02:53.000,1.221600,1.221900,D
173513307,EUR/USD,2005-08-01 08:02:57.000,1.221700,1.222000,D
173513361,EUR/USD,2005-08-01 08:03:17.000,1.221600,1.221900,D
173513370,EUR/USD,2005-08-01 08:03:18.000,1.221700,1.222000,D
173513375,EUR/USD,2005-08-01 08:03:20.000,1.221600,1.221900,D
173513389,EUR/USD,2005-08-01 08:03:33.000,1.221700,1.222000,D
173513439,EUR/USD,2005-08-01 08:04:12.000,1.221600,1.221900,D
173513461,EUR/USD,2005-08-01 08:04:22.000,1.221700,1.222000,D
173513484,EUR/USD,2005-08-01 08:04:26.000,1.221600,1.221900,D
173513493,EUR/USD,2005-08-01 08:04:36.000,1.221700,1.222000,D
173513504,EUR/USD,2005-08-01 08:04:42.000,1.221600,1.221900,D
173513509,EUR/USD,2005-08-01 08:04:44.000,1.221700,1.222000,D
173513521,EUR/USD,2005-08-01 08:04:47.000,1.221600,1.221900,D
173513525,EUR/USD,2005-08-01 08:04:49.000,1.221700,1.222000,D
173513532,EUR/USD,2005-08-01 08:04:54.000,1.221600,1.221900,D
173513537,EUR/USD,2005-08-01 08:04:56.000,1.221700,1.222000,D
173513541,EUR/USD,2005-08-01 08:04:58.000,1.221600,1.221900,D
173513551,EUR/USD,2005-08-01 08:05:00.000,1.221700,1.222000,D
173513574,EUR/USD,2005-08-01 08:05:08.000,1.221800,1.222100,D
173513594,EUR/USD,2005-08-01 08:05:19.000,1.221700,1.222000,D
173513603,EUR/USD,2005-08-01 08:05:32.000,1.221800,1.222100,D
173513627,EUR/USD,2005-08-01 08:05:42.000,1.221700,1.222000,D
173513633,EUR/USD,2005-08-01 08:05:45.000,1.221800,1.222100,D
173513645,EUR/USD,2005-08-01 08:05:49.000,1.221900,1.222200,D
173513664,EUR/USD,2005-08-01 08:05:54.000,1.222000,1.222300,D
173513689,EUR/USD,2005-08-01 08:05:58.000,1.221900,1.222200,D
173513698,EUR/USD,2005-08-01 08:06:00.000,1.222000,1.222300,D
173513716,EUR/USD,2005-08-01 08:06:03.000,1.221900,1.222200,D
173513734,EUR/USD,2005-08-01 08:06:17.000,1.222000,1.222300,D
173513737,EUR/USD,2005-08-01 08:06:18.000,1.221900,1.222200,D
173513746,EUR/USD,2005-08-01 08:06:21.000,1.222000,1.222300,D
173513772,EUR/USD,2005-08-01 08:06:27.000,1.221900,1.222200,D
173513779,EUR/USD,2005-08-01 08:06:27.000,1.222000,1.222300,D
173513819,EUR/USD,2005-08-01 08:06:43.000,1.222100,1.222400,D
173513838,EUR/USD,2005-08-01 08:06:49.000,1.222200,1.222500,D
173513852,EUR/USD,2005-08-01 08:06:51.000,1.222300,1.222600,D
173513856,EUR/USD,2005-08-01 08:06:52.000,1.222200,1.222500,D
173513863,EUR/USD,2005-08-01 08:06:52.000,1.222300,1.222600,D
173513890,EUR/USD,2005-08-01 08:06:58.000,1.222200,1.222500,D
173513918,EUR/USD,2005-08-01 08:07:15.000,1.222100,1.222400,D
173513922,EUR/USD,2005-08-01 08:07:15.000,1.222000,1.222300,D
173513927,EUR/USD,2005-08-01 08:07:16.000,1.222100,1.222400,D
173513945,EUR/USD,2005-08-01 08:07:19.000,1.222000,1.222300,D
173513957,EUR/USD,2005-08-01 08:07:24.000,1.221900,1.222200,D
173513960,EUR/USD,2005-08-01 08:07:25.000,1.222000,1.222300,D
173513964,EUR/USD,2005-08-01 08:07:25.000,1.221900,1.222200,D
173513969,EUR/USD,2005-08-01 08:07:27.000,1.222000,1.222300,D
173513974,EUR/USD,2005-08-01 08:07:28.000,1.221900,1.222200,D
173513983,EUR/USD,2005-08-01 08:07:31.000,1.222000,1.222300,D
173513989,EUR/USD,2005-08-01 08:07:31.000,1.221900,1.222200,D
173514023,EUR/USD,2005-08-01 08:07:53.000,1.222000,1.222300,D
173514032,EUR/USD,2005-08-01 08:07:56.000,1.221900,1.222200,D
173514041,EUR/USD,2005-08-01 08:08:00.000,1.221800,1.222100,D
173514054,EUR/USD,2005-08-01 08:08:07.000,1.221900,1.222200,D
173514065,EUR/USD,2005-08-01 08:08:10.000,1.221800,1.222100,D
173514100,EUR/USD,2005-08-01 08:08:33.000,1.221700,1.222000,D
173514104,EUR/USD,2005-08-01 08:08:34.000,1.221800,1.222100,D
173514111,EUR/USD,2005-08-01 08:08:36.000,1.221700,1.222000,D
173514140,EUR/USD,2005-08-01 08:08:48.000,1.221600,1.221900,D
173514155,EUR/USD,2005-08-01 08:08:52.000,1.221700,1.222000,D
173514218,EUR/USD,2005-08-01 08:09:13.000,1.221800,1.222100,D
173514263,EUR/USD,2005-08-01 08:09:37.000,1.221700,1.222000,D
173514299,EUR/USD,2005-08-01 08:09:48.000,1.221600,1.221900,D
173514325,EUR/USD,2005-08-01 08:09:55.000,1.221700,1.222000,D
173514340,EUR/USD,2005-08-01 08:10:13.000,1.221600,1.221900,D
173514354,EUR/USD,2005-08-01 08:10:19.000,1.221700,1.222000,D
173514372,EUR/USD,2005-08-01 08:10:27.000,1.221600,1.221900,D
173514378,EUR/USD,2005-08-01 08:10:28.000,1.221700,1.222000,D
173514382,EUR/USD,2005-08-01 08:10:29.000,1.221600,1.221900,D
173514402,EUR/USD,2005-08-01 08:10:31.000,1.221700,1.222000,D
173514441,EUR/USD,2005-08-01 08:10:42.000,1.221600,1.221900,D
173514465,EUR/USD,2005-08-01 08:10:55.000,1.221700,1.222000,D
173514479,EUR/USD,2005-08-01 08:10:59.000,1.221600,1.221900,D
173514482,EUR/USD,2005-08-01 08:11:00.000,1.221700,1.222000,D
173514493,EUR/USD,2005-08-01 08:11:10.000,1.221600,1.221900,D
173514498,EUR/USD,2005-08-01 08:11:14.000,1.221700,1.222000,D
173514506,EUR/USD,2005-08-01 08:11:16.000,1.221600,1.221900,D
173514521,EUR/USD,2005-08-01 08:11:22.000,1.221700,1.222000,D
173514526,EUR/USD,2005-08-01 08:11:24.000,1.221600,1.221900,D
173514551,EUR/USD,2005-08-01 08:11:36.000,1.221700,1.222000,D
173514564,EUR/USD,2005-08-01 08:11:39.000,1.221600,1.221900,D
173514583,EUR/USD,2005-08-01 08:11:55.000,1.221700,1.222000,D
173514598,EUR/USD,2005-08-01 08:12:08.000,1.221800,1.222100,D
173514606,EUR/USD,2005-08-01 08:12:09.000,1.221700,1.222000,D
173514614,EUR/USD,2005-08-01 08:12:10.000,1.221800,1.222100,D
173514627,EUR/USD,2005-08-01 08:12:14.000,1.221900,1.222200,D
173514641,EUR/USD,2005-08-01 08:12:17.000,1.221800,1.222100,D
173514675,EUR/USD,2005-08-01 08:12:25.000,1.221900,1.222200,D
173514717,EUR/USD,2005-08-01 08:12:51.000,1.221700,1.222000,D
173514730,EUR/USD,2005-08-01 08:12:57.000,1.221800,1.222100,D
173514762,EUR/USD,2005-08-01 08:13:26.000,1.221700,1.222000,D
173514776,EUR/USD,2005-08-01 08:13:41.000,1.221600,1.221900,D
173514811,EUR/USD,2005-08-01 08:14:01.000,1.221500,1.221800,D
173514842,EUR/USD,2005-08-01 08:14:12.000,1.221400,1.221700,D
173514847,EUR/USD,2005-08-01 08:14:13.000,1.221500,1.221800,D
173514874,EUR/USD,2005-08-01 08:14:28.000,1.221600,1.221900,D
173514896,EUR/USD,2005-08-01 08:14:41.000,1.221700,1.222000,D
173514911,EUR/USD,2005-08-01 08:14:49.000,1.221800,1.222100,D
173514915,EUR/USD,2005-08-01 08:14:50.000,1.221700,1.222000,D
173514920,EUR/USD,2005-08-01 08:14:50.000,1.221800,1.222100,D
173514934,EUR/USD,2005-08-01 08:14:59.000,1.221700,1.222000,D
173514962,EUR/USD,2005-08-01 08:15:06.000,1.221800,1.222100,D
173514984,EUR/USD,2005-08-01 08:15:12.000,1.221900,1.222200,D
173514993,EUR/USD,2005-08-01 08:15:14.000,1.221800,1.222100,D
173515003,EUR/USD,2005-08-01 08:15:17.000,1.221900,1.222200,D
173515010,EUR/USD,2005-08-01 08:15:22.000,1.222000,1.222300,D
173515015,EUR/USD,2005-08-01 08:15:23.000,1.221900,1.222200,D
173515023,EUR/USD,2005-08-01 08:15:24.000,1.222000,1.222300,D
173515029,EUR/USD,2005-08-01 08:15:25.000,1.221900,1.222200,D
173515037,EUR/USD,2005-08-01 08:15:26.000,1.222000,1.222300,D
173515056,EUR/USD,2005-08-01 08:15:36.000,1.221900,1.222200,D
173515070,EUR/USD,2005-08-01 08:16:08.000,1.222000,1.222300,D
173515076,EUR/USD,2005-08-01 08:16:10.000,1.221900,1.222200,D
173515077,EUR/USD,2005-08-01 08:16:12.000,1.222000,1.222300,D
173515078,EUR/USD,2005-08-01 08:16:13.000,1.221900,1.222200,D
173515085,EUR/USD,2005-08-01 08:16:15.000,1.222000,1.222300,D
173515093,EUR/USD,2005-08-01 08:16:16.000,1.221900,1.222200,D
173515102,EUR/USD,2005-08-01 08:16:22.000,1.222000,1.222300,D
173515108,EUR/USD,2005-08-01 08:16:27.000,1.221900,1.222200,D
173515117,EUR/USD,2005-08-01 08:16:30.000,1.222000,1.222300,D
173515120,EUR/USD,2005-08-01 08:16:31.000,1.221900,1.222200,D
173515130,EUR/USD,2005-08-01 08:16:38.000,1.222000,1.222300,D
173515138,EUR/USD,2005-08-01 08:16:42.000,1.221900,1.222200,D
173515143,EUR/USD,2005-08-01 08:16:43.000,1.222000,1.222300,D
173515156,EUR/USD,2005-08-01 08:16:50.000,1.222100,1.222400,D
173515166,EUR/USD,2005-08-01 08:16:53.000,1.222000,1.222300,D
173515170,EUR/USD,2005-08-01 08:16:53.000,1.222100,1.222400,D
173515180,EUR/USD,2005-08-01 08:16:54.000,1.222000,1.222300,D
173515181,EUR/USD,2005-08-01 08:16:55.000,1.222100,1.222400,D
173515208,EUR/USD,2005-08-01 08:17:06.000,1.222200,1.222500,D
173515217,EUR/USD,2005-08-01 08:17:09.000,1.222100,1.222400,D
173515245,EUR/USD,2005-08-01 08:17:28.000,1.222200,1.222500,D
173515279,EUR/USD,2005-08-01 08:17:38.000,1.222300,1.222600,D
173515304,EUR/USD,2005-08-01 08:17:48.000,1.222200,1.222500,D
173515307,EUR/USD,2005-08-01 08:17:48.000,1.222300,1.222600,D
173515311,EUR/USD,2005-08-01 08:17:49.000,1.222200,1.222500,D
173515317,EUR/USD,2005-08-01 08:17:49.000,1.222300,1.222600,D
173515333,EUR/USD,2005-08-01 08:17:52.000,1.222200,1.222500,D
173515359,EUR/USD,2005-08-01 08:18:03.000,1.222300,1.222600,D
173515409,EUR/USD,2005-08-01 08:18:34.000,1.222200,1.222500,D
173515413,EUR/USD,2005-08-01 08:18:34.000,1.222300,1.222600,D
173515428,EUR/USD,2005-08-01 08:18:42.000,1.222400,1.222700,D
173515446,EUR/USD,2005-08-01 08:18:43.000,1.222300,1.222600,D
173515473,EUR/USD,2005-08-01 08:19:00.000,1.222400,1.222700,D
173515505,EUR/USD,2005-08-01 08:19:14.000,1.222500,1.222800,D
173515521,EUR/USD,2005-08-01 08:19:17.000,1.222600,1.222900,D
173515544,EUR/USD,2005-08-01 08:19:22.000,1.222700,1.223000,D
173515556,EUR/USD,2005-08-01 08:19:24.000,1.222800,1.223100,D
173515577,EUR/USD,2005-08-01 08:19:28.000,1.222700,1.223000,D
173515597,EUR/USD,2005-08-01 08:19:37.000,1.222800,1.223100,D
173515635,EUR/USD,2005-08-01 08:19:49.000,1.222700,1.223000,D
173515652,EUR/USD,2005-08-01 08:19:52.000,1.222800,1.223100,D
173515660,EUR/USD,2005-08-01 08:19:54.000,1.222900,1.223200,D
173515668,EUR/USD,2005-08-01 08:19:55.000,1.222800,1.223100,D
173515672,EUR/USD,2005-08-01 08:19:55.000,1.222900,1.223200,D
173515676,EUR/USD,2005-08-01 08:19:56.000,1.222800,1.223100,D
173515682,EUR/USD,2005-08-01 08:19:56.000,1.222900,1.223200,D
173515692,EUR/USD,2005-08-01 08:19:58.000,1.222800,1.223100,D
173515705,EUR/USD,2005-08-01 08:19:59.000,1.222900,1.223200,D
173515757,EUR/USD,2005-08-01 08:20:10.000,1.222800,1.223100,D
173515764,EUR/USD,2005-08-01 08:20:13.000,1.222700,1.223000,D
173515779,EUR/USD,2005-08-01 08:20:18.000,1.222800,1.223100,D
173515811,EUR/USD,2005-08-01 08:20:31.000,1.222900,1.223200,D
173515825,EUR/USD,2005-08-01 08:20:34.000,1.223000,1.223300,D
173515842,EUR/USD,2005-08-01 08:20:36.000,1.223100,1.223400,D
173515850,EUR/USD,2005-08-01 08:20:37.000,1.223000,1.223300,D
173515859,EUR/USD,2005-08-01 08:20:38.000,1.223100,1.223400,D
173515870,EUR/USD,2005-08-01 08:20:40.000,1.223200,1.223500,D
173515888,EUR/USD,2005-08-01 08:20:42.000,1.223100,1.223400,D
173515894,EUR/USD,2005-08-01 08:20:43.000,1.223200,1.223500,D
173515900,EUR/USD,2005-08-01 08:20:43.000,1.223100,1.223400,D
173515915,EUR/USD,2005-08-01 08:20:47.000,1.223000,1.223300,D
173515924,EUR/USD,2005-08-01 08:20:47.000,1.223100,1.223400,D
173515933,EUR/USD,2005-08-01 08:20:48.000,1.223000,1.223300,D
173515949,EUR/USD,2005-08-01 08:20:51.000,1.223100,1.223400,D
173515954,EUR/USD,2005-08-01 08:20:51.000,1.223000,1.223300,D
173516007,EUR/USD,2005-08-01 08:21:06.000,1.223100,1.223400,D
173516027,EUR/USD,2005-08-01 08:21:10.000,1.223000,1.223300,D
173516034,EUR/USD,2005-08-01 08:21:12.000,1.223100,1.223400,D
173516048,EUR/USD,2005-08-01 08:21:13.000,1.223000,1.223300,D
173516056,EUR/USD,2005-08-01 08:21:14.000,1.223100,1.223400,D
173516067,EUR/USD,2005-08-01 08:21:19.000,1.223000,1.223300,D
173516075,EUR/USD,2005-08-01 08:21:20.000,1.223100,1.223400,D
173516079,EUR/USD,2005-08-01 08:21:22.000,1.223000,1.223300,D
173516086,EUR/USD,2005-08-01 08:21:22.000,1.223100,1.223400,D
173516101,EUR/USD,2005-08-01 08:21:24.000,1.223000,1.223300,D
173516104,EUR/USD,2005-08-01 08:21:25.000,1.223100,1.223400,D
173516113,EUR/USD,2005-08-01 08:21:27.000,1.223000,1.223300,D
173516123,EUR/USD,2005-08-01 08:21:30.000,1.222900,1.223200,D
173516128,EUR/USD,2005-08-01 08:21:32.000,1.223000,1.223300,D
173516143,EUR/USD,2005-08-01 08:21:36.000,1.223100,1.223400,D
173516150,EUR/USD,2005-08-01 08:21:37.000,1.223000,1.223300,D
173516152,EUR/USD,2005-08-01 08:21:37.000,1.223100,1.223400,D
173516156,EUR/USD,2005-08-01 08:21:37.000,1.223200,1.223500,D
173516165,EUR/USD,2005-08-01 08:21:38.000,1.223100,1.223400,D
173516170,EUR/USD,2005-08-01 08:21:39.000,1.223200,1.223500,D
173516195,EUR/USD,2005-08-01 08:21:40.000,1.223100,1.223400,D
173516215,EUR/USD,2005-08-01 08:21:44.000,1.223000,1.223300,D
173516225,EUR/USD,2005-08-01 08:21:44.000,1.223100,1.223400,D
173516229,EUR/USD,2005-08-01 08:21:45.000,1.223000,1.223300,D
173516234,EUR/USD,2005-08-01 08:21:46.000,1.223100,1.223400,D
173516245,EUR/USD,2005-08-01 08:21:47.000,1.223200,1.223500,D
173516263,EUR/USD,2005-08-01 08:21:49.000,1.223300,1.223600,D
173516292,EUR/USD,2005-08-01 08:21:52.000,1.223200,1.223500,D
173516300,EUR/USD,2005-08-01 08:21:52.000,1.223300,1.223600,D
173516307,EUR/USD,2005-08-01 08:21:53.000,1.223200,1.223500,D
173516347,EUR/USD,2005-08-01 08:21:58.000,1.223100,1.223400,D
173516364,EUR/USD,2005-08-01 08:21:59.000,1.223200,1.223500,D
173516369,EUR/USD,2005-08-01 08:22:00.000,1.223100,1.223400,D
173516372,EUR/USD,2005-08-01 08:22:00.000,1.223200,1.223500,D
173516412,EUR/USD,2005-08-01 08:22:07.000,1.223300,1.223600,D
173516430,EUR/USD,2005-08-01 08:22:09.000,1.223200,1.223500,D
173516477,EUR/USD,2005-08-01 08:22:15.000,1.223100,1.223400,D
173516479,EUR/USD,2005-08-01 08:22:16.000,1.223000,1.223300,D
173516491,EUR/USD,2005-08-01 08:22:19.000,1.223100,1.223400,D
173516540,EUR/USD,2005-08-01 08:22:41.000,1.223200,1.223500,D
173516542,EUR/USD,2005-08-01 08:22:41.000,1.223300,1.223600,D
173516596,EUR/USD,2005-08-01 08:22:52.000,1.223200,1.223500,D
173516631,EUR/USD,2005-08-01 08:22:57.000,1.223300,1.223600,D
173516639,EUR/USD,2005-08-01 08:22:58.000,1.223200,1.223500,D
173516678,EUR/USD,2005-08-01 08:23:10.000,1.223300,1.223600,D
173516696,EUR/USD,2005-08-01 08:23:14.000,1.223400,1.223700,D
173516711,EUR/USD,2005-08-01 08:23:18.000,1.223300,1.223600,D
173516719,EUR/USD,2005-08-01 08:23:19.000,1.223400,1.223700,D
173516727,EUR/USD,2005-08-01 08:23:20.000,1.223300,1.223600,D
173516745,EUR/USD,2005-08-01 08:23:24.000,1.223400,1.223700,D
173516772,EUR/USD,2005-08-01 08:23:29.000,1.223500,1.223800,D
173516774,EUR/USD,2005-08-01 08:23:31.000,1.223600,1.223900,D
173516790,EUR/USD,2005-08-01 08:23:33.000,1.223700,1.224000,D
173516801,EUR/USD,2005-08-01 08:23:34.000,1.223600,1.223900,D
173516823,EUR/USD,2005-08-01 08:23:38.000,1.223500,1.223800,D
173516827,EUR/USD,2005-08-01 08:23:38.000,1.223600,1.223900,D
173516832,EUR/USD,2005-08-01 08:23:39.000,1.223500,1.223800,D
173516851,EUR/USD,2005-08-01 08:23:41.000,1.223400,1.223700,D
173516887,EUR/USD,2005-08-01 08:23:46.000,1.223300,1.223600,D
173516894,EUR/USD,2005-08-01 08:23:48.000,1.223400,1.223700,D
173516921,EUR/USD,2005-08-01 08:23:52.000,1.223300,1.223600,D
173516927,EUR/USD,2005-08-01 08:23:53.000,1.223400,1.223700,D
173516945,EUR/USD,2005-08-01 08:23:59.000,1.223300,1.223600,D
173516955,EUR/USD,2005-08-01 08:24:00.000,1.223400,1.223700,D
173516969,EUR/USD,2005-08-01 08:24:03.000,1.223300,1.223600,D
173516987,EUR/USD,2005-08-01 08:24:07.000,1.223400,1.223700,D
173516990,EUR/USD,2005-08-01 08:24:08.000,1.223300,1.223600,D
173516992,EUR/USD,2005-08-01 08:24:09.000,1.223400,1.223700,D
173516999,EUR/USD,2005-08-01 08:24:11.000,1.223500,1.223800,D
173517001,EUR/USD,2005-08-01 08:24:11.000,1.223600,1.223900,D
173517038,EUR/USD,2005-08-01 08:24:16.000,1.223500,1.223800,D
173517042,EUR/USD,2005-08-01 08:24:18.000,1.223600,1.223900,D
173517052,EUR/USD,2005-08-01 08:24:19.000,1.223700,1.224000,D
173517057,EUR/USD,2005-08-01 08:24:20.000,1.223600,1.223900,D
173517065,EUR/USD,2005-08-01 08:24:20.000,1.223700,1.224000,D
173517088,EUR/USD,2005-08-01 08:24:22.000,1.223600,1.223900,D
173517094,EUR/USD,2005-08-01 08:24:23.000,1.223700,1.224000,D
173517109,EUR/USD,2005-08-01 08:24:25.000,1.223800,1.224100,D
173517122,EUR/USD,2005-08-01 08:24:26.000,1.223700,1.224000,D
173517137,EUR/USD,2005-08-01 08:24:29.000,1.223600,1.223900,D
173517147,EUR/USD,2005-08-01 08:24:32.000,1.223500,1.223800,D
173517164,EUR/USD,2005-08-01 08:24:41.000,1.223400,1.223700,D
173517173,EUR/USD,2005-08-01 08:24:43.000,1.223500,1.223800,D
173517178,EUR/USD,2005-08-01 08:24:44.000,1.223400,1.223700,D
173517193,EUR/USD,2005-08-01 08:24:50.000,1.223500,1.223800,D
173517201,EUR/USD,2005-08-01 08:24:52.000,1.223400,1.223700,D
173517205,EUR/USD,2005-08-01 08:24:52.000,1.223500,1.223800,D
173517217,EUR/USD,2005-08-01 08:24:54.000,1.223400,1.223700,D
173517240,EUR/USD,2005-08-01 08:25:09.000,1.223300,1.223600,D
173517249,EUR/USD,2005-08-01 08:25:10.000,1.223400,1.223700,D
173517255,EUR/USD,2005-08-01 08:25:10.000,1.223300,1.223600,D
173517256,EUR/USD,2005-08-01 08:25:10.000,1.223400,1.223700,D
173517272,EUR/USD,2005-08-01 08:25:16.000,1.223500,1.223800,D
173517311,EUR/USD,2005-08-01 08:25:28.000,1.223400,1.223700,D
173517320,EUR/USD,2005-08-01 08:25:30.000,1.223500,1.223800,D
173517340,EUR/USD,2005-08-01 08:25:35.000,1.223600,1.223900,D
173517349,EUR/USD,2005-08-01 08:25:36.000,1.223500,1.223800,D
173517360,EUR/USD,2005-08-01 08:25:38.000,1.223600,1.223900,D
173517367,EUR/USD,2005-08-01 08:25:39.000,1.223500,1.223800,D
173517376,EUR/USD,2005-08-01 08:25:40.000,1.223600,1.223900,D
173517392,EUR/USD,2005-08-01 08:25:43.000,1.223700,1.224000,D
173517400,EUR/USD,2005-08-01 08:25:46.000,1.223600,1.223900,D
173517419,EUR/USD,2005-08-01 08:25:50.000,1.223500,1.223800,D
173517443,EUR/USD,2005-08-01 08:26:04.000,1.223600,1.223900,D
173517455,EUR/USD,2005-08-01 08:26:09.000,1.223700,1.224000,D
173517464,EUR/USD,2005-08-01 08:26:10.000,1.223600,1.223900,D
173517475,EUR/USD,2005-08-01 08:26:11.000,1.223700,1.224000,D
173517483,EUR/USD,2005-08-01 08:26:12.000,1.223600,1.223900,D
173517494,EUR/USD,2005-08-01 08:26:15.000,1.223500,1.223800,D
173517495,EUR/USD,2005-08-01 08:26:15.000,1.223600,1.223900,D
173517500,EUR/USD,2005-08-01 08:26:19.000,1.223700,1.224000,D
173517509,EUR/USD,2005-08-01 08:26:21.000,1.223600,1.223900,D
173517520,EUR/USD,2005-08-01 08:26:23.000,1.223500,1.223800,D
173517521,EUR/USD,2005-08-01 08:26:23.000,1.223600,1.223900,D
173517535,EUR/USD,2005-08-01 08:26:26.000,1.223500,1.223800,D
173517546,EUR/USD,2005-08-01 08:26:29.000,1.223400,1.223700,D
173517547,EUR/USD,2005-08-01 08:26:29.000,1.223500,1.223800,D
173517552,EUR/USD,2005-08-01 08:26:30.000,1.223400,1.223700,D
173517556,EUR/USD,2005-08-01 08:26:30.000,1.223500,1.223800,D
173517574,EUR/USD,2005-08-01 08:26:32.000,1.223400,1.223700,D
173517616,EUR/USD,2005-08-01 08:26:42.000,1.223300,1.223600,D
173517619,EUR/USD,2005-08-01 08:26:42.000,1.223400,1.223700,D
173517634,EUR/USD,2005-08-01 08:26:50.000,1.223500,1.223800,D
173517641,EUR/USD,2005-08-01 08:26:51.000,1.223400,1.223700,D
173517642,EUR/USD,2005-08-01 08:26:51.000,1.223500,1.223800,D
173517646,EUR/USD,2005-08-01 08:26:53.000,1.223600,1.223900,D
173517672,EUR/USD,2005-08-01 08:26:58.000,1.223500,1.223800,D
173517704,EUR/USD,2005-08-01 08:27:09.000,1.223600,1.223900,D
173517733,EUR/USD,2005-08-01 08:27:16.000,1.223700,1.224000,D
173517742,EUR/USD,2005-08-01 08:27:21.000,1.223600,1.223900,D
173517747,EUR/USD,2005-08-01 08:27:21.000,1.223700,1.224000,D
173517757,EUR/USD,2005-08-01 08:27:25.000,1.223600,1.223900,D
173517797,EUR/USD,2005-08-01 08:27:37.000,1.223500,1.223800,D
173517826,EUR/USD,2005-08-01 08:27:46.000,1.223400,1.223700,D
173517840,EUR/USD,2005-08-01 08:27:50.000,1.223500,1.223800,D
173517844,EUR/USD,2005-08-01 08:27:51.000,1.223600,1.223900,D
173517872,EUR/USD,2005-08-01 08:27:57.000,1.223500,1.223800,D
173517877,EUR/USD,2005-08-01 08:27:57.000,1.223400,1.223700,D
173517884,EUR/USD,2005-08-01 08:28:00.000,1.223500,1.223800,D
173517889,EUR/USD,2005-08-01 08:28:02.000,1.223600,1.223900,D
173517907,EUR/USD,2005-08-01 08:28:15.000,1.223500,1.223800,D
173517915,EUR/USD,2005-08-01 08:28:17.000,1.223600,1.223900,D
173517933,EUR/USD,2005-08-01 08:28:22.000,1.223500,1.223800,D
173517962,EUR/USD,2005-08-01 08:28:30.000,1.223600,1.223900,D
173517986,EUR/USD,2005-08-01 08:28:36.000,1.223700,1.224000,D
173517995,EUR/USD,2005-08-01 08:28:36.000,1.223600,1.223900,D
173518006,EUR/USD,2005-08-01 08:28:37.000,1.223700,1.224000,D
173518019,EUR/USD,2005-08-01 08:28:40.000,1.223600,1.223900,D
173518049,EUR/USD,2005-08-01 08:28:48.000,1.223500,1.223800,D
173518056,EUR/USD,2005-08-01 08:28:48.000,1.223600,1.223900,D
173518065,EUR/USD,2005-08-01 08:28:50.000,1.223700,1.224000,D
173518081,EUR/USD,2005-08-01 08:28:55.000,1.223800,1.224100,D
173518098,EUR/USD,2005-08-01 08:28:57.000,1.223700,1.224000,D
173518104,EUR/USD,2005-08-01 08:28:57.000,1.223600,1.223900,D
173518111,EUR/USD,2005-08-01 08:28:59.000,1.223500,1.223800,D
173518117,EUR/USD,2005-08-01 08:29:00.000,1.223600,1.223900,D
173518187,EUR/USD,2005-08-01 08:29:14.000,1.223700,1.224000,D
173518199,EUR/USD,2005-08-01 08:29:16.000,1.223600,1.223900,D
173518204,EUR/USD,2005-08-01 08:29:17.000,1.223700,1.224000,D
173518238,EUR/USD,2005-08-01 08:29:22.000,1.223800,1.224100,D
173518253,EUR/USD,2005-08-01 08:29:25.000,1.223900,1.224200,D
173518271,EUR/USD,2005-08-01 08:29:28.000,1.224000,1.224300,D
173518286,EUR/USD,2005-08-01 08:29:30.000,1.224100,1.224400,D
173518299,EUR/USD,2005-08-01 08:29:31.000,1.224200,1.224500,D
173518306,EUR/USD,2005-08-01 08:29:32.000,1.224100,1.224400,D
173518337,EUR/USD,2005-08-01 08:29:36.000,1.224000,1.224300,D
173518354,EUR/USD,2005-08-01 08:29:39.000,1.224100,1.224400,D
173518364,EUR/USD,2005-08-01 08:29:40.000,1.224000,1.224300,D
173518370,EUR/USD,2005-08-01 08:29:41.000,1.224100,1.224400,D
173518376,EUR/USD,2005-08-01 08:29:42.000,1.224000,1.224300,D
173518430,EUR/USD,2005-08-01 08:29:59.000,1.223900,1.224200,D
173518452,EUR/USD,2005-08-01 08:30:04.000,1.224000,1.224300,D
173518462,EUR/USD,2005-08-01 08:30:07.000,1.223900,1.224200,D
173518467,EUR/USD,2005-08-01 08:30:08.000,1.224000,1.224300,D
173518484,EUR/USD,2005-08-01 08:30:12.000,1.223900,1.224200,D
173518489,EUR/USD,2005-08-01 08:30:12.000,1.224000,1.224300,D
173518499,EUR/USD,2005-08-01 08:30:14.000,1.223900,1.224200,D
173518511,EUR/USD,2005-08-01 08:30:17.000,1.224000,1.224300,D
173518534,EUR/USD,2005-08-01 08:30:21.000,1.223900,1.224200,D
173518540,EUR/USD,2005-08-01 08:30:22.000,1.223800,1.224100,D
173518553,EUR/USD,2005-08-01 08:30:25.000,1.223700,1.224000,D
173518573,EUR/USD,2005-08-01 08:30:26.000,1.223800,1.224100,D
173518589,EUR/USD,2005-08-01 08:30:31.000,1.223900,1.224200,D
173518608,EUR/USD,2005-08-01 08:30:35.000,1.224000,1.224300,D
173518629,EUR/USD,2005-08-01 08:30:41.000,1.224100,1.224400,D
173518642,EUR/USD,2005-08-01 08:30:43.000,1.224000,1.224300,D
173518692,EUR/USD,2005-08-01 08:30:54.000,1.224100,1.224400,D
173518726,EUR/USD,2005-08-01 08:31:02.000,1.224000,1.224300,D
173518759,EUR/USD,2005-08-01 08:31:17.000,1.224100,1.224400,D
173518773,EUR/USD,2005-08-01 08:31:23.000,1.224000,1.224300,D
173518777,EUR/USD,2005-08-01 08:31:23.000,1.224100,1.224400,D
173518788,EUR/USD,2005-08-01 08:31:26.000,1.224000,1.224300,D
173518794,EUR/USD,2005-08-01 08:31:26.000,1.224100,1.224400,D
173518803,EUR/USD,2005-08-01 08:31:31.000,1.224000,1.224300,D
173518833,EUR/USD,2005-08-01 08:31:55.000,1.223900,1.224200,D
173518863,EUR/USD,2005-08-01 08:32:01.000,1.223800,1.224100,D
173518866,EUR/USD,2005-08-01 08:32:01.000,1.223900,1.224200,D
173518883,EUR/USD,2005-08-01 08:32:05.000,1.224000,1.224300,D
173518891,EUR/USD,2005-08-01 08:32:06.000,1.223900,1.224200,D
173518907,EUR/USD,2005-08-01 08:32:09.000,1.224000,1.224300,D
173518920,EUR/USD,2005-08-01 08:32:11.000,1.223900,1.224200,D
173518960,EUR/USD,2005-08-01 08:32:24.000,1.223800,1.224100,D
173518963,EUR/USD,2005-08-01 08:32:25.000,1.223900,1.224200,D
173518979,EUR/USD,2005-08-01 08:32:31.000,1.224000,1.224300,D
173518992,EUR/USD,2005-08-01 08:32:35.000,1.223900,1.224200,D
173519007,EUR/USD,2005-08-01 08:32:38.000,1.223800,1.224100,D
173519015,EUR/USD,2005-08-01 08:32:40.000,1.223900,1.224200,D
173519050,EUR/USD,2005-08-01 08:32:49.000,1.224000,1.224300,D
173519057,EUR/USD,2005-08-01 08:32:52.000,1.223900,1.224200,D
173519069,EUR/USD,2005-08-01 08:32:55.000,1.224000,1.224300,D
173519073,EUR/USD,2005-08-01 08:32:56.000,1.223900,1.224200,D
173519099,EUR/USD,2005-08-01 08:33:06.000,1.223800,1.224100,D
173519108,EUR/USD,2005-08-01 08:33:09.000,1.223900,1.224200,D
173519117,EUR/USD,2005-08-01 08:33:16.000,1.223800,1.224100,D
173519178,EUR/USD,2005-08-01 08:33:54.000,1.223900,1.224200,D
173519223,EUR/USD,2005-08-01 08:34:02.000,1.224000,1.224300,D
173519230,EUR/USD,2005-08-01 08:34:03.000,1.223900,1.224200,D
173519245,EUR/USD,2005-08-01 08:34:07.000,1.224000,1.224300,D
173519286,EUR/USD,2005-08-01 08:34:19.000,1.223900,1.224200,D
173519301,EUR/USD,2005-08-01 08:34:28.000,1.224000,1.224300,D
173519324,EUR/USD,2005-08-01 08:34:34.000,1.223900,1.224200,D
173519343,EUR/USD,2005-08-01 08:34:39.000,1.223800,1.224100,D
173519349,EUR/USD,2005-08-01 08:34:40.000,1.223900,1.224200,D
173519369,EUR/USD,2005-08-01 08:34:52.000,1.223800,1.224100,D
173519375,EUR/USD,2005-08-01 08:34:56.000,1.223700,1.224000,D
173519388,EUR/USD,2005-08-01 08:34:59.000,1.223800,1.224100,D
173519420,EUR/USD,2005-08-01 08:35:32.000,1.223900,1.224200,D
173519428,EUR/USD,2005-08-01 08:35:33.000,1.223800,1.224100,D
173519448,EUR/USD,2005-08-01 08:35:37.000,1.223700,1.224000,D
173519456,EUR/USD,2005-08-01 08:35:40.000,1.223800,1.224100,D
173519481,EUR/USD,2005-08-01 08:35:47.000,1.223900,1.224200,D
173519494,EUR/USD,2005-08-01 08:35:50.000,1.223800,1.224100,D
173519501,EUR/USD,2005-08-01 08:35:52.000,1.223900,1.224200,D
173519531,EUR/USD,2005-08-01 08:35:59.000,1.224000,1.224300,D
173519536,EUR/USD,2005-08-01 08:36:01.000,1.223900,1.224200,D
173519551,EUR/USD,2005-08-01 08:36:05.000,1.224000,1.224300,D
173519563,EUR/USD,2005-08-01 08:36:06.000,1.223900,1.224200,D
173519594,EUR/USD,2005-08-01 08:36:18.000,1.223800,1.224100,D
173519605,EUR/USD,2005-08-01 08:36:20.000,1.223700,1.224000,D
173519614,EUR/USD,2005-08-01 08:36:21.000,1.223800,1.224100,D
173519624,EUR/USD,2005-08-01 08:36:22.000,1.223700,1.224000,D
173519648,EUR/USD,2005-08-01 08:36:29.000,1.223800,1.224100,D
173519664,EUR/USD,2005-08-01 08:36:42.000,1.223700,1.224000,D
173519687,EUR/USD,2005-08-01 08:36:47.000,1.223600,1.223900,D
173519724,EUR/USD,2005-08-01 08:37:02.000,1.223700,1.224000,D
173519761,EUR/USD,2005-08-01 08:37:15.000,1.223600,1.223900,D
173519768,EUR/USD,2005-08-01 08:37:16.000,1.223700,1.224000,D
173519774,EUR/USD,2005-08-01 08:37:17.000,1.223600,1.223900,D
173519784,EUR/USD,2005-08-01 08:37:20.000,1.223700,1.224000,D
173519837,EUR/USD,2005-08-01 08:37:42.000,1.223600,1.223900,D
173519882,EUR/USD,2005-08-01 08:38:23.000,1.223700,1.224000,D
173519892,EUR/USD,2005-08-01 08:38:28.000,1.223600,1.223900,D
173519960,EUR/USD,2005-08-01 08:38:52.000,1.223500,1.223800,D
173519982,EUR/USD,2005-08-01 08:38:56.000,1.223400,1.223700,D
173520125,EUR/USD,2005-08-01 08:39:40.000,1.223500,1.223800,D
173520168,EUR/USD,2005-08-01 08:39:49.000,1.223400,1.223700,D
173520202,EUR/USD,2005-08-01 08:39:58.000,1.223300,1.223600,D
173520217,EUR/USD,2005-08-01 08:40:01.000,1.223200,1.223500,D
173520229,EUR/USD,2005-08-01 08:40:03.000,1.223300,1.223600,D
173520236,EUR/USD,2005-08-01 08:40:03.000,1.223200,1.223500,D
173520271,EUR/USD,2005-08-01 08:40:12.000,1.223100,1.223400,D
173520293,EUR/USD,2005-08-01 08:40:18.000,1.223000,1.223300,D
173520298,EUR/USD,2005-08-01 08:40:20.000,1.223100,1.223400,D
173520302,EUR/USD,2005-08-01 08:40:20.000,1.223000,1.223300,D
173520317,EUR/USD,2005-08-01 08:40:23.000,1.223100,1.223400,D
173520323,EUR/USD,2005-08-01 08:40:25.000,1.223000,1.223300,D
173520326,EUR/USD,2005-08-01 08:40:26.000,1.223100,1.223400,D
173520348,EUR/USD,2005-08-01 08:40:32.000,1.223200,1.223500,D
173520356,EUR/USD,2005-08-01 08:40:33.000,1.223100,1.223400,D
173520376,EUR/USD,2005-08-01 08:40:35.000,1.223000,1.223300,D
173520384,EUR/USD,2005-08-01 08:40:36.000,1.223100,1.223400,D
173520394,EUR/USD,2005-08-01 08:40:38.000,1.223000,1.223300,D
173520399,EUR/USD,2005-08-01 08:40:38.000,1.223100,1.223400,D
173520415,EUR/USD,2005-08-01 08:40:39.000,1.223000,1.223300,D
173520417,EUR/USD,2005-08-01 08:40:40.000,1.223100,1.223400,D
173520451,EUR/USD,2005-08-01 08:40:49.000,1.223000,1.223300,D
173520478,EUR/USD,2005-08-01 08:40:58.000,1.223100,1.223400,D
173520503,EUR/USD,2005-08-01 08:41:10.000,1.223000,1.223300,D
173520510,EUR/USD,2005-08-01 08:41:12.000,1.223100,1.223400,D
173520514,EUR/USD,2005-08-01 08:41:14.000,1.223000,1.223300,D
173520519,EUR/USD,2005-08-01 08:41:14.000,1.223100,1.223400,D
173520523,EUR/USD,2005-08-01 08:41:15.000,1.223000,1.223300,D
173520541,EUR/USD,2005-08-01 08:41:19.000,1.223100,1.223400,D
173520546,EUR/USD,2005-08-01 08:41:19.000,1.223000,1.223300,D
173520554,EUR/USD,2005-08-01 08:41:20.000,1.223100,1.223400,D
173520577,EUR/USD,2005-08-01 08:41:30.000,1.223200,1.223500,D
173520598,EUR/USD,2005-08-01 08:41:38.000,1.223300,1.223600,D
173520610,EUR/USD,2005-08-01 08:41:41.000,1.223200,1.223500,D
173520619,EUR/USD,2005-08-01 08:41:43.000,1.223300,1.223600,D
173520644,EUR/USD,2005-08-01 08:41:46.000,1.223200,1.223500,D
173520649,EUR/USD,2005-08-01 08:41:48.000,1.223300,1.223600,D
173520655,EUR/USD,2005-08-01 08:41:49.000,1.223200,1.223500,D
173520682,EUR/USD,2005-08-01 08:41:55.000,1.223100,1.223400,D
173520709,EUR/USD,2005-08-01 08:42:06.000,1.223000,1.223300,D
173520715,EUR/USD,2005-08-01 08:42:07.000,1.223100,1.223400,D
173520741,EUR/USD,2005-08-01 08:42:13.000,1.223000,1.223300,D
173520751,EUR/USD,2005-08-01 08:42:16.000,1.223100,1.223400,D
173520773,EUR/USD,2005-08-01 08:42:21.000,1.223000,1.223300,D
173520789,EUR/USD,2005-08-01 08:42:26.000,1.223100,1.223400,D
173520799,EUR/USD,2005-08-01 08:42:28.000,1.223200,1.223500,D
173520824,EUR/USD,2005-08-01 08:42:31.000,1.223100,1.223400,D
173520856,EUR/USD,2005-08-01 08:42:38.000,1.223000,1.223300,D
173520869,EUR/USD,2005-08-01 08:42:39.000,1.223100,1.223400,D
173520871,EUR/USD,2005-08-01 08:42:40.000,1.223000,1.223300,D
173520905,EUR/USD,2005-08-01 08:42:50.000,1.223100,1.223400,D
173520914,EUR/USD,2005-08-01 08:42:51.000,1.223000,1.223300,D
173520970,EUR/USD,2005-08-01 08:43:17.000,1.223100,1.223400,D
173520979,EUR/USD,2005-08-01 08:43:17.000,1.223000,1.223300,D
173520983,EUR/USD,2005-08-01 08:43:18.000,1.222900,1.223200,D
173520995,EUR/USD,2005-08-01 08:43:21.000,1.223000,1.223300,D
173521000,EUR/USD,2005-08-01 08:43:23.000,1.222900,1.223200,D
173521103,EUR/USD,2005-08-01 08:43:55.000,1.222800,1.223100,D
173521128,EUR/USD,2005-08-01 08:44:04.000,1.222700,1.223000,D
173521146,EUR/USD,2005-08-01 08:44:09.000,1.222600,1.222900,D
173521164,EUR/USD,2005-08-01 08:44:12.000,1.222700,1.223000,D
173521183,EUR/USD,2005-08-01 08:44:16.000,1.222800,1.223100,D
173521191,EUR/USD,2005-08-01 08:44:17.000,1.222700,1.223000,D
173521196,EUR/USD,2005-08-01 08:44:18.000,1.222800,1.223100,D
173521210,EUR/USD,2005-08-01 08:44:21.000,1.222900,1.223200,D
173521264,EUR/USD,2005-08-01 08:44:35.000,1.222800,1.223100,D
173521278,EUR/USD,2005-08-01 08:44:39.000,1.222900,1.223200,D
173521284,EUR/USD,2005-08-01 08:44:40.000,1.223000,1.223300,D
173521290,EUR/USD,2005-08-01 08:44:40.000,1.223100,1.223400,D
173521298,EUR/USD,2005-08-01 08:44:41.000,1.223200,1.223500,D
173521363,EUR/USD,2005-08-01 08:44:56.000,1.223300,1.223600,D
173521375,EUR/USD,2005-08-01 08:44:59.000,1.223400,1.223700,D
173521403,EUR/USD,2005-08-01 08:45:04.000,1.223500,1.223800,D
173521446,EUR/USD,2005-08-01 08:45:17.000,1.223400,1.223700,D
173521479,EUR/USD,2005-08-01 08:45:29.000,1.223500,1.223800,D
173521483,EUR/USD,2005-08-01 08:45:30.000,1.223400,1.223700,D
173521486,EUR/USD,2005-08-01 08:45:30.000,1.223300,1.223600,D
173521494,EUR/USD,2005-08-01 08:45:32.000,1.223400,1.223700,D
173521496,EUR/USD,2005-08-01 08:45:32.000,1.223500,1.223800,D
173521533,EUR/USD,2005-08-01 08:45:38.000,1.223400,1.223700,D
173521534,EUR/USD,2005-08-01 08:45:38.000,1.223300,1.223600,D
173521562,EUR/USD,2005-08-01 08:45:52.000,1.223400,1.223700,D
173521571,EUR/USD,2005-08-01 08:45:56.000,1.223300,1.223600,D
173521585,EUR/USD,2005-08-01 08:46:02.000,1.223200,1.223500,D
173521594,EUR/USD,2005-08-01 08:46:05.000,1.223100,1.223400,D
173521622,EUR/USD,2005-08-01 08:46:10.000,1.223000,1.223300,D
173521628,EUR/USD,2005-08-01 08:46:11.000,1.223100,1.223400,D
173521636,EUR/USD,2005-08-01 08:46:12.000,1.223000,1.223300,D
173521650,EUR/USD,2005-08-01 08:46:14.000,1.223100,1.223400,D
173521677,EUR/USD,2005-08-01 08:46:45.000,1.223000,1.223300,D
173521683,EUR/USD,2005-08-01 08:46:45.000,1.223100,1.223400,D
173521707,EUR/USD,2005-08-01 08:47:01.000,1.223200,1.223500,D
173521762,EUR/USD,2005-08-01 08:47:45.000,1.223300,1.223600,D
173521793,EUR/USD,2005-08-01 08:47:58.000,1.223200,1.223500,D
173521802,EUR/USD,2005-08-01 08:48:02.000,1.223300,1.223600,D
173521821,EUR/USD,2005-08-01 08:48:10.000,1.223200,1.223500,D
173521825,EUR/USD,2005-08-01 08:48:11.000,1.223300,1.223600,D
173521843,EUR/USD,2005-08-01 08:48:21.000,1.223400,1.223700,D
173521923,EUR/USD,2005-08-01 08:49:02.000,1.223300,1.223600,D
173521924,EUR/USD,2005-08-01 08:49:02.000,1.223400,1.223700,D
173521932,EUR/USD,2005-08-01 08:49:05.000,1.223500,1.223800,D
173521940,EUR/USD,2005-08-01 08:49:06.000,1.223400,1.223700,D
173521949,EUR/USD,2005-08-01 08:49:10.000,1.223500,1.223800,D
173521955,EUR/USD,2005-08-01 08:49:12.000,1.223400,1.223700,D
173521967,EUR/USD,2005-08-01 08:49:19.000,1.223300,1.223600,D
173521984,EUR/USD,2005-08-01 08:49:24.000,1.223200,1.223500,D
173522000,EUR/USD,2005-08-01 08:49:28.000,1.223300,1.223600,D
173522011,EUR/USD,2005-08-01 08:49:31.000,1.223200,1.223500,D
173522020,EUR/USD,2005-08-01 08:49:34.000,1.223100,1.223400,D
173522028,EUR/USD,2005-08-01 08:49:36.000,1.223200,1.223500,D
173522038,EUR/USD,2005-08-01 08:49:37.000,1.223100,1.223400,D
173522043,EUR/USD,2005-08-01 08:49:42.000,1.223200,1.223500,D
173522094,EUR/USD,2005-08-01 08:50:15.000,1.223300,1.223600,D
173522117,EUR/USD,2005-08-01 08:50:23.000,1.223200,1.223500,D
173522126,EUR/USD,2005-08-01 08:50:26.000,1.223300,1.223600,D
173522133,EUR/USD,2005-08-01 08:50:32.000,1.223400,1.223700,D
173522138,EUR/USD,2005-08-01 08:50:34.000,1.223300,1.223600,D
173522144,EUR/USD,2005-08-01 08:50:34.000,1.223400,1.223700,D
173522145,EUR/USD,2005-08-01 08:50:35.000,1.223300,1.223600,D
173522146,EUR/USD,2005-08-01 08:50:35.000,1.223400,1.223700,D
173522182,EUR/USD,2005-08-01 08:50:49.000,1.223300,1.223600,D
173522183,EUR/USD,2005-08-01 08:50:51.000,1.223400,1.223700,D
173522187,EUR/USD,2005-08-01 08:50:54.000,1.223300,1.223600,D
173522203,EUR/USD,2005-08-01 08:51:12.000,1.223200,1.223500,D
173522216,EUR/USD,2005-08-01 08:51:16.000,1.223300,1.223600,D
173522259,EUR/USD,2005-08-01 08:51:56.000,1.223200,1.223500,D
173522265,EUR/USD,2005-08-01 08:52:01.000,1.223100,1.223400,D
173522278,EUR/USD,2005-08-01 08:52:05.000,1.223000,1.223300,D
173522299,EUR/USD,2005-08-01 08:52:11.000,1.222900,1.223200,D
173522306,EUR/USD,2005-08-01 08:52:16.000,1.222800,1.223100,D
173522312,EUR/USD,2005-08-01 08:52:16.000,1.222900,1.223200,D
173522328,EUR/USD,2005-08-01 08:52:21.000,1.223000,1.223300,D
173522334,EUR/USD,2005-08-01 08:52:22.000,1.223100,1.223400,D
173522350,EUR/USD,2005-08-01 08:52:26.000,1.223000,1.223300,D
173522364,EUR/USD,2005-08-01 08:52:29.000,1.223100,1.223400,D
173522381,EUR/USD,2005-08-01 08:52:32.000,1.223000,1.223300,D
173522396,EUR/USD,2005-08-01 08:52:46.000,1.222900,1.223200,D
173522400,EUR/USD,2005-08-01 08:52:47.000,1.223000,1.223300,D
173522427,EUR/USD,2005-08-01 08:52:51.000,1.222900,1.223200,D
173522434,EUR/USD,2005-08-01 08:52:52.000,1.223000,1.223300,D
173522461,EUR/USD,2005-08-01 08:52:59.000,1.223100,1.223400,D
173522467,EUR/USD,2005-08-01 08:53:01.000,1.223000,1.223300,D
173522471,EUR/USD,2005-08-01 08:53:01.000,1.223100,1.223400,D
173522497,EUR/USD,2005-08-01 08:53:11.000,1.223200,1.223500,D
173522507,EUR/USD,2005-08-01 08:53:12.000,1.223100,1.223400,D
173522518,EUR/USD,2005-08-01 08:53:15.000,1.223200,1.223500,D
173522525,EUR/USD,2005-08-01 08:53:16.000,1.223300,1.223600,D
173522537,EUR/USD,2005-08-01 08:53:19.000,1.223400,1.223700,D
173522587,EUR/USD,2005-08-01 08:53:25.000,1.223300,1.223600,D
173522608,EUR/USD,2005-08-01 08:53:27.000,1.223400,1.223700,D
173522613,EUR/USD,2005-08-01 08:53:28.000,1.223300,1.223600,D
173522622,EUR/USD,2005-08-01 08:53:32.000,1.223400,1.223700,D
173522636,EUR/USD,2005-08-01 08:53:37.000,1.223300,1.223600,D
173522650,EUR/USD,2005-08-01 08:53:40.000,1.223400,1.223700,D
173522659,EUR/USD,2005-08-01 08:53:42.000,1.223300,1.223600,D
173522670,EUR/USD,2005-08-01 08:53:46.000,1.223200,1.223500,D
173522672,EUR/USD,2005-08-01 08:53:46.000,1.223300,1.223600,D
173522685,EUR/USD,2005-08-01 08:53:48.000,1.223200,1.223500,D
173522724,EUR/USD,2005-08-01 08:54:05.000,1.223300,1.223600,D
173522739,EUR/USD,2005-08-01 08:54:09.000,1.223400,1.223700,D
173522759,EUR/USD,2005-08-01 08:54:16.000,1.223500,1.223800,D
173522794,EUR/USD,2005-08-01 08:54:32.000,1.223400,1.223700,D
173522796,EUR/USD,2005-08-01 08:54:32.000,1.223500,1.223800,D
173522801,EUR/USD,2005-08-01 08:54:39.000,1.223600,1.223900,D
173522822,EUR/USD,2005-08-01 08:54:48.000,1.223500,1.223800,D
173522839,EUR/USD,2005-08-01 08:54:52.000,1.223400,1.223700,D
173522853,EUR/USD,2005-08-01 08:54:54.000,1.223500,1.223800,D
173522862,EUR/USD,2005-08-01 08:54:59.000,1.223400,1.223700,D
173522868,EUR/USD,2005-08-01 08:55:03.000,1.223500,1.223800,D
173522887,EUR/USD,2005-08-01 08:55:10.000,1.223400,1.223700,D
173522890,EUR/USD,2005-08-01 08:55:14.000,1.223300,1.223600,D
173522905,EUR/USD,2005-08-01 08:55:17.000,1.223400,1.223700,D
173522927,EUR/USD,2005-08-01 08:55:22.000,1.223300,1.223600,D
173522956,EUR/USD,2005-08-01 08:55:41.000,1.223400,1.223700,D
173522964,EUR/USD,2005-08-01 08:55:43.000,1.223300,1.223600,D
173523041,EUR/USD,2005-08-01 08:56:16.000,1.223400,1.223700,D
173523049,EUR/USD,2005-08-01 08:56:19.000,1.223300,1.223600,D
173523056,EUR/USD,2005-08-01 08:56:21.000,1.223400,1.223700,D
173523085,EUR/USD,2005-08-01 08:56:33.000,1.223300,1.223600,D
173523112,EUR/USD,2005-08-01 08:56:49.000,1.223200,1.223500,D
173523172,EUR/USD,2005-08-01 08:57:28.000,1.223100,1.223400,D
173523197,EUR/USD,2005-08-01 08:57:34.000,1.223200,1.223500,D
173523214,EUR/USD,2005-08-01 08:57:42.000,1.223300,1.223600,D
173523240,EUR/USD,2005-08-01 08:57:50.000,1.223400,1.223700,D
173523261,EUR/USD,2005-08-01 08:57:55.000,1.223300,1.223600,D
173523266,EUR/USD,2005-08-01 08:57:55.000,1.223400,1.223700,D
173523282,EUR/USD,2005-08-01 08:57:58.000,1.223300,1.223600,D
173523306,EUR/USD,2005-08-01 08:58:04.000,1.223400,1.223700,D
173523321,EUR/USD,2005-08-01 08:58:17.000,1.223300,1.223600,D
173523326,EUR/USD,2005-08-01 08:58:18.000,1.223400,1.223700,D
173523352,EUR/USD,2005-08-01 08:58:23.000,1.223300,1.223600,D
173523374,EUR/USD,2005-08-01 08:58:39.000,1.223200,1.223500,D
173523384,EUR/USD,2005-08-01 08:58:47.000,1.223100,1.223400,D
173523394,EUR/USD,2005-08-01 08:58:49.000,1.223200,1.223500,D
173523412,EUR/USD,2005-08-01 08:58:50.000,1.223100,1.223400,D
173523418,EUR/USD,2005-08-01 08:58:51.000,1.223200,1.223500,D
173523428,EUR/USD,2005-08-01 08:58:55.000,1.223100,1.223400,D
173523445,EUR/USD,2005-08-01 08:59:09.000,1.223000,1.223300,D
173523446,EUR/USD,2005-08-01 08:59:09.000,1.223100,1.223400,D
173523463,EUR/USD,2005-08-01 08:59:25.000,1.223200,1.223500,D
173523488,EUR/USD,2005-08-01 08:59:37.000,1.223100,1.223400,D
173523500,EUR/USD,2005-08-01 08:59:44.000,1.223200,1.223500,D
173523508,EUR/USD,2005-08-01 08:59:51.000,1.223100,1.223400,D
173523530,EUR/USD,2005-08-01 09:00:10.000,1.223000,1.223300,D
173523534,EUR/USD,2005-08-01 09:00:11.000,1.223100,1.223400,D
173523566,EUR/USD,2005-08-01 09:00:18.000,1.223200,1.223500,D
173523583,EUR/USD,2005-08-01 09:00:21.000,1.223100,1.223400,D
173523596,EUR/USD,2005-08-01 09:00:24.000,1.223000,1.223300,D
173523601,EUR/USD,2005-08-01 09:00:25.000,1.223100,1.223400,D
173523617,EUR/USD,2005-08-01 09:00:29.000,1.223000,1.223300,D
173523628,EUR/USD,2005-08-01 09:00:33.000,1.223100,1.223400,D
173523633,EUR/USD,2005-08-01 09:00:33.000,1.223000,1.223300,D
173523663,EUR/USD,2005-08-01 09:00:49.000,1.222900,1.223200,D
173523677,EUR/USD,2005-08-01 09:00:58.000,1.222800,1.223100,D
173523681,EUR/USD,2005-08-01 09:01:00.000,1.222900,1.223200,D
173523693,EUR/USD,2005-08-01 09:01:01.000,1.222800,1.223100,D
173523698,EUR/USD,2005-08-01 09:01:02.000,1.222900,1.223200,D
173523711,EUR/USD,2005-08-01 09:01:04.000,1.222800,1.223100,D
173523719,EUR/USD,2005-08-01 09:01:08.000,1.222900,1.223200,D
173523729,EUR/USD,2005-08-01 09:01:10.000,1.222800,1.223100,D
173523735,EUR/USD,2005-08-01 09:01:13.000,1.222900,1.223200,D
173523743,EUR/USD,2005-08-01 09:01:18.000,1.222800,1.223100,D
173523751,EUR/USD,2005-08-01 09:01:20.000,1.222900,1.223200,D
173523763,EUR/USD,2005-08-01 09:01:26.000,1.223000,1.223300,D
173523775,EUR/USD,2005-08-01 09:01:29.000,1.222900,1.223200,D
173523778,EUR/USD,2005-08-01 09:01:31.000,1.223000,1.223300,D
173523796,EUR/USD,2005-08-01 09:01:35.000,1.223100,1.223400,D
173523809,EUR/USD,2005-08-01 09:01:39.000,1.223200,1.223500,D
173523816,EUR/USD,2005-08-01 09:01:40.000,1.223100,1.223400,D
173523822,EUR/USD,2005-08-01 09:01:41.000,1.223000,1.223300,D
173523830,EUR/USD,2005-08-01 09:01:41.000,1.222900,1.223200,D
173523835,EUR/USD,2005-08-01 09:01:42.000,1.223000,1.223300,D
173523842,EUR/USD,2005-08-01 09:01:42.000,1.223100,1.223400,D
173523855,EUR/USD,2005-08-01 09:01:45.000,1.223000,1.223300,D
173523918,EUR/USD,2005-08-01 09:01:57.000,1.222900,1.223200,D
173523936,EUR/USD,2005-08-01 09:02:05.000,1.222800,1.223100,D
173523950,EUR/USD,2005-08-01 09:02:07.000,1.222900,1.223200,D
173523962,EUR/USD,2005-08-01 09:02:10.000,1.222800,1.223100,D
173523985,EUR/USD,2005-08-01 09:02:20.000,1.222700,1.223000,D
173524013,EUR/USD,2005-08-01 09:02:24.000,1.222800,1.223100,D
173524041,EUR/USD,2005-08-01 09:02:36.000,1.222900,1.223200,D
173524077,EUR/USD,2005-08-01 09:02:44.000,1.223000,1.223300,D
173524083,EUR/USD,2005-08-01 09:02:45.000,1.222900,1.223200,D
173524112,EUR/USD,2005-08-01 09:03:00.000,1.222800,1.223100,D
173524119,EUR/USD,2005-08-01 09:03:01.000,1.222700,1.223000,D
173524152,EUR/USD,2005-08-01 09:03:08.000,1.222800,1.223100,D
173524160,EUR/USD,2005-08-01 09:03:12.000,1.222700,1.223000,D
173524225,EUR/USD,2005-08-01 09:03:34.000,1.222800,1.223100,D
173524246,EUR/USD,2005-08-01 09:03:37.000,1.222700,1.223000,D
173524254,EUR/USD,2005-08-01 09:03:40.000,1.222800,1.223100,D
173524258,EUR/USD,2005-08-01 09:03:40.000,1.222700,1.223000,D
173524290,EUR/USD,2005-08-01 09:03:48.000,1.222800,1.223100,D
173524297,EUR/USD,2005-08-01 09:03:50.000,1.222700,1.223000,D
173524311,EUR/USD,2005-08-01 09:03:53.000,1.222800,1.223100,D
173524317,EUR/USD,2005-08-01 09:03:55.000,1.222700,1.223000,D
173524323,EUR/USD,2005-08-01 09:03:56.000,1.222800,1.223100,D
173524355,EUR/USD,2005-08-01 09:04:08.000,1.222900,1.223200,D
173524376,EUR/USD,2005-08-01 09:04:15.000,1.222800,1.223100,D
173524381,EUR/USD,2005-08-01 09:04:16.000,1.222900,1.223200,D
173524404,EUR/USD,2005-08-01 09:04:19.000,1.222800,1.223100,D
173524436,EUR/USD,2005-08-01 09:04:26.000,1.222900,1.223200,D
173524470,EUR/USD,2005-08-01 09:04:33.000,1.223000,1.223300,D
173524472,EUR/USD,2005-08-01 09:04:33.000,1.222900,1.223200,D
173524475,EUR/USD,2005-08-01 09:04:33.000,1.222800,1.223100,D
173524479,EUR/USD,2005-08-01 09:04:34.000,1.222900,1.223200,D
173524489,EUR/USD,2005-08-01 09:04:38.000,1.223000,1.223300,D
173524516,EUR/USD,2005-08-01 09:04:53.000,1.222900,1.223200,D
173524560,EUR/USD,2005-08-01 09:05:01.000,1.222800,1.223100,D
173524659,EUR/USD,2005-08-01 09:05:50.000,1.222700,1.223000,D
173524668,EUR/USD,2005-08-01 09:05:58.000,1.222800,1.223100,D
173524685,EUR/USD,2005-08-01 09:06:02.000,1.222700,1.223000,D
173524694,EUR/USD,2005-08-01 09:06:06.000,1.222600,1.222900,D
173524705,EUR/USD,2005-08-01 09:06:08.000,1.222500,1.222800,D
173524713,EUR/USD,2005-08-01 09:06:09.000,1.222400,1.222700,D
173524717,EUR/USD,2005-08-01 09:06:11.000,1.222500,1.222800,D
173524729,EUR/USD,2005-08-01 09:06:12.000,1.222600,1.222900,D
173524756,EUR/USD,2005-08-01 09:06:14.000,1.222500,1.222800,D
173524779,EUR/USD,2005-08-01 09:06:17.000,1.222600,1.222900,D
173524796,EUR/USD,2005-08-01 09:06:20.000,1.222700,1.223000,D
173524814,EUR/USD,2005-08-01 09:06:22.000,1.222800,1.223100,D
173524821,EUR/USD,2005-08-01 09:06:23.000,1.222700,1.223000,D
173524831,EUR/USD,2005-08-01 09:06:24.000,1.222800,1.223100,D
173524843,EUR/USD,2005-08-01 09:06:25.000,1.222700,1.223000,D
173524847,EUR/USD,2005-08-01 09:06:26.000,1.222800,1.223100,D
173524880,EUR/USD,2005-08-01 09:06:29.000,1.222900,1.223200,D
173524894,EUR/USD,2005-08-01 09:06:34.000,1.223000,1.223300,D
173524924,EUR/USD,2005-08-01 09:06:38.000,1.223100,1.223400,D
173524942,EUR/USD,2005-08-01 09:06:39.000,1.223000,1.223300,D
173524947,EUR/USD,2005-08-01 09:06:40.000,1.223100,1.223400,D
173524965,EUR/USD,2005-08-01 09:06:44.000,1.223000,1.223300,D
173524973,EUR/USD,2005-08-01 09:06:47.000,1.223100,1.223400,D
173525004,EUR/USD,2005-08-01 09:06:53.000,1.223200,1.223500,D
173525008,EUR/USD,2005-08-01 09:06:54.000,1.223100,1.223400,D
173525028,EUR/USD,2005-08-01 09:06:57.000,1.223200,1.223500,D
173525030,EUR/USD,2005-08-01 09:06:58.000,1.223100,1.223400,D
173525037,EUR/USD,2005-08-01 09:07:00.000,1.223200,1.223500,D
173525055,EUR/USD,2005-08-01 09:07:04.000,1.223100,1.223400,D
173525070,EUR/USD,2005-08-01 09:07:08.000,1.223200,1.223500,D
173525107,EUR/USD,2005-08-01 09:07:14.000,1.223100,1.223400,D
173525119,EUR/USD,2005-08-01 09:07:24.000,1.223200,1.223500,D
173525141,EUR/USD,2005-08-01 09:07:31.000,1.223100,1.223400,D
173525147,EUR/USD,2005-08-01 09:07:31.000,1.223200,1.223500,D
173525189,EUR/USD,2005-08-01 09:07:41.000,1.223100,1.223400,D
173525204,EUR/USD,2005-08-01 09:07:50.000,1.223000,1.223300,D
173525207,EUR/USD,2005-08-01 09:07:50.000,1.223100,1.223400,D
173525211,EUR/USD,2005-08-01 09:07:52.000,1.223000,1.223300,D
173525227,EUR/USD,2005-08-01 09:07:57.000,1.223100,1.223400,D
173525246,EUR/USD,2005-08-01 09:08:02.000,1.223200,1.223500,D
173525260,EUR/USD,2005-08-01 09:08:09.000,1.223300,1.223600,D
173525266,EUR/USD,2005-08-01 09:08:09.000,1.223200,1.223500,D
173525269,EUR/USD,2005-08-01 09:08:10.000,1.223300,1.223600,D
173525272,EUR/USD,2005-08-01 09:08:10.000,1.223200,1.223500,D
173525311,EUR/USD,2005-08-01 09:08:28.000,1.223100,1.223400,D
173525351,EUR/USD,2005-08-01 09:08:40.000,1.223000,1.223300,D
173525360,EUR/USD,2005-08-01 09:08:41.000,1.223100,1.223400,D
173525369,EUR/USD,2005-08-01 09:08:42.000,1.223200,1.223500,D
173525390,EUR/USD,2005-08-01 09:08:46.000,1.223100,1.223400,D
173525408,EUR/USD,2005-08-01 09:08:56.000,1.223000,1.223300,D
173525433,EUR/USD,2005-08-01 09:09:07.000,1.223100,1.223400,D
173525436,EUR/USD,2005-08-01 09:09:08.000,1.223000,1.223300,D
173525444,EUR/USD,2005-08-01 09:09:11.000,1.223100,1.223400,D
173525456,EUR/USD,2005-08-01 09:09:13.000,1.223000,1.223300,D
173525487,EUR/USD,2005-08-01 09:09:37.000,1.222900,1.223200,D
173525520,EUR/USD,2005-08-01 09:09:52.000,1.223000,1.223300,D
173525537,EUR/USD,2005-08-01 09:09:57.000,1.222900,1.223200,D
173525549,EUR/USD,2005-08-01 09:10:04.000,1.223000,1.223300,D
173525603,EUR/USD,2005-08-01 09:10:33.000,1.223100,1.223400,D
173525675,EUR/USD,2005-08-01 09:11:12.000,1.223000,1.223300,D
173525680,EUR/USD,2005-08-01 09:11:12.000,1.223100,1.223400,D
173525696,EUR/USD,2005-08-01 09:11:16.000,1.223000,1.223300,D
173525731,EUR/USD,2005-08-01 09:11:34.000,1.222900,1.223200,D
173525748,EUR/USD,2005-08-01 09:11:36.000,1.223000,1.223300,D
173525774,EUR/USD,2005-08-01 09:11:39.000,1.223100,1.223400,D
173525778,EUR/USD,2005-08-01 09:11:40.000,1.223000,1.223300,D
173525780,EUR/USD,2005-08-01 09:11:40.000,1.223100,1.223400,D
173525784,EUR/USD,2005-08-01 09:11:41.000,1.223000,1.223300,D
173525815,EUR/USD,2005-08-01 09:11:46.000,1.222900,1.223200,D
173525832,EUR/USD,2005-08-01 09:11:54.000,1.223000,1.223300,D
173525857,EUR/USD,2005-08-01 09:12:01.000,1.222900,1.223200,D
173525864,EUR/USD,2005-08-01 09:12:03.000,1.223000,1.223300,D
173525870,EUR/USD,2005-08-01 09:12:04.000,1.222900,1.223200,D
173525886,EUR/USD,2005-08-01 09:12:09.000,1.222800,1.223100,D
173525902,EUR/USD,2005-08-01 09:12:12.000,1.222700,1.223000,D
173525913,EUR/USD,2005-08-01 09:12:13.000,1.222800,1.223100,D
173525924,EUR/USD,2005-08-01 09:12:14.000,1.222700,1.223000,D
173525926,EUR/USD,2005-08-01 09:12:15.000,1.222800,1.223100,D
173525941,EUR/USD,2005-08-01 09:12:18.000,1.222900,1.223200,D
173525950,EUR/USD,2005-08-01 09:12:20.000,1.222800,1.223100,D
173525955,EUR/USD,2005-08-01 09:12:20.000,1.222900,1.223200,D
173525987,EUR/USD,2005-08-01 09:12:28.000,1.222800,1.223100,D
173526031,EUR/USD,2005-08-01 09:12:40.000,1.222700,1.223000,D
173526036,EUR/USD,2005-08-01 09:12:41.000,1.222800,1.223100,D
173526050,EUR/USD,2005-08-01 09:12:43.000,1.222700,1.223000,D
173526062,EUR/USD,2005-08-01 09:12:47.000,1.222800,1.223100,D
173526107,EUR/USD,2005-08-01 09:12:58.000,1.222700,1.223000,D
173526115,EUR/USD,2005-08-01 09:12:59.000,1.222800,1.223100,D
173526160,EUR/USD,2005-08-01 09:13:18.000,1.222700,1.223000,D
173526164,EUR/USD,2005-08-01 09:13:23.000,1.222800,1.223100,D
173526169,EUR/USD,2005-08-01 09:13:24.000,1.222700,1.223000,D
173526236,EUR/USD,2005-08-01 09:13:54.000,1.222600,1.222900,D
173526282,EUR/USD,2005-08-01 09:14:10.000,1.222700,1.223000,D
173526306,EUR/USD,2005-08-01 09:14:12.000,1.222600,1.222900,D
173526314,EUR/USD,2005-08-01 09:14:12.000,1.222700,1.223000,D
173526329,EUR/USD,2005-08-01 09:14:14.000,1.222600,1.222900,D
173526375,EUR/USD,2005-08-01 09:14:28.000,1.222500,1.222800,D
173526388,EUR/USD,2005-08-01 09:14:31.000,1.222600,1.222900,D
173526401,EUR/USD,2005-08-01 09:14:32.000,1.222500,1.222800,D
173526407,EUR/USD,2005-08-01 09:14:33.000,1.222600,1.222900,D
173526443,EUR/USD,2005-08-01 09:14:40.000,1.222700,1.223000,D
173526459,EUR/USD,2005-08-01 09:14:43.000,1.222600,1.222900,D
173526460,EUR/USD,2005-08-01 09:14:44.000,1.222700,1.223000,D
173526461,EUR/USD,2005-08-01 09:14:46.000,1.222800,1.223100,D
173526475,EUR/USD,2005-08-01 09:14:49.000,1.222700,1.223000,D
173526485,EUR/USD,2005-08-01 09:14:51.000,1.222600,1.222900,D
173526497,EUR/USD,2005-08-01 09:14:54.000,1.222500,1.222800,D
173526520,EUR/USD,2005-08-01 09:15:00.000,1.222600,1.222900,D
173526548,EUR/USD,2005-08-01 09:15:05.000,1.222500,1.222800,D
173526560,EUR/USD,2005-08-01 09:15:08.000,1.222600,1.222900,D
173526589,EUR/USD,2005-08-01 09:15:19.000,1.222500,1.222800,D
173526631,EUR/USD,2005-08-01 09:15:31.000,1.222600,1.222900,D
173526654,EUR/USD,2005-08-01 09:15:33.000,1.222500,1.222800,D
173526660,EUR/USD,2005-08-01 09:15:35.000,1.222600,1.222900,D
173526665,EUR/USD,2005-08-01 09:15:37.000,1.222500,1.222800,D
173526679,EUR/USD,2005-08-01 09:15:40.000,1.222600,1.222900,D
173526751,EUR/USD,2005-08-01 09:16:07.000,1.222500,1.222800,D
173526756,EUR/USD,2005-08-01 09:16:07.000,1.222600,1.222900,D
173526794,EUR/USD,2005-08-01 09:16:22.000,1.222700,1.223000,D
173526855,EUR/USD,2005-08-01 09:16:31.000,1.222800,1.223100,D
173526885,EUR/USD,2005-08-01 09:16:38.000,1.222900,1.223200,D
173526906,EUR/USD,2005-08-01 09:16:45.000,1.223000,1.223300,D
173526910,EUR/USD,2005-08-01 09:16:47.000,1.222900,1.223200,D
173526934,EUR/USD,2005-08-01 09:16:51.000,1.223000,1.223300,D
173526952,EUR/USD,2005-08-01 09:16:55.000,1.222900,1.223200,D
173526960,EUR/USD,2005-08-01 09:16:57.000,1.223000,1.223300,D
173526968,EUR/USD,2005-08-01 09:16:57.000,1.222900,1.223200,D
173526970,EUR/USD,2005-08-01 09:16:58.000,1.223000,1.223300,D
173526993,EUR/USD,2005-08-01 09:17:04.000,1.223100,1.223400,D
173526995,EUR/USD,2005-08-01 09:17:05.000,1.223000,1.223300,D
173527027,EUR/USD,2005-08-01 09:17:10.000,1.222900,1.223200,D
173527036,EUR/USD,2005-08-01 09:17:11.000,1.223000,1.223300,D
173527104,EUR/USD,2005-08-01 09:17:28.000,1.223100,1.223400,D
173527113,EUR/USD,2005-08-01 09:17:30.000,1.223000,1.223300,D
173527127,EUR/USD,2005-08-01 09:17:34.000,1.222900,1.223200,D
173527171,EUR/USD,2005-08-01 09:17:58.000,1.222800,1.223100,D
173527173,EUR/USD,2005-08-01 09:17:58.000,1.222900,1.223200,D
173527208,EUR/USD,2005-08-01 09:18:06.000,1.222800,1.223100,D
173527230,EUR/USD,2005-08-01 09:18:13.000,1.222700,1.223000,D
173527284,EUR/USD,2005-08-01 09:18:32.000,1.222600,1.222900,D
173527286,EUR/USD,2005-08-01 09:18:39.000,1.222700,1.223000,D
173527292,EUR/USD,2005-08-01 09:18:40.000,1.222600,1.222900,D
173527300,EUR/USD,2005-08-01 09:18:41.000,1.222700,1.223000,D
173527361,EUR/USD,2005-08-01 09:19:06.000,1.222800,1.223100,D
173527387,EUR/USD,2005-08-01 09:19:10.000,1.222700,1.223000,D
173527401,EUR/USD,2005-08-01 09:19:20.000,1.222800,1.223100,D
173527428,EUR/USD,2005-08-01 09:19:38.000,1.222900,1.223200,D
173527436,EUR/USD,2005-08-01 09:19:39.000,1.222800,1.223100,D
173527443,EUR/USD,2005-08-01 09:19:41.000,1.222900,1.223200,D
173527565,EUR/USD,2005-08-01 09:20:50.000,1.223000,1.223300,D
173527643,EUR/USD,2005-08-01 09:21:15.000,1.223100,1.223400,D
173527655,EUR/USD,2005-08-01 09:21:17.000,1.223000,1.223300,D
173527675,EUR/USD,2005-08-01 09:21:23.000,1.222900,1.223200,D
173527703,EUR/USD,2005-08-01 09:21:33.000,1.223000,1.223300,D
173527710,EUR/USD,2005-08-01 09:21:34.000,1.222900,1.223200,D
173527718,EUR/USD,2005-08-01 09:21:36.000,1.223000,1.223300,D
173527731,EUR/USD,2005-08-01 09:21:37.000,1.222900,1.223200,D
173527738,EUR/USD,2005-08-01 09:21:38.000,1.223000,1.223300,D
173527745,EUR/USD,2005-08-01 09:21:39.000,1.222900,1.223200,D
173527782,EUR/USD,2005-08-01 09:21:52.000,1.223000,1.223300,D
173527834,EUR/USD,2005-08-01 09:22:04.000,1.222900,1.223200,D
173527838,EUR/USD,2005-08-01 09:22:04.000,1.223000,1.223300,D
173527847,EUR/USD,2005-08-01 09:22:06.000,1.222900,1.223200,D
173527902,EUR/USD,2005-08-01 09:22:29.000,1.223000,1.223300,D
173527910,EUR/USD,2005-08-01 09:22:31.000,1.222900,1.223200,D
173527950,EUR/USD,2005-08-01 09:23:07.000,1.222800,1.223100,D
173527964,EUR/USD,2005-08-01 09:23:13.000,1.222700,1.223000,D
173527994,EUR/USD,2005-08-01 09:23:33.000,1.222600,1.222900,D
173528021,EUR/USD,2005-08-01 09:23:36.000,1.222700,1.223000,D
173528029,EUR/USD,2005-08-01 09:23:37.000,1.222600,1.222900,D
173528043,EUR/USD,2005-08-01 09:23:39.000,1.222700,1.223000,D
173528056,EUR/USD,2005-08-01 09:23:41.000,1.222600,1.222900,D
173528064,EUR/USD,2005-08-01 09:23:42.000,1.222700,1.223000,D
173528071,EUR/USD,2005-08-01 09:23:43.000,1.222600,1.222900,D
173528089,EUR/USD,2005-08-01 09:23:51.000,1.222700,1.223000,D
173528103,EUR/USD,2005-08-01 09:23:52.000,1.222600,1.222900,D
173528111,EUR/USD,2005-08-01 09:23:53.000,1.222700,1.223000,D
173528114,EUR/USD,2005-08-01 09:23:56.000,1.222600,1.222900,D
173528119,EUR/USD,2005-08-01 09:23:56.000,1.222700,1.223000,D
173528126,EUR/USD,2005-08-01 09:23:58.000,1.222600,1.222900,D
173528135,EUR/USD,2005-08-01 09:24:00.000,1.222700,1.223000,D
173528138,EUR/USD,2005-08-01 09:24:01.000,1.222600,1.222900,D
173528172,EUR/USD,2005-08-01 09:24:25.000,1.222500,1.222800,D
173528201,EUR/USD,2005-08-01 09:24:38.000,1.222600,1.222900,D
173528238,EUR/USD,2005-08-01 09:24:50.000,1.222700,1.223000,D
173528313,EUR/USD,2005-08-01 09:25:47.000,1.222600,1.222900,D
173528362,EUR/USD,2005-08-01 09:26:21.000,1.222500,1.222800,D
173528378,EUR/USD,2005-08-01 09:26:27.000,1.222600,1.222900,D
173528380,EUR/USD,2005-08-01 09:26:28.000,1.222500,1.222800,D
173528397,EUR/USD,2005-08-01 09:26:30.000,1.222400,1.222700,D
173528405,EUR/USD,2005-08-01 09:26:33.000,1.222300,1.222600,D
173528413,EUR/USD,2005-08-01 09:26:34.000,1.222400,1.222700,D
173528419,EUR/USD,2005-08-01 09:26:34.000,1.222300,1.222600,D
173528431,EUR/USD,2005-08-01 09:26:36.000,1.222200,1.222500,D
173528442,EUR/USD,2005-08-01 09:26:36.000,1.222100,1.222400,D
173528455,EUR/USD,2005-08-01 09:26:38.000,1.222200,1.222500,D
173528482,EUR/USD,2005-08-01 09:26:41.000,1.222100,1.222400,D
173528495,EUR/USD,2005-08-01 09:26:46.000,1.222200,1.222500,D
173528511,EUR/USD,2005-08-01 09:26:48.000,1.222100,1.222400,D
173528526,EUR/USD,2005-08-01 09:26:51.000,1.222200,1.222500,D
173528543,EUR/USD,2005-08-01 09:26:54.000,1.222100,1.222400,D
173528549,EUR/USD,2005-08-01 09:26:55.000,1.222200,1.222500,D
173528563,EUR/USD,2005-08-01 09:26:56.000,1.222100,1.222400,D
173528574,EUR/USD,2005-08-01 09:26:58.000,1.222200,1.222500,D
173528624,EUR/USD,2005-08-01 09:27:15.000,1.222100,1.222400,D
173528642,EUR/USD,2005-08-01 09:27:26.000,1.222200,1.222500,D
173528648,EUR/USD,2005-08-01 09:27:26.000,1.222100,1.222400,D
173528656,EUR/USD,2005-08-01 09:27:28.000,1.222200,1.222500,D
173528662,EUR/USD,2005-08-01 09:27:30.000,1.222100,1.222400,D
173528668,EUR/USD,2005-08-01 09:27:30.000,1.222200,1.222500,D
173528685,EUR/USD,2005-08-01 09:27:33.000,1.222100,1.222400,D
173528689,EUR/USD,2005-08-01 09:27:36.000,1.222200,1.222500,D
173528693,EUR/USD,2005-08-01 09:27:36.000,1.222100,1.222400,D
173528697,EUR/USD,2005-08-01 09:27:37.000,1.222200,1.222500,D
173528774,EUR/USD,2005-08-01 09:28:04.000,1.222300,1.222600,D
173528800,EUR/USD,2005-08-01 09:28:12.000,1.222200,1.222500,D
173528820,EUR/USD,2005-08-01 09:28:32.000,1.222300,1.222600,D
173528840,EUR/USD,2005-08-01 09:28:38.000,1.222200,1.222500,D
173528850,EUR/USD,2005-08-01 09:28:41.000,1.222300,1.222600,D
173528918,EUR/USD,2005-08-01 09:29:08.000,1.222200,1.222500,D
173528950,EUR/USD,2005-08-01 09:29:15.000,1.222300,1.222600,D
173529032,EUR/USD,2005-08-01 09:29:41.000,1.222200,1.222500,D
173529042,EUR/USD,2005-08-01 09:29:42.000,1.222100,1.222400,D
173529067,EUR/USD,2005-08-01 09:29:50.000,1.222200,1.222500,D
173529096,EUR/USD,2005-08-01 09:29:58.000,1.222300,1.222600,D
173529131,EUR/USD,2005-08-01 09:30:05.000,1.222400,1.222700,D
173529166,EUR/USD,2005-08-01 09:30:11.000,1.222300,1.222600,D
173529173,EUR/USD,2005-08-01 09:30:12.000,1.222400,1.222700,D
173529241,EUR/USD,2005-08-01 09:30:35.000,1.222500,1.222800,D
173529317,EUR/USD,2005-08-01 09:30:54.000,1.222400,1.222700,D
173529327,EUR/USD,2005-08-01 09:30:55.000,1.222500,1.222800,D
173529401,EUR/USD,2005-08-01 09:31:23.000,1.222400,1.222700,D
173529425,EUR/USD,2005-08-01 09:31:28.000,1.222500,1.222800,D
173529442,EUR/USD,2005-08-01 09:31:31.000,1.222400,1.222700,D
173529447,EUR/USD,2005-08-01 09:31:32.000,1.222500,1.222800,D
173529467,EUR/USD,2005-08-01 09:31:36.000,1.222400,1.222700,D
173529480,EUR/USD,2005-08-01 09:31:39.000,1.222500,1.222800,D
173529556,EUR/USD,2005-08-01 09:32:07.000,1.222600,1.222900,D
173529592,EUR/USD,2005-08-01 09:32:16.000,1.222700,1.223000,D
173529612,EUR/USD,2005-08-01 09:32:20.000,1.222800,1.223100,D
173529638,EUR/USD,2005-08-01 09:32:24.000,1.222900,1.223200,D
173529647,EUR/USD,2005-08-01 09:32:24.000,1.222800,1.223100,D
173529668,EUR/USD,2005-08-01 09:32:28.000,1.222700,1.223000,D
173529672,EUR/USD,2005-08-01 09:32:28.000,1.222800,1.223100,D
173529693,EUR/USD,2005-08-01 09:32:35.000,1.222900,1.223200,D
173529716,EUR/USD,2005-08-01 09:32:41.000,1.222800,1.223100,D
173529722,EUR/USD,2005-08-01 09:32:42.000,1.222900,1.223200,D
173529735,EUR/USD,2005-08-01 09:32:45.000,1.222800,1.223100,D
173529754,EUR/USD,2005-08-01 09:32:48.000,1.222900,1.223200,D
173529777,EUR/USD,2005-08-01 09:32:53.000,1.223000,1.223300,D
173529785,EUR/USD,2005-08-01 09:32:54.000,1.222900,1.223200,D
173529793,EUR/USD,2005-08-01 09:32:56.000,1.223000,1.223300,D
173529803,EUR/USD,2005-08-01 09:32:58.000,1.222900,1.223200,D
173529804,EUR/USD,2005-08-01 09:32:58.000,1.222800,1.223100,D
173529808,EUR/USD,2005-08-01 09:32:58.000,1.222700,1.223000,D
173529859,EUR/USD,2005-08-01 09:33:08.000,1.222800,1.223100,D
173529878,EUR/USD,2005-08-01 09:33:10.000,1.222700,1.223000,D
173529882,EUR/USD,2005-08-01 09:33:12.000,1.222800,1.223100,D
173529886,EUR/USD,2005-08-01 09:33:14.000,1.222700,1.223000,D
173529903,EUR/USD,2005-08-01 09:33:16.000,1.222800,1.223100,D
173529907,EUR/USD,2005-08-01 09:33:18.000,1.222900,1.223200,D
173529923,EUR/USD,2005-08-01 09:33:23.000,1.223000,1.223300,D
173529938,EUR/USD,2005-08-01 09:33:26.000,1.223100,1.223400,D
173529942,EUR/USD,2005-08-01 09:33:27.000,1.223000,1.223300,D
173529949,EUR/USD,2005-08-01 09:33:28.000,1.222900,1.223200,D
173529955,EUR/USD,2005-08-01 09:33:30.000,1.223000,1.223300,D
173529996,EUR/USD,2005-08-01 09:33:42.000,1.222900,1.223200,D
173529998,EUR/USD,2005-08-01 09:33:43.000,1.223000,1.223300,D
173530002,EUR/USD,2005-08-01 09:33:43.000,1.222900,1.223200,D
173530028,EUR/USD,2005-08-01 09:33:50.000,1.222800,1.223100,D
173530040,EUR/USD,2005-08-01 09:33:52.000,1.222900,1.223200,D
173530056,EUR/USD,2005-08-01 09:33:58.000,1.222800,1.223100,D
173530109,EUR/USD,2005-08-01 09:34:08.000,1.222900,1.223200,D
173530132,EUR/USD,2005-08-01 09:34:16.000,1.223000,1.223300,D
173530150,EUR/USD,2005-08-01 09:34:18.000,1.222900,1.223200,D
173530161,EUR/USD,2005-08-01 09:34:19.000,1.223000,1.223300,D
173530170,EUR/USD,2005-08-01 09:34:20.000,1.222900,1.223200,D
173530186,EUR/USD,2005-08-01 09:34:24.000,1.223000,1.223300,D
173530257,EUR/USD,2005-08-01 09:34:50.000,1.222900,1.223200,D
173530266,EUR/USD,2005-08-01 09:34:52.000,1.223000,1.223300,D
173530271,EUR/USD,2005-08-01 09:34:54.000,1.222900,1.223200,D
173530280,EUR/USD,2005-08-01 09:34:58.000,1.223000,1.223300,D
173530299,EUR/USD,2005-08-01 09:35:04.000,1.222900,1.223200,D
173530333,EUR/USD,2005-08-01 09:35:14.000,1.223000,1.223300,D
173530345,EUR/USD,2005-08-01 09:35:18.000,1.223100,1.223400,D
173530352,EUR/USD,2005-08-01 09:35:19.000,1.223000,1.223300,D
173530395,EUR/USD,2005-08-01 09:35:32.000,1.223100,1.223400,D
173530401,EUR/USD,2005-08-01 09:35:33.000,1.223000,1.223300,D
173530434,EUR/USD,2005-08-01 09:35:43.000,1.222900,1.223200,D
173530443,EUR/USD,2005-08-01 09:35:44.000,1.223000,1.223300,D
173530514,EUR/USD,2005-08-01 09:36:25.000,1.223100,1.223400,D
173530517,EUR/USD,2005-08-01 09:36:26.000,1.223000,1.223300,D
173530628,EUR/USD,2005-08-01 09:37:41.000,1.222900,1.223200,D
173530670,EUR/USD,2005-08-01 09:38:03.000,1.222800,1.223100,D
173530684,EUR/USD,2005-08-01 09:38:10.000,1.222900,1.223200,D
173530687,EUR/USD,2005-08-01 09:38:11.000,1.222800,1.223100,D
173530716,EUR/USD,2005-08-01 09:38:18.000,1.222700,1.223000,D
173530721,EUR/USD,2005-08-01 09:38:19.000,1.222800,1.223100,D
173530751,EUR/USD,2005-08-01 09:38:28.000,1.222700,1.223000,D
173530761,EUR/USD,2005-08-01 09:38:33.000,1.222800,1.223100,D
173530770,EUR/USD,2005-08-01 09:38:35.000,1.222700,1.223000,D
173530776,EUR/USD,2005-08-01 09:38:36.000,1.222800,1.223100,D
173530792,EUR/USD,2005-08-01 09:38:47.000,1.222700,1.223000,D
173530797,EUR/USD,2005-08-01 09:38:49.000,1.222800,1.223100,D
173530812,EUR/USD,2005-08-01 09:38:53.000,1.222700,1.223000,D
173530820,EUR/USD,2005-08-01 09:38:55.000,1.222800,1.223100,D
173530828,EUR/USD,2005-08-01 09:38:56.000,1.222700,1.223000,D
173530845,EUR/USD,2005-08-01 09:38:59.000,1.222800,1.223100,D
173530875,EUR/USD,2005-08-01 09:39:30.000,1.222700,1.223000,D
173530919,EUR/USD,2005-08-01 09:39:50.000,1.222600,1.222900,D
173530944,EUR/USD,2005-08-01 09:40:00.000,1.222500,1.222800,D
173530962,EUR/USD,2005-08-01 09:40:06.000,1.222600,1.222900,D
173530975,EUR/USD,2005-08-01 09:40:11.000,1.222500,1.222800,D
173530981,EUR/USD,2005-08-01 09:40:14.000,1.222400,1.222700,D
173530992,EUR/USD,2005-08-01 09:40:17.000,1.222300,1.222600,D
173530998,EUR/USD,2005-08-01 09:40:19.000,1.222400,1.222700,D
173531009,EUR/USD,2005-08-01 09:40:21.000,1.222500,1.222800,D
173531017,EUR/USD,2005-08-01 09:40:22.000,1.222400,1.222700,D
173531045,EUR/USD,2005-08-01 09:40:30.000,1.222300,1.222600,D
173531065,EUR/USD,2005-08-01 09:40:38.000,1.222200,1.222500,D
173531089,EUR/USD,2005-08-01 09:40:42.000,1.222300,1.222600,D
173531133,EUR/USD,2005-08-01 09:41:01.000,1.222200,1.222500,D
173531143,EUR/USD,2005-08-01 09:41:06.000,1.222100,1.222400,D
173531174,EUR/USD,2005-08-01 09:41:14.000,1.222200,1.222500,D
173531190,EUR/USD,2005-08-01 09:41:17.000,1.222100,1.222400,D
173531202,EUR/USD,2005-08-01 09:41:19.000,1.222200,1.222500,D
173531209,EUR/USD,2005-08-01 09:41:23.000,1.222100,1.222400,D
173531214,EUR/USD,2005-08-01 09:41:24.000,1.222200,1.222500,D
173531218,EUR/USD,2005-08-01 09:41:24.000,1.222100,1.222400,D
173531235,EUR/USD,2005-08-01 09:41:36.000,1.222200,1.222500,D
173531272,EUR/USD,2005-08-01 09:42:02.000,1.222300,1.222600,D
173531285,EUR/USD,2005-08-01 09:42:10.000,1.222400,1.222700,D
173531292,EUR/USD,2005-08-01 09:42:11.000,1.222300,1.222600,D
173531295,EUR/USD,2005-08-01 09:42:12.000,1.222400,1.222700,D
173531303,EUR/USD,2005-08-01 09:42:13.000,1.222300,1.222600,D
173531346,EUR/USD,2005-08-01 09:42:44.000,1.222400,1.222700,D
173531364,EUR/USD,2005-08-01 09:42:53.000,1.222300,1.222600,D
173531433,EUR/USD,2005-08-01 09:44:02.000,1.222400,1.222700,D
173531476,EUR/USD,2005-08-01 09:44:16.000,1.222300,1.222600,D
173531530,EUR/USD,2005-08-01 09:45:08.000,1.222400,1.222700,D
173531537,EUR/USD,2005-08-01 09:45:10.000,1.222300,1.222600,D
173531544,EUR/USD,2005-08-01 09:45:14.000,1.222400,1.222700,D
173531618,EUR/USD,2005-08-01 09:46:04.000,1.222300,1.222600,D
173531632,EUR/USD,2005-08-01 09:46:13.000,1.222200,1.222500,D
173531641,EUR/USD,2005-08-01 09:46:16.000,1.222100,1.222400,D
173531646,EUR/USD,2005-08-01 09:46:17.000,1.222200,1.222500,D
173531656,EUR/USD,2005-08-01 09:46:19.000,1.222100,1.222400,D
173531704,EUR/USD,2005-08-01 09:46:38.000,1.222200,1.222500,D
173531746,EUR/USD,2005-08-01 09:46:59.000,1.222100,1.222400,D
173531767,EUR/USD,2005-08-01 09:47:05.000,1.222200,1.222500,D
173531774,EUR/USD,2005-08-01 09:47:05.000,1.222100,1.222400,D
173531783,EUR/USD,2005-08-01 09:47:06.000,1.222200,1.222500,D
173531792,EUR/USD,2005-08-01 09:47:08.000,1.222100,1.222400,D
173531839,EUR/USD,2005-08-01 09:47:16.000,1.222200,1.222500,D
173531864,EUR/USD,2005-08-01 09:47:21.000,1.222100,1.222400,D
173531887,EUR/USD,2005-08-01 09:47:29.000,1.222000,1.222300,D
173531891,EUR/USD,2005-08-01 09:47:29.000,1.222100,1.222400,D
173531922,EUR/USD,2005-08-01 09:47:36.000,1.222000,1.222300,D
173531931,EUR/USD,2005-08-01 09:47:38.000,1.222100,1.222400,D
173531970,EUR/USD,2005-08-01 09:48:07.000,1.222000,1.222300,D
173532013,EUR/USD,2005-08-01 09:48:30.000,1.222100,1.222400,D
173532049,EUR/USD,2005-08-01 09:49:01.000,1.222200,1.222500,D
173532058,EUR/USD,2005-08-01 09:49:06.000,1.222100,1.222400,D
173532063,EUR/USD,2005-08-01 09:49:11.000,1.222000,1.222300,D
173532070,EUR/USD,2005-08-01 09:49:11.000,1.222100,1.222400,D
173532076,EUR/USD,2005-08-01 09:49:12.000,1.222000,1.222300,D
173532091,EUR/USD,2005-08-01 09:49:17.000,1.222100,1.222400,D
173532106,EUR/USD,2005-08-01 09:49:24.000,1.222000,1.222300,D
173532182,EUR/USD,2005-08-01 09:49:52.000,1.222100,1.222400,D
173532199,EUR/USD,2005-08-01 09:49:58.000,1.222000,1.222300,D
173532207,EUR/USD,2005-08-01 09:49:59.000,1.222100,1.222400,D
173532238,EUR/USD,2005-08-01 09:50:21.000,1.222200,1.222500,D
173532250,EUR/USD,2005-08-01 09:50:29.000,1.222300,1.222600,D
173532291,EUR/USD,2005-08-01 09:50:41.000,1.222200,1.222500,D
173532306,EUR/USD,2005-08-01 09:50:48.000,1.222300,1.222600,D
173532310,EUR/USD,2005-08-01 09:50:49.000,1.222200,1.222500,D
173532314,EUR/USD,2005-08-01 09:50:51.000,1.222300,1.222600,D
173532319,EUR/USD,2005-08-01 09:50:53.000,1.222200,1.222500,D
173532322,EUR/USD,2005-08-01 09:50:54.000,1.222300,1.222600,D
173532328,EUR/USD,2005-08-01 09:50:56.000,1.222200,1.222500,D
173532355,EUR/USD,2005-08-01 09:51:11.000,1.222300,1.222600,D
173532685,EUR/USD,2005-08-01 09:54:02.000,1.222200,1.222500,D
173532794,EUR/USD,2005-08-01 09:54:57.000,1.222300,1.222600,D
173532805,EUR/USD,2005-08-01 09:55:00.000,1.222400,1.222700,D
173532824,EUR/USD,2005-08-01 09:55:09.000,1.222300,1.222600,D
173532871,EUR/USD,2005-08-01 09:55:24.000,1.222200,1.222500,D
173532895,EUR/USD,2005-08-01 09:55:38.000,1.222300,1.222600,D
173532896,EUR/USD,2005-08-01 09:55:38.000,1.222400,1.222700,D
173532920,EUR/USD,2005-08-01 09:55:47.000,1.222300,1.222600,D
173532931,EUR/USD,2005-08-01 09:55:49.000,1.222400,1.222700,D
173532942,EUR/USD,2005-08-01 09:55:52.000,1.222300,1.222600,D
173532958,EUR/USD,2005-08-01 09:55:57.000,1.222400,1.222700,D
173532975,EUR/USD,2005-08-01 09:56:07.000,1.222300,1.222600,D
173532978,EUR/USD,2005-08-01 09:56:08.000,1.222400,1.222700,D
173532987,EUR/USD,2005-08-01 09:56:17.000,1.222300,1.222600,D
173532997,EUR/USD,2005-08-01 09:56:18.000,1.222400,1.222700,D
173533003,EUR/USD,2005-08-01 09:56:19.000,1.222300,1.222600,D
173533013,EUR/USD,2005-08-01 09:56:20.000,1.222400,1.222700,D
173533014,EUR/USD,2005-08-01 09:56:22.000,1.222300,1.222600,D
173533023,EUR/USD,2005-08-01 09:56:27.000,1.222400,1.222700,D
173533057,EUR/USD,2005-08-01 09:56:57.000,1.222300,1.222600,D
173533060,EUR/USD,2005-08-01 09:56:57.000,1.222400,1.222700,D
173533078,EUR/USD,2005-08-01 09:57:07.000,1.222300,1.222600,D
173533083,EUR/USD,2005-08-01 09:57:08.000,1.222400,1.222700,D
173533085,EUR/USD,2005-08-01 09:57:09.000,1.222300,1.222600,D
173533095,EUR/USD,2005-08-01 09:57:14.000,1.222200,1.222500,D
173533112,EUR/USD,2005-08-01 09:57:19.000,1.222300,1.222600,D
173533137,EUR/USD,2005-08-01 09:57:28.000,1.222200,1.222500,D
173533151,EUR/USD,2005-08-01 09:57:38.000,1.222100,1.222400,D
173533179,EUR/USD,2005-08-01 09:57:48.000,1.222000,1.222300,D
173533219,EUR/USD,2005-08-01 09:58:02.000,1.222100,1.222400,D
173533220,EUR/USD,2005-08-01 09:58:02.000,1.222000,1.222300,D
173533244,EUR/USD,2005-08-01 09:58:07.000,1.222100,1.222400,D
173533262,EUR/USD,2005-08-01 09:58:13.000,1.222200,1.222500,D
173533264,EUR/USD,2005-08-01 09:58:13.000,1.222100,1.222400,D
173533308,EUR/USD,2005-08-01 09:58:53.000,1.222200,1.222500,D
173533316,EUR/USD,2005-08-01 09:58:54.000,1.222100,1.222400,D
173533346,EUR/USD,2005-08-01 09:59:06.000,1.222000,1.222300,D
173533358,EUR/USD,2005-08-01 09:59:12.000,1.222100,1.222400,D
173533366,EUR/USD,2005-08-01 09:59:13.000,1.222000,1.222300,D
173533373,EUR/USD,2005-08-01 09:59:17.000,1.222100,1.222400,D
173533382,EUR/USD,2005-08-01 09:59:17.000,1.222000,1.222300,D
173533404,EUR/USD,2005-08-01 09:59:21.000,1.222100,1.222400,D
173533412,EUR/USD,2005-08-01 09:59:22.000,1.222000,1.222300,D
173533425,EUR/USD,2005-08-01 09:59:26.000,1.222100,1.222400,D
173533447,EUR/USD,2005-08-01 09:59:32.000,1.222000,1.222300,D
173533449,EUR/USD,2005-08-01 09:59:33.000,1.222100,1.222400,D
173533457,EUR/USD,2005-08-01 09:59:36.000,1.222000,1.222300,D
173533461,EUR/USD,2005-08-01 09:59:38.000,1.222100,1.222400,D
173533473,EUR/USD,2005-08-01 09:59:40.000,1.222200,1.222500,D
173533509,EUR/USD,2005-08-01 09:59:49.000,1.222300,1.222600,D
173533518,EUR/USD,2005-08-01 09:59:50.000,1.222200,1.222500,D
173533527,EUR/USD,2005-08-01 09:59:51.000,1.222300,1.222600,D
173533538,EUR/USD,2005-08-01 09:59:53.000,1.222200,1.222500,D
173533554,EUR/USD,2005-08-01 09:59:55.000,1.222300,1.222600,D
173533572,EUR/USD,2005-08-01 09:59:57.000,1.222200,1.222500,D
173533573,EUR/USD,2005-08-01 09:59:58.000,1.222100,1.222400,D
173533582,EUR/USD,2005-08-01 10:00:00.000,1.222200,1.222500,D
173533602,EUR/USD,2005-08-01 10:00:04.000,1.222300,1.222600,D
173533629,EUR/USD,2005-08-01 10:00:08.000,1.222000,1.222300,D
173533652,EUR/USD,2005-08-01 10:00:09.000,1.221900,1.222200,D
173533656,EUR/USD,2005-08-01 10:00:09.000,1.221800,1.222100,D
173533659,EUR/USD,2005-08-01 10:00:09.000,1.221700,1.222000,D
173533663,EUR/USD,2005-08-01 10:00:09.000,1.221300,1.221600,D
173533673,EUR/USD,2005-08-01 10:00:10.000,1.221400,1.221700,D
173533680,EUR/USD,2005-08-01 10:00:10.000,1.221500,1.221800,D
173533697,EUR/USD,2005-08-01 10:00:10.000,1.221300,1.221600,D
173533716,EUR/USD,2005-08-01 10:00:11.000,1.221500,1.221700,D
173533729,EUR/USD,2005-08-01 10:00:12.000,1.221700,1.222000,D
173533734,EUR/USD,2005-08-01 10:00:12.000,1.221600,1.221900,D
173533750,EUR/USD,2005-08-01 10:00:13.000,1.221700,1.222000,D
173533767,EUR/USD,2005-08-01 10:00:14.000,1.221800,1.222100,D
173533780,EUR/USD,2005-08-01 10:00:15.000,1.221900,1.222200,D
173533799,EUR/USD,2005-08-01 10:00:15.000,1.222000,1.222300,D
173533818,EUR/USD,2005-08-01 10:00:17.000,1.222100,1.222400,D
173533868,EUR/USD,2005-08-01 10:00:20.000,1.222000,1.222300,D
173533881,EUR/USD,2005-08-01 10:00:21.000,1.222100,1.222400,D
173533886,EUR/USD,2005-08-01 10:00:21.000,1.222100,1.222300,D
173533894,EUR/USD,2005-08-01 10:00:22.000,1.222100,1.222400,D
173533905,EUR/USD,2005-08-01 10:00:23.000,1.222200,1.222500,D
173533908,EUR/USD,2005-08-01 10:00:23.000,1.222300,1.222600,D
173533916,EUR/USD,2005-08-01 10:00:24.000,1.222400,1.222700,D
173533925,EUR/USD,2005-08-01 10:00:24.000,1.222500,1.222800,D
173533938,EUR/USD,2005-08-01 10:00:25.000,1.222400,1.222700,D
173533943,EUR/USD,2005-08-01 10:00:25.000,1.222300,1.222600,D
173533946,EUR/USD,2005-08-01 10:00:26.000,1.222400,1.222700,D
173533963,EUR/USD,2005-08-01 10:00:27.000,1.222500,1.222800,D
173533971,EUR/USD,2005-08-01 10:00:27.000,1.222600,1.222900,D
173534000,EUR/USD,2005-08-01 10:00:29.000,1.222700,1.223000,D
173534017,EUR/USD,2005-08-01 10:00:31.000,1.222800,1.223100,D
173534021,EUR/USD,2005-08-01 10:00:31.000,1.222700,1.223000,D
173534028,EUR/USD,2005-08-01 10:00:32.000,1.222600,1.222900,D
173534056,EUR/USD,2005-08-01 10:00:35.000,1.222500,1.222800,D
173534063,EUR/USD,2005-08-01 10:00:36.000,1.222400,1.222700,D
173534072,EUR/USD,2005-08-01 10:00:36.000,1.222300,1.222600,D
173534095,EUR/USD,2005-08-01 10:00:39.000,1.222200,1.222500,D
173534105,EUR/USD,2005-08-01 10:00:39.000,1.222300,1.222600,D
173534112,EUR/USD,2005-08-01 10:00:40.000,1.222400,1.222700,D
173534115,EUR/USD,2005-08-01 10:00:40.000,1.222500,1.222800,D
173534136,EUR/USD,2005-08-01 10:00:42.000,1.222600,1.222900,D
173534150,EUR/USD,2005-08-01 10:00:43.000,1.222700,1.223000,D
173534184,EUR/USD,2005-08-01 10:00:46.000,1.222800,1.223100,D
173534203,EUR/USD,2005-08-01 10:00:47.000,1.222700,1.223000,D
173534206,EUR/USD,2005-08-01 10:00:47.000,1.222800,1.223100,D
173534209,EUR/USD,2005-08-01 10:00:48.000,1.222900,1.223200,D
173534214,EUR/USD,2005-08-01 10:00:48.000,1.223000,1.223300,D
173534230,EUR/USD,2005-08-01 10:00:49.000,1.222900,1.223200,D
173534242,EUR/USD,2005-08-01 10:00:50.000,1.222800,1.223100,D
173534265,EUR/USD,2005-08-01 10:00:51.000,1.222900,1.223200,D
173534270,EUR/USD,2005-08-01 10:00:52.000,1.223000,1.223300,D
173534282,EUR/USD,2005-08-01 10:00:52.000,1.222900,1.223200,D
173534289,EUR/USD,2005-08-01 10:00:53.000,1.222800,1.223100,D
173534304,EUR/USD,2005-08-01 10:00:54.000,1.222900,1.223200,D
173534309,EUR/USD,2005-08-01 10:00:54.000,1.222800,1.223100,D
173534317,EUR/USD,2005-08-01 10:00:54.000,1.222700,1.223000,D
173534320,EUR/USD,2005-08-01 10:00:55.000,1.222600,1.222900,D
173534331,EUR/USD,2005-08-01 10:00:57.000,1.222500,1.222800,D
173534342,EUR/USD,2005-08-01 10:00:57.000,1.222400,1.222700,D
173534387,EUR/USD,2005-08-01 10:01:02.000,1.222300,1.222600,D
173534395,EUR/USD,2005-08-01 10:01:03.000,1.222500,1.222800,D
173534412,EUR/USD,2005-08-01 10:01:05.000,1.222600,1.222900,D
173534419,EUR/USD,2005-08-01 10:01:06.000,1.222700,1.223000,D
173534435,EUR/USD,2005-08-01 10:01:08.000,1.222600,1.222900,D
173534442,EUR/USD,2005-08-01 10:01:10.000,1.222500,1.222800,D
173534456,EUR/USD,2005-08-01 10:01:11.000,1.222400,1.222700,D
173534462,EUR/USD,2005-08-01 10:01:12.000,1.222300,1.222600,D
173534482,EUR/USD,2005-08-01 10:01:14.000,1.222200,1.222500,D
173534501,EUR/USD,2005-08-01 10:01:16.000,1.222300,1.222600,D
173534512,EUR/USD,2005-08-01 10:01:17.000,1.222400,1.222700,D
173534538,EUR/USD,2005-08-01 10:01:19.000,1.222600,1.222900,D
173534554,EUR/USD,2005-08-01 10:01:20.000,1.222500,1.222800,D
173534563,EUR/USD,2005-08-01 10:01:21.000,1.222600,1.222900,D
173534566,EUR/USD,2005-08-01 10:01:21.000,1.222700,1.223000,D
173534571,EUR/USD,2005-08-01 10:01:22.000,1.222600,1.222900,D
173534616,EUR/USD,2005-08-01 10:01:28.000,1.222700,1.223000,D
173534642,EUR/USD,2005-08-01 10:01:31.000,1.222600,1.222900,D
173534654,EUR/USD,2005-08-01 10:01:36.000,1.222500,1.222800,D
173534673,EUR/USD,2005-08-01 10:01:39.000,1.222400,1.222700,D
173534722,EUR/USD,2005-08-01 10:01:45.000,1.222500,1.222800,D
173534728,EUR/USD,2005-08-01 10:01:46.000,1.222600,1.222900,D
173534748,EUR/USD,2005-08-01 10:01:47.000,1.222700,1.223000,D
173534767,EUR/USD,2005-08-01 10:01:49.000,1.222800,1.223100,D
173534777,EUR/USD,2005-08-01 10:01:51.000,1.222900,1.223200,D
173534792,EUR/USD,2005-08-01 10:01:52.000,1.223000,1.223300,D
173534796,EUR/USD,2005-08-01 10:01:52.000,1.222900,1.223200,D
173534801,EUR/USD,2005-08-01 10:01:52.000,1.223000,1.223300,D
173534807,EUR/USD,2005-08-01 10:01:53.000,1.223100,1.223400,D
173534818,EUR/USD,2005-08-01 10:01:54.000,1.223200,1.223500,D
173534820,EUR/USD,2005-08-01 10:01:55.000,1.223300,1.223600,D
173534824,EUR/USD,2005-08-01 10:01:55.000,1.223200,1.223500,D
173534839,EUR/USD,2005-08-01 10:01:57.000,1.223100,1.223400,D
173534845,EUR/USD,2005-08-01 10:01:57.000,1.223200,1.223500,D
173534869,EUR/USD,2005-08-01 10:02:00.000,1.223100,1.223400,D
173534884,EUR/USD,2005-08-01 10:02:02.000,1.223200,1.223500,D
173534896,EUR/USD,2005-08-01 10:02:03.000,1.223300,1.223600,D
173534905,EUR/USD,2005-08-01 10:02:05.000,1.223200,1.223500,D
173534907,EUR/USD,2005-08-01 10:02:05.000,1.223300,1.223600,D
173534925,EUR/USD,2005-08-01 10:02:07.000,1.223400,1.223700,D
173534931,EUR/USD,2005-08-01 10:02:08.000,1.223500,1.223800,D
173534934,EUR/USD,2005-08-01 10:02:09.000,1.223600,1.223900,D
173534951,EUR/USD,2005-08-01 10:02:11.000,1.223700,1.224000,D
173534957,EUR/USD,2005-08-01 10:02:11.000,1.223600,1.223900,D
173534968,EUR/USD,2005-08-01 10:02:12.000,1.223500,1.223800,D
173534978,EUR/USD,2005-08-01 10:02:13.000,1.223600,1.223900,D
173534982,EUR/USD,2005-08-01 10:02:14.000,1.223500,1.223800,D
173534987,EUR/USD,2005-08-01 10:02:14.000,1.223400,1.223700,D
173534999,EUR/USD,2005-08-01 10:02:15.000,1.223300,1.223600,D
173535022,EUR/USD,2005-08-01 10:02:17.000,1.223400,1.223700,D
173535038,EUR/USD,2005-08-01 10:02:19.000,1.223300,1.223600,D
173535049,EUR/USD,2005-08-01 10:02:20.000,1.223200,1.223500,D
173535056,EUR/USD,2005-08-01 10:02:20.000,1.223300,1.223600,D
173535104,EUR/USD,2005-08-01 10:02:25.000,1.223200,1.223500,D
173535121,EUR/USD,2005-08-01 10:02:27.000,1.223300,1.223600,D
173535128,EUR/USD,2005-08-01 10:02:28.000,1.223200,1.223500,D
173535139,EUR/USD,2005-08-01 10:02:30.000,1.223300,1.223600,D
173535186,EUR/USD,2005-08-01 10:02:38.000,1.223400,1.223700,D
173535230,EUR/USD,2005-08-01 10:02:47.000,1.223500,1.223800,D
173535244,EUR/USD,2005-08-01 10:02:48.000,1.223400,1.223700,D
173535247,EUR/USD,2005-08-01 10:02:49.000,1.223300,1.223600,D
173535254,EUR/USD,2005-08-01 10:02:49.000,1.223400,1.223700,D
173535262,EUR/USD,2005-08-01 10:02:50.000,1.223300,1.223600,D
173535266,EUR/USD,2005-08-01 10:02:51.000,1.223400,1.223700,D
173535279,EUR/USD,2005-08-01 10:02:53.000,1.223300,1.223600,D
173535306,EUR/USD,2005-08-01 10:02:57.000,1.223400,1.223700,D
173535316,EUR/USD,2005-08-01 10:02:59.000,1.223300,1.223600,D
173535325,EUR/USD,2005-08-01 10:03:00.000,1.223200,1.223500,D
173535350,EUR/USD,2005-08-01 10:03:04.000,1.223100,1.223400,D
173535364,EUR/USD,2005-08-01 10:03:08.000,1.223000,1.223300,D
173535372,EUR/USD,2005-08-01 10:03:10.000,1.223100,1.223400,D
173535382,EUR/USD,2005-08-01 10:03:11.000,1.223000,1.223300,D
173535391,EUR/USD,2005-08-01 10:03:13.000,1.223100,1.223400,D
173535407,EUR/USD,2005-08-01 10:03:14.000,1.223000,1.223300,D
173535411,EUR/USD,2005-08-01 10:03:15.000,1.222900,1.223200,D
173535417,EUR/USD,2005-08-01 10:03:16.000,1.223000,1.223300,D
173535422,EUR/USD,2005-08-01 10:03:16.000,1.223100,1.223400,D
173535433,EUR/USD,2005-08-01 10:03:18.000,1.223000,1.223300,D
173535453,EUR/USD,2005-08-01 10:03:21.000,1.223100,1.223400,D
173535457,EUR/USD,2005-08-01 10:03:21.000,1.223000,1.223300,D
173535482,EUR/USD,2005-08-01 10:03:25.000,1.223100,1.223400,D
173535494,EUR/USD,2005-08-01 10:03:27.000,1.223200,1.223500,D
173535502,EUR/USD,2005-08-01 10:03:28.000,1.223100,1.223400,D
173535527,EUR/USD,2005-08-01 10:03:30.000,1.223000,1.223300,D
173535551,EUR/USD,2005-08-01 10:03:33.000,1.223100,1.223400,D
173535566,EUR/USD,2005-08-01 10:03:34.000,1.223000,1.223300,D
173535582,EUR/USD,2005-08-01 10:03:35.000,1.222900,1.223200,D
173535607,EUR/USD,2005-08-01 10:03:40.000,1.222800,1.223100,D
173535624,EUR/USD,2005-08-01 10:03:42.000,1.222700,1.223000,D
173535632,EUR/USD,2005-08-01 10:03:44.000,1.222800,1.223100,D
173535646,EUR/USD,2005-08-01 10:03:48.000,1.222900,1.223200,D
173535659,EUR/USD,2005-08-01 10:03:51.000,1.222800,1.223100,D
173535665,EUR/USD,2005-08-01 10:03:52.000,1.222900,1.223200,D
173535668,EUR/USD,2005-08-01 10:03:53.000,1.222800,1.223100,D
173535710,EUR/USD,2005-08-01 10:04:07.000,1.222900,1.223200,D
173535723,EUR/USD,2005-08-01 10:04:09.000,1.222800,1.223100,D
173535748,EUR/USD,2005-08-01 10:04:17.000,1.222900,1.223200,D
173535775,EUR/USD,2005-08-01 10:04:22.000,1.222800,1.223100,D
173535781,EUR/USD,2005-08-01 10:04:23.000,1.222900,1.223200,D
173535797,EUR/USD,2005-08-01 10:04:26.000,1.222800,1.223100,D
173535801,EUR/USD,2005-08-01 10:04:27.000,1.222900,1.223200,D
173535812,EUR/USD,2005-08-01 10:04:29.000,1.222800,1.223100,D
173535816,EUR/USD,2005-08-01 10:04:30.000,1.222900,1.223200,D
173535821,EUR/USD,2005-08-01 10:04:31.000,1.222800,1.223100,D
173535834,EUR/USD,2005-08-01 10:04:35.000,1.222700,1.223000,D
173535840,EUR/USD,2005-08-01 10:04:38.000,1.222800,1.223100,D
173535875,EUR/USD,2005-08-01 10:04:57.000,1.222900,1.223200,D
173535888,EUR/USD,2005-08-01 10:04:59.000,1.222700,1.223000,D
173535891,EUR/USD,2005-08-01 10:04:59.000,1.222800,1.223100,D
173535951,EUR/USD,2005-08-01 10:05:10.000,1.222700,1.223000,D
173535998,EUR/USD,2005-08-01 10:05:19.000,1.222800,1.223100,D
173536010,EUR/USD,2005-08-01 10:05:20.000,1.222700,1.223000,D
173536012,EUR/USD,2005-08-01 10:05:20.000,1.222600,1.222900,D
173536027,EUR/USD,2005-08-01 10:05:23.000,1.222500,1.222800,D
173536051,EUR/USD,2005-08-01 10:05:27.000,1.222600,1.222900,D
173536065,EUR/USD,2005-08-01 10:05:29.000,1.222500,1.222800,D
173536074,EUR/USD,2005-08-01 10:05:32.000,1.222400,1.222700,D
173536076,EUR/USD,2005-08-01 10:05:32.000,1.222300,1.222600,D
173536103,EUR/USD,2005-08-01 10:05:34.000,1.222200,1.222500,D
173536143,EUR/USD,2005-08-01 10:05:37.000,1.222100,1.222400,D
173536166,EUR/USD,2005-08-01 10:05:39.000,1.222200,1.222500,D
173536174,EUR/USD,2005-08-01 10:05:40.000,1.222100,1.222400,D
173536189,EUR/USD,2005-08-01 10:05:43.000,1.222200,1.222500,D
173536207,EUR/USD,2005-08-01 10:05:47.000,1.222100,1.222400,D
173536224,EUR/USD,2005-08-01 10:05:50.000,1.222000,1.222300,D
173536241,EUR/USD,2005-08-01 10:05:51.000,1.222100,1.222400,D
173536251,EUR/USD,2005-08-01 10:05:53.000,1.222200,1.222500,D
173536258,EUR/USD,2005-08-01 10:05:56.000,1.222100,1.222400,D
173536261,EUR/USD,2005-08-01 10:05:56.000,1.222200,1.222500,D
173536277,EUR/USD,2005-08-01 10:05:58.000,1.222000,1.222300,D
173536278,EUR/USD,2005-08-01 10:05:59.000,1.222100,1.222400,D
173536333,EUR/USD,2005-08-01 10:06:07.000,1.222200,1.222500,D
173536349,EUR/USD,2005-08-01 10:06:11.000,1.222100,1.222400,D
173536361,EUR/USD,2005-08-01 10:06:14.000,1.222200,1.222500,D
173536376,EUR/USD,2005-08-01 10:06:15.000,1.222100,1.222400,D
173536395,EUR/USD,2005-08-01 10:06:23.000,1.222000,1.222300,D
173536403,EUR/USD,2005-08-01 10:06:24.000,1.222100,1.222400,D
173536417,EUR/USD,2005-08-01 10:06:26.000,1.222000,1.222300,D
173536426,EUR/USD,2005-08-01 10:06:27.000,1.221900,1.222200,D
173536440,EUR/USD,2005-08-01 10:06:28.000,1.222000,1.222300,D
173536442,EUR/USD,2005-08-01 10:06:29.000,1.221900,1.222200,D
173536478,EUR/USD,2005-08-01 10:06:33.000,1.221800,1.222100,D
173536491,EUR/USD,2005-08-01 10:06:35.000,1.221700,1.222000,D
173536530,EUR/USD,2005-08-01 10:06:40.000,1.221800,1.222100,D
173536558,EUR/USD,2005-08-01 10:06:46.000,1.221700,1.222000,D
173536573,EUR/USD,2005-08-01 10:06:48.000,1.221600,1.221900,D
173536575,EUR/USD,2005-08-01 10:06:49.000,1.221700,1.222000,D
173536578,EUR/USD,2005-08-01 10:06:50.000,1.221600,1.221900,D
173536591,EUR/USD,2005-08-01 10:06:51.000,1.221700,1.222000,D
173536606,EUR/USD,2005-08-01 10:06:54.000,1.221800,1.222100,D
173536617,EUR/USD,2005-08-01 10:06:56.000,1.221700,1.222000,D
173536633,EUR/USD,2005-08-01 10:06:59.000,1.221600,1.221900,D
173536638,EUR/USD,2005-08-01 10:07:00.000,1.221700,1.222000,D
173536646,EUR/USD,2005-08-01 10:07:01.000,1.221600,1.221900,D
173536673,EUR/USD,2005-08-01 10:07:07.000,1.221700,1.222000,D
173536687,EUR/USD,2005-08-01 10:07:08.000,1.221600,1.221900,D
173536700,EUR/USD,2005-08-01 10:07:11.000,1.221500,1.221800,D
173536704,EUR/USD,2005-08-01 10:07:11.000,1.221600,1.221900,D
173536741,EUR/USD,2005-08-01 10:07:15.000,1.221700,1.222000,D
173536770,EUR/USD,2005-08-01 10:07:19.000,1.221800,1.222100,D
173536788,EUR/USD,2005-08-01 10:07:21.000,1.221900,1.222200,D
173536792,EUR/USD,2005-08-01 10:07:22.000,1.221800,1.222100,D
173536796,EUR/USD,2005-08-01 10:07:22.000,1.221900,1.222200,D
173536835,EUR/USD,2005-08-01 10:07:30.000,1.222000,1.222300,D
173536838,EUR/USD,2005-08-01 10:07:31.000,1.221900,1.222200,D
173536872,EUR/USD,2005-08-01 10:07:35.000,1.222000,1.222300,D
173536881,EUR/USD,2005-08-01 10:07:36.000,1.221900,1.222200,D
173536888,EUR/USD,2005-08-01 10:07:37.000,1.222000,1.222300,D
173536920,EUR/USD,2005-08-01 10:07:45.000,1.221900,1.222200,D
173536942,EUR/USD,2005-08-01 10:07:49.000,1.221800,1.222100,D
173536952,EUR/USD,2005-08-01 10:07:50.000,1.221900,1.222200,D
173536959,EUR/USD,2005-08-01 10:07:52.000,1.221800,1.222100,D
173536985,EUR/USD,2005-08-01 10:07:59.000,1.221700,1.222000,D
173536989,EUR/USD,2005-08-01 10:07:59.000,1.221800,1.222100,D
173537009,EUR/USD,2005-08-01 10:08:07.000,1.221700,1.222000,D
173537016,EUR/USD,2005-08-01 10:08:09.000,1.221800,1.222100,D
173537018,EUR/USD,2005-08-01 10:08:09.000,1.221900,1.222200,D
173537035,EUR/USD,2005-08-01 10:08:13.000,1.222000,1.222300,D
173537043,EUR/USD,2005-08-01 10:08:13.000,1.221900,1.222200,D
173537057,EUR/USD,2005-08-01 10:08:18.000,1.222000,1.222300,D
173537084,EUR/USD,2005-08-01 10:08:23.000,1.221900,1.222200,D
173537097,EUR/USD,2005-08-01 10:08:25.000,1.222000,1.222300,D
173537102,EUR/USD,2005-08-01 10:08:27.000,1.222100,1.222400,D
173537141,EUR/USD,2005-08-01 10:08:32.000,1.222000,1.222300,D
173537175,EUR/USD,2005-08-01 10:08:36.000,1.222100,1.222400,D
173537201,EUR/USD,2005-08-01 10:08:42.000,1.222300,1.222600,D
173537231,EUR/USD,2005-08-01 10:08:45.000,1.222400,1.222700,D
173537237,EUR/USD,2005-08-01 10:08:45.000,1.222300,1.222600,D
173537244,EUR/USD,2005-08-01 10:08:46.000,1.222400,1.222700,D
173537250,EUR/USD,2005-08-01 10:08:47.000,1.222300,1.222600,D
173537259,EUR/USD,2005-08-01 10:08:48.000,1.222400,1.222700,D
173537270,EUR/USD,2005-08-01 10:08:50.000,1.222300,1.222600,D
173537296,EUR/USD,2005-08-01 10:08:56.000,1.222400,1.222700,D
173537303,EUR/USD,2005-08-01 10:08:58.000,1.222500,1.222800,D
173537322,EUR/USD,2005-08-01 10:08:59.000,1.222400,1.222700,D
173537340,EUR/USD,2005-08-01 10:09:05.000,1.222500,1.222800,D
173537344,EUR/USD,2005-08-01 10:09:05.000,1.222400,1.222700,D
173537353,EUR/USD,2005-08-01 10:09:08.000,1.222500,1.222800,D
173537358,EUR/USD,2005-08-01 10:09:09.000,1.222400,1.222700,D
173537361,EUR/USD,2005-08-01 10:09:09.000,1.222500,1.222800,D
173537371,EUR/USD,2005-08-01 10:09:10.000,1.222600,1.222900,D
173537382,EUR/USD,2005-08-01 10:09:12.000,1.222500,1.222800,D
173537383,EUR/USD,2005-08-01 10:09:12.000,1.222400,1.222700,D
173537401,EUR/USD,2005-08-01 10:09:14.000,1.222500,1.222800,D
173537427,EUR/USD,2005-08-01 10:09:20.000,1.222400,1.222700,D
173537459,EUR/USD,2005-08-01 10:09:31.000,1.222500,1.222800,D
173537465,EUR/USD,2005-08-01 10:09:32.000,1.222400,1.222700,D
173537477,EUR/USD,2005-08-01 10:09:35.000,1.222500,1.222800,D
173537492,EUR/USD,2005-08-01 10:09:38.000,1.222600,1.222900,D
173537518,EUR/USD,2005-08-01 10:09:42.000,1.222700,1.223000,D
173537531,EUR/USD,2005-08-01 10:09:44.000,1.222800,1.223100,D
173537576,EUR/USD,2005-08-01 10:09:53.000,1.222900,1.223200,D
173537599,EUR/USD,2005-08-01 10:09:58.000,1.222800,1.223100,D
173537602,EUR/USD,2005-08-01 10:09:58.000,1.222900,1.223200,D
173537609,EUR/USD,2005-08-01 10:09:59.000,1.222800,1.223100,D
173537630,EUR/USD,2005-08-01 10:10:03.000,1.222700,1.223000,D
173537644,EUR/USD,2005-08-01 10:10:04.000,1.222800,1.223100,D
173537654,EUR/USD,2005-08-01 10:10:05.000,1.222700,1.223000,D
173537662,EUR/USD,2005-08-01 10:10:09.000,1.222600,1.222900,D
173537668,EUR/USD,2005-08-01 10:10:12.000,1.222500,1.222800,D
173537712,EUR/USD,2005-08-01 10:10:25.000,1.222600,1.222900,D
173537718,EUR/USD,2005-08-01 10:10:27.000,1.222500,1.222800,D
173537720,EUR/USD,2005-08-01 10:10:28.000,1.222600,1.222900,D
173537724,EUR/USD,2005-08-01 10:10:28.000,1.222700,1.223000,D
173537736,EUR/USD,2005-08-01 10:10:31.000,1.222600,1.222900,D
173537745,EUR/USD,2005-08-01 10:10:34.000,1.222500,1.222800,D
173537751,EUR/USD,2005-08-01 10:10:35.000,1.222600,1.222900,D
173537758,EUR/USD,2005-08-01 10:10:36.000,1.222500,1.222800,D
173537774,EUR/USD,2005-08-01 10:10:37.000,1.222600,1.222900,D
173537778,EUR/USD,2005-08-01 10:10:38.000,1.222500,1.222800,D
173537781,EUR/USD,2005-08-01 10:10:39.000,1.222600,1.222900,D
173537790,EUR/USD,2005-08-01 10:10:41.000,1.222500,1.222800,D
173537800,EUR/USD,2005-08-01 10:10:49.000,1.222600,1.222900,D
173537854,EUR/USD,2005-08-01 10:11:06.000,1.222500,1.222800,D
173537863,EUR/USD,2005-08-01 10:11:08.000,1.222400,1.222700,D
173537869,EUR/USD,2005-08-01 10:11:08.000,1.222500,1.222800,D
173537888,EUR/USD,2005-08-01 10:11:11.000,1.222400,1.222700,D
173537897,EUR/USD,2005-08-01 10:11:14.000,1.222500,1.222800,D
173537913,EUR/USD,2005-08-01 10:11:18.000,1.222400,1.222700,D
173537920,EUR/USD,2005-08-01 10:11:19.000,1.222500,1.222800,D
173537926,EUR/USD,2005-08-01 10:11:20.000,1.222400,1.222700,D
173537973,EUR/USD,2005-08-01 10:11:33.000,1.222300,1.222600,D
173537982,EUR/USD,2005-08-01 10:11:36.000,1.222400,1.222700,D
173538000,EUR/USD,2005-08-01 10:11:38.000,1.222300,1.222600,D
173538004,EUR/USD,2005-08-01 10:11:39.000,1.222400,1.222700,D
173538016,EUR/USD,2005-08-01 10:11:41.000,1.222300,1.222600,D
173538028,EUR/USD,2005-08-01 10:11:53.000,1.222400,1.222700,D
173538041,EUR/USD,2005-08-01 10:11:54.000,1.222300,1.222600,D
173538054,EUR/USD,2005-08-01 10:12:01.000,1.222400,1.222700,D
173538072,EUR/USD,2005-08-01 10:12:09.000,1.222500,1.222800,D
173538095,EUR/USD,2005-08-01 10:12:17.000,1.222600,1.222900,D
173538106,EUR/USD,2005-08-01 10:12:18.000,1.222500,1.222800,D
173538117,EUR/USD,2005-08-01 10:12:21.000,1.222600,1.222900,D
173538132,EUR/USD,2005-08-01 10:12:23.000,1.222500,1.222800,D
173538140,EUR/USD,2005-08-01 10:12:26.000,1.222400,1.222700,D
173538154,EUR/USD,2005-08-01 10:12:29.000,1.222500,1.222800,D
173538163,EUR/USD,2005-08-01 10:12:31.000,1.222400,1.222700,D
173538201,EUR/USD,2005-08-01 10:12:40.000,1.222300,1.222600,D
173538228,EUR/USD,2005-08-01 10:12:47.000,1.222200,1.222500,D
173538243,EUR/USD,2005-08-01 10:12:49.000,1.222300,1.222600,D
173538257,EUR/USD,2005-08-01 10:12:51.000,1.222200,1.222400,D
173538263,EUR/USD,2005-08-01 10:12:51.000,1.222000,1.222300,D
173538278,EUR/USD,2005-08-01 10:12:53.000,1.222100,1.222400,D
173538290,EUR/USD,2005-08-01 10:12:57.000,1.222000,1.222300,D
173538310,EUR/USD,2005-08-01 10:13:00.000,1.221900,1.222200,D
173538326,EUR/USD,2005-08-01 10:13:03.000,1.221800,1.222100,D
173538337,EUR/USD,2005-08-01 10:13:04.000,1.221900,1.222200,D
173538343,EUR/USD,2005-08-01 10:13:04.000,1.221800,1.222100,D
173538350,EUR/USD,2005-08-01 10:13:05.000,1.221900,1.222200,D
173538367,EUR/USD,2005-08-01 10:13:07.000,1.222000,1.222300,D
173538445,EUR/USD,2005-08-01 10:13:30.000,1.221900,1.222200,D
173538455,EUR/USD,2005-08-01 10:13:32.000,1.222000,1.222300,D
173538466,EUR/USD,2005-08-01 10:13:34.000,1.222100,1.222400,D
173538478,EUR/USD,2005-08-01 10:13:36.000,1.222000,1.222300,D
173538514,EUR/USD,2005-08-01 10:13:45.000,1.222100,1.222400,D
173538538,EUR/USD,2005-08-01 10:13:52.000,1.222200,1.222500,D
173538574,EUR/USD,2005-08-01 10:14:01.000,1.222100,1.222400,D
173538594,EUR/USD,2005-08-01 10:14:03.000,1.222000,1.222300,D
173538619,EUR/USD,2005-08-01 10:14:15.000,1.222100,1.222400,D
173538627,EUR/USD,2005-08-01 10:14:17.000,1.222000,1.222300,D
173538632,EUR/USD,2005-08-01 10:14:19.000,1.222100,1.222400,D
173538641,EUR/USD,2005-08-01 10:14:21.000,1.222000,1.222300,D
173538657,EUR/USD,2005-08-01 10:14:29.000,1.222100,1.222400,D
173538721,EUR/USD,2005-08-01 10:14:43.000,1.222000,1.222300,D
173538727,EUR/USD,2005-08-01 10:14:46.000,1.222100,1.222400,D
173538730,EUR/USD,2005-08-01 10:14:47.000,1.222000,1.222300,D
173538748,EUR/USD,2005-08-01 10:14:53.000,1.222100,1.222400,D
173538752,EUR/USD,2005-08-01 10:14:54.000,1.222000,1.222300,D
173538763,EUR/USD,2005-08-01 10:14:58.000,1.222100,1.222400,D
173538788,EUR/USD,2005-08-01 10:15:06.000,1.222200,1.222500,D
173538803,EUR/USD,2005-08-01 10:15:10.000,1.222300,1.222600,D
173538815,EUR/USD,2005-08-01 10:15:13.000,1.222400,1.222700,D
173538827,EUR/USD,2005-08-01 10:15:14.000,1.222500,1.222800,D
173538861,EUR/USD,2005-08-01 10:15:19.000,1.222600,1.222900,D
173538880,EUR/USD,2005-08-01 10:15:24.000,1.222700,1.223000,D
173538886,EUR/USD,2005-08-01 10:15:25.000,1.222600,1.222900,D
173538892,EUR/USD,2005-08-01 10:15:26.000,1.222500,1.222800,D
173538904,EUR/USD,2005-08-01 10:15:28.000,1.222600,1.222900,D
173538944,EUR/USD,2005-08-01 10:15:35.000,1.222500,1.222800,D
173538950,EUR/USD,2005-08-01 10:15:36.000,1.222600,1.222900,D
173538978,EUR/USD,2005-08-01 10:15:46.000,1.222700,1.223000,D
173539000,EUR/USD,2005-08-01 10:15:51.000,1.222600,1.222900,D
173539028,EUR/USD,2005-08-01 10:15:55.000,1.222500,1.222800,D
173539032,EUR/USD,2005-08-01 10:15:56.000,1.222600,1.222900,D
173539047,EUR/USD,2005-08-01 10:16:04.000,1.222500,1.222800,D
173539058,EUR/USD,2005-08-01 10:16:06.000,1.222400,1.222700,D
173539083,EUR/USD,2005-08-01 10:16:16.000,1.222300,1.222600,D
173539101,EUR/USD,2005-08-01 10:16:19.000,1.222400,1.222700,D
173539114,EUR/USD,2005-08-01 10:16:21.000,1.222300,1.222600,D
173539116,EUR/USD,2005-08-01 10:16:22.000,1.222400,1.222700,D
173539123,EUR/USD,2005-08-01 10:16:24.000,1.222300,1.222600,D
173539174,EUR/USD,2005-08-01 10:16:44.000,1.222200,1.222500,D
173539195,EUR/USD,2005-08-01 10:16:50.000,1.222300,1.222600,D
173539250,EUR/USD,2005-08-01 10:17:24.000,1.222200,1.222500,D
173539263,EUR/USD,2005-08-01 10:17:29.000,1.222100,1.222400,D
173539275,EUR/USD,2005-08-01 10:17:32.000,1.222200,1.222500,D
173539294,EUR/USD,2005-08-01 10:17:37.000,1.222100,1.222400,D
173539295,EUR/USD,2005-08-01 10:17:38.000,1.222200,1.222500,D
173539298,EUR/USD,2005-08-01 10:17:41.000,1.222100,1.222400,D
173539315,EUR/USD,2005-08-01 10:17:49.000,1.222000,1.222300,D
173539332,EUR/USD,2005-08-01 10:17:54.000,1.221900,1.222200,D
173539353,EUR/USD,2005-08-01 10:17:57.000,1.221800,1.222100,D
173539356,EUR/USD,2005-08-01 10:17:57.000,1.221900,1.222200,D
173539431,EUR/USD,2005-08-01 10:18:12.000,1.222000,1.222300,D
173539440,EUR/USD,2005-08-01 10:18:13.000,1.221900,1.222200,D
173539445,EUR/USD,2005-08-01 10:18:13.000,1.222000,1.222300,D
173539457,EUR/USD,2005-08-01 10:18:14.000,1.221900,1.222200,D
173539459,EUR/USD,2005-08-01 10:18:14.000,1.222000,1.222300,D
173539492,EUR/USD,2005-08-01 10:18:23.000,1.221900,1.222200,D
173539523,EUR/USD,2005-08-01 10:18:36.000,1.222000,1.222300,D
173539536,EUR/USD,2005-08-01 10:18:38.000,1.221900,1.222200,D
173539542,EUR/USD,2005-08-01 10:18:41.000,1.222000,1.222300,D
173539547,EUR/USD,2005-08-01 10:18:42.000,1.221900,1.222200,D
173539553,EUR/USD,2005-08-01 10:18:45.000,1.222000,1.222300,D
173539574,EUR/USD,2005-08-01 10:18:51.000,1.221900,1.222200,D
173539601,EUR/USD,2005-08-01 10:19:06.000,1.222000,1.222300,D
173539610,EUR/USD,2005-08-01 10:19:07.000,1.221900,1.222200,D
173539621,EUR/USD,2005-08-01 10:19:08.000,1.222000,1.222300,D
173539684,EUR/USD,2005-08-01 10:19:21.000,1.221900,1.222200,D
173539698,EUR/USD,2005-08-01 10:19:26.000,1.222000,1.222300,D
173539712,EUR/USD,2005-08-01 10:19:30.000,1.222100,1.222400,D
173539736,EUR/USD,2005-08-01 10:19:42.000,1.222200,1.222500,D
173539765,EUR/USD,2005-08-01 10:19:57.000,1.222300,1.222600,D
173539779,EUR/USD,2005-08-01 10:19:59.000,1.222200,1.222500,D
173539810,EUR/USD,2005-08-01 10:20:04.000,1.222100,1.222400,D
173539820,EUR/USD,2005-08-01 10:20:11.000,1.222200,1.222500,D
173539856,EUR/USD,2005-08-01 10:20:29.000,1.222300,1.222600,D
173539870,EUR/USD,2005-08-01 10:20:33.000,1.222200,1.222500,D
173539888,EUR/USD,2005-08-01 10:20:37.000,1.222300,1.222600,D
173539900,EUR/USD,2005-08-01 10:20:39.000,1.222200,1.222500,D
173539904,EUR/USD,2005-08-01 10:20:39.000,1.222300,1.222600,D
173539943,EUR/USD,2005-08-01 10:20:58.000,1.222400,1.222700,D
173539960,EUR/USD,2005-08-01 10:21:00.000,1.222500,1.222800,D
173539982,EUR/USD,2005-08-01 10:21:03.000,1.222400,1.222700,D
173539983,EUR/USD,2005-08-01 10:21:03.000,1.222500,1.222800,D
173539999,EUR/USD,2005-08-01 10:21:11.000,1.222400,1.222700,D
173540005,EUR/USD,2005-08-01 10:21:12.000,1.222500,1.222800,D
173540027,EUR/USD,2005-08-01 10:21:16.000,1.222400,1.222700,D
173540089,EUR/USD,2005-08-01 10:21:39.000,1.222500,1.222800,D
173540124,EUR/USD,2005-08-01 10:21:54.000,1.222600,1.222900,D
173540150,EUR/USD,2005-08-01 10:21:58.000,1.222700,1.223000,D
173540192,EUR/USD,2005-08-01 10:22:08.000,1.222600,1.222900,D
173540250,EUR/USD,2005-08-01 10:22:22.000,1.222500,1.222800,D
173540309,EUR/USD,2005-08-01 10:23:05.000,1.222400,1.222700,D
173540327,EUR/USD,2005-08-01 10:23:11.000,1.222300,1.222600,D
173540339,EUR/USD,2005-08-01 10:23:13.000,1.222400,1.222700,D
173540351,EUR/USD,2005-08-01 10:23:15.000,1.222300,1.222600,D
173540371,EUR/USD,2005-08-01 10:23:18.000,1.222200,1.222500,D
173540397,EUR/USD,2005-08-01 10:23:29.000,1.222300,1.222600,D
173540406,EUR/USD,2005-08-01 10:23:35.000,1.222200,1.222500,D
173540420,EUR/USD,2005-08-01 10:23:39.000,1.222100,1.222400,D
173540434,EUR/USD,2005-08-01 10:23:41.000,1.222200,1.222500,D
173540442,EUR/USD,2005-08-01 10:23:42.000,1.222100,1.222400,D
173540455,EUR/USD,2005-08-01 10:23:44.000,1.222200,1.222500,D
173540457,EUR/USD,2005-08-01 10:23:45.000,1.222300,1.222600,D
173540463,EUR/USD,2005-08-01 10:23:46.000,1.222200,1.222500,D
173540467,EUR/USD,2005-08-01 10:23:53.000,1.222300,1.222600,D
173540486,EUR/USD,2005-08-01 10:23:57.000,1.222400,1.222700,D
173540505,EUR/USD,2005-08-01 10:24:00.000,1.222500,1.222800,D
173540536,EUR/USD,2005-08-01 10:24:12.000,1.222600,1.222900,D
173540541,EUR/USD,2005-08-01 10:24:13.000,1.222500,1.222800,D
173540555,EUR/USD,2005-08-01 10:24:15.000,1.222600,1.222900,D
173540573,EUR/USD,2005-08-01 10:24:26.000,1.222700,1.223000,D
173540589,EUR/USD,2005-08-01 10:24:27.000,1.222600,1.222900,D
173540594,EUR/USD,2005-08-01 10:24:27.000,1.222700,1.223000,D
173540625,EUR/USD,2005-08-01 10:24:32.000,1.222800,1.223100,D
173540634,EUR/USD,2005-08-01 10:24:33.000,1.222600,1.222900,D
173540645,EUR/USD,2005-08-01 10:24:34.000,1.222700,1.223000,D
173540657,EUR/USD,2005-08-01 10:24:35.000,1.222600,1.222900,D
173540670,EUR/USD,2005-08-01 10:24:40.000,1.222500,1.222800,D
173540686,EUR/USD,2005-08-01 10:24:42.000,1.222600,1.222900,D
173540691,EUR/USD,2005-08-01 10:24:43.000,1.222500,1.222800,D
173540698,EUR/USD,2005-08-01 10:24:44.000,1.222400,1.222700,D
173540706,EUR/USD,2005-08-01 10:24:46.000,1.222500,1.222800,D
173540731,EUR/USD,2005-08-01 10:24:53.000,1.222400,1.222700,D
173540735,EUR/USD,2005-08-01 10:24:54.000,1.222500,1.222800,D
173540736,EUR/USD,2005-08-01 10:24:55.000,1.222600,1.222900,D
173540759,EUR/USD,2005-08-01 10:24:58.000,1.222500,1.222800,D
173540777,EUR/USD,2005-08-01 10:25:00.000,1.222600,1.222900,D
173540779,EUR/USD,2005-08-01 10:25:01.000,1.222700,1.223000,D
173540794,EUR/USD,2005-08-01 10:25:02.000,1.222600,1.222900,D
173540805,EUR/USD,2005-08-01 10:25:04.000,1.222700,1.223000,D
173540826,EUR/USD,2005-08-01 10:25:07.000,1.222600,1.222900,D
173540837,EUR/USD,2005-08-01 10:25:09.000,1.222700,1.223000,D
173540849,EUR/USD,2005-08-01 10:25:11.000,1.222600,1.222900,D
173540856,EUR/USD,2005-08-01 10:25:12.000,1.222700,1.223000,D
173540867,EUR/USD,2005-08-01 10:25:13.000,1.222600,1.222900,D
173540874,EUR/USD,2005-08-01 10:25:14.000,1.222700,1.223000,D
173540890,EUR/USD,2005-08-01 10:25:17.000,1.222600,1.222900,D
173540892,EUR/USD,2005-08-01 10:25:17.000,1.222800,1.223100,D
173540918,EUR/USD,2005-08-01 10:25:21.000,1.222700,1.223000,D
173540923,EUR/USD,2005-08-01 10:25:22.000,1.222800,1.223100,D
173540937,EUR/USD,2005-08-01 10:25:25.000,1.222700,1.223000,D
173540939,EUR/USD,2005-08-01 10:25:25.000,1.222800,1.223100,D
173540952,EUR/USD,2005-08-01 10:25:27.000,1.222700,1.223000,D
173540960,EUR/USD,2005-08-01 10:25:28.000,1.222800,1.223100,D
173540969,EUR/USD,2005-08-01 10:25:30.000,1.222700,1.223000,D
173540976,EUR/USD,2005-08-01 10:25:30.000,1.222800,1.223100,D
173540999,EUR/USD,2005-08-01 10:25:35.000,1.222900,1.223200,D
173541013,EUR/USD,2005-08-01 10:25:37.000,1.223000,1.223300,D
173541038,EUR/USD,2005-08-01 10:25:42.000,1.223100,1.223400,D
173541043,EUR/USD,2005-08-01 10:25:42.000,1.223000,1.223300,D
173541061,EUR/USD,2005-08-01 10:25:44.000,1.223100,1.223400,D
173541065,EUR/USD,2005-08-01 10:25:44.000,1.223000,1.223300,D
173541074,EUR/USD,2005-08-01 10:25:45.000,1.223100,1.223400,D
173541085,EUR/USD,2005-08-01 10:25:46.000,1.223000,1.223300,D
173541092,EUR/USD,2005-08-01 10:25:47.000,1.222900,1.223200,D
173541098,EUR/USD,2005-08-01 10:25:47.000,1.223000,1.223300,D
173541113,EUR/USD,2005-08-01 10:25:48.000,1.223100,1.223400,D
173541134,EUR/USD,2005-08-01 10:25:50.000,1.223200,1.223500,D
173541162,EUR/USD,2005-08-01 10:25:55.000,1.223100,1.223400,D
173541179,EUR/USD,2005-08-01 10:25:57.000,1.223000,1.223300,D
173541203,EUR/USD,2005-08-01 10:26:01.000,1.223100,1.223400,D
173541225,EUR/USD,2005-08-01 10:26:06.000,1.223200,1.223500,D
173541248,EUR/USD,2005-08-01 10:26:09.000,1.223300,1.223600,D
173541268,EUR/USD,2005-08-01 10:26:14.000,1.223200,1.223500,D
173541276,EUR/USD,2005-08-01 10:26:15.000,1.223300,1.223600,D
173541281,EUR/USD,2005-08-01 10:26:15.000,1.223400,1.223700,D
173541290,EUR/USD,2005-08-01 10:26:16.000,1.223300,1.223600,D
173541294,EUR/USD,2005-08-01 10:26:18.000,1.223400,1.223700,D
173541324,EUR/USD,2005-08-01 10:26:24.000,1.223300,1.223600,D
173541348,EUR/USD,2005-08-01 10:26:26.000,1.223200,1.223500,D
173541401,EUR/USD,2005-08-01 10:26:39.000,1.223100,1.223400,D
173541424,EUR/USD,2005-08-01 10:26:47.000,1.223000,1.223300,D
173541426,EUR/USD,2005-08-01 10:26:47.000,1.223100,1.223400,D
173541433,EUR/USD,2005-08-01 10:26:49.000,1.223000,1.223300,D
173541464,EUR/USD,2005-08-01 10:26:58.000,1.223100,1.223400,D
173541472,EUR/USD,2005-08-01 10:26:59.000,1.223000,1.223300,D
173541488,EUR/USD,2005-08-01 10:27:05.000,1.222900,1.223200,D
173541547,EUR/USD,2005-08-01 10:27:19.000,1.222800,1.223100,D
173541559,EUR/USD,2005-08-01 10:27:20.000,1.222900,1.223200,D
173541564,EUR/USD,2005-08-01 10:27:21.000,1.222800,1.223100,D
173541577,EUR/USD,2005-08-01 10:27:25.000,1.222900,1.223200,D
173541594,EUR/USD,2005-08-01 10:27:26.000,1.222800,1.223100,D
173541597,EUR/USD,2005-08-01 10:27:27.000,1.222900,1.223200,D
173541625,EUR/USD,2005-08-01 10:27:33.000,1.223000,1.223300,D
173541657,EUR/USD,2005-08-01 10:27:41.000,1.223100,1.223400,D
173541681,EUR/USD,2005-08-01 10:27:45.000,1.223200,1.223500,D
173541706,EUR/USD,2005-08-01 10:27:49.000,1.223100,1.223400,D
173541709,EUR/USD,2005-08-01 10:27:51.000,1.223200,1.223500,D
173541718,EUR/USD,2005-08-01 10:27:53.000,1.223100,1.223400,D
173541732,EUR/USD,2005-08-01 10:27:57.000,1.223200,1.223500,D
173541760,EUR/USD,2005-08-01 10:28:09.000,1.223300,1.223600,D
173541783,EUR/USD,2005-08-01 10:28:15.000,1.223200,1.223500,D
173541791,EUR/USD,2005-08-01 10:28:16.000,1.223300,1.223600,D
173541804,EUR/USD,2005-08-01 10:28:18.000,1.223400,1.223700,D
173541848,EUR/USD,2005-08-01 10:28:29.000,1.223300,1.223600,D
173541850,EUR/USD,2005-08-01 10:28:29.000,1.223400,1.223700,D
173541859,EUR/USD,2005-08-01 10:28:30.000,1.223500,1.223800,D
173541955,EUR/USD,2005-08-01 10:29:08.000,1.223300,1.223600,D
173541987,EUR/USD,2005-08-01 10:29:11.000,1.223400,1.223700,D
173542028,EUR/USD,2005-08-01 10:29:27.000,1.223300,1.223600,D
173542038,EUR/USD,2005-08-01 10:29:35.000,1.223400,1.223700,D
173542058,EUR/USD,2005-08-01 10:29:39.000,1.223300,1.223600,D
173542065,EUR/USD,2005-08-01 10:29:40.000,1.223400,1.223700,D
173542078,EUR/USD,2005-08-01 10:29:45.000,1.223500,1.223800,D
173542093,EUR/USD,2005-08-01 10:29:47.000,1.223400,1.223700,D
173542098,EUR/USD,2005-08-01 10:29:48.000,1.223500,1.223800,D
173542117,EUR/USD,2005-08-01 10:29:54.000,1.223400,1.223700,D
173542129,EUR/USD,2005-08-01 10:29:56.000,1.223500,1.223800,D
173542141,EUR/USD,2005-08-01 10:30:00.000,1.223600,1.223900,D
173542156,EUR/USD,2005-08-01 10:30:02.000,1.223500,1.223800,D
173542175,EUR/USD,2005-08-01 10:30:06.000,1.223400,1.223700,D
173542184,EUR/USD,2005-08-01 10:30:08.000,1.223500,1.223800,D
173542220,EUR/USD,2005-08-01 10:30:18.000,1.223400,1.223700,D
173542225,EUR/USD,2005-08-01 10:30:19.000,1.223500,1.223800,D
173542238,EUR/USD,2005-08-01 10:30:28.000,1.223600,1.223900,D
173542242,EUR/USD,2005-08-01 10:30:29.000,1.223500,1.223800,D
173542247,EUR/USD,2005-08-01 10:30:29.000,1.223600,1.223900,D
173542253,EUR/USD,2005-08-01 10:30:34.000,1.223500,1.223800,D
173542266,EUR/USD,2005-08-01 10:30:39.000,1.223400,1.223700,D
173542315,EUR/USD,2005-08-01 10:30:49.000,1.223500,1.223800,D
173542322,EUR/USD,2005-08-01 10:30:54.000,1.223600,1.223900,D
173542332,EUR/USD,2005-08-01 10:30:56.000,1.223500,1.223800,D
173542340,EUR/USD,2005-08-01 10:31:03.000,1.223600,1.223900,D
173542371,EUR/USD,2005-08-01 10:31:11.000,1.223500,1.223800,D
173542377,EUR/USD,2005-08-01 10:31:12.000,1.223600,1.223900,D
173542383,EUR/USD,2005-08-01 10:31:14.000,1.223500,1.223800,D
173542393,EUR/USD,2005-08-01 10:31:18.000,1.223600,1.223900,D
173542410,EUR/USD,2005-08-01 10:31:22.000,1.223500,1.223800,D
173542414,EUR/USD,2005-08-01 10:31:23.000,1.223600,1.223900,D
173542431,EUR/USD,2005-08-01 10:31:25.000,1.223500,1.223800,D
173542439,EUR/USD,2005-08-01 10:31:27.000,1.223600,1.223900,D
173542443,EUR/USD,2005-08-01 10:31:27.000,1.223700,1.224000,D
173542523,EUR/USD,2005-08-01 10:31:49.000,1.223600,1.223900,D
173542528,EUR/USD,2005-08-01 10:31:51.000,1.223700,1.224000,D
173542557,EUR/USD,2005-08-01 10:31:56.000,1.223800,1.224100,D
173542562,EUR/USD,2005-08-01 10:31:57.000,1.223700,1.224000,D
173542586,EUR/USD,2005-08-01 10:32:03.000,1.223800,1.224100,D
173542599,EUR/USD,2005-08-01 10:32:08.000,1.223700,1.224000,D
173542617,EUR/USD,2005-08-01 10:32:11.000,1.223800,1.224100,D
173542622,EUR/USD,2005-08-01 10:32:11.000,1.223700,1.224000,D
173542634,EUR/USD,2005-08-01 10:32:15.000,1.223600,1.223900,D
173542691,EUR/USD,2005-08-01 10:32:30.000,1.223500,1.223800,D
173542694,EUR/USD,2005-08-01 10:32:30.000,1.223600,1.223900,D
173542720,EUR/USD,2005-08-01 10:32:33.000,1.223500,1.223800,D
173542730,EUR/USD,2005-08-01 10:32:34.000,1.223600,1.223900,D
173542760,EUR/USD,2005-08-01 10:32:44.000,1.223500,1.223800,D
173542811,EUR/USD,2005-08-01 10:32:57.000,1.223400,1.223700,D
173542824,EUR/USD,2005-08-01 10:33:00.000,1.223500,1.223800,D
173542864,EUR/USD,2005-08-01 10:33:13.000,1.223600,1.223900,D
173542905,EUR/USD,2005-08-01 10:33:24.000,1.223700,1.224000,D
173542915,EUR/USD,2005-08-01 10:33:26.000,1.223800,1.224100,D
173542925,EUR/USD,2005-08-01 10:33:28.000,1.223900,1.224200,D
173542947,EUR/USD,2005-08-01 10:33:31.000,1.223800,1.224100,D
173542969,EUR/USD,2005-08-01 10:33:33.000,1.223900,1.224200,D
173542972,EUR/USD,2005-08-01 10:33:33.000,1.223800,1.224100,D
173542980,EUR/USD,2005-08-01 10:33:34.000,1.223900,1.224200,D
173543003,EUR/USD,2005-08-01 10:33:36.000,1.223800,1.224100,D
173543015,EUR/USD,2005-08-01 10:33:37.000,1.223900,1.224200,D
173543023,EUR/USD,2005-08-01 10:33:38.000,1.223800,1.224100,D
173543064,EUR/USD,2005-08-01 10:33:46.000,1.223700,1.224000,D
173543068,EUR/USD,2005-08-01 10:33:47.000,1.223800,1.224100,D
173543087,EUR/USD,2005-08-01 10:33:49.000,1.223700,1.224000,D
173543107,EUR/USD,2005-08-01 10:33:52.000,1.223600,1.223900,D
173543114,EUR/USD,2005-08-01 10:33:53.000,1.223700,1.224000,D
173543116,EUR/USD,2005-08-01 10:33:54.000,1.223600,1.223900,D
173543120,EUR/USD,2005-08-01 10:33:54.000,1.223700,1.224000,D
173543172,EUR/USD,2005-08-01 10:34:10.000,1.223600,1.223900,D
173543173,EUR/USD,2005-08-01 10:34:11.000,1.223700,1.224000,D
173543204,EUR/USD,2005-08-01 10:34:23.000,1.223800,1.224100,D
173543241,EUR/USD,2005-08-01 10:34:29.000,1.223700,1.224000,D
173543249,EUR/USD,2005-08-01 10:34:30.000,1.223800,1.224100,D
173543259,EUR/USD,2005-08-01 10:34:31.000,1.223700,1.224000,D
173543269,EUR/USD,2005-08-01 10:34:31.000,1.223800,1.224100,D
173543311,EUR/USD,2005-08-01 10:34:40.000,1.223900,1.224200,D
173543338,EUR/USD,2005-08-01 10:34:47.000,1.223800,1.224100,D
173543357,EUR/USD,2005-08-01 10:34:53.000,1.223700,1.224000,D
173543371,EUR/USD,2005-08-01 10:34:56.000,1.223600,1.223900,D
173543374,EUR/USD,2005-08-01 10:34:56.000,1.223700,1.224000,D
173543412,EUR/USD,2005-08-01 10:35:07.000,1.223600,1.223900,D
173543418,EUR/USD,2005-08-01 10:35:07.000,1.223700,1.224000,D
173543424,EUR/USD,2005-08-01 10:35:08.000,1.223600,1.223900,D
173543428,EUR/USD,2005-08-01 10:35:09.000,1.223700,1.224000,D
173543437,EUR/USD,2005-08-01 10:35:10.000,1.223600,1.223900,D
173543440,EUR/USD,2005-08-01 10:35:11.000,1.223700,1.224000,D
173543444,EUR/USD,2005-08-01 10:35:12.000,1.223600,1.223900,D
173543466,EUR/USD,2005-08-01 10:35:22.000,1.223500,1.223800,D
173543468,EUR/USD,2005-08-01 10:35:23.000,1.223600,1.223900,D
173543472,EUR/USD,2005-08-01 10:35:24.000,1.223500,1.223800,D
173543497,EUR/USD,2005-08-01 10:35:33.000,1.223400,1.223700,D
173543502,EUR/USD,2005-08-01 10:35:34.000,1.223500,1.223800,D
173543534,EUR/USD,2005-08-01 10:35:47.000,1.223400,1.223700,D
173543541,EUR/USD,2005-08-01 10:35:48.000,1.223500,1.223800,D
173543547,EUR/USD,2005-08-01 10:35:49.000,1.223400,1.223700,D
173543574,EUR/USD,2005-08-01 10:36:01.000,1.223300,1.223600,D
173543583,EUR/USD,2005-08-01 10:36:03.000,1.223400,1.223700,D
173543605,EUR/USD,2005-08-01 10:36:06.000,1.223300,1.223600,D
173543616,EUR/USD,2005-08-01 10:36:07.000,1.223400,1.223700,D
173543661,EUR/USD,2005-08-01 10:36:17.000,1.223300,1.223600,D
173543686,EUR/USD,2005-08-01 10:36:23.000,1.223400,1.223700,D
173543720,EUR/USD,2005-08-01 10:36:38.000,1.223500,1.223800,D
173543729,EUR/USD,2005-08-01 10:36:39.000,1.223400,1.223700,D
173543744,EUR/USD,2005-08-01 10:36:42.000,1.223500,1.223800,D
173543748,EUR/USD,2005-08-01 10:36:43.000,1.223600,1.223900,D
173543761,EUR/USD,2005-08-01 10:36:47.000,1.223500,1.223800,D
173543788,EUR/USD,2005-08-01 10:36:54.000,1.223600,1.223900,D
173543798,EUR/USD,2005-08-01 10:36:56.000,1.223500,1.223800,D
173543803,EUR/USD,2005-08-01 10:37:01.000,1.223600,1.223900,D
173543812,EUR/USD,2005-08-01 10:37:04.000,1.223500,1.223800,D
173543821,EUR/USD,2005-08-01 10:37:08.000,1.223600,1.223900,D
173543831,EUR/USD,2005-08-01 10:37:10.000,1.223500,1.223800,D
173543861,EUR/USD,2005-08-01 10:37:32.000,1.223600,1.223900,D
173543874,EUR/USD,2005-08-01 10:37:36.000,1.223500,1.223800,D
173543896,EUR/USD,2005-08-01 10:37:45.000,1.223400,1.223700,D
173543902,EUR/USD,2005-08-01 10:37:54.000,1.223500,1.223800,D
173543914,EUR/USD,2005-08-01 10:37:55.000,1.223400,1.223700,D
173543919,EUR/USD,2005-08-01 10:37:55.000,1.223500,1.223800,D
173543927,EUR/USD,2005-08-01 10:37:56.000,1.223600,1.223900,D
173543930,EUR/USD,2005-08-01 10:37:57.000,1.223500,1.223800,D
173543936,EUR/USD,2005-08-01 10:37:57.000,1.223300,1.223600,D
173543944,EUR/USD,2005-08-01 10:37:58.000,1.223400,1.223700,D
173543950,EUR/USD,2005-08-01 10:37:58.000,1.223500,1.223800,D
173543955,EUR/USD,2005-08-01 10:38:00.000,1.223400,1.223700,D
173543971,EUR/USD,2005-08-01 10:38:09.000,1.223300,1.223600,D
173543989,EUR/USD,2005-08-01 10:38:13.000,1.223200,1.223500,D
173543995,EUR/USD,2005-08-01 10:38:15.000,1.223100,1.223400,D
173544005,EUR/USD,2005-08-01 10:38:16.000,1.223200,1.223500,D
173544019,EUR/USD,2005-08-01 10:38:17.000,1.223100,1.223400,D
173544033,EUR/USD,2005-08-01 10:38:19.000,1.223000,1.223300,D
173544050,EUR/USD,2005-08-01 10:38:20.000,1.223100,1.223400,D
173544068,EUR/USD,2005-08-01 10:38:23.000,1.223000,1.223300,D
173544097,EUR/USD,2005-08-01 10:38:35.000,1.223100,1.223400,D
173544126,EUR/USD,2005-08-01 10:38:40.000,1.223000,1.223300,D
173544129,EUR/USD,2005-08-01 10:38:41.000,1.223100,1.223400,D
173544159,EUR/USD,2005-08-01 10:38:48.000,1.223200,1.223500,D
173544187,EUR/USD,2005-08-01 10:39:00.000,1.223300,1.223600,D
173544200,EUR/USD,2005-08-01 10:39:01.000,1.223200,1.223500,D
173544206,EUR/USD,2005-08-01 10:39:04.000,1.223100,1.223400,D
173544211,EUR/USD,2005-08-01 10:39:05.000,1.223200,1.223500,D
173544219,EUR/USD,2005-08-01 10:39:07.000,1.223300,1.223600,D
173544224,EUR/USD,2005-08-01 10:39:08.000,1.223200,1.223500,D
173544226,EUR/USD,2005-08-01 10:39:08.000,1.223300,1.223600,D
173544234,EUR/USD,2005-08-01 10:39:10.000,1.223400,1.223700,D
173544240,EUR/USD,2005-08-01 10:39:10.000,1.223500,1.223800,D
173544251,EUR/USD,2005-08-01 10:39:11.000,1.223600,1.223900,D
173544273,EUR/USD,2005-08-01 10:39:13.000,1.223500,1.223800,D
173544293,EUR/USD,2005-08-01 10:39:17.000,1.223600,1.223900,D
173544295,EUR/USD,2005-08-01 10:39:18.000,1.223500,1.223800,D
173544308,EUR/USD,2005-08-01 10:39:20.000,1.223600,1.223900,D
173544318,EUR/USD,2005-08-01 10:39:21.000,1.223500,1.223800,D
173544320,EUR/USD,2005-08-01 10:39:22.000,1.223600,1.223900,D
173544334,EUR/USD,2005-08-01 10:39:28.000,1.223500,1.223800,D
173544346,EUR/USD,2005-08-01 10:39:30.000,1.223400,1.223700,D
173544362,EUR/USD,2005-08-01 10:39:33.000,1.223500,1.223800,D
173544402,EUR/USD,2005-08-01 10:39:42.000,1.223600,1.223900,D
173544416,EUR/USD,2005-08-01 10:39:44.000,1.223500,1.223800,D
173544425,EUR/USD,2005-08-01 10:39:46.000,1.223400,1.223700,D
173544431,EUR/USD,2005-08-01 10:39:51.000,1.223500,1.223800,D
173544445,EUR/USD,2005-08-01 10:39:57.000,1.223600,1.223900,D
173544455,EUR/USD,2005-08-01 10:39:59.000,1.223500,1.223800,D
173544462,EUR/USD,2005-08-01 10:40:00.000,1.223600,1.223900,D
173544466,EUR/USD,2005-08-01 10:40:01.000,1.223500,1.223800,D
173544470,EUR/USD,2005-08-01 10:40:01.000,1.223600,1.223900,D
173544476,EUR/USD,2005-08-01 10:40:02.000,1.223500,1.223800,D
173544509,EUR/USD,2005-08-01 10:40:10.000,1.223600,1.223900,D
173544512,EUR/USD,2005-08-01 10:40:11.000,1.223500,1.223800,D
173544515,EUR/USD,2005-08-01 10:40:11.000,1.223600,1.223900,D
173544520,EUR/USD,2005-08-01 10:40:12.000,1.223500,1.223800,D
173544521,EUR/USD,2005-08-01 10:40:12.000,1.223600,1.223900,D
173544525,EUR/USD,2005-08-01 10:40:12.000,1.223500,1.223800,D
173544535,EUR/USD,2005-08-01 10:40:15.000,1.223600,1.223900,D
173544574,EUR/USD,2005-08-01 10:40:24.000,1.223700,1.224000,D
173544587,EUR/USD,2005-08-01 10:40:28.000,1.223800,1.224100,D
173544621,EUR/USD,2005-08-01 10:40:31.000,1.223900,1.224200,D
173544636,EUR/USD,2005-08-01 10:40:33.000,1.224000,1.224300,D
173544653,EUR/USD,2005-08-01 10:40:34.000,1.224100,1.224400,D
173544675,EUR/USD,2005-08-01 10:40:37.000,1.224200,1.224500,D
173544708,EUR/USD,2005-08-01 10:40:38.000,1.224300,1.224600,D
173544736,EUR/USD,2005-08-01 10:40:40.000,1.224400,1.224700,D
173544763,EUR/USD,2005-08-01 10:40:43.000,1.224300,1.224600,D
173544775,EUR/USD,2005-08-01 10:40:43.000,1.224400,1.224700,D
173544779,EUR/USD,2005-08-01 10:40:43.000,1.224500,1.224800,D
173544786,EUR/USD,2005-08-01 10:40:44.000,1.224400,1.224700,D
173544794,EUR/USD,2005-08-01 10:40:44.000,1.224500,1.224800,D
173544800,EUR/USD,2005-08-01 10:40:45.000,1.224600,1.224900,D
173544805,EUR/USD,2005-08-01 10:40:45.000,1.224700,1.225000,D
173544827,EUR/USD,2005-08-01 10:40:47.000,1.224800,1.225100,D
173544845,EUR/USD,2005-08-01 10:40:48.000,1.224900,1.225200,D
173544856,EUR/USD,2005-08-01 10:40:48.000,1.224800,1.225100,D
173544862,EUR/USD,2005-08-01 10:40:48.000,1.224700,1.225000,D
173544872,EUR/USD,2005-08-01 10:40:49.000,1.224600,1.224900,D
173544880,EUR/USD,2005-08-01 10:40:49.000,1.224500,1.224800,D
173544886,EUR/USD,2005-08-01 10:40:50.000,1.224400,1.224700,D
173544907,EUR/USD,2005-08-01 10:40:52.000,1.224300,1.224600,D
173544932,EUR/USD,2005-08-01 10:40:53.000,1.224400,1.224700,D
173544935,EUR/USD,2005-08-01 10:40:54.000,1.224300,1.224600,D
173544941,EUR/USD,2005-08-01 10:40:54.000,1.224200,1.224500,D
173544954,EUR/USD,2005-08-01 10:40:55.000,1.224100,1.224400,D
173544969,EUR/USD,2005-08-01 10:40:57.000,1.224200,1.224500,D
173544970,EUR/USD,2005-08-01 10:40:57.000,1.224100,1.224400,D
173544972,EUR/USD,2005-08-01 10:40:57.000,1.224000,1.224300,D
173544976,EUR/USD,2005-08-01 10:40:57.000,1.224100,1.224400,D
173544986,EUR/USD,2005-08-01 10:40:58.000,1.224000,1.224300,D
173545004,EUR/USD,2005-08-01 10:41:00.000,1.223900,1.224200,D
173545012,EUR/USD,2005-08-01 10:41:02.000,1.223800,1.224100,D
173545030,EUR/USD,2005-08-01 10:41:03.000,1.223700,1.224000,D
173545033,EUR/USD,2005-08-01 10:41:03.000,1.223600,1.223900,D
173545038,EUR/USD,2005-08-01 10:41:04.000,1.223500,1.223800,D
173545042,EUR/USD,2005-08-01 10:41:04.000,1.223400,1.223700,D
173545049,EUR/USD,2005-08-01 10:41:05.000,1.223500,1.223800,D
173545066,EUR/USD,2005-08-01 10:41:06.000,1.223400,1.223700,D
173545075,EUR/USD,2005-08-01 10:41:08.000,1.223300,1.223600,D
173545086,EUR/USD,2005-08-01 10:41:09.000,1.223200,1.223500,D
173545105,EUR/USD,2005-08-01 10:41:12.000,1.223100,1.223400,D
173545134,EUR/USD,2005-08-01 10:41:16.000,1.223000,1.223300,D
173545150,EUR/USD,2005-08-01 10:41:19.000,1.223100,1.223400,D
173545165,EUR/USD,2005-08-01 10:41:21.000,1.223200,1.223500,D
173545183,EUR/USD,2005-08-01 10:41:24.000,1.223300,1.223600,D
173545206,EUR/USD,2005-08-01 10:41:27.000,1.223400,1.223700,D
173545223,EUR/USD,2005-08-01 10:41:29.000,1.223500,1.223800,D
173545254,EUR/USD,2005-08-01 10:41:33.000,1.223600,1.223900,D
173545276,EUR/USD,2005-08-01 10:41:35.000,1.223700,1.224000,D
173545300,EUR/USD,2005-08-01 10:41:37.000,1.223600,1.223900,D
173545314,EUR/USD,2005-08-01 10:41:38.000,1.223700,1.224000,D
173545316,EUR/USD,2005-08-01 10:41:39.000,1.223600,1.223900,D
173545332,EUR/USD,2005-08-01 10:41:42.000,1.223500,1.223800,D
173545335,EUR/USD,2005-08-01 10:41:42.000,1.223400,1.223700,D
173545347,EUR/USD,2005-08-01 10:41:44.000,1.223300,1.223600,D
173545360,EUR/USD,2005-08-01 10:41:45.000,1.223200,1.223500,D
173545384,EUR/USD,2005-08-01 10:41:46.000,1.223100,1.223400,D
173545416,EUR/USD,2005-08-01 10:41:48.000,1.223000,1.223300,D
173545425,EUR/USD,2005-08-01 10:41:49.000,1.223100,1.223400,D
173545453,EUR/USD,2005-08-01 10:41:53.000,1.223200,1.223500,D
173545488,EUR/USD,2005-08-01 10:41:56.000,1.223100,1.223400,D
173545497,EUR/USD,2005-08-01 10:41:57.000,1.223200,1.223500,D
173545515,EUR/USD,2005-08-01 10:41:58.000,1.223100,1.223400,D
173545535,EUR/USD,2005-08-01 10:42:03.000,1.223200,1.223500,D
173545542,EUR/USD,2005-08-01 10:42:04.000,1.223100,1.223400,D
173545559,EUR/USD,2005-08-01 10:42:07.000,1.223200,1.223500,D
173545570,EUR/USD,2005-08-01 10:42:09.000,1.223300,1.223600,D
173545576,EUR/USD,2005-08-01 10:42:09.000,1.223200,1.223500,D
173545582,EUR/USD,2005-08-01 10:42:10.000,1.223100,1.223400,D
173545590,EUR/USD,2005-08-01 10:42:10.000,1.223200,1.223500,D
173545615,EUR/USD,2005-08-01 10:42:14.000,1.223300,1.223600,D
173545654,EUR/USD,2005-08-01 10:42:20.000,1.223400,1.223700,D
173545661,EUR/USD,2005-08-01 10:42:20.000,1.223500,1.223800,D
173545667,EUR/USD,2005-08-01 10:42:22.000,1.223400,1.223700,D
173545673,EUR/USD,2005-08-01 10:42:23.000,1.223500,1.223800,D
173545702,EUR/USD,2005-08-01 10:42:26.000,1.223600,1.223900,D
173545716,EUR/USD,2005-08-01 10:42:27.000,1.223700,1.224000,D
173545742,EUR/USD,2005-08-01 10:42:30.000,1.223600,1.223900,D
173545769,EUR/USD,2005-08-01 10:42:35.000,1.223500,1.223800,D
173545789,EUR/USD,2005-08-01 10:42:38.000,1.223400,1.223700,D
173545821,EUR/USD,2005-08-01 10:42:44.000,1.223500,1.223800,D
173545862,EUR/USD,2005-08-01 10:42:52.000,1.223400,1.223700,D
173545889,EUR/USD,2005-08-01 10:42:58.000,1.223500,1.223800,D
173545899,EUR/USD,2005-08-01 10:43:00.000,1.223400,1.223700,D
173545908,EUR/USD,2005-08-01 10:43:02.000,1.223300,1.223600,D
173545910,EUR/USD,2005-08-01 10:43:02.000,1.223400,1.223700,D
173545919,EUR/USD,2005-08-01 10:43:03.000,1.223300,1.223600,D
173545927,EUR/USD,2005-08-01 10:43:07.000,1.223200,1.223500,D
173545935,EUR/USD,2005-08-01 10:43:10.000,1.223300,1.223600,D
173545938,EUR/USD,2005-08-01 10:43:11.000,1.223200,1.223500,D
173545943,EUR/USD,2005-08-01 10:43:12.000,1.223300,1.223600,D
173545949,EUR/USD,2005-08-01 10:43:13.000,1.223400,1.223700,D
173545962,EUR/USD,2005-08-01 10:43:15.000,1.223500,1.223800,D
173545970,EUR/USD,2005-08-01 10:43:17.000,1.223400,1.223700,D
173545988,EUR/USD,2005-08-01 10:43:20.000,1.223300,1.223600,D
173546004,EUR/USD,2005-08-01 10:43:26.000,1.223200,1.223500,D
173546007,EUR/USD,2005-08-01 10:43:26.000,1.223300,1.223600,D
173546010,EUR/USD,2005-08-01 10:43:27.000,1.223400,1.223700,D
173546018,EUR/USD,2005-08-01 10:43:28.000,1.223300,1.223600,D
173546025,EUR/USD,2005-08-01 10:43:29.000,1.223200,1.223500,D
173546040,EUR/USD,2005-08-01 10:43:31.000,1.223100,1.223400,D
173546043,EUR/USD,2005-08-01 10:43:32.000,1.223000,1.223300,D
173546070,EUR/USD,2005-08-01 10:43:34.000,1.222800,1.223100,D
173546095,EUR/USD,2005-08-01 10:43:36.000,1.222700,1.223000,D
173546096,EUR/USD,2005-08-01 10:43:37.000,1.222800,1.223100,D
173546110,EUR/USD,2005-08-01 10:43:37.000,1.222700,1.223000,D
173546128,EUR/USD,2005-08-01 10:43:39.000,1.222600,1.222900,D
173546163,EUR/USD,2005-08-01 10:43:42.000,1.222500,1.222800,D
173546186,EUR/USD,2005-08-01 10:43:43.000,1.222400,1.222700,D
173546221,EUR/USD,2005-08-01 10:43:47.000,1.222300,1.222600,D
173546247,EUR/USD,2005-08-01 10:43:50.000,1.222200,1.222500,D
173546254,EUR/USD,2005-08-01 10:43:50.000,1.222300,1.222600,D
173546263,EUR/USD,2005-08-01 10:43:51.000,1.222200,1.222500,D
173546272,EUR/USD,2005-08-01 10:43:52.000,1.222300,1.222600,D
173546296,EUR/USD,2005-08-01 10:43:54.000,1.222400,1.222700,D
173546313,EUR/USD,2005-08-01 10:43:55.000,1.222500,1.222800,D
173546317,EUR/USD,2005-08-01 10:43:56.000,1.222600,1.222900,D
173546323,EUR/USD,2005-08-01 10:43:58.000,1.222700,1.223000,D
173546348,EUR/USD,2005-08-01 10:44:02.000,1.222800,1.223100,D
173546369,EUR/USD,2005-08-01 10:44:03.000,1.222700,1.223000,D
173546384,EUR/USD,2005-08-01 10:44:06.000,1.222600,1.222900,D
173546395,EUR/USD,2005-08-01 10:44:07.000,1.222500,1.222800,D
173546398,EUR/USD,2005-08-01 10:44:08.000,1.222600,1.222900,D
173546406,EUR/USD,2005-08-01 10:44:08.000,1.222500,1.222800,D
173546415,EUR/USD,2005-08-01 10:44:09.000,1.222600,1.222900,D
173546426,EUR/USD,2005-08-01 10:44:10.000,1.222500,1.222800,D
173546428,EUR/USD,2005-08-01 10:44:10.000,1.222400,1.222700,D
173546432,EUR/USD,2005-08-01 10:44:10.000,1.222500,1.222800,D
173546437,EUR/USD,2005-08-01 10:44:11.000,1.222600,1.222900,D
173546469,EUR/USD,2005-08-01 10:44:16.000,1.222700,1.223000,D
173546524,EUR/USD,2005-08-01 10:44:26.000,1.222600,1.222900,D
173546545,EUR/USD,2005-08-01 10:44:31.000,1.222500,1.222800,D
173546576,EUR/USD,2005-08-01 10:44:35.000,1.222400,1.222700,D
173546625,EUR/USD,2005-08-01 10:44:41.000,1.222300,1.222600,D
173546633,EUR/USD,2005-08-01 10:44:42.000,1.222400,1.222700,D
173546650,EUR/USD,2005-08-01 10:44:44.000,1.222300,1.222600,D
173546667,EUR/USD,2005-08-01 10:44:45.000,1.222200,1.222500,D
173546672,EUR/USD,2005-08-01 10:44:46.000,1.222300,1.222600,D
173546683,EUR/USD,2005-08-01 10:44:47.000,1.222200,1.222500,D
173546694,EUR/USD,2005-08-01 10:44:47.000,1.222100,1.222400,D
173546716,EUR/USD,2005-08-01 10:44:50.000,1.222000,1.222300,D
173546724,EUR/USD,2005-08-01 10:44:51.000,1.221900,1.222200,D
173546750,EUR/USD,2005-08-01 10:44:54.000,1.221800,1.222100,D
173546781,EUR/USD,2005-08-01 10:44:57.000,1.221900,1.222200,D
173546789,EUR/USD,2005-08-01 10:44:57.000,1.222000,1.222300,D
173546818,EUR/USD,2005-08-01 10:44:59.000,1.222100,1.222400,D
173546825,EUR/USD,2005-08-01 10:45:00.000,1.222200,1.222500,D
173546838,EUR/USD,2005-08-01 10:45:01.000,1.222100,1.222400,D
173546848,EUR/USD,2005-08-01 10:45:02.000,1.222200,1.222500,D
173546868,EUR/USD,2005-08-01 10:45:04.000,1.222300,1.222600,D
173546870,EUR/USD,2005-08-01 10:45:05.000,1.222400,1.222700,D
173546876,EUR/USD,2005-08-01 10:45:05.000,1.222300,1.222600,D
173546938,EUR/USD,2005-08-01 10:45:17.000,1.222400,1.222700,D
173546946,EUR/USD,2005-08-01 10:45:19.000,1.222300,1.222600,D
173546976,EUR/USD,2005-08-01 10:45:25.000,1.222400,1.222700,D
173546989,EUR/USD,2005-08-01 10:45:28.000,1.222500,1.222800,D
173546993,EUR/USD,2005-08-01 10:45:29.000,1.222400,1.222700,D
173546997,EUR/USD,2005-08-01 10:45:29.000,1.222500,1.222800,D
173547012,EUR/USD,2005-08-01 10:45:33.000,1.222600,1.222900,D
173547023,EUR/USD,2005-08-01 10:45:34.000,1.222700,1.223000,D
173547030,EUR/USD,2005-08-01 10:45:35.000,1.222800,1.223100,D
173547035,EUR/USD,2005-08-01 10:45:35.000,1.222700,1.223000,D
173547046,EUR/USD,2005-08-01 10:45:37.000,1.222800,1.223100,D
173547077,EUR/USD,2005-08-01 10:45:40.000,1.222900,1.223200,D
173547114,EUR/USD,2005-08-01 10:45:43.000,1.223000,1.223300,D
173547119,EUR/USD,2005-08-01 10:45:44.000,1.222900,1.223200,D
173547127,EUR/USD,2005-08-01 10:45:45.000,1.223000,1.223300,D
173547140,EUR/USD,2005-08-01 10:45:46.000,1.222900,1.223200,D
173547148,EUR/USD,2005-08-01 10:45:47.000,1.222800,1.223100,D
173547161,EUR/USD,2005-08-01 10:45:49.000,1.222700,1.223000,D
173547189,EUR/USD,2005-08-01 10:45:54.000,1.222600,1.222900,D
173547194,EUR/USD,2005-08-01 10:45:56.000,1.222500,1.222800,D
173547222,EUR/USD,2005-08-01 10:46:01.000,1.222400,1.222700,D
173547239,EUR/USD,2005-08-01 10:46:04.000,1.222500,1.222800,D
173547263,EUR/USD,2005-08-01 10:46:08.000,1.222400,1.222700,D
173547267,EUR/USD,2005-08-01 10:46:09.000,1.222500,1.222800,D
173547272,EUR/USD,2005-08-01 10:46:10.000,1.222400,1.222700,D
173547281,EUR/USD,2005-08-01 10:46:11.000,1.222500,1.222800,D
173547292,EUR/USD,2005-08-01 10:46:13.000,1.222600,1.222900,D
173547294,EUR/USD,2005-08-01 10:46:14.000,1.222500,1.222800,D
173547299,EUR/USD,2005-08-01 10:46:15.000,1.222600,1.222900,D
173547308,EUR/USD,2005-08-01 10:46:17.000,1.222700,1.223000,D
173547326,EUR/USD,2005-08-01 10:46:21.000,1.222600,1.222900,D
173547355,EUR/USD,2005-08-01 10:46:25.000,1.222500,1.222800,D
173547358,EUR/USD,2005-08-01 10:46:25.000,1.222600,1.222900,D
173547379,EUR/USD,2005-08-01 10:46:27.000,1.222500,1.222800,D
173547384,EUR/USD,2005-08-01 10:46:28.000,1.222400,1.222700,D
173547421,EUR/USD,2005-08-01 10:46:33.000,1.222500,1.222800,D
173547448,EUR/USD,2005-08-01 10:46:36.000,1.222400,1.222700,D
173547468,EUR/USD,2005-08-01 10:46:39.000,1.222500,1.222800,D
173547508,EUR/USD,2005-08-01 10:46:45.000,1.222600,1.222900,D
173547510,EUR/USD,2005-08-01 10:46:45.000,1.222500,1.222800,D
173547514,EUR/USD,2005-08-01 10:46:46.000,1.222600,1.222900,D
173547529,EUR/USD,2005-08-01 10:46:48.000,1.222700,1.223000,D
173547535,EUR/USD,2005-08-01 10:46:49.000,1.222600,1.222900,D
173547544,EUR/USD,2005-08-01 10:46:51.000,1.222700,1.223000,D
173547572,EUR/USD,2005-08-01 10:46:55.000,1.222800,1.223100,D
173547588,EUR/USD,2005-08-01 10:46:56.000,1.222700,1.223000,D
173547641,EUR/USD,2005-08-01 10:47:01.000,1.222800,1.223100,D
173547646,EUR/USD,2005-08-01 10:47:02.000,1.222700,1.223000,D
173547654,EUR/USD,2005-08-01 10:47:04.000,1.222600,1.222900,D
173547668,EUR/USD,2005-08-01 10:47:07.000,1.222500,1.222800,D
173547676,EUR/USD,2005-08-01 10:47:08.000,1.222600,1.222900,D
173547679,EUR/USD,2005-08-01 10:47:08.000,1.222700,1.223000,D
173547708,EUR/USD,2005-08-01 10:47:14.000,1.222800,1.223100,D
173547715,EUR/USD,2005-08-01 10:47:15.000,1.222700,1.223000,D
173547717,EUR/USD,2005-08-01 10:47:16.000,1.222800,1.223100,D
173547721,EUR/USD,2005-08-01 10:47:17.000,1.222700,1.223000,D
173547726,EUR/USD,2005-08-01 10:47:17.000,1.222600,1.222900,D
173547736,EUR/USD,2005-08-01 10:47:19.000,1.222700,1.223000,D
173547755,EUR/USD,2005-08-01 10:47:25.000,1.222600,1.222900,D
173547767,EUR/USD,2005-08-01 10:47:28.000,1.222700,1.223000,D
173547775,EUR/USD,2005-08-01 10:47:30.000,1.222600,1.222900,D
173547790,EUR/USD,2005-08-01 10:47:39.000,1.222700,1.223000,D
173547797,EUR/USD,2005-08-01 10:47:41.000,1.222600,1.222900,D
173547804,EUR/USD,2005-08-01 10:47:44.000,1.222500,1.222800,D
173547823,EUR/USD,2005-08-01 10:47:53.000,1.222400,1.222700,D
173547826,EUR/USD,2005-08-01 10:47:54.000,1.222500,1.222800,D
173547833,EUR/USD,2005-08-01 10:47:55.000,1.222400,1.222700,D
173547845,EUR/USD,2005-08-01 10:47:57.000,1.222300,1.222600,D
173547867,EUR/USD,2005-08-01 10:48:01.000,1.222400,1.222700,D
173547893,EUR/USD,2005-08-01 10:48:06.000,1.222300,1.222600,D
173547907,EUR/USD,2005-08-01 10:48:10.000,1.222400,1.222700,D
173547942,EUR/USD,2005-08-01 10:48:31.000,1.222300,1.222600,D
173547947,EUR/USD,2005-08-01 10:48:35.000,1.222200,1.222500,D
173547953,EUR/USD,2005-08-01 10:48:36.000,1.222300,1.222600,D
173547962,EUR/USD,2005-08-01 10:48:40.000,1.222400,1.222700,D
173547966,EUR/USD,2005-08-01 10:48:41.000,1.222300,1.222600,D
173547975,EUR/USD,2005-08-01 10:48:48.000,1.222200,1.222500,D
173547979,EUR/USD,2005-08-01 10:48:50.000,1.222100,1.222400,D
173547991,EUR/USD,2005-08-01 10:48:52.000,1.222000,1.222300,D
173548000,EUR/USD,2005-08-01 10:48:53.000,1.221900,1.222200,D
173548010,EUR/USD,2005-08-01 10:48:55.000,1.221800,1.222100,D
173548054,EUR/USD,2005-08-01 10:49:03.000,1.221700,1.222000,D
173548060,EUR/USD,2005-08-01 10:49:03.000,1.221800,1.222100,D
173548084,EUR/USD,2005-08-01 10:49:09.000,1.221900,1.222200,D
173548107,EUR/USD,2005-08-01 10:49:16.000,1.221800,1.222100,D
173548115,EUR/USD,2005-08-01 10:49:18.000,1.221700,1.222000,D
173548130,EUR/USD,2005-08-01 10:49:20.000,1.221600,1.221900,D
173548146,EUR/USD,2005-08-01 10:49:22.000,1.221500,1.221800,D
173548159,EUR/USD,2005-08-01 10:49:24.000,1.221400,1.221700,D
173548164,EUR/USD,2005-08-01 10:49:24.000,1.221300,1.221600,D
173548172,EUR/USD,2005-08-01 10:49:25.000,1.221200,1.221400,D
173548179,EUR/USD,2005-08-01 10:49:26.000,1.221000,1.221300,D
173548190,EUR/USD,2005-08-01 10:49:26.000,1.221200,1.221500,D
173548202,EUR/USD,2005-08-01 10:49:27.000,1.221100,1.221400,D
173548206,EUR/USD,2005-08-01 10:49:27.000,1.220900,1.221200,D
173548217,EUR/USD,2005-08-01 10:49:28.000,1.221000,1.221300,D
173548226,EUR/USD,2005-08-01 10:49:29.000,1.220900,1.221200,D
173548235,EUR/USD,2005-08-01 10:49:30.000,1.221000,1.221300,D
173548242,EUR/USD,2005-08-01 10:49:31.000,1.220900,1.221200,D
173548253,EUR/USD,2005-08-01 10:49:31.000,1.221100,1.221400,D
173548283,EUR/USD,2005-08-01 10:49:35.000,1.221200,1.221500,D
173548345,EUR/USD,2005-08-01 10:49:42.000,1.221100,1.221400,D
173548380,EUR/USD,2005-08-01 10:49:46.000,1.221000,1.221300,D
173548390,EUR/USD,2005-08-01 10:49:47.000,1.220900,1.221200,D
173548410,EUR/USD,2005-08-01 10:49:50.000,1.220800,1.221100,D
173548430,EUR/USD,2005-08-01 10:49:52.000,1.220700,1.221000,D
173548448,EUR/USD,2005-08-01 10:49:53.000,1.220800,1.221100,D
173548461,EUR/USD,2005-08-01 10:49:54.000,1.220700,1.221000,D
173548463,EUR/USD,2005-08-01 10:49:54.000,1.220600,1.220900,D
173548475,EUR/USD,2005-08-01 10:49:56.000,1.220500,1.220800,D
173548488,EUR/USD,2005-08-01 10:49:57.000,1.220600,1.220900,D
173548497,EUR/USD,2005-08-01 10:49:58.000,1.220400,1.220700,D
173548509,EUR/USD,2005-08-01 10:49:59.000,1.220500,1.220800,D
173548560,EUR/USD,2005-08-01 10:50:06.000,1.220400,1.220700,D
173548578,EUR/USD,2005-08-01 10:50:08.000,1.220300,1.220600,D
173548604,EUR/USD,2005-08-01 10:50:12.000,1.220400,1.220700,D
173548625,EUR/USD,2005-08-01 10:50:14.000,1.220500,1.220800,D
173548641,EUR/USD,2005-08-01 10:50:17.000,1.220600,1.220900,D
173548678,EUR/USD,2005-08-01 10:50:21.000,1.220700,1.221000,D
173548735,EUR/USD,2005-08-01 10:50:29.000,1.220800,1.221100,D
173548762,EUR/USD,2005-08-01 10:50:35.000,1.220900,1.221200,D
173548779,EUR/USD,2005-08-01 10:50:37.000,1.220800,1.221100,D
173548806,EUR/USD,2005-08-01 10:50:45.000,1.220700,1.221000,D
173548811,EUR/USD,2005-08-01 10:50:47.000,1.220800,1.221100,D
173548815,EUR/USD,2005-08-01 10:50:48.000,1.220700,1.221000,D
173548857,EUR/USD,2005-08-01 10:50:54.000,1.220800,1.221100,D
173548867,EUR/USD,2005-08-01 10:50:57.000,1.220900,1.221200,D
173548895,EUR/USD,2005-08-01 10:51:03.000,1.220800,1.221100,D
173548940,EUR/USD,2005-08-01 10:51:07.000,1.220900,1.221200,D
173548958,EUR/USD,2005-08-01 10:51:10.000,1.221000,1.221300,D
173548975,EUR/USD,2005-08-01 10:51:11.000,1.221100,1.221400,D
173549000,EUR/USD,2005-08-01 10:51:14.000,1.221200,1.221500,D
173549023,EUR/USD,2005-08-01 10:51:16.000,1.221100,1.221400,D
173549028,EUR/USD,2005-08-01 10:51:16.000,1.221200,1.221500,D
173549036,EUR/USD,2005-08-01 10:51:17.000,1.221100,1.221400,D
173549067,EUR/USD,2005-08-01 10:51:21.000,1.221000,1.221300,D
173549084,EUR/USD,2005-08-01 10:51:23.000,1.220800,1.221100,D
173549090,EUR/USD,2005-08-01 10:51:24.000,1.220900,1.221200,D
173549104,EUR/USD,2005-08-01 10:51:25.000,1.220800,1.221100,D
173549114,EUR/USD,2005-08-01 10:51:28.000,1.220700,1.221000,D
173549120,EUR/USD,2005-08-01 10:51:28.000,1.220800,1.221100,D
173549140,EUR/USD,2005-08-01 10:51:32.000,1.220900,1.221200,D
173549164,EUR/USD,2005-08-01 10:51:38.000,1.221000,1.221300,D
173549190,EUR/USD,2005-08-01 10:51:46.000,1.221100,1.221400,D
173549203,EUR/USD,2005-08-01 10:51:49.000,1.221000,1.221300,D
173549242,EUR/USD,2005-08-01 10:51:56.000,1.221100,1.221400,D
173549264,EUR/USD,2005-08-01 10:52:00.000,1.221200,1.221500,D
173549278,EUR/USD,2005-08-01 10:52:02.000,1.221300,1.221600,D
173549291,EUR/USD,2005-08-01 10:52:04.000,1.221400,1.221700,D
173549306,EUR/USD,2005-08-01 10:52:08.000,1.221300,1.221600,D
173549313,EUR/USD,2005-08-01 10:52:09.000,1.221200,1.221500,D
173549325,EUR/USD,2005-08-01 10:52:11.000,1.221300,1.221600,D
173549338,EUR/USD,2005-08-01 10:52:12.000,1.221400,1.221700,D
173549355,EUR/USD,2005-08-01 10:52:14.000,1.221300,1.221600,D
173549362,EUR/USD,2005-08-01 10:52:18.000,1.221200,1.221500,D
173549373,EUR/USD,2005-08-01 10:52:20.000,1.221300,1.221600,D
173549387,EUR/USD,2005-08-01 10:52:26.000,1.221200,1.221500,D
173549392,EUR/USD,2005-08-01 10:52:27.000,1.221300,1.221600,D
173549414,EUR/USD,2005-08-01 10:52:31.000,1.221200,1.221500,D
173549417,EUR/USD,2005-08-01 10:52:32.000,1.221300,1.221600,D
173549420,EUR/USD,2005-08-01 10:52:34.000,1.221200,1.221500,D
173549449,EUR/USD,2005-08-01 10:52:38.000,1.221100,1.221400,D
173549465,EUR/USD,2005-08-01 10:52:39.000,1.221000,1.221300,D
173549471,EUR/USD,2005-08-01 10:52:41.000,1.221100,1.221400,D
173549487,EUR/USD,2005-08-01 10:52:44.000,1.221000,1.221300,D
173549495,EUR/USD,2005-08-01 10:52:45.000,1.221100,1.221400,D
173549524,EUR/USD,2005-08-01 10:52:59.000,1.221000,1.221300,D
173549556,EUR/USD,2005-08-01 10:53:13.000,1.220900,1.221200,D
173549581,EUR/USD,2005-08-01 10:53:17.000,1.220800,1.221100,D
173549592,EUR/USD,2005-08-01 10:53:19.000,1.220900,1.221200,D
173549601,EUR/USD,2005-08-01 10:53:21.000,1.220800,1.221100,D
173549611,EUR/USD,2005-08-01 10:53:22.000,1.220700,1.221000,D
173549623,EUR/USD,2005-08-01 10:53:23.000,1.220800,1.221100,D
173549636,EUR/USD,2005-08-01 10:53:28.000,1.220900,1.221200,D
173549651,EUR/USD,2005-08-01 10:53:33.000,1.220800,1.221100,D
173549655,EUR/USD,2005-08-01 10:53:33.000,1.220900,1.221200,D
173549668,EUR/USD,2005-08-01 10:53:35.000,1.220800,1.221100,D
173549670,EUR/USD,2005-08-01 10:53:36.000,1.220900,1.221200,D
173549684,EUR/USD,2005-08-01 10:53:38.000,1.220800,1.221100,D
173549685,EUR/USD,2005-08-01 10:53:39.000,1.220900,1.221200,D
173549693,EUR/USD,2005-08-01 10:53:40.000,1.220800,1.221100,D
173549703,EUR/USD,2005-08-01 10:53:43.000,1.220900,1.221200,D
173549729,EUR/USD,2005-08-01 10:53:54.000,1.220800,1.221100,D
173549734,EUR/USD,2005-08-01 10:53:55.000,1.220700,1.221000,D
173549749,EUR/USD,2005-08-01 10:53:57.000,1.220600,1.220900,D
173549765,EUR/USD,2005-08-01 10:54:00.000,1.220500,1.220800,D
173549769,EUR/USD,2005-08-01 10:54:01.000,1.220600,1.220900,D
173549777,EUR/USD,2005-08-01 10:54:02.000,1.220500,1.220800,D
173549787,EUR/USD,2005-08-01 10:54:03.000,1.220600,1.220900,D
173549809,EUR/USD,2005-08-01 10:54:07.000,1.220500,1.220800,D
173549815,EUR/USD,2005-08-01 10:54:08.000,1.220600,1.220900,D
173549823,EUR/USD,2005-08-01 10:54:09.000,1.220500,1.220800,D
173549831,EUR/USD,2005-08-01 10:54:10.000,1.220400,1.220700,D
173549849,EUR/USD,2005-08-01 10:54:13.000,1.220300,1.220600,D
173549877,EUR/USD,2005-08-01 10:54:20.000,1.220400,1.220700,D
173549883,EUR/USD,2005-08-01 10:54:21.000,1.220300,1.220600,D
173549891,EUR/USD,2005-08-01 10:54:22.000,1.220400,1.220700,D
173549897,EUR/USD,2005-08-01 10:54:23.000,1.220300,1.220600,D
173549905,EUR/USD,2005-08-01 10:54:25.000,1.220400,1.220700,D
173549910,EUR/USD,2005-08-01 10:54:25.000,1.220300,1.220600,D
173549917,EUR/USD,2005-08-01 10:54:26.000,1.220200,1.220500,D
173549949,EUR/USD,2005-08-01 10:54:28.000,1.220300,1.220600,D
173549967,EUR/USD,2005-08-01 10:54:32.000,1.220400,1.220700,D
173549987,EUR/USD,2005-08-01 10:54:36.000,1.220300,1.220600,D
173550002,EUR/USD,2005-08-01 10:54:38.000,1.220200,1.220500,D
173550022,EUR/USD,2005-08-01 10:54:41.000,1.220100,1.220400,D
173550027,EUR/USD,2005-08-01 10:54:41.000,1.220200,1.220500,D
173550035,EUR/USD,2005-08-01 10:54:43.000,1.220300,1.220600,D
173550079,EUR/USD,2005-08-01 10:54:48.000,1.220400,1.220700,D
173550112,EUR/USD,2005-08-01 10:54:55.000,1.220300,1.220600,D
173550125,EUR/USD,2005-08-01 10:54:56.000,1.220200,1.220500,D
173550156,EUR/USD,2005-08-01 10:55:01.000,1.220100,1.220400,D
173550159,EUR/USD,2005-08-01 10:55:01.000,1.220200,1.220500,D
173550171,EUR/USD,2005-08-01 10:55:03.000,1.220100,1.220400,D
173550178,EUR/USD,2005-08-01 10:55:03.000,1.220200,1.220500,D
173550192,EUR/USD,2005-08-01 10:55:06.000,1.220100,1.220400,D
173550204,EUR/USD,2005-08-01 10:55:09.000,1.220000,1.220300,D
173550218,EUR/USD,2005-08-01 10:55:11.000,1.220100,1.220400,D
173550230,EUR/USD,2005-08-01 10:55:14.000,1.220200,1.220500,D
173550255,EUR/USD,2005-08-01 10:55:16.000,1.220300,1.220600,D
173550268,EUR/USD,2005-08-01 10:55:17.000,1.220200,1.220500,D
173550295,EUR/USD,2005-08-01 10:55:21.000,1.220300,1.220600,D
173550300,EUR/USD,2005-08-01 10:55:23.000,1.220200,1.220500,D
173550326,EUR/USD,2005-08-01 10:55:27.000,1.220300,1.220600,D
173550332,EUR/USD,2005-08-01 10:55:28.000,1.220200,1.220500,D
173550343,EUR/USD,2005-08-01 10:55:30.000,1.220100,1.220400,D
173550349,EUR/USD,2005-08-01 10:55:32.000,1.220200,1.220500,D
173550371,EUR/USD,2005-08-01 10:55:36.000,1.220300,1.220600,D
173550398,EUR/USD,2005-08-01 10:55:40.000,1.220200,1.220500,D
173550410,EUR/USD,2005-08-01 10:55:41.000,1.220100,1.220400,D
173550420,EUR/USD,2005-08-01 10:55:44.000,1.220000,1.220300,D
173550432,EUR/USD,2005-08-01 10:55:45.000,1.219900,1.220200,D
173550440,EUR/USD,2005-08-01 10:55:46.000,1.219800,1.220100,D
173550462,EUR/USD,2005-08-01 10:55:50.000,1.219900,1.220200,D
173550487,EUR/USD,2005-08-01 10:55:54.000,1.220000,1.220300,D
173550503,EUR/USD,2005-08-01 10:55:57.000,1.220100,1.220400,D
173550551,EUR/USD,2005-08-01 10:56:05.000,1.220000,1.220300,D
173550556,EUR/USD,2005-08-01 10:56:06.000,1.220100,1.220400,D
173550564,EUR/USD,2005-08-01 10:56:07.000,1.220000,1.220300,D
173550570,EUR/USD,2005-08-01 10:56:08.000,1.220100,1.220400,D
173550573,EUR/USD,2005-08-01 10:56:09.000,1.220000,1.220300,D
173550578,EUR/USD,2005-08-01 10:56:10.000,1.220100,1.220400,D
173550598,EUR/USD,2005-08-01 10:56:14.000,1.220200,1.220500,D
173550605,EUR/USD,2005-08-01 10:56:15.000,1.220100,1.220400,D
173550614,EUR/USD,2005-08-01 10:56:15.000,1.220200,1.220500,D
173550623,EUR/USD,2005-08-01 10:56:16.000,1.220100,1.220400,D
173550638,EUR/USD,2005-08-01 10:56:18.000,1.220200,1.220500,D
173550645,EUR/USD,2005-08-01 10:56:19.000,1.220100,1.220400,D
173550650,EUR/USD,2005-08-01 10:56:21.000,1.220200,1.220500,D
173550668,EUR/USD,2005-08-01 10:56:23.000,1.220100,1.220400,D
173550671,EUR/USD,2005-08-01 10:56:23.000,1.220200,1.220500,D
173550685,EUR/USD,2005-08-01 10:56:26.000,1.220100,1.220400,D
173550692,EUR/USD,2005-08-01 10:56:29.000,1.220200,1.220500,D
173550699,EUR/USD,2005-08-01 10:56:29.000,1.220300,1.220600,D
173550721,EUR/USD,2005-08-01 10:56:33.000,1.220400,1.220700,D
173550725,EUR/USD,2005-08-01 10:56:33.000,1.220500,1.220800,D
173550742,EUR/USD,2005-08-01 10:56:35.000,1.220600,1.220900,D
173550758,EUR/USD,2005-08-01 10:56:38.000,1.220500,1.220800,D
173550782,EUR/USD,2005-08-01 10:56:43.000,1.220400,1.220700,D
173550817,EUR/USD,2005-08-01 10:56:48.000,1.220500,1.220800,D
173550928,EUR/USD,2005-08-01 10:57:14.000,1.220600,1.220900,D
173550950,EUR/USD,2005-08-01 10:57:20.000,1.220700,1.221000,D
173550971,EUR/USD,2005-08-01 10:57:28.000,1.220600,1.220900,D
173550986,EUR/USD,2005-08-01 10:57:30.000,1.220700,1.221000,D
173550987,EUR/USD,2005-08-01 10:57:31.000,1.220600,1.220900,D
173550999,EUR/USD,2005-08-01 10:57:31.000,1.220700,1.221000,D
173551018,EUR/USD,2005-08-01 10:57:33.000,1.220600,1.220900,D
173551024,EUR/USD,2005-08-01 10:57:33.000,1.220700,1.221000,D
173551037,EUR/USD,2005-08-01 10:57:34.000,1.220600,1.220900,D
173551055,EUR/USD,2005-08-01 10:57:40.000,1.220700,1.221000,D
173551075,EUR/USD,2005-08-01 10:57:44.000,1.220600,1.220900,D
173551118,EUR/USD,2005-08-01 10:57:56.000,1.220700,1.221000,D
173551132,EUR/USD,2005-08-01 10:57:57.000,1.220600,1.220900,D
173551148,EUR/USD,2005-08-01 10:58:03.000,1.220500,1.220800,D
173551181,EUR/USD,2005-08-01 10:58:17.000,1.220600,1.220900,D
173551222,EUR/USD,2005-08-01 10:58:30.000,1.220700,1.221000,D
173551248,EUR/USD,2005-08-01 10:58:34.000,1.220800,1.221100,D
173551266,EUR/USD,2005-08-01 10:58:36.000,1.220900,1.221200,D
173551279,EUR/USD,2005-08-01 10:58:37.000,1.220800,1.221100,D
173551326,EUR/USD,2005-08-01 10:58:48.000,1.220700,1.221000,D
173551371,EUR/USD,2005-08-01 10:59:06.000,1.220600,1.220900,D
173551374,EUR/USD,2005-08-01 10:59:06.000,1.220700,1.221000,D
173551426,EUR/USD,2005-08-01 10:59:19.000,1.220600,1.220900,D
173551429,EUR/USD,2005-08-01 10:59:20.000,1.220700,1.221000,D
173551448,EUR/USD,2005-08-01 10:59:25.000,1.220800,1.221100,D
173551489,EUR/USD,2005-08-01 10:59:33.000,1.220700,1.221000,D
173551498,EUR/USD,2005-08-01 10:59:34.000,1.220800,1.221100,D
173551507,EUR/USD,2005-08-01 10:59:36.000,1.220700,1.221000,D
173551518,EUR/USD,2005-08-01 10:59:37.000,1.220800,1.221100,D
173551527,EUR/USD,2005-08-01 10:59:38.000,1.220700,1.221000,D
173551533,EUR/USD,2005-08-01 10:59:38.000,1.220800,1.221100,D
173551583,EUR/USD,2005-08-01 10:59:47.000,1.220700,1.221000,D
173551595,EUR/USD,2005-08-01 10:59:49.000,1.220800,1.221100,D
173551599,EUR/USD,2005-08-01 10:59:49.000,1.220700,1.221000,D
173551671,EUR/USD,2005-08-01 11:00:03.000,1.220800,1.221100,D
173551686,EUR/USD,2005-08-01 11:00:07.000,1.220900,1.221200,D
173551717,EUR/USD,2005-08-01 11:00:12.000,1.221000,1.221300,D
173551762,EUR/USD,2005-08-01 11:00:23.000,1.221100,1.221400,D
173551781,EUR/USD,2005-08-01 11:00:25.000,1.221200,1.221500,D
173551798,EUR/USD,2005-08-01 11:00:27.000,1.221100,1.221400,D
173551816,EUR/USD,2005-08-01 11:00:32.000,1.221000,1.221300,D
173551841,EUR/USD,2005-08-01 11:00:33.000,1.221100,1.221400,D
173551876,EUR/USD,2005-08-01 11:00:42.000,1.221200,1.221500,D
173551894,EUR/USD,2005-08-01 11:00:46.000,1.221100,1.221400,D
173551964,EUR/USD,2005-08-01 11:01:05.000,1.221200,1.221500,D
173551970,EUR/USD,2005-08-01 11:01:07.000,1.221100,1.221400,D
173551974,EUR/USD,2005-08-01 11:01:07.000,1.221200,1.221500,D
173551976,EUR/USD,2005-08-01 11:01:08.000,1.221100,1.221400,D
173551995,EUR/USD,2005-08-01 11:01:13.000,1.221000,1.221300,D
173552012,EUR/USD,2005-08-01 11:01:18.000,1.220900,1.221200,D
173552029,EUR/USD,2005-08-01 11:01:20.000,1.221000,1.221300,D
173552041,EUR/USD,2005-08-01 11:01:23.000,1.220900,1.221200,D
173552048,EUR/USD,2005-08-01 11:01:23.000,1.221000,1.221300,D
173552089,EUR/USD,2005-08-01 11:01:35.000,1.220900,1.221200,D
173552121,EUR/USD,2005-08-01 11:01:42.000,1.220800,1.221100,D
173552143,EUR/USD,2005-08-01 11:01:45.000,1.220700,1.221000,D
173552170,EUR/USD,2005-08-01 11:01:53.000,1.220800,1.221100,D
173552197,EUR/USD,2005-08-01 11:01:57.000,1.220900,1.221200,D
173552208,EUR/USD,2005-08-01 11:01:58.000,1.220800,1.221100,D
173552225,EUR/USD,2005-08-01 11:02:03.000,1.220700,1.221000,D
173552231,EUR/USD,2005-08-01 11:02:03.000,1.220800,1.221100,D
173552236,EUR/USD,2005-08-01 11:02:05.000,1.220700,1.221000,D
173552254,EUR/USD,2005-08-01 11:02:10.000,1.220800,1.221100,D
173552271,EUR/USD,2005-08-01 11:02:14.000,1.220900,1.221200,D
173552285,EUR/USD,2005-08-01 11:02:18.000,1.220800,1.221100,D
173552298,EUR/USD,2005-08-01 11:02:23.000,1.220900,1.221200,D
173552337,EUR/USD,2005-08-01 11:02:29.000,1.220800,1.221100,D
173552339,EUR/USD,2005-08-01 11:02:30.000,1.220900,1.221200,D
173552347,EUR/USD,2005-08-01 11:02:31.000,1.220800,1.221100,D
173552432,EUR/USD,2005-08-01 11:03:01.000,1.220700,1.221000,D
173552474,EUR/USD,2005-08-01 11:03:17.000,1.220800,1.221100,D
173552480,EUR/USD,2005-08-01 11:03:18.000,1.220900,1.221200,D
173552493,EUR/USD,2005-08-01 11:03:20.000,1.220700,1.221000,D
173552499,EUR/USD,2005-08-01 11:03:20.000,1.220800,1.221100,D
173552512,EUR/USD,2005-08-01 11:03:22.000,1.220700,1.221000,D
173552527,EUR/USD,2005-08-01 11:03:25.000,1.220600,1.220900,D
173552561,EUR/USD,2005-08-01 11:03:28.000,1.220700,1.221000,D
173552603,EUR/USD,2005-08-01 11:03:36.000,1.220800,1.221100,D
173552632,EUR/USD,2005-08-01 11:03:39.000,1.220700,1.221000,D
173552659,EUR/USD,2005-08-01 11:03:50.000,1.220800,1.221100,D
173552668,EUR/USD,2005-08-01 11:03:51.000,1.220700,1.221000,D
173552688,EUR/USD,2005-08-01 11:04:06.000,1.220800,1.221100,D
173552705,EUR/USD,2005-08-01 11:04:08.000,1.220700,1.221000,D
173552723,EUR/USD,2005-08-01 11:04:12.000,1.220800,1.221100,D
173552750,EUR/USD,2005-08-01 11:04:16.000,1.220700,1.221000,D
173552755,EUR/USD,2005-08-01 11:04:17.000,1.220800,1.221100,D
173552766,EUR/USD,2005-08-01 11:04:20.000,1.220600,1.220900,D
173552782,EUR/USD,2005-08-01 11:04:23.000,1.220500,1.220800,D
173552805,EUR/USD,2005-08-01 11:04:27.000,1.220400,1.220700,D
173552818,EUR/USD,2005-08-01 11:04:29.000,1.220300,1.220600,D
173552826,EUR/USD,2005-08-01 11:04:30.000,1.220400,1.220700,D
173552858,EUR/USD,2005-08-01 11:04:45.000,1.220300,1.220600,D
173552870,EUR/USD,2005-08-01 11:04:48.000,1.220400,1.220700,D
173552876,EUR/USD,2005-08-01 11:04:49.000,1.220300,1.220600,D
173552891,EUR/USD,2005-08-01 11:04:50.000,1.220400,1.220700,D
173552903,EUR/USD,2005-08-01 11:04:52.000,1.220500,1.220800,D
173552954,EUR/USD,2005-08-01 11:04:58.000,1.220600,1.220900,D
173552962,EUR/USD,2005-08-01 11:04:59.000,1.220500,1.220800,D
173552975,EUR/USD,2005-08-01 11:05:00.000,1.220400,1.220700,D
173552979,EUR/USD,2005-08-01 11:05:01.000,1.220300,1.220600,D
173553033,EUR/USD,2005-08-01 11:05:09.000,1.220400,1.220700,D
173553063,EUR/USD,2005-08-01 11:05:20.000,1.220300,1.220600,D
173553073,EUR/USD,2005-08-01 11:05:22.000,1.220200,1.220500,D
173553087,EUR/USD,2005-08-01 11:05:26.000,1.220300,1.220600,D
173553118,EUR/USD,2005-08-01 11:05:30.000,1.220400,1.220700,D
173553145,EUR/USD,2005-08-01 11:05:37.000,1.220500,1.220800,D
173553151,EUR/USD,2005-08-01 11:05:38.000,1.220400,1.220700,D
173553166,EUR/USD,2005-08-01 11:05:52.000,1.220300,1.220600,D
173553231,EUR/USD,2005-08-01 11:06:20.000,1.220200,1.220500,D
173553238,EUR/USD,2005-08-01 11:06:22.000,1.220300,1.220600,D
173553244,EUR/USD,2005-08-01 11:06:23.000,1.220200,1.220500,D
173553245,EUR/USD,2005-08-01 11:06:23.000,1.220300,1.220600,D
173553260,EUR/USD,2005-08-01 11:06:26.000,1.220200,1.220500,D
173553292,EUR/USD,2005-08-01 11:06:33.000,1.220300,1.220600,D
173553299,EUR/USD,2005-08-01 11:06:34.000,1.220200,1.220500,D
173553302,EUR/USD,2005-08-01 11:06:35.000,1.220300,1.220600,D
173553337,EUR/USD,2005-08-01 11:06:44.000,1.220200,1.220500,D
173553348,EUR/USD,2005-08-01 11:06:46.000,1.220300,1.220600,D
173553380,EUR/USD,2005-08-01 11:07:03.000,1.220200,1.220500,D
173553394,EUR/USD,2005-08-01 11:07:09.000,1.220300,1.220600,D
173553398,EUR/USD,2005-08-01 11:07:09.000,1.220200,1.220500,D
173553406,EUR/USD,2005-08-01 11:07:10.000,1.220300,1.220600,D
173553423,EUR/USD,2005-08-01 11:07:11.000,1.220200,1.220500,D
173553438,EUR/USD,2005-08-01 11:07:16.000,1.220300,1.220600,D
173553443,EUR/USD,2005-08-01 11:07:17.000,1.220200,1.220500,D
173553472,EUR/USD,2005-08-01 11:07:26.000,1.220100,1.220400,D
173553529,EUR/USD,2005-08-01 11:07:36.000,1.220200,1.220500,D
173553560,EUR/USD,2005-08-01 11:07:41.000,1.220300,1.220600,D
173553580,EUR/USD,2005-08-01 11:07:46.000,1.220400,1.220700,D
173553613,EUR/USD,2005-08-01 11:07:52.000,1.220500,1.220800,D
173553627,EUR/USD,2005-08-01 11:07:54.000,1.220400,1.220700,D
173553632,EUR/USD,2005-08-01 11:07:54.000,1.220500,1.220800,D
173553719,EUR/USD,2005-08-01 11:08:18.000,1.220600,1.220900,D
173553722,EUR/USD,2005-08-01 11:08:18.000,1.220500,1.220800,D
173553724,EUR/USD,2005-08-01 11:08:19.000,1.220400,1.220700,D
173553729,EUR/USD,2005-08-01 11:08:20.000,1.220500,1.220800,D
173553792,EUR/USD,2005-08-01 11:08:51.000,1.220600,1.220900,D
173553799,EUR/USD,2005-08-01 11:08:54.000,1.220500,1.220800,D
173553809,EUR/USD,2005-08-01 11:08:59.000,1.220400,1.220700,D
173553838,EUR/USD,2005-08-01 11:09:05.000,1.220300,1.220600,D
173553887,EUR/USD,2005-08-01 11:09:27.000,1.220200,1.220500,D
173553894,EUR/USD,2005-08-01 11:09:32.000,1.220300,1.220600,D
173553896,EUR/USD,2005-08-01 11:09:32.000,1.220400,1.220700,D
173553906,EUR/USD,2005-08-01 11:09:34.000,1.220300,1.220600,D
173553912,EUR/USD,2005-08-01 11:09:34.000,1.220200,1.220500,D
173553955,EUR/USD,2005-08-01 11:09:47.000,1.220100,1.220400,D
173553996,EUR/USD,2005-08-01 11:09:51.000,1.220000,1.220300,D
173554023,EUR/USD,2005-08-01 11:09:54.000,1.220100,1.220400,D
173554056,EUR/USD,2005-08-01 11:09:58.000,1.220200,1.220500,D
173554062,EUR/USD,2005-08-01 11:09:59.000,1.220100,1.220400,D
173554064,EUR/USD,2005-08-01 11:10:00.000,1.220200,1.220500,D
173554070,EUR/USD,2005-08-01 11:10:01.000,1.220100,1.220400,D
173554094,EUR/USD,2005-08-01 11:10:07.000,1.220000,1.220300,D
173554116,EUR/USD,2005-08-01 11:10:10.000,1.219900,1.220200,D
173554140,EUR/USD,2005-08-01 11:10:15.000,1.220000,1.220300,D
173554147,EUR/USD,2005-08-01 11:10:16.000,1.219900,1.220200,D
173554166,EUR/USD,2005-08-01 11:10:19.000,1.219800,1.220100,D
173554187,EUR/USD,2005-08-01 11:10:22.000,1.219700,1.220000,D
173554207,EUR/USD,2005-08-01 11:10:24.000,1.219600,1.219900,D
173554208,EUR/USD,2005-08-01 11:10:24.000,1.219700,1.220000,D
173554222,EUR/USD,2005-08-01 11:10:26.000,1.219600,1.219800,D
173554235,EUR/USD,2005-08-01 11:10:26.000,1.219400,1.219700,D
173554245,EUR/USD,2005-08-01 11:10:27.000,1.219500,1.219800,D
173554252,EUR/USD,2005-08-01 11:10:27.000,1.219400,1.219700,D
173554263,EUR/USD,2005-08-01 11:10:28.000,1.219500,1.219800,D
173554271,EUR/USD,2005-08-01 11:10:29.000,1.219400,1.219700,D
173554283,EUR/USD,2005-08-01 11:10:30.000,1.219500,1.219800,D
173554293,EUR/USD,2005-08-01 11:10:32.000,1.219400,1.219700,D
173554299,EUR/USD,2005-08-01 11:10:33.000,1.219500,1.219800,D
173554302,EUR/USD,2005-08-01 11:10:33.000,1.219400,1.219700,D
173554321,EUR/USD,2005-08-01 11:10:35.000,1.219300,1.219600,D
173554332,EUR/USD,2005-08-01 11:10:37.000,1.219200,1.219500,D
173554344,EUR/USD,2005-08-01 11:10:39.000,1.219100,1.219400,D
173554376,EUR/USD,2005-08-01 11:10:44.000,1.219200,1.219500,D
173554394,EUR/USD,2005-08-01 11:10:46.000,1.219000,1.219300,D
173554401,EUR/USD,2005-08-01 11:10:46.000,1.219100,1.219400,D
173554405,EUR/USD,2005-08-01 11:10:47.000,1.219200,1.219500,D
173554421,EUR/USD,2005-08-01 11:10:49.000,1.219100,1.219400,D
173554440,EUR/USD,2005-08-01 11:10:52.000,1.219200,1.219500,D
173554460,EUR/USD,2005-08-01 11:10:53.000,1.219100,1.219400,D
173554466,EUR/USD,2005-08-01 11:10:54.000,1.219200,1.219500,D
173554493,EUR/USD,2005-08-01 11:10:56.000,1.219100,1.219400,D
173554503,EUR/USD,2005-08-01 11:10:58.000,1.219000,1.219300,D
173554539,EUR/USD,2005-08-01 11:11:01.000,1.218900,1.219200,D
173554553,EUR/USD,2005-08-01 11:11:03.000,1.218800,1.219100,D
173554557,EUR/USD,2005-08-01 11:11:03.000,1.218900,1.219200,D
173554562,EUR/USD,2005-08-01 11:11:04.000,1.218800,1.219100,D
173554575,EUR/USD,2005-08-01 11:11:05.000,1.218900,1.219200,D
173554583,EUR/USD,2005-08-01 11:11:05.000,1.218800,1.219100,D
173554595,EUR/USD,2005-08-01 11:11:07.000,1.218700,1.219000,D
173554606,EUR/USD,2005-08-01 11:11:08.000,1.218800,1.219100,D
173554615,EUR/USD,2005-08-01 11:11:10.000,1.218700,1.219000,D
173554628,EUR/USD,2005-08-01 11:11:11.000,1.218800,1.219100,D
173554636,EUR/USD,2005-08-01 11:11:12.000,1.218700,1.219000,D
173554642,EUR/USD,2005-08-01 11:11:13.000,1.218800,1.219100,D
173554651,EUR/USD,2005-08-01 11:11:14.000,1.218700,1.219000,D
173554654,EUR/USD,2005-08-01 11:11:15.000,1.218800,1.219100,D
173554673,EUR/USD,2005-08-01 11:11:17.000,1.218700,1.219000,D
173554696,EUR/USD,2005-08-01 11:11:19.000,1.218800,1.219100,D
173554710,EUR/USD,2005-08-01 11:11:21.000,1.218700,1.219000,D
173554726,EUR/USD,2005-08-01 11:11:22.000,1.218800,1.219100,D
173554744,EUR/USD,2005-08-01 11:11:24.000,1.218700,1.219000,D
173554762,EUR/USD,2005-08-01 11:11:28.000,1.218800,1.219100,D
173554797,EUR/USD,2005-08-01 11:11:34.000,1.218900,1.219200,D
173554808,EUR/USD,2005-08-01 11:11:35.000,1.218800,1.219100,D
173554813,EUR/USD,2005-08-01 11:11:36.000,1.218900,1.219200,D
173554830,EUR/USD,2005-08-01 11:11:36.000,1.218800,1.219100,D
173554848,EUR/USD,2005-08-01 11:11:38.000,1.218900,1.219200,D
173554863,EUR/USD,2005-08-01 11:11:41.000,1.219000,1.219300,D
173554910,EUR/USD,2005-08-01 11:11:51.000,1.219100,1.219400,D
173554920,EUR/USD,2005-08-01 11:11:52.000,1.219000,1.219300,D
173554933,EUR/USD,2005-08-01 11:11:53.000,1.219100,1.219400,D
173554936,EUR/USD,2005-08-01 11:11:54.000,1.219200,1.219500,D
173554956,EUR/USD,2005-08-01 11:11:59.000,1.219300,1.219600,D
173554970,EUR/USD,2005-08-01 11:12:03.000,1.219400,1.219700,D
173554973,EUR/USD,2005-08-01 11:12:03.000,1.219300,1.219600,D
173554981,EUR/USD,2005-08-01 11:12:06.000,1.219200,1.219500,D
173555018,EUR/USD,2005-08-01 11:12:10.000,1.219100,1.219400,D
173555030,EUR/USD,2005-08-01 11:12:12.000,1.219200,1.219500,D
173555047,EUR/USD,2005-08-01 11:12:14.000,1.219100,1.219400,D
173555064,EUR/USD,2005-08-01 11:12:19.000,1.219200,1.219500,D
173555089,EUR/USD,2005-08-01 11:12:28.000,1.219100,1.219400,D
173555092,EUR/USD,2005-08-01 11:12:29.000,1.219200,1.219500,D
173555103,EUR/USD,2005-08-01 11:12:33.000,1.219300,1.219600,D
173555111,EUR/USD,2005-08-01 11:12:34.000,1.219200,1.219500,D
173555117,EUR/USD,2005-08-01 11:12:36.000,1.219300,1.219600,D
173555134,EUR/USD,2005-08-01 11:12:40.000,1.219400,1.219700,D
173555152,EUR/USD,2005-08-01 11:12:43.000,1.219300,1.219600,D
173555155,EUR/USD,2005-08-01 11:12:43.000,1.219400,1.219700,D
173555167,EUR/USD,2005-08-01 11:12:45.000,1.219300,1.219600,D
173555181,EUR/USD,2005-08-01 11:12:48.000,1.219400,1.219700,D
173555216,EUR/USD,2005-08-01 11:12:57.000,1.219300,1.219600,D
173555220,EUR/USD,2005-08-01 11:12:58.000,1.219400,1.219700,D
173555277,EUR/USD,2005-08-01 11:13:19.000,1.219500,1.219800,D
173555289,EUR/USD,2005-08-01 11:13:20.000,1.219400,1.219700,D
173555293,EUR/USD,2005-08-01 11:13:21.000,1.219500,1.219800,D
173555295,EUR/USD,2005-08-01 11:13:21.000,1.219400,1.219700,D
173555300,EUR/USD,2005-08-01 11:13:22.000,1.219500,1.219800,D
173555331,EUR/USD,2005-08-01 11:13:26.000,1.219400,1.219700,D
173555341,EUR/USD,2005-08-01 11:13:28.000,1.219500,1.219800,D
173555359,EUR/USD,2005-08-01 11:13:37.000,1.219400,1.219700,D
173555408,EUR/USD,2005-08-01 11:13:53.000,1.219500,1.219800,D
173555415,EUR/USD,2005-08-01 11:13:54.000,1.219400,1.219700,D
173555454,EUR/USD,2005-08-01 11:14:09.000,1.219300,1.219600,D
173555463,EUR/USD,2005-08-01 11:14:13.000,1.219400,1.219700,D
173555471,EUR/USD,2005-08-01 11:14:14.000,1.219300,1.219600,D
173555495,EUR/USD,2005-08-01 11:14:22.000,1.219400,1.219700,D
173555514,EUR/USD,2005-08-01 11:14:26.000,1.219300,1.219600,D
173555543,EUR/USD,2005-08-01 11:14:35.000,1.219400,1.219700,D
173555549,EUR/USD,2005-08-01 11:14:36.000,1.219300,1.219600,D
173555554,EUR/USD,2005-08-01 11:14:38.000,1.219400,1.219700,D
173555578,EUR/USD,2005-08-01 11:14:45.000,1.219500,1.219800,D
173555586,EUR/USD,2005-08-01 11:14:46.000,1.219400,1.219700,D
173555650,EUR/USD,2005-08-01 11:15:07.000,1.219300,1.219600,D
173555663,EUR/USD,2005-08-01 11:15:09.000,1.219400,1.219700,D
173555673,EUR/USD,2005-08-01 11:15:13.000,1.219300,1.219600,D
173555697,EUR/USD,2005-08-01 11:15:20.000,1.219400,1.219700,D
173555743,EUR/USD,2005-08-01 11:15:33.000,1.219300,1.219600,D
173555749,EUR/USD,2005-08-01 11:15:34.000,1.219400,1.219700,D
173555791,EUR/USD,2005-08-01 11:15:55.000,1.219300,1.219600,D
173555797,EUR/USD,2005-08-01 11:15:58.000,1.219400,1.219700,D
173555800,EUR/USD,2005-08-01 11:15:59.000,1.219300,1.219600,D
173555806,EUR/USD,2005-08-01 11:15:59.000,1.219400,1.219700,D
173555813,EUR/USD,2005-08-01 11:16:00.000,1.219300,1.219600,D
173555821,EUR/USD,2005-08-01 11:16:01.000,1.219200,1.219500,D
173555822,EUR/USD,2005-08-01 11:16:01.000,1.219300,1.219600,D
173555834,EUR/USD,2005-08-01 11:16:05.000,1.219200,1.219500,D
173555854,EUR/USD,2005-08-01 11:16:09.000,1.219100,1.219400,D
173555899,EUR/USD,2005-08-01 11:16:17.000,1.219000,1.219300,D
173555931,EUR/USD,2005-08-01 11:16:23.000,1.219100,1.219400,D
173555963,EUR/USD,2005-08-01 11:16:28.000,1.219200,1.219500,D
173555979,EUR/USD,2005-08-01 11:16:29.000,1.219100,1.219400,D
173556027,EUR/USD,2005-08-01 11:16:44.000,1.219200,1.219500,D
173556046,EUR/USD,2005-08-01 11:16:48.000,1.219300,1.219600,D
173556129,EUR/USD,2005-08-01 11:17:12.000,1.219200,1.219500,D
173556137,EUR/USD,2005-08-01 11:17:14.000,1.219100,1.219400,D
173556159,EUR/USD,2005-08-01 11:17:18.000,1.219200,1.219500,D
173556219,EUR/USD,2005-08-01 11:17:53.000,1.219300,1.219600,D
173556222,EUR/USD,2005-08-01 11:17:55.000,1.219200,1.219500,D
173556229,EUR/USD,2005-08-01 11:17:55.000,1.219300,1.219600,D
173556234,EUR/USD,2005-08-01 11:17:56.000,1.219200,1.219500,D
173556243,EUR/USD,2005-08-01 11:18:02.000,1.219300,1.219600,D
173556248,EUR/USD,2005-08-01 11:18:04.000,1.219200,1.219500,D
173556263,EUR/USD,2005-08-01 11:18:06.000,1.219300,1.219600,D
173556277,EUR/USD,2005-08-01 11:18:12.000,1.219200,1.219500,D
173556303,EUR/USD,2005-08-01 11:18:27.000,1.219300,1.219600,D
173556329,EUR/USD,2005-08-01 11:18:33.000,1.219200,1.219500,D
173556358,EUR/USD,2005-08-01 11:18:43.000,1.219300,1.219600,D
173556377,EUR/USD,2005-08-01 11:18:58.000,1.219200,1.219500,D
173556388,EUR/USD,2005-08-01 11:19:00.000,1.219300,1.219600,D
173556421,EUR/USD,2005-08-01 11:19:33.000,1.219200,1.219500,D
173556439,EUR/USD,2005-08-01 11:19:39.000,1.219300,1.219600,D
173556452,EUR/USD,2005-08-01 11:19:42.000,1.219200,1.219500,D
173556465,EUR/USD,2005-08-01 11:19:44.000,1.219300,1.219600,D
173556555,EUR/USD,2005-08-01 11:20:12.000,1.219400,1.219700,D
173556584,EUR/USD,2005-08-01 11:20:33.000,1.219500,1.219800,D
173556590,EUR/USD,2005-08-01 11:20:34.000,1.219400,1.219700,D
173556661,EUR/USD,2005-08-01 11:21:01.000,1.219300,1.219600,D
173556670,EUR/USD,2005-08-01 11:21:07.000,1.219200,1.219500,D
173556707,EUR/USD,2005-08-01 11:21:15.000,1.219100,1.219400,D
173556713,EUR/USD,2005-08-01 11:21:16.000,1.219200,1.219500,D
173556718,EUR/USD,2005-08-01 11:21:17.000,1.219100,1.219400,D
173556727,EUR/USD,2005-08-01 11:21:19.000,1.219200,1.219500,D
173556738,EUR/USD,2005-08-01 11:21:20.000,1.219100,1.219400,D
173556744,EUR/USD,2005-08-01 11:21:21.000,1.219200,1.219500,D
173556746,EUR/USD,2005-08-01 11:21:21.000,1.219100,1.219400,D
173556780,EUR/USD,2005-08-01 11:21:26.000,1.219200,1.219500,D
173556807,EUR/USD,2005-08-01 11:21:32.000,1.219100,1.219400,D
173556815,EUR/USD,2005-08-01 11:21:33.000,1.219200,1.219500,D
173556847,EUR/USD,2005-08-01 11:21:41.000,1.219100,1.219400,D
173556863,EUR/USD,2005-08-01 11:21:46.000,1.219200,1.219500,D
173556882,EUR/USD,2005-08-01 11:21:50.000,1.219100,1.219400,D
173556895,EUR/USD,2005-08-01 11:21:59.000,1.219200,1.219500,D
173556898,EUR/USD,2005-08-01 11:22:00.000,1.219100,1.219400,D
173556903,EUR/USD,2005-08-01 11:22:00.000,1.219200,1.219500,D
173556976,EUR/USD,2005-08-01 11:22:41.000,1.219100,1.219400,D
173556981,EUR/USD,2005-08-01 11:22:43.000,1.219200,1.219500,D
173556993,EUR/USD,2005-08-01 11:22:45.000,1.219100,1.219400,D
173557062,EUR/USD,2005-08-01 11:23:14.000,1.219200,1.219500,D
173557117,EUR/USD,2005-08-01 11:23:24.000,1.219100,1.219400,D
173557168,EUR/USD,2005-08-01 11:23:39.000,1.219000,1.219300,D
173557216,EUR/USD,2005-08-01 11:23:54.000,1.218900,1.219200,D
173557221,EUR/USD,2005-08-01 11:23:54.000,1.219000,1.219300,D
173557234,EUR/USD,2005-08-01 11:23:56.000,1.218900,1.219200,D
173557245,EUR/USD,2005-08-01 11:23:59.000,1.219000,1.219300,D
173557270,EUR/USD,2005-08-01 11:24:06.000,1.219100,1.219400,D
173557288,EUR/USD,2005-08-01 11:24:10.000,1.219000,1.219300,D
173557293,EUR/USD,2005-08-01 11:24:10.000,1.219100,1.219400,D
173557309,EUR/USD,2005-08-01 11:24:16.000,1.219000,1.219300,D
173557347,EUR/USD,2005-08-01 11:24:27.000,1.218900,1.219200,D
173557393,EUR/USD,2005-08-01 11:24:49.000,1.218800,1.219100,D
173557409,EUR/USD,2005-08-01 11:24:51.000,1.218700,1.219000,D
173557412,EUR/USD,2005-08-01 11:24:53.000,1.218900,1.219200,D
173557418,EUR/USD,2005-08-01 11:24:53.000,1.218800,1.219100,D
173557445,EUR/USD,2005-08-01 11:24:57.000,1.218700,1.219000,D
173557477,EUR/USD,2005-08-01 11:25:02.000,1.218600,1.218900,D
173557505,EUR/USD,2005-08-01 11:25:06.000,1.218500,1.218800,D
173557531,EUR/USD,2005-08-01 11:25:10.000,1.218600,1.218900,D
173557537,EUR/USD,2005-08-01 11:25:11.000,1.218500,1.218800,D
173557580,EUR/USD,2005-08-01 11:25:23.000,1.218400,1.218700,D
173557612,EUR/USD,2005-08-01 11:25:29.000,1.218300,1.218600,D
173557627,EUR/USD,2005-08-01 11:25:33.000,1.218400,1.218700,D
173557636,EUR/USD,2005-08-01 11:25:34.000,1.218300,1.218600,D
173557637,EUR/USD,2005-08-01 11:25:34.000,1.218200,1.218500,D
173557650,EUR/USD,2005-08-01 11:25:37.000,1.218300,1.218600,D
173557657,EUR/USD,2005-08-01 11:25:38.000,1.218400,1.218700,D
173557660,EUR/USD,2005-08-01 11:25:39.000,1.218300,1.218600,D
173557669,EUR/USD,2005-08-01 11:25:42.000,1.218200,1.218500,D
173557675,EUR/USD,2005-08-01 11:25:44.000,1.218300,1.218600,D
173557682,EUR/USD,2005-08-01 11:25:44.000,1.218200,1.218500,D
173557692,EUR/USD,2005-08-01 11:25:46.000,1.218300,1.218600,D
173557708,EUR/USD,2005-08-01 11:25:52.000,1.218400,1.218700,D
173557709,EUR/USD,2005-08-01 11:25:53.000,1.218300,1.218600,D
173557755,EUR/USD,2005-08-01 11:26:05.000,1.218400,1.218700,D
173557763,EUR/USD,2005-08-01 11:26:08.000,1.218300,1.218600,D
173557770,EUR/USD,2005-08-01 11:26:09.000,1.218400,1.218700,D
173557782,EUR/USD,2005-08-01 11:26:15.000,1.218300,1.218600,D
173557788,EUR/USD,2005-08-01 11:26:15.000,1.218400,1.218700,D
173557842,EUR/USD,2005-08-01 11:26:32.000,1.218500,1.218800,D
173557854,EUR/USD,2005-08-01 11:26:34.000,1.218400,1.218700,D
173557861,EUR/USD,2005-08-01 11:26:34.000,1.218300,1.218600,D
173557864,EUR/USD,2005-08-01 11:26:35.000,1.218500,1.218800,D
173557875,EUR/USD,2005-08-01 11:26:35.000,1.218400,1.218700,D
173557907,EUR/USD,2005-08-01 11:26:46.000,1.218500,1.218800,D
173557917,EUR/USD,2005-08-01 11:26:48.000,1.218400,1.218700,D
173557923,EUR/USD,2005-08-01 11:26:52.000,1.218500,1.218800,D
173557934,EUR/USD,2005-08-01 11:26:54.000,1.218400,1.218700,D
173558029,EUR/USD,2005-08-01 11:27:33.000,1.218300,1.218600,D
173558034,EUR/USD,2005-08-01 11:27:34.000,1.218400,1.218700,D
173558100,EUR/USD,2005-08-01 11:28:15.000,1.218500,1.218800,D
173558106,EUR/USD,2005-08-01 11:28:15.000,1.218600,1.218900,D
173558145,EUR/USD,2005-08-01 11:28:19.000,1.218500,1.218800,D
173558167,EUR/USD,2005-08-01 11:28:22.000,1.218600,1.218900,D
173558190,EUR/USD,2005-08-01 11:28:27.000,1.218700,1.219000,D
173558213,EUR/USD,2005-08-01 11:28:31.000,1.218600,1.218900,D
173558255,EUR/USD,2005-08-01 11:28:41.000,1.218700,1.219000,D
173558262,EUR/USD,2005-08-01 11:28:43.000,1.218600,1.218900,D
173558268,EUR/USD,2005-08-01 11:28:44.000,1.218700,1.219000,D
173558331,EUR/USD,2005-08-01 11:29:07.000,1.218600,1.218900,D
173558344,EUR/USD,2005-08-01 11:29:13.000,1.218700,1.219000,D
173558395,EUR/USD,2005-08-01 11:30:07.000,1.218800,1.219100,D
173558396,EUR/USD,2005-08-01 11:30:08.000,1.218900,1.219200,D
173558417,EUR/USD,2005-08-01 11:30:10.000,1.218800,1.219100,D
173558420,EUR/USD,2005-08-01 11:30:10.000,1.218900,1.219200,D
173558432,EUR/USD,2005-08-01 11:30:13.000,1.219000,1.219300,D
173558454,EUR/USD,2005-08-01 11:30:19.000,1.218900,1.219200,D
173558464,EUR/USD,2005-08-01 11:30:20.000,1.219000,1.219300,D
173558474,EUR/USD,2005-08-01 11:30:26.000,1.219100,1.219400,D
173558477,EUR/USD,2005-08-01 11:30:27.000,1.219000,1.219300,D
173558487,EUR/USD,2005-08-01 11:30:29.000,1.219100,1.219400,D
173558513,EUR/USD,2005-08-01 11:30:39.000,1.219000,1.219300,D
173558521,EUR/USD,2005-08-01 11:30:40.000,1.219100,1.219400,D
173558539,EUR/USD,2005-08-01 11:30:45.000,1.219200,1.219500,D
173558567,EUR/USD,2005-08-01 11:30:51.000,1.219100,1.219400,D
173558594,EUR/USD,2005-08-01 11:31:05.000,1.219200,1.219500,D
173558600,EUR/USD,2005-08-01 11:31:05.000,1.219100,1.219400,D
173558616,EUR/USD,2005-08-01 11:31:12.000,1.219000,1.219300,D
173558634,EUR/USD,2005-08-01 11:31:21.000,1.219100,1.219400,D
173558638,EUR/USD,2005-08-01 11:31:22.000,1.219000,1.219300,D
173558648,EUR/USD,2005-08-01 11:31:26.000,1.219100,1.219400,D
173558678,EUR/USD,2005-08-01 11:31:39.000,1.219000,1.219300,D
173558681,EUR/USD,2005-08-01 11:31:41.000,1.219100,1.219400,D
173558703,EUR/USD,2005-08-01 11:31:55.000,1.219200,1.219500,D
173558731,EUR/USD,2005-08-01 11:32:22.000,1.219300,1.219600,D
173558742,EUR/USD,2005-08-01 11:32:24.000,1.219400,1.219700,D
173558762,EUR/USD,2005-08-01 11:32:31.000,1.219300,1.219600,D
173558774,EUR/USD,2005-08-01 11:32:34.000,1.219400,1.219700,D
173558781,EUR/USD,2005-08-01 11:32:36.000,1.219300,1.219600,D
173558810,EUR/USD,2005-08-01 11:32:48.000,1.219200,1.219500,D
173558813,EUR/USD,2005-08-01 11:32:49.000,1.219300,1.219600,D
173558816,EUR/USD,2005-08-01 11:32:49.000,1.219400,1.219700,D
173558820,EUR/USD,2005-08-01 11:32:50.000,1.219500,1.219800,D
173558831,EUR/USD,2005-08-01 11:32:51.000,1.219400,1.219700,D
173558837,EUR/USD,2005-08-01 11:32:51.000,1.219300,1.219600,D
173558842,EUR/USD,2005-08-01 11:32:52.000,1.219400,1.219700,D
173558848,EUR/USD,2005-08-01 11:32:53.000,1.219500,1.219800,D
173558857,EUR/USD,2005-08-01 11:32:55.000,1.219400,1.219700,D
173558862,EUR/USD,2005-08-01 11:32:55.000,1.219500,1.219800,D
173558900,EUR/USD,2005-08-01 11:33:02.000,1.219600,1.219900,D
173558921,EUR/USD,2005-08-01 11:33:06.000,1.219700,1.220000,D
173558954,EUR/USD,2005-08-01 11:33:11.000,1.219800,1.220100,D
173558988,EUR/USD,2005-08-01 11:33:17.000,1.219900,1.220200,D
173558997,EUR/USD,2005-08-01 11:33:20.000,1.219800,1.220100,D
173559000,EUR/USD,2005-08-01 11:33:20.000,1.219900,1.220200,D
173559012,EUR/USD,2005-08-01 11:33:22.000,1.219700,1.220000,D
173559017,EUR/USD,2005-08-01 11:33:22.000,1.219600,1.219900,D
173559022,EUR/USD,2005-08-01 11:33:23.000,1.219700,1.220000,D
173559034,EUR/USD,2005-08-01 11:33:25.000,1.219600,1.219900,D
173559063,EUR/USD,2005-08-01 11:33:37.000,1.219500,1.219800,D
173559070,EUR/USD,2005-08-01 11:33:38.000,1.219600,1.219900,D
173559079,EUR/USD,2005-08-01 11:33:40.000,1.219500,1.219800,D
173559093,EUR/USD,2005-08-01 11:33:50.000,1.219600,1.219900,D
173559107,EUR/USD,2005-08-01 11:33:56.000,1.219700,1.220000,D
173559118,EUR/USD,2005-08-01 11:33:57.000,1.219600,1.219900,D
173559160,EUR/USD,2005-08-01 11:34:19.000,1.219700,1.220000,D
173559173,EUR/USD,2005-08-01 11:34:30.000,1.219600,1.219900,D
173559208,EUR/USD,2005-08-01 11:34:43.000,1.219500,1.219800,D
173559252,EUR/USD,2005-08-01 11:35:04.000,1.219400,1.219700,D
173559255,EUR/USD,2005-08-01 11:35:04.000,1.219500,1.219800,D
173559262,EUR/USD,2005-08-01 11:35:05.000,1.219600,1.219900,D
173559273,EUR/USD,2005-08-01 11:35:08.000,1.219500,1.219800,D
173559283,EUR/USD,2005-08-01 11:35:12.000,1.219600,1.219900,D
173559301,EUR/USD,2005-08-01 11:35:23.000,1.219500,1.219800,D
173559314,EUR/USD,2005-08-01 11:35:33.000,1.219600,1.219900,D
173559334,EUR/USD,2005-08-01 11:35:50.000,1.219700,1.220000,D
173559356,EUR/USD,2005-08-01 11:35:57.000,1.219800,1.220100,D
173559379,EUR/USD,2005-08-01 11:36:03.000,1.219700,1.220000,D
173559422,EUR/USD,2005-08-01 11:36:40.000,1.219800,1.220100,D
173559428,EUR/USD,2005-08-01 11:36:41.000,1.219700,1.220000,D
173559437,EUR/USD,2005-08-01 11:36:45.000,1.219800,1.220100,D
173559450,EUR/USD,2005-08-01 11:36:46.000,1.219700,1.220000,D
173559466,EUR/USD,2005-08-01 11:36:55.000,1.219800,1.220100,D
173559494,EUR/USD,2005-08-01 11:37:19.000,1.219900,1.220200,D
173559508,EUR/USD,2005-08-01 11:37:25.000,1.220000,1.220300,D
173559532,EUR/USD,2005-08-01 11:37:33.000,1.219800,1.220100,D
173559547,EUR/USD,2005-08-01 11:37:36.000,1.219900,1.220200,D
173559554,EUR/USD,2005-08-01 11:37:41.000,1.219800,1.220100,D
173559575,EUR/USD,2005-08-01 11:37:56.000,1.219700,1.220000,D
173559618,EUR/USD,2005-08-01 11:38:09.000,1.219800,1.220100,D
173559633,EUR/USD,2005-08-01 11:38:12.000,1.219900,1.220200,D
173559639,EUR/USD,2005-08-01 11:38:14.000,1.219800,1.220100,D
173559658,EUR/USD,2005-08-01 11:38:17.000,1.219900,1.220200,D
173559675,EUR/USD,2005-08-01 11:38:24.000,1.220000,1.220300,D
173559693,EUR/USD,2005-08-01 11:38:28.000,1.220100,1.220400,D
173559706,EUR/USD,2005-08-01 11:38:30.000,1.220000,1.220300,D
173559724,EUR/USD,2005-08-01 11:38:37.000,1.219900,1.220200,D
173559748,EUR/USD,2005-08-01 11:38:43.000,1.220000,1.220300,D
173559753,EUR/USD,2005-08-01 11:38:45.000,1.219900,1.220200,D
173559780,EUR/USD,2005-08-01 11:39:04.000,1.220000,1.220300,D
173559789,EUR/USD,2005-08-01 11:39:09.000,1.219900,1.220200,D
173559806,EUR/USD,2005-08-01 11:39:20.000,1.219800,1.220100,D
173559812,EUR/USD,2005-08-01 11:39:21.000,1.219900,1.220200,D
173559820,EUR/USD,2005-08-01 11:39:22.000,1.219800,1.220100,D
173559848,EUR/USD,2005-08-01 11:39:44.000,1.219900,1.220200,D
173559858,EUR/USD,2005-08-01 11:39:54.000,1.219800,1.220100,D
173559861,EUR/USD,2005-08-01 11:39:56.000,1.219900,1.220200,D
173559869,EUR/USD,2005-08-01 11:39:57.000,1.219800,1.220100,D
173559875,EUR/USD,2005-08-01 11:39:59.000,1.219900,1.220200,D
173559934,EUR/USD,2005-08-01 11:40:30.000,1.220000,1.220300,D
173560007,EUR/USD,2005-08-01 11:41:21.000,1.220100,1.220400,D
173560052,EUR/USD,2005-08-01 11:41:43.000,1.220200,1.220500,D
173560062,EUR/USD,2005-08-01 11:41:46.000,1.220100,1.220400,D
173560071,EUR/USD,2005-08-01 11:41:47.000,1.220300,1.220600,D
173560076,EUR/USD,2005-08-01 11:41:48.000,1.220200,1.220500,D
173560077,EUR/USD,2005-08-01 11:41:48.000,1.220100,1.220400,D
173560079,EUR/USD,2005-08-01 11:41:53.000,1.220000,1.220300,D
173560089,EUR/USD,2005-08-01 11:41:59.000,1.220100,1.220400,D
173560097,EUR/USD,2005-08-01 11:42:04.000,1.220000,1.220300,D
173560127,EUR/USD,2005-08-01 11:42:14.000,1.219900,1.220200,D
173560222,EUR/USD,2005-08-01 11:42:54.000,1.220000,1.220300,D
173560245,EUR/USD,2005-08-01 11:43:02.000,1.219900,1.220200,D
173560354,EUR/USD,2005-08-01 11:44:14.000,1.220000,1.220300,D
173560360,EUR/USD,2005-08-01 11:44:19.000,1.220100,1.220400,D
173560372,EUR/USD,2005-08-01 11:44:22.000,1.220000,1.220300,D
173560378,EUR/USD,2005-08-01 11:44:23.000,1.219900,1.220200,D
173560384,EUR/USD,2005-08-01 11:44:24.000,1.220000,1.220300,D
173560388,EUR/USD,2005-08-01 11:44:24.000,1.220100,1.220400,D
173560396,EUR/USD,2005-08-01 11:44:26.000,1.220000,1.220300,D
173560404,EUR/USD,2005-08-01 11:44:28.000,1.220100,1.220400,D
173560413,EUR/USD,2005-08-01 11:44:29.000,1.220000,1.220300,D
173560433,EUR/USD,2005-08-01 11:44:39.000,1.220100,1.220400,D
173560445,EUR/USD,2005-08-01 11:44:48.000,1.220000,1.220300,D
173560454,EUR/USD,2005-08-01 11:44:52.000,1.220100,1.220400,D
173560459,EUR/USD,2005-08-01 11:44:53.000,1.220000,1.220300,D
173560475,EUR/USD,2005-08-01 11:44:58.000,1.219900,1.220200,D
173560519,EUR/USD,2005-08-01 11:45:13.000,1.220000,1.220300,D
173560528,EUR/USD,2005-08-01 11:45:17.000,1.219900,1.220200,D
173560532,EUR/USD,2005-08-01 11:45:22.000,1.220000,1.220300,D
173560533,EUR/USD,2005-08-01 11:45:23.000,1.220100,1.220400,D
173560541,EUR/USD,2005-08-01 11:45:26.000,1.219900,1.220200,D
173560550,EUR/USD,2005-08-01 11:45:28.000,1.220000,1.220300,D
173560562,EUR/USD,2005-08-01 11:45:30.000,1.219900,1.220200,D
173560584,EUR/USD,2005-08-01 11:45:35.000,1.220000,1.220300,D
173560608,EUR/USD,2005-08-01 11:45:44.000,1.219900,1.220200,D
173560613,EUR/USD,2005-08-01 11:45:47.000,1.220000,1.220300,D
173560657,EUR/USD,2005-08-01 11:46:22.000,1.220100,1.220400,D
173560664,EUR/USD,2005-08-01 11:46:24.000,1.220200,1.220500,D
173560674,EUR/USD,2005-08-01 11:46:25.000,1.220100,1.220400,D
173560716,EUR/USD,2005-08-01 11:46:39.000,1.220000,1.220300,D
173560782,EUR/USD,2005-08-01 11:46:57.000,1.220100,1.220400,D
173560790,EUR/USD,2005-08-01 11:47:00.000,1.220000,1.220300,D
173560825,EUR/USD,2005-08-01 11:47:11.000,1.220100,1.220400,D
173560828,EUR/USD,2005-08-01 11:47:12.000,1.220000,1.220300,D
173560911,EUR/USD,2005-08-01 11:47:48.000,1.220100,1.220400,D
173560917,EUR/USD,2005-08-01 11:47:51.000,1.220000,1.220300,D
173560922,EUR/USD,2005-08-01 11:47:52.000,1.220100,1.220400,D
173560997,EUR/USD,2005-08-01 11:48:27.000,1.220000,1.220300,D
173561006,EUR/USD,2005-08-01 11:48:29.000,1.220100,1.220400,D
173561018,EUR/USD,2005-08-01 11:48:31.000,1.219900,1.220200,D
173561028,EUR/USD,2005-08-01 11:48:32.000,1.220000,1.220300,D
173561039,EUR/USD,2005-08-01 11:48:38.000,1.219900,1.220200,D
173561052,EUR/USD,2005-08-01 11:48:44.000,1.220000,1.220300,D
173561063,EUR/USD,2005-08-01 11:48:47.000,1.219900,1.220200,D
173561070,EUR/USD,2005-08-01 11:48:51.000,1.219800,1.220100,D
173561076,EUR/USD,2005-08-01 11:48:52.000,1.219900,1.220200,D
173561139,EUR/USD,2005-08-01 11:49:48.000,1.219800,1.220100,D
173561185,EUR/USD,2005-08-01 11:50:10.000,1.219700,1.220000,D
173561202,EUR/USD,2005-08-01 11:50:18.000,1.219600,1.219900,D
173561241,EUR/USD,2005-08-01 11:50:26.000,1.219500,1.219800,D
173561291,EUR/USD,2005-08-01 11:50:40.000,1.219400,1.219700,D
173561302,EUR/USD,2005-08-01 11:50:43.000,1.219500,1.219800,D
173561341,EUR/USD,2005-08-01 11:50:51.000,1.219400,1.219700,D
173561348,EUR/USD,2005-08-01 11:50:53.000,1.219500,1.219800,D
173561383,EUR/USD,2005-08-01 11:51:02.000,1.219400,1.219700,D
173561396,EUR/USD,2005-08-01 11:51:06.000,1.219300,1.219600,D
173561406,EUR/USD,2005-08-01 11:51:08.000,1.219200,1.219500,D
173561427,EUR/USD,2005-08-01 11:51:14.000,1.219100,1.219400,D
173561439,EUR/USD,2005-08-01 11:51:16.000,1.219200,1.219500,D
173561450,EUR/USD,2005-08-01 11:51:17.000,1.219000,1.219300,D
173561457,EUR/USD,2005-08-01 11:51:17.000,1.219100,1.219400,D
173561475,EUR/USD,2005-08-01 11:51:22.000,1.219200,1.219500,D
173561536,EUR/USD,2005-08-01 11:51:32.000,1.219100,1.219400,D
173561542,EUR/USD,2005-08-01 11:51:32.000,1.219200,1.219500,D
173561557,EUR/USD,2005-08-01 11:51:41.000,1.219100,1.219400,D
173561583,EUR/USD,2005-08-01 11:51:46.000,1.219000,1.219300,D
173561602,EUR/USD,2005-08-01 11:51:54.000,1.219100,1.219400,D
173561713,EUR/USD,2005-08-01 11:52:34.000,1.219000,1.219300,D
173561715,EUR/USD,2005-08-01 11:52:34.000,1.219100,1.219400,D
173561721,EUR/USD,2005-08-01 11:52:35.000,1.219000,1.219300,D
173561730,EUR/USD,2005-08-01 11:52:36.000,1.218900,1.219200,D
173561745,EUR/USD,2005-08-01 11:52:40.000,1.218800,1.219100,D
173561762,EUR/USD,2005-08-01 11:52:43.000,1.218900,1.219200,D
173561777,EUR/USD,2005-08-01 11:52:45.000,1.218800,1.219100,D
173561827,EUR/USD,2005-08-01 11:53:03.000,1.218900,1.219200,D
173561847,EUR/USD,2005-08-01 11:53:08.000,1.218800,1.219100,D
173561858,EUR/USD,2005-08-01 11:53:10.000,1.218900,1.219200,D
173561860,EUR/USD,2005-08-01 11:53:10.000,1.219000,1.219300,D
173561870,EUR/USD,2005-08-01 11:53:13.000,1.218900,1.219200,D
173561892,EUR/USD,2005-08-01 11:53:19.000,1.218800,1.219100,D
173561897,EUR/USD,2005-08-01 11:53:19.000,1.218900,1.219200,D
173561910,EUR/USD,2005-08-01 11:53:22.000,1.218800,1.219100,D
173561921,EUR/USD,2005-08-01 11:53:25.000,1.218900,1.219200,D
173561953,EUR/USD,2005-08-01 11:53:31.000,1.218800,1.219100,D
173561958,EUR/USD,2005-08-01 11:53:32.000,1.218900,1.219200,D
173561960,EUR/USD,2005-08-01 11:53:33.000,1.219000,1.219300,D
173561988,EUR/USD,2005-08-01 11:53:40.000,1.219100,1.219400,D
173562006,EUR/USD,2005-08-01 11:53:46.000,1.219000,1.219300,D
173562030,EUR/USD,2005-08-01 11:54:04.000,1.219100,1.219400,D
173562048,EUR/USD,2005-08-01 11:54:17.000,1.219200,1.219500,D
173562064,EUR/USD,2005-08-01 11:54:41.000,1.219300,1.219600,D
173562072,EUR/USD,2005-08-01 11:54:44.000,1.219200,1.219500,D
173562093,EUR/USD,2005-08-01 11:54:52.000,1.219300,1.219600,D
173562112,EUR/USD,2005-08-01 11:54:57.000,1.219200,1.219500,D
173562160,EUR/USD,2005-08-01 11:55:22.000,1.219100,1.219400,D
173562194,EUR/USD,2005-08-01 11:55:34.000,1.219000,1.219300,D
173562206,EUR/USD,2005-08-01 11:55:38.000,1.219100,1.219400,D
173562259,EUR/USD,2005-08-01 11:56:00.000,1.219200,1.219500,D
173562264,EUR/USD,2005-08-01 11:56:02.000,1.219300,1.219600,D
173562310,EUR/USD,2005-08-01 11:56:46.000,1.219400,1.219700,D
173562327,EUR/USD,2005-08-01 11:56:58.000,1.219500,1.219800,D
173562339,EUR/USD,2005-08-01 11:57:06.000,1.219400,1.219700,D
173562379,EUR/USD,2005-08-01 11:58:13.000,1.219500,1.219800,D
173562399,EUR/USD,2005-08-01 11:58:34.000,1.219600,1.219900,D
173562509,EUR/USD,2005-08-01 11:59:33.000,1.219500,1.219800,D
173562518,EUR/USD,2005-08-01 11:59:36.000,1.219600,1.219900,D
173562738,EUR/USD,2005-08-01 12:01:39.000,1.219500,1.219800,D
173562745,EUR/USD,2005-08-01 12:01:41.000,1.219600,1.219900,D
173562751,EUR/USD,2005-08-01 12:01:44.000,1.219500,1.219800,D
173562760,EUR/USD,2005-08-01 12:01:49.000,1.219600,1.219900,D
173562770,EUR/USD,2005-08-01 12:01:51.000,1.219500,1.219800,D
173562772,EUR/USD,2005-08-01 12:01:52.000,1.219600,1.219900,D
173562781,EUR/USD,2005-08-01 12:01:53.000,1.219500,1.219800,D
173562821,EUR/USD,2005-08-01 12:02:26.000,1.219600,1.219900,D
173562920,EUR/USD,2005-08-01 12:04:30.000,1.219500,1.219800,D
173562983,EUR/USD,2005-08-01 12:05:24.000,1.219600,1.219900,D
173563006,EUR/USD,2005-08-01 12:05:30.000,1.219500,1.219800,D
173563019,EUR/USD,2005-08-01 12:05:38.000,1.219600,1.219900,D
173563024,EUR/USD,2005-08-01 12:05:41.000,1.219500,1.219800,D
173563032,EUR/USD,2005-08-01 12:05:46.000,1.219600,1.219900,D
173563042,EUR/USD,2005-08-01 12:05:48.000,1.219500,1.219800,D
173563047,EUR/USD,2005-08-01 12:05:49.000,1.219600,1.219900,D
173563066,EUR/USD,2005-08-01 12:05:53.000,1.219700,1.220000,D
173563075,EUR/USD,2005-08-01 12:06:00.000,1.219500,1.219800,D
173563088,EUR/USD,2005-08-01 12:06:09.000,1.219600,1.219900,D
173563103,EUR/USD,2005-08-01 12:06:14.000,1.219700,1.220000,D
173563127,EUR/USD,2005-08-01 12:06:20.000,1.219800,1.220100,D
173563140,EUR/USD,2005-08-01 12:06:23.000,1.219700,1.220000,D
173563143,EUR/USD,2005-08-01 12:06:24.000,1.219800,1.220100,D
173563156,EUR/USD,2005-08-01 12:06:26.000,1.219900,1.220200,D
173563165,EUR/USD,2005-08-01 12:06:27.000,1.220000,1.220300,D
173563180,EUR/USD,2005-08-01 12:06:29.000,1.219900,1.220200,D
173563216,EUR/USD,2005-08-01 12:06:52.000,1.220000,1.220300,D
173563263,EUR/USD,2005-08-01 12:07:06.000,1.219900,1.220200,D
173563268,EUR/USD,2005-08-01 12:07:10.000,1.220000,1.220300,D
173563284,EUR/USD,2005-08-01 12:07:28.000,1.220100,1.220400,D
173563292,EUR/USD,2005-08-01 12:07:31.000,1.220200,1.220500,D
173563299,EUR/USD,2005-08-01 12:07:34.000,1.220300,1.220600,D
173563324,EUR/USD,2005-08-01 12:07:38.000,1.220400,1.220700,D
173563330,EUR/USD,2005-08-01 12:07:38.000,1.220500,1.220800,D
173563334,EUR/USD,2005-08-01 12:07:39.000,1.220600,1.220900,D
173563338,EUR/USD,2005-08-01 12:07:41.000,1.220500,1.220800,D
173563392,EUR/USD,2005-08-01 12:07:49.000,1.220600,1.220900,D
173563393,EUR/USD,2005-08-01 12:07:50.000,1.220700,1.221000,D
173563395,EUR/USD,2005-08-01 12:07:50.000,1.220600,1.220900,D
173563397,EUR/USD,2005-08-01 12:07:50.000,1.220500,1.220800,D
173563398,EUR/USD,2005-08-01 12:07:50.000,1.220600,1.220900,D
173563420,EUR/USD,2005-08-01 12:07:53.000,1.220500,1.220800,D
173563430,EUR/USD,2005-08-01 12:07:55.000,1.220400,1.220700,D
173563454,EUR/USD,2005-08-01 12:08:02.000,1.220300,1.220600,D
173563460,EUR/USD,2005-08-01 12:08:04.000,1.220400,1.220700,D
173563487,EUR/USD,2005-08-01 12:08:07.000,1.220300,1.220600,D
173563496,EUR/USD,2005-08-01 12:08:11.000,1.220400,1.220700,D
173563515,EUR/USD,2005-08-01 12:08:18.000,1.220300,1.220600,D
173563516,EUR/USD,2005-08-01 12:08:19.000,1.220400,1.220700,D
173563536,EUR/USD,2005-08-01 12:08:26.000,1.220300,1.220600,D
173563561,EUR/USD,2005-08-01 12:08:39.000,1.220200,1.220500,D
173563569,EUR/USD,2005-08-01 12:08:41.000,1.220300,1.220600,D
173563573,EUR/USD,2005-08-01 12:08:42.000,1.220400,1.220700,D
173563589,EUR/USD,2005-08-01 12:08:45.000,1.220300,1.220600,D
173563593,EUR/USD,2005-08-01 12:08:47.000,1.220400,1.220700,D
173563616,EUR/USD,2005-08-01 12:09:00.000,1.220300,1.220600,D
173563625,EUR/USD,2005-08-01 12:09:05.000,1.220200,1.220500,D
173563630,EUR/USD,2005-08-01 12:09:06.000,1.220300,1.220600,D
173563664,EUR/USD,2005-08-01 12:09:14.000,1.220200,1.220500,D
173563671,EUR/USD,2005-08-01 12:09:15.000,1.220300,1.220600,D
173563703,EUR/USD,2005-08-01 12:09:24.000,1.220200,1.220500,D
173563710,EUR/USD,2005-08-01 12:09:25.000,1.220300,1.220600,D
173563737,EUR/USD,2005-08-01 12:09:43.000,1.220200,1.220500,D
173563743,EUR/USD,2005-08-01 12:09:44.000,1.220300,1.220600,D
173563772,EUR/USD,2005-08-01 12:09:59.000,1.220200,1.220500,D
173563779,EUR/USD,2005-08-01 12:10:02.000,1.220300,1.220600,D
173563801,EUR/USD,2005-08-01 12:10:11.000,1.220200,1.220500,D
173563808,EUR/USD,2005-08-01 12:10:12.000,1.220300,1.220600,D
173563831,EUR/USD,2005-08-01 12:10:18.000,1.220400,1.220700,D
173563845,EUR/USD,2005-08-01 12:10:22.000,1.220500,1.220800,D
173563846,EUR/USD,2005-08-01 12:10:22.000,1.220600,1.220900,D
173563856,EUR/USD,2005-08-01 12:10:25.000,1.220500,1.220800,D
173563861,EUR/USD,2005-08-01 12:10:26.000,1.220600,1.220900,D
173563862,EUR/USD,2005-08-01 12:10:26.000,1.220500,1.220800,D
173563865,EUR/USD,2005-08-01 12:10:26.000,1.220400,1.220700,D
173563869,EUR/USD,2005-08-01 12:10:28.000,1.220500,1.220800,D
173563881,EUR/USD,2005-08-01 12:10:32.000,1.220400,1.220700,D
173563887,EUR/USD,2005-08-01 12:10:32.000,1.220500,1.220800,D
173563923,EUR/USD,2005-08-01 12:10:46.000,1.220400,1.220700,D
173563930,EUR/USD,2005-08-01 12:10:52.000,1.220500,1.220800,D
173563936,EUR/USD,2005-08-01 12:10:53.000,1.220400,1.220700,D
173563977,EUR/USD,2005-08-01 12:11:49.000,1.220500,1.220800,D
173563978,EUR/USD,2005-08-01 12:11:49.000,1.220400,1.220700,D
173563994,EUR/USD,2005-08-01 12:12:03.000,1.220500,1.220800,D
173564001,EUR/USD,2005-08-01 12:12:05.000,1.220600,1.220900,D
173564004,EUR/USD,2005-08-01 12:12:05.000,1.220500,1.220800,D
173564016,EUR/USD,2005-08-01 12:12:12.000,1.220400,1.220700,D
173564024,EUR/USD,2005-08-01 12:12:14.000,1.220500,1.220800,D
173564026,EUR/USD,2005-08-01 12:12:16.000,1.220400,1.220700,D
173564034,EUR/USD,2005-08-01 12:12:20.000,1.220500,1.220800,D
173564035,EUR/USD,2005-08-01 12:12:21.000,1.220400,1.220700,D
173564042,EUR/USD,2005-08-01 12:12:22.000,1.220500,1.220800,D
173564056,EUR/USD,2005-08-01 12:12:28.000,1.220600,1.220900,D
173564064,EUR/USD,2005-08-01 12:12:32.000,1.220500,1.220800,D
173564069,EUR/USD,2005-08-01 12:12:33.000,1.220600,1.220900,D
173564092,EUR/USD,2005-08-01 12:12:49.000,1.220700,1.221000,D
173564101,EUR/USD,2005-08-01 12:12:53.000,1.220600,1.220900,D
173564116,EUR/USD,2005-08-01 12:13:03.000,1.220500,1.220800,D
173564119,EUR/USD,2005-08-01 12:13:04.000,1.220600,1.220900,D
173564130,EUR/USD,2005-08-01 12:13:09.000,1.220700,1.221000,D
173564148,EUR/USD,2005-08-01 12:13:18.000,1.220600,1.220900,D
173564184,EUR/USD,2005-08-01 12:13:34.000,1.220500,1.220800,D
173564231,EUR/USD,2005-08-01 12:14:13.000,1.220400,1.220700,D
173564242,EUR/USD,2005-08-01 12:14:14.000,1.220500,1.220800,D
173564263,EUR/USD,2005-08-01 12:14:18.000,1.220400,1.220700,D
173564276,EUR/USD,2005-08-01 12:14:20.000,1.220500,1.220800,D
173564284,EUR/USD,2005-08-01 12:14:23.000,1.220400,1.220700,D
173564287,EUR/USD,2005-08-01 12:14:24.000,1.220500,1.220800,D
173564349,EUR/USD,2005-08-01 12:14:41.000,1.220600,1.220900,D
173564375,EUR/USD,2005-08-01 12:15:06.000,1.220500,1.220800,D
173564382,EUR/USD,2005-08-01 12:15:10.000,1.220600,1.220900,D
173564388,EUR/USD,2005-08-01 12:15:11.000,1.220500,1.220800,D
173564393,EUR/USD,2005-08-01 12:15:15.000,1.220600,1.220900,D
173564396,EUR/USD,2005-08-01 12:15:16.000,1.220500,1.220800,D
173564398,EUR/USD,2005-08-01 12:15:18.000,1.220600,1.220900,D
173564426,EUR/USD,2005-08-01 12:15:36.000,1.220500,1.220800,D
173564430,EUR/USD,2005-08-01 12:15:38.000,1.220600,1.220900,D
173564434,EUR/USD,2005-08-01 12:15:39.000,1.220500,1.220800,D
173564438,EUR/USD,2005-08-01 12:15:40.000,1.220600,1.220900,D
173564452,EUR/USD,2005-08-01 12:15:58.000,1.220500,1.220800,D
173564454,EUR/USD,2005-08-01 12:15:59.000,1.220600,1.220900,D
173564483,EUR/USD,2005-08-01 12:16:30.000,1.220700,1.221000,D
173564484,EUR/USD,2005-08-01 12:16:31.000,1.220600,1.220900,D
173564517,EUR/USD,2005-08-01 12:16:51.000,1.220700,1.221000,D
173564527,EUR/USD,2005-08-01 12:16:59.000,1.220600,1.220900,D
173564540,EUR/USD,2005-08-01 12:17:13.000,1.220700,1.221000,D
173564555,EUR/USD,2005-08-01 12:17:21.000,1.220600,1.220900,D
173564576,EUR/USD,2005-08-01 12:17:56.000,1.220500,1.220800,D
173564589,EUR/USD,2005-08-01 12:18:12.000,1.220600,1.220900,D
173564597,EUR/USD,2005-08-01 12:18:43.000,1.220500,1.220800,D
173564601,EUR/USD,2005-08-01 12:18:55.000,1.220600,1.220900,D
173564609,EUR/USD,2005-08-01 12:19:07.000,1.220500,1.220800,D
173564614,EUR/USD,2005-08-01 12:19:10.000,1.220600,1.220900,D
173564616,EUR/USD,2005-08-01 12:19:10.000,1.220500,1.220800,D
173564651,EUR/USD,2005-08-01 12:19:20.000,1.220600,1.220900,D
173564652,EUR/USD,2005-08-01 12:19:22.000,1.220500,1.220800,D
173564656,EUR/USD,2005-08-01 12:19:24.000,1.220400,1.220700,D
173564659,EUR/USD,2005-08-01 12:19:24.000,1.220500,1.220800,D
173564669,EUR/USD,2005-08-01 12:19:29.000,1.220400,1.220700,D
173564679,EUR/USD,2005-08-01 12:19:33.000,1.220500,1.220800,D
173564703,EUR/USD,2005-08-01 12:19:42.000,1.220400,1.220700,D
173564715,EUR/USD,2005-08-01 12:19:45.000,1.220500,1.220800,D
173564726,EUR/USD,2005-08-01 12:20:00.000,1.220400,1.220700,D
173564745,EUR/USD,2005-08-01 12:20:07.000,1.220300,1.220600,D
173564755,EUR/USD,2005-08-01 12:20:11.000,1.220200,1.220500,D
173564777,EUR/USD,2005-08-01 12:20:22.000,1.220100,1.220400,D
173564784,EUR/USD,2005-08-01 12:20:24.000,1.220200,1.220500,D
173564787,EUR/USD,2005-08-01 12:20:24.000,1.220100,1.220400,D
173564793,EUR/USD,2005-08-01 12:20:29.000,1.220200,1.220500,D
173564796,EUR/USD,2005-08-01 12:20:30.000,1.220100,1.220400,D
173564853,EUR/USD,2005-08-01 12:20:51.000,1.220300,1.220600,D
173564855,EUR/USD,2005-08-01 12:20:51.000,1.220400,1.220700,D
173564869,EUR/USD,2005-08-01 12:21:04.000,1.220300,1.220600,D
173564887,EUR/USD,2005-08-01 12:21:16.000,1.220400,1.220700,D
173564907,EUR/USD,2005-08-01 12:21:22.000,1.220500,1.220800,D
173564916,EUR/USD,2005-08-01 12:21:23.000,1.220400,1.220700,D
173564920,EUR/USD,2005-08-01 12:21:23.000,1.220300,1.220600,D
173564925,EUR/USD,2005-08-01 12:21:24.000,1.220400,1.220700,D
173564927,EUR/USD,2005-08-01 12:21:25.000,1.220500,1.220800,D
173564942,EUR/USD,2005-08-01 12:21:26.000,1.220400,1.220700,D
173564954,EUR/USD,2005-08-01 12:21:28.000,1.220500,1.220800,D
173564985,EUR/USD,2005-08-01 12:21:40.000,1.220400,1.220700,D
173565021,EUR/USD,2005-08-01 12:22:01.000,1.220300,1.220600,D
173565056,EUR/USD,2005-08-01 12:22:14.000,1.220400,1.220700,D
173565072,EUR/USD,2005-08-01 12:22:19.000,1.220300,1.220600,D
173565147,EUR/USD,2005-08-01 12:23:55.000,1.220400,1.220700,D
173565203,EUR/USD,2005-08-01 12:25:13.000,1.220300,1.220600,D
173565331,EUR/USD,2005-08-01 12:27:18.000,1.220400,1.220700,D
173565338,EUR/USD,2005-08-01 12:27:20.000,1.220300,1.220600,D
173565346,EUR/USD,2005-08-01 12:27:38.000,1.220400,1.220700,D
173565408,EUR/USD,2005-08-01 12:28:12.000,1.220300,1.220600,D
173565412,EUR/USD,2005-08-01 12:28:16.000,1.220200,1.220500,D
173565418,EUR/USD,2005-08-01 12:28:19.000,1.220300,1.220600,D
173565420,EUR/USD,2005-08-01 12:28:20.000,1.220400,1.220700,D
173565431,EUR/USD,2005-08-01 12:28:24.000,1.220300,1.220600,D
173565530,EUR/USD,2005-08-01 12:29:40.000,1.220200,1.220500,D
173565544,EUR/USD,2005-08-01 12:30:02.000,1.220100,1.220400,D
173565546,EUR/USD,2005-08-01 12:30:04.000,1.220200,1.220500,D
173565642,EUR/USD,2005-08-01 12:31:59.000,1.220100,1.220400,D
173565726,EUR/USD,2005-08-01 12:32:25.000,1.220200,1.220500,D
173565734,EUR/USD,2005-08-01 12:32:40.000,1.220100,1.220400,D
173565737,EUR/USD,2005-08-01 12:32:41.000,1.220200,1.220500,D
173565738,EUR/USD,2005-08-01 12:32:50.000,1.220100,1.220400,D
173565745,EUR/USD,2005-08-01 12:33:12.000,1.220200,1.220500,D
173565801,EUR/USD,2005-08-01 12:33:44.000,1.220100,1.220400,D
173565827,EUR/USD,2005-08-01 12:34:13.000,1.220200,1.220500,D
173565829,EUR/USD,2005-08-01 12:34:14.000,1.220100,1.220400,D
173565839,EUR/USD,2005-08-01 12:34:16.000,1.220200,1.220500,D
173565854,EUR/USD,2005-08-01 12:34:22.000,1.220300,1.220600,D
173565865,EUR/USD,2005-08-01 12:34:31.000,1.220400,1.220700,D
173565876,EUR/USD,2005-08-01 12:34:35.000,1.220300,1.220600,D
173565896,EUR/USD,2005-08-01 12:34:53.000,1.220400,1.220700,D
173565905,EUR/USD,2005-08-01 12:34:56.000,1.220300,1.220600,D
173565906,EUR/USD,2005-08-01 12:35:01.000,1.220400,1.220700,D
173565909,EUR/USD,2005-08-01 12:35:04.000,1.220300,1.220600,D
173565916,EUR/USD,2005-08-01 12:35:05.000,1.220400,1.220700,D
173565942,EUR/USD,2005-08-01 12:35:15.000,1.220500,1.220800,D
173565943,EUR/USD,2005-08-01 12:35:16.000,1.220400,1.220700,D
173565975,EUR/USD,2005-08-01 12:35:25.000,1.220300,1.220600,D
173565982,EUR/USD,2005-08-01 12:35:27.000,1.220400,1.220700,D
173566019,EUR/USD,2005-08-01 12:36:15.000,1.220300,1.220600,D
173566024,EUR/USD,2005-08-01 12:36:17.000,1.220400,1.220700,D
173566051,EUR/USD,2005-08-01 12:37:05.000,1.220500,1.220800,D
173566093,EUR/USD,2005-08-01 12:37:22.000,1.220400,1.220700,D
173566098,EUR/USD,2005-08-01 12:37:23.000,1.220500,1.220800,D
173566123,EUR/USD,2005-08-01 12:37:43.000,1.220400,1.220700,D
173566130,EUR/USD,2005-08-01 12:37:58.000,1.220500,1.220800,D
173566185,EUR/USD,2005-08-01 12:39:02.000,1.220600,1.220900,D
173566189,EUR/USD,2005-08-01 12:39:02.000,1.220700,1.221000,D
173566199,EUR/USD,2005-08-01 12:39:06.000,1.220600,1.220900,D
173566210,EUR/USD,2005-08-01 12:39:29.000,1.220700,1.221000,D
173566216,EUR/USD,2005-08-01 12:39:29.000,1.220800,1.221100,D
173566231,EUR/USD,2005-08-01 12:39:38.000,1.220700,1.221000,D
173566238,EUR/USD,2005-08-01 12:39:41.000,1.220600,1.220900,D
173566246,EUR/USD,2005-08-01 12:39:43.000,1.220700,1.221000,D
173566268,EUR/USD,2005-08-01 12:39:52.000,1.220600,1.220900,D
173566274,EUR/USD,2005-08-01 12:39:53.000,1.220700,1.221000,D
173566303,EUR/USD,2005-08-01 12:40:08.000,1.220800,1.221100,D
173566326,EUR/USD,2005-08-01 12:40:15.000,1.220900,1.221200,D
173566334,EUR/USD,2005-08-01 12:40:17.000,1.221000,1.221300,D
173566343,EUR/USD,2005-08-01 12:40:18.000,1.221100,1.221400,D
173566348,EUR/USD,2005-08-01 12:40:19.000,1.221000,1.221300,D
173566371,EUR/USD,2005-08-01 12:40:31.000,1.220900,1.221200,D
173566375,EUR/USD,2005-08-01 12:40:32.000,1.221000,1.221300,D
173566388,EUR/USD,2005-08-01 12:40:40.000,1.220900,1.221200,D
173566392,EUR/USD,2005-08-01 12:40:41.000,1.221000,1.221300,D
173566413,EUR/USD,2005-08-01 12:40:55.000,1.221100,1.221400,D
173566427,EUR/USD,2005-08-01 12:41:01.000,1.221200,1.221500,D
173566433,EUR/USD,2005-08-01 12:41:03.000,1.221300,1.221600,D
173566440,EUR/USD,2005-08-01 12:41:04.000,1.221200,1.221500,D
173566447,EUR/USD,2005-08-01 12:41:10.000,1.221100,1.221400,D
173566448,EUR/USD,2005-08-01 12:41:10.000,1.221200,1.221500,D
173566453,EUR/USD,2005-08-01 12:41:10.000,1.221100,1.221400,D
173566457,EUR/USD,2005-08-01 12:41:11.000,1.221000,1.221300,D
173566465,EUR/USD,2005-08-01 12:41:12.000,1.220900,1.221200,D
173566473,EUR/USD,2005-08-01 12:41:18.000,1.221000,1.221300,D
173566479,EUR/USD,2005-08-01 12:41:19.000,1.220900,1.221200,D
173566482,EUR/USD,2005-08-01 12:41:20.000,1.221000,1.221300,D
173566520,EUR/USD,2005-08-01 12:41:53.000,1.220900,1.221200,D
173566556,EUR/USD,2005-08-01 12:42:23.000,1.221100,1.221400,D
173566560,EUR/USD,2005-08-01 12:42:27.000,1.221200,1.221500,D
173566561,EUR/USD,2005-08-01 12:42:27.000,1.221100,1.221400,D
173566563,EUR/USD,2005-08-01 12:42:29.000,1.221000,1.221300,D
173566565,EUR/USD,2005-08-01 12:42:30.000,1.221100,1.221400,D
173566567,EUR/USD,2005-08-01 12:42:31.000,1.221000,1.221300,D
173566574,EUR/USD,2005-08-01 12:42:35.000,1.221100,1.221400,D
173566582,EUR/USD,2005-08-01 12:42:42.000,1.221200,1.221500,D
173566596,EUR/USD,2005-08-01 12:42:51.000,1.221300,1.221600,D
173566598,EUR/USD,2005-08-01 12:42:52.000,1.221200,1.221500,D
173566627,EUR/USD,2005-08-01 12:43:22.000,1.221300,1.221600,D
173566653,EUR/USD,2005-08-01 12:43:28.000,1.221400,1.221700,D
173566677,EUR/USD,2005-08-01 12:43:34.000,1.221500,1.221800,D
173566678,EUR/USD,2005-08-01 12:43:34.000,1.221300,1.221600,D
173566679,EUR/USD,2005-08-01 12:43:35.000,1.221200,1.221500,D
173566685,EUR/USD,2005-08-01 12:43:45.000,1.221400,1.221700,D
173566692,EUR/USD,2005-08-01 12:43:50.000,1.221300,1.221600,D
173566702,EUR/USD,2005-08-01 12:43:52.000,1.221400,1.221700,D
173566706,EUR/USD,2005-08-01 12:43:54.000,1.221300,1.221600,D
173566714,EUR/USD,2005-08-01 12:43:56.000,1.221400,1.221700,D
173566729,EUR/USD,2005-08-01 12:43:58.000,1.221300,1.221600,D
173566739,EUR/USD,2005-08-01 12:43:59.000,1.221400,1.221700,D
173566752,EUR/USD,2005-08-01 12:44:02.000,1.221300,1.221600,D
173566754,EUR/USD,2005-08-01 12:44:03.000,1.221200,1.221500,D
173566761,EUR/USD,2005-08-01 12:44:03.000,1.221300,1.221600,D
173566767,EUR/USD,2005-08-01 12:44:04.000,1.221400,1.221700,D
173566778,EUR/USD,2005-08-01 12:44:07.000,1.221300,1.221600,D
173566809,EUR/USD,2005-08-01 12:44:25.000,1.221200,1.221500,D
173566828,EUR/USD,2005-08-01 12:44:36.000,1.221100,1.221400,D
173566837,EUR/USD,2005-08-01 12:44:49.000,1.221000,1.221300,D
173566838,EUR/USD,2005-08-01 12:44:49.000,1.220900,1.221200,D
173566842,EUR/USD,2005-08-01 12:44:51.000,1.221000,1.221300,D
173566843,EUR/USD,2005-08-01 12:44:52.000,1.220900,1.221200,D
173566844,EUR/USD,2005-08-01 12:44:52.000,1.221000,1.221300,D
173566845,EUR/USD,2005-08-01 12:44:52.000,1.221100,1.221400,D
173566846,EUR/USD,2005-08-01 12:44:53.000,1.221200,1.221500,D
173566847,EUR/USD,2005-08-01 12:44:54.000,1.221000,1.221300,D
173566859,EUR/USD,2005-08-01 12:44:58.000,1.220900,1.221200,D
173566939,EUR/USD,2005-08-01 12:46:10.000,1.220800,1.221100,D
173566946,EUR/USD,2005-08-01 12:46:15.000,1.220900,1.221200,D
173566952,EUR/USD,2005-08-01 12:46:17.000,1.220800,1.221100,D
173566965,EUR/USD,2005-08-01 12:46:20.000,1.220700,1.221000,D
173566966,EUR/USD,2005-08-01 12:46:21.000,1.220800,1.221100,D
173566985,EUR/USD,2005-08-01 12:46:29.000,1.220700,1.221000,D
173566992,EUR/USD,2005-08-01 12:46:31.000,1.220800,1.221100,D
173566995,EUR/USD,2005-08-01 12:46:32.000,1.220700,1.221000,D
173567010,EUR/USD,2005-08-01 12:46:37.000,1.220800,1.221100,D
173567035,EUR/USD,2005-08-01 12:46:51.000,1.220700,1.221000,D
173567040,EUR/USD,2005-08-01 12:46:52.000,1.220600,1.220900,D
173567067,EUR/USD,2005-08-01 12:47:01.000,1.220500,1.220800,D
173567082,EUR/USD,2005-08-01 12:47:04.000,1.220600,1.220900,D
173567093,EUR/USD,2005-08-01 12:47:06.000,1.220500,1.220800,D
173567101,EUR/USD,2005-08-01 12:47:08.000,1.220600,1.220900,D
173567129,EUR/USD,2005-08-01 12:47:25.000,1.220500,1.220800,D
173567147,EUR/USD,2005-08-01 12:47:37.000,1.220600,1.220900,D
173567177,EUR/USD,2005-08-01 12:47:44.000,1.220800,1.221100,D
173567187,EUR/USD,2005-08-01 12:47:45.000,1.220700,1.221000,D
173567193,EUR/USD,2005-08-01 12:47:45.000,1.220600,1.220900,D
173567204,EUR/USD,2005-08-01 12:47:47.000,1.220800,1.221100,D
173567211,EUR/USD,2005-08-01 12:47:47.000,1.220700,1.221000,D
173567228,EUR/USD,2005-08-01 12:47:51.000,1.220600,1.220900,D
173567241,EUR/USD,2005-08-01 12:47:53.000,1.220700,1.221000,D
173567249,EUR/USD,2005-08-01 12:48:00.000,1.220600,1.220900,D
173567255,EUR/USD,2005-08-01 12:48:01.000,1.220500,1.220800,D
173567267,EUR/USD,2005-08-01 12:48:02.000,1.220600,1.220900,D
173567277,EUR/USD,2005-08-01 12:48:07.000,1.220700,1.221000,D
173567331,EUR/USD,2005-08-01 12:49:27.000,1.220600,1.220900,D
173567338,EUR/USD,2005-08-01 12:49:33.000,1.220700,1.221000,D
173567352,EUR/USD,2005-08-01 12:49:35.000,1.220600,1.220900,D
173567360,EUR/USD,2005-08-01 12:49:50.000,1.220700,1.221000,D
173567437,EUR/USD,2005-08-01 12:51:42.000,1.220600,1.220900,D
173567454,EUR/USD,2005-08-01 12:52:00.000,1.220700,1.221000,D
173567459,EUR/USD,2005-08-01 12:52:03.000,1.220600,1.220900,D
173567489,EUR/USD,2005-08-01 12:52:34.000,1.220700,1.221000,D
173567497,EUR/USD,2005-08-01 12:52:39.000,1.220600,1.220900,D
173567500,EUR/USD,2005-08-01 12:52:40.000,1.220500,1.220800,D
173567514,EUR/USD,2005-08-01 12:52:51.000,1.220400,1.220700,D
173567531,EUR/USD,2005-08-01 12:53:05.000,1.220500,1.220800,D
173567544,EUR/USD,2005-08-01 12:53:13.000,1.220400,1.220700,D
173567619,EUR/USD,2005-08-01 12:54:19.000,1.220500,1.220800,D
173567633,EUR/USD,2005-08-01 12:54:22.000,1.220400,1.220700,D
173567653,EUR/USD,2005-08-01 12:54:39.000,1.220500,1.220800,D
173567694,EUR/USD,2005-08-01 12:55:19.000,1.220600,1.220900,D
173567744,EUR/USD,2005-08-01 12:56:22.000,1.220500,1.220800,D
173567831,EUR/USD,2005-08-01 12:58:55.000,1.220600,1.220900,D
173567837,EUR/USD,2005-08-01 12:58:57.000,1.220500,1.220800,D
173567844,EUR/USD,2005-08-01 12:58:58.000,1.220400,1.220700,D
173567855,EUR/USD,2005-08-01 12:59:02.000,1.220500,1.220800,D
173567877,EUR/USD,2005-08-01 12:59:16.000,1.220400,1.220700,D
173567893,EUR/USD,2005-08-01 12:59:32.000,1.220500,1.220800,D
173567953,EUR/USD,2005-08-01 13:00:07.000,1.220400,1.220700,D
173567961,EUR/USD,2005-08-01 13:00:11.000,1.220500,1.220800,D
173567985,EUR/USD,2005-08-01 13:00:28.000,1.220400,1.220700,D
173568012,EUR/USD,2005-08-01 13:00:36.000,1.220500,1.220800,D
173568020,EUR/USD,2005-08-01 13:00:39.000,1.220400,1.220700,D
173568022,EUR/USD,2005-08-01 13:00:40.000,1.220500,1.220800,D
173568032,EUR/USD,2005-08-01 13:00:40.000,1.220600,1.220900,D
173568038,EUR/USD,2005-08-01 13:00:43.000,1.220500,1.220800,D
173568052,EUR/USD,2005-08-01 13:00:45.000,1.220600,1.220900,D
173568058,EUR/USD,2005-08-01 13:00:49.000,1.220500,1.220800,D
173568079,EUR/USD,2005-08-01 13:01:08.000,1.220600,1.220900,D
173568091,EUR/USD,2005-08-01 13:01:19.000,1.220700,1.221000,D
173568093,EUR/USD,2005-08-01 13:01:21.000,1.220600,1.220900,D
173568106,EUR/USD,2005-08-01 13:01:42.000,1.220700,1.221000,D
173568176,EUR/USD,2005-08-01 13:02:18.000,1.220800,1.221100,D
173568193,EUR/USD,2005-08-01 13:02:25.000,1.220900,1.221200,D
173568222,EUR/USD,2005-08-01 13:02:40.000,1.220800,1.221100,D
173568232,EUR/USD,2005-08-01 13:02:45.000,1.220900,1.221200,D
173568248,EUR/USD,2005-08-01 13:02:54.000,1.220800,1.221100,D
173568267,EUR/USD,2005-08-01 13:03:11.000,1.220900,1.221200,D
173568278,EUR/USD,2005-08-01 13:03:29.000,1.220800,1.221100,D
173568282,EUR/USD,2005-08-01 13:03:30.000,1.220900,1.221200,D
173568295,EUR/USD,2005-08-01 13:03:32.000,1.220800,1.221100,D
173568300,EUR/USD,2005-08-01 13:03:33.000,1.220900,1.221200,D
173568313,EUR/USD,2005-08-01 13:03:35.000,1.220800,1.221100,D
173568322,EUR/USD,2005-08-01 13:03:41.000,1.220900,1.221200,D
173568340,EUR/USD,2005-08-01 13:03:46.000,1.220800,1.221100,D
173568343,EUR/USD,2005-08-01 13:03:47.000,1.220900,1.221200,D
173568353,EUR/USD,2005-08-01 13:03:49.000,1.220800,1.221100,D
173568359,EUR/USD,2005-08-01 13:04:04.000,1.220900,1.221200,D
173568375,EUR/USD,2005-08-01 13:04:15.000,1.221000,1.221300,D
173568376,EUR/USD,2005-08-01 13:04:15.000,1.220900,1.221200,D
173568381,EUR/USD,2005-08-01 13:04:18.000,1.220800,1.221100,D
173568388,EUR/USD,2005-08-01 13:04:25.000,1.220900,1.221200,D
173568395,EUR/USD,2005-08-01 13:04:28.000,1.220800,1.221100,D
173568402,EUR/USD,2005-08-01 13:04:38.000,1.220900,1.221200,D
173568409,EUR/USD,2005-08-01 13:04:46.000,1.220800,1.221100,D
173568411,EUR/USD,2005-08-01 13:05:00.000,1.220900,1.221200,D
173568412,EUR/USD,2005-08-01 13:05:01.000,1.220800,1.221100,D
173568433,EUR/USD,2005-08-01 13:05:46.000,1.220900,1.221200,D
173568440,EUR/USD,2005-08-01 13:05:53.000,1.220800,1.221100,D
173568442,EUR/USD,2005-08-01 13:05:55.000,1.220700,1.221000,D
173568443,EUR/USD,2005-08-01 13:05:56.000,1.220800,1.221100,D
173568445,EUR/USD,2005-08-01 13:05:57.000,1.220700,1.221000,D
173568455,EUR/USD,2005-08-01 13:06:02.000,1.220800,1.221100,D
173568459,EUR/USD,2005-08-01 13:06:11.000,1.220700,1.221000,D
173568465,EUR/USD,2005-08-01 13:06:13.000,1.220800,1.221100,D
173568476,EUR/USD,2005-08-01 13:06:15.000,1.220700,1.221000,D
173568494,EUR/USD,2005-08-01 13:06:45.000,1.220800,1.221100,D
173568504,EUR/USD,2005-08-01 13:06:50.000,1.220700,1.221000,D
173568512,EUR/USD,2005-08-01 13:06:55.000,1.220800,1.221100,D
173568531,EUR/USD,2005-08-01 13:07:24.000,1.220900,1.221200,D
173568541,EUR/USD,2005-08-01 13:07:40.000,1.220800,1.221100,D
173568551,EUR/USD,2005-08-01 13:07:54.000,1.220700,1.221000,D
173568559,EUR/USD,2005-08-01 13:07:57.000,1.220800,1.221100,D
173568569,EUR/USD,2005-08-01 13:08:17.000,1.220700,1.221000,D
173568576,EUR/USD,2005-08-01 13:08:39.000,1.220800,1.221100,D
173568591,EUR/USD,2005-08-01 13:08:54.000,1.220900,1.221200,D
173568593,EUR/USD,2005-08-01 13:08:55.000,1.220800,1.221100,D
173568620,EUR/USD,2005-08-01 13:09:56.000,1.220700,1.221000,D
173568649,EUR/USD,2005-08-01 13:10:21.000,1.220600,1.220900,D
173568667,EUR/USD,2005-08-01 13:10:35.000,1.220500,1.220800,D
173568690,EUR/USD,2005-08-01 13:10:40.000,1.220400,1.220700,D
173568709,EUR/USD,2005-08-01 13:11:02.000,1.220300,1.220600,D
173568712,EUR/USD,2005-08-01 13:11:03.000,1.220400,1.220700,D
173568734,EUR/USD,2005-08-01 13:11:18.000,1.220500,1.220800,D
173568772,EUR/USD,2005-08-01 13:12:37.000,1.220400,1.220700,D
173568774,EUR/USD,2005-08-01 13:12:37.000,1.220300,1.220600,D
173568784,EUR/USD,2005-08-01 13:12:42.000,1.220400,1.220700,D
173568785,EUR/USD,2005-08-01 13:12:42.000,1.220500,1.220800,D
173568797,EUR/USD,2005-08-01 13:12:59.000,1.220400,1.220700,D
173568805,EUR/USD,2005-08-01 13:13:01.000,1.220500,1.220800,D
173568817,EUR/USD,2005-08-01 13:13:03.000,1.220400,1.220700,D
173568833,EUR/USD,2005-08-01 13:13:05.000,1.220300,1.220600,D
173568841,EUR/USD,2005-08-01 13:13:13.000,1.220400,1.220700,D
173568890,EUR/USD,2005-08-01 13:13:58.000,1.220300,1.220600,D
173568913,EUR/USD,2005-08-01 13:14:27.000,1.220400,1.220700,D
173568921,EUR/USD,2005-08-01 13:14:29.000,1.220300,1.220600,D
173568923,EUR/USD,2005-08-01 13:14:31.000,1.220400,1.220700,D
173568935,EUR/USD,2005-08-01 13:14:45.000,1.220500,1.220800,D
173568951,EUR/USD,2005-08-01 13:14:49.000,1.220400,1.220700,D
173568989,EUR/USD,2005-08-01 13:15:13.000,1.220500,1.220800,D
173568995,EUR/USD,2005-08-01 13:15:16.000,1.220400,1.220700,D
173569000,EUR/USD,2005-08-01 13:15:23.000,1.220500,1.220800,D
173569010,EUR/USD,2005-08-01 13:15:26.000,1.220400,1.220700,D
173569042,EUR/USD,2005-08-01 13:16:04.000,1.220300,1.220600,D
173569049,EUR/USD,2005-08-01 13:16:05.000,1.220400,1.220700,D
173569055,EUR/USD,2005-08-01 13:16:06.000,1.220300,1.220600,D
173569067,EUR/USD,2005-08-01 13:16:08.000,1.220400,1.220700,D
173569107,EUR/USD,2005-08-01 13:17:01.000,1.220300,1.220600,D
173569112,EUR/USD,2005-08-01 13:17:05.000,1.220400,1.220700,D
173569114,EUR/USD,2005-08-01 13:17:07.000,1.220300,1.220600,D
173569125,EUR/USD,2005-08-01 13:17:19.000,1.220200,1.220500,D
173569134,EUR/USD,2005-08-01 13:17:21.000,1.220300,1.220600,D
173569154,EUR/USD,2005-08-01 13:17:24.000,1.220100,1.220400,D
173569158,EUR/USD,2005-08-01 13:17:25.000,1.220000,1.220300,D
173569159,EUR/USD,2005-08-01 13:17:26.000,1.220100,1.220400,D
173569160,EUR/USD,2005-08-01 13:17:26.000,1.220200,1.220500,D
173569176,EUR/USD,2005-08-01 13:17:35.000,1.220300,1.220600,D
173569189,EUR/USD,2005-08-01 13:18:21.000,1.220400,1.220700,D
173569197,EUR/USD,2005-08-01 13:18:22.000,1.220500,1.220800,D
173569212,EUR/USD,2005-08-01 13:18:32.000,1.220600,1.220900,D
173569239,EUR/USD,2005-08-01 13:18:48.000,1.220500,1.220800,D
173569242,EUR/USD,2005-08-01 13:18:50.000,1.220600,1.220900,D
173569246,EUR/USD,2005-08-01 13:18:53.000,1.220500,1.220800,D
173569257,EUR/USD,2005-08-01 13:18:58.000,1.220600,1.220900,D
173569285,EUR/USD,2005-08-01 13:19:26.000,1.220500,1.220800,D
173569291,EUR/USD,2005-08-01 13:19:30.000,1.220600,1.220900,D
173569294,EUR/USD,2005-08-01 13:19:31.000,1.220500,1.220800,D
173569313,EUR/USD,2005-08-01 13:19:47.000,1.220600,1.220900,D
173569316,EUR/USD,2005-08-01 13:19:50.000,1.220500,1.220800,D
173569349,EUR/USD,2005-08-01 13:20:05.000,1.220400,1.220700,D
173569352,EUR/USD,2005-08-01 13:20:06.000,1.220300,1.220600,D
173569357,EUR/USD,2005-08-01 13:20:06.000,1.220400,1.220700,D
173569369,EUR/USD,2005-08-01 13:20:09.000,1.220300,1.220600,D
173569379,EUR/USD,2005-08-01 13:20:12.000,1.220400,1.220700,D
173569417,EUR/USD,2005-08-01 13:21:02.000,1.220300,1.220600,D
173569486,EUR/USD,2005-08-01 13:23:13.000,1.220400,1.220700,D
173569525,EUR/USD,2005-08-01 13:23:54.000,1.220300,1.220600,D
173569531,EUR/USD,2005-08-01 13:23:57.000,1.220400,1.220700,D
173569592,EUR/USD,2005-08-01 13:25:06.000,1.220300,1.220600,D
173569598,EUR/USD,2005-08-01 13:25:13.000,1.220400,1.220700,D
173569608,EUR/USD,2005-08-01 13:25:41.000,1.220300,1.220600,D
173569617,EUR/USD,2005-08-01 13:25:45.000,1.220400,1.220700,D
173569621,EUR/USD,2005-08-01 13:25:46.000,1.220300,1.220600,D
173569678,EUR/USD,2005-08-01 13:27:05.000,1.220400,1.220700,D
173569695,EUR/USD,2005-08-01 13:27:13.000,1.220300,1.220600,D
173569708,EUR/USD,2005-08-01 13:27:19.000,1.220400,1.220700,D
173569711,EUR/USD,2005-08-01 13:27:21.000,1.220300,1.220600,D
173569726,EUR/USD,2005-08-01 13:27:28.000,1.220400,1.220700,D
173569755,EUR/USD,2005-08-01 13:27:47.000,1.220500,1.220800,D
173569762,EUR/USD,2005-08-01 13:27:50.000,1.220600,1.220900,D
173569772,EUR/USD,2005-08-01 13:27:54.000,1.220500,1.220800,D
173569792,EUR/USD,2005-08-01 13:28:03.000,1.220600,1.220900,D
173569887,EUR/USD,2005-08-01 13:28:59.000,1.220500,1.220800,D
173569896,EUR/USD,2005-08-01 13:29:02.000,1.220400,1.220700,D
173569934,EUR/USD,2005-08-01 13:29:19.000,1.220300,1.220600,D
173569956,EUR/USD,2005-08-01 13:29:52.000,1.220200,1.220500,D
173569969,EUR/USD,2005-08-01 13:30:00.000,1.220100,1.220400,D
173570008,EUR/USD,2005-08-01 13:30:21.000,1.220200,1.220500,D
173570019,EUR/USD,2005-08-01 13:30:28.000,1.220100,1.220400,D
173570024,EUR/USD,2005-08-01 13:30:32.000,1.220200,1.220500,D
173570049,EUR/USD,2005-08-01 13:30:55.000,1.220300,1.220600,D
173570050,EUR/USD,2005-08-01 13:30:55.000,1.220200,1.220500,D
173570061,EUR/USD,2005-08-01 13:30:57.000,1.220300,1.220600,D
173570065,EUR/USD,2005-08-01 13:30:58.000,1.220200,1.220500,D
173570071,EUR/USD,2005-08-01 13:31:01.000,1.220300,1.220600,D
173570076,EUR/USD,2005-08-01 13:31:07.000,1.220200,1.220500,D
173570088,EUR/USD,2005-08-01 13:31:10.000,1.220300,1.220600,D
173570095,EUR/USD,2005-08-01 13:31:23.000,1.220200,1.220500,D
173570098,EUR/USD,2005-08-01 13:31:25.000,1.220300,1.220600,D
173570109,EUR/USD,2005-08-01 13:31:34.000,1.220200,1.220500,D
173570133,EUR/USD,2005-08-01 13:32:05.000,1.220300,1.220600,D
173570134,EUR/USD,2005-08-01 13:32:06.000,1.220200,1.220500,D
173570214,EUR/USD,2005-08-01 13:34:19.000,1.220300,1.220600,D
173570260,EUR/USD,2005-08-01 13:35:27.000,1.220400,1.220700,D
173570290,EUR/USD,2005-08-01 13:36:08.000,1.220500,1.220800,D
173570294,EUR/USD,2005-08-01 13:36:09.000,1.220400,1.220700,D
173570367,EUR/USD,2005-08-01 13:37:19.000,1.220500,1.220800,D
173570392,EUR/USD,2005-08-01 13:38:02.000,1.220400,1.220700,D
173570406,EUR/USD,2005-08-01 13:38:40.000,1.220500,1.220800,D
173570429,EUR/USD,2005-08-01 13:39:33.000,1.220600,1.220900,D
173570476,EUR/USD,2005-08-01 13:41:04.000,1.220500,1.220800,D
173570540,EUR/USD,2005-08-01 13:41:25.000,1.220400,1.220700,D
173570568,EUR/USD,2005-08-01 13:41:52.000,1.220500,1.220800,D
173570586,EUR/USD,2005-08-01 13:42:21.000,1.220400,1.220700,D
173570598,EUR/USD,2005-08-01 13:43:01.000,1.220500,1.220800,D
173570619,EUR/USD,2005-08-01 13:44:06.000,1.220400,1.220700,D
173570637,EUR/USD,2005-08-01 13:44:18.000,1.220300,1.220600,D
173570643,EUR/USD,2005-08-01 13:44:20.000,1.220400,1.220700,D
173570644,EUR/USD,2005-08-01 13:44:25.000,1.220300,1.220600,D
173570679,EUR/USD,2005-08-01 13:45:19.000,1.220200,1.220500,D
173570709,EUR/USD,2005-08-01 13:45:48.000,1.220300,1.220600,D
173570712,EUR/USD,2005-08-01 13:45:50.000,1.220200,1.220500,D
173570715,EUR/USD,2005-08-01 13:45:50.000,1.220300,1.220600,D
173570725,EUR/USD,2005-08-01 13:46:10.000,1.220200,1.220500,D
173570736,EUR/USD,2005-08-01 13:46:29.000,1.220300,1.220600,D
173570746,EUR/USD,2005-08-01 13:46:35.000,1.220200,1.220500,D
173570766,EUR/USD,2005-08-01 13:47:10.000,1.220300,1.220600,D
173570877,EUR/USD,2005-08-01 13:50:08.000,1.220200,1.220500,D
173570890,EUR/USD,2005-08-01 13:50:10.000,1.220300,1.220600,D
173570956,EUR/USD,2005-08-01 13:50:50.000,1.220200,1.220500,D
173570961,EUR/USD,2005-08-01 13:50:53.000,1.220300,1.220600,D
173570980,EUR/USD,2005-08-01 13:50:59.000,1.220200,1.220500,D
173571020,EUR/USD,2005-08-01 13:51:21.000,1.220300,1.220600,D
173571072,EUR/USD,2005-08-01 13:52:35.000,1.220200,1.220500,D
173571078,EUR/USD,2005-08-01 13:52:49.000,1.220300,1.220600,D
173571095,EUR/USD,2005-08-01 13:53:06.000,1.220400,1.220700,D
173571160,EUR/USD,2005-08-01 13:55:13.000,1.220300,1.220600,D
173571165,EUR/USD,2005-08-01 13:55:23.000,1.220400,1.220700,D
173571169,EUR/USD,2005-08-01 13:55:28.000,1.220300,1.220600,D
173571182,EUR/USD,2005-08-01 13:55:53.000,1.220400,1.220700,D
173571209,EUR/USD,2005-08-01 13:56:17.000,1.220500,1.220800,D
173571232,EUR/USD,2005-08-01 13:56:40.000,1.220400,1.220700,D
173571241,EUR/USD,2005-08-01 13:56:49.000,1.220300,1.220600,D
173571258,EUR/USD,2005-08-01 13:57:08.000,1.220200,1.220500,D
173571275,EUR/USD,2005-08-01 13:57:20.000,1.220300,1.220600,D
173571283,EUR/USD,2005-08-01 13:57:25.000,1.220200,1.220500,D
173571287,EUR/USD,2005-08-01 13:57:37.000,1.220300,1.220600,D
173571331,EUR/USD,2005-08-01 13:58:45.000,1.220400,1.220700,D
173571346,EUR/USD,2005-08-01 13:59:03.000,1.220300,1.220600,D
173571386,EUR/USD,2005-08-01 14:00:01.000,1.220400,1.220700,D
173571411,EUR/USD,2005-08-01 14:00:51.000,1.220500,1.220800,D
173571420,EUR/USD,2005-08-01 14:00:55.000,1.220400,1.220700,D
173571426,EUR/USD,2005-08-01 14:01:18.000,1.220500,1.220800,D
173571437,EUR/USD,2005-08-01 14:01:41.000,1.220400,1.220700,D
173571440,EUR/USD,2005-08-01 14:01:44.000,1.220500,1.220800,D
173571473,EUR/USD,2005-08-01 14:02:26.000,1.220400,1.220700,D
173571483,EUR/USD,2005-08-01 14:02:31.000,1.220500,1.220800,D
173571489,EUR/USD,2005-08-01 14:02:49.000,1.220400,1.220700,D
173571497,EUR/USD,2005-08-01 14:03:08.000,1.220500,1.220800,D
173571501,EUR/USD,2005-08-01 14:03:12.000,1.220400,1.220700,D
173571524,EUR/USD,2005-08-01 14:03:54.000,1.220500,1.220800,D
173571526,EUR/USD,2005-08-01 14:03:55.000,1.220400,1.220700,D
173571531,EUR/USD,2005-08-01 14:03:56.000,1.220500,1.220800,D
173571538,EUR/USD,2005-08-01 14:03:57.000,1.220400,1.220700,D
173571545,EUR/USD,2005-08-01 14:03:59.000,1.220500,1.220800,D
173571547,EUR/USD,2005-08-01 14:04:03.000,1.220400,1.220700,D
173571566,EUR/USD,2005-08-01 14:04:52.000,1.220500,1.220800,D
173571571,EUR/USD,2005-08-01 14:04:54.000,1.220400,1.220700,D
173571592,EUR/USD,2005-08-01 14:05:32.000,1.220300,1.220600,D
173571654,EUR/USD,2005-08-01 14:06:24.000,1.220200,1.220500,D
173571730,EUR/USD,2005-08-01 14:08:54.000,1.220100,1.220400,D
173571750,EUR/USD,2005-08-01 14:09:55.000,1.220000,1.220300,D
173571780,EUR/USD,2005-08-01 14:10:41.000,1.219900,1.220200,D
173571797,EUR/USD,2005-08-01 14:10:51.000,1.219800,1.220100,D
173571808,EUR/USD,2005-08-01 14:10:55.000,1.219900,1.220200,D
173571809,EUR/USD,2005-08-01 14:10:55.000,1.220000,1.220300,D
173571821,EUR/USD,2005-08-01 14:11:00.000,1.219900,1.220200,D
173571830,EUR/USD,2005-08-01 14:11:03.000,1.220000,1.220300,D
173571840,EUR/USD,2005-08-01 14:11:07.000,1.220100,1.220400,D
173571844,EUR/USD,2005-08-01 14:11:08.000,1.220200,1.220500,D
173571852,EUR/USD,2005-08-01 14:11:09.000,1.220300,1.220600,D
173571864,EUR/USD,2005-08-01 14:11:18.000,1.220200,1.220500,D
173571868,EUR/USD,2005-08-01 14:11:19.000,1.220100,1.220400,D
173571874,EUR/USD,2005-08-01 14:11:34.000,1.220200,1.220500,D
173571879,EUR/USD,2005-08-01 14:11:34.000,1.220300,1.220600,D
173571887,EUR/USD,2005-08-01 14:11:40.000,1.220400,1.220700,D
173571888,EUR/USD,2005-08-01 14:11:40.000,1.220200,1.220500,D
173571890,EUR/USD,2005-08-01 14:11:41.000,1.220100,1.220400,D
173571900,EUR/USD,2005-08-01 14:11:44.000,1.220200,1.220500,D
173571904,EUR/USD,2005-08-01 14:11:46.000,1.220100,1.220400,D
173571906,EUR/USD,2005-08-01 14:11:47.000,1.220200,1.220500,D
173571913,EUR/USD,2005-08-01 14:11:57.000,1.220100,1.220400,D
173571916,EUR/USD,2005-08-01 14:12:00.000,1.220200,1.220500,D
173571932,EUR/USD,2005-08-01 14:12:06.000,1.220300,1.220600,D
173571933,EUR/USD,2005-08-01 14:12:07.000,1.220400,1.220700,D
173571939,EUR/USD,2005-08-01 14:12:07.000,1.220300,1.220600,D
173571945,EUR/USD,2005-08-01 14:12:11.000,1.220400,1.220700,D
173571961,EUR/USD,2005-08-01 14:12:16.000,1.220300,1.220600,D
173571968,EUR/USD,2005-08-01 14:12:18.000,1.220200,1.220500,D
173571978,EUR/USD,2005-08-01 14:12:22.000,1.220300,1.220600,D
173572116,EUR/USD,2005-08-01 14:14:11.000,1.220400,1.220700,D
173572191,EUR/USD,2005-08-01 14:15:18.000,1.220300,1.220600,D
173572232,EUR/USD,2005-08-01 14:16:04.000,1.220400,1.220700,D
173572249,EUR/USD,2005-08-01 14:16:18.000,1.220300,1.220600,D
173572266,EUR/USD,2005-08-01 14:16:34.000,1.220200,1.220500,D
173572273,EUR/USD,2005-08-01 14:16:40.000,1.220300,1.220600,D
173572275,EUR/USD,2005-08-01 14:16:42.000,1.220200,1.220500,D
173572276,EUR/USD,2005-08-01 14:16:58.000,1.220300,1.220600,D
173572277,EUR/USD,2005-08-01 14:17:19.000,1.220200,1.220500,D
173572283,EUR/USD,2005-08-01 14:17:52.000,1.220300,1.220600,D
173572290,EUR/USD,2005-08-01 14:18:21.000,1.220400,1.220700,D
173572293,EUR/USD,2005-08-01 14:18:22.000,1.220300,1.220600,D
173572304,EUR/USD,2005-08-01 14:19:16.000,1.220400,1.220700,D
173572305,EUR/USD,2005-08-01 14:19:16.000,1.220300,1.220600,D
173572314,EUR/USD,2005-08-01 14:19:50.000,1.220200,1.220500,D
173572315,EUR/USD,2005-08-01 14:19:51.000,1.220100,1.220400,D
173572338,EUR/USD,2005-08-01 14:20:08.000,1.220200,1.220500,D
173572345,EUR/USD,2005-08-01 14:20:18.000,1.220300,1.220600,D
173572367,EUR/USD,2005-08-01 14:20:44.000,1.220200,1.220500,D
173572368,EUR/USD,2005-08-01 14:20:47.000,1.220300,1.220600,D
173572383,EUR/USD,2005-08-01 14:21:38.000,1.220400,1.220700,D
173572384,EUR/USD,2005-08-01 14:21:43.000,1.220500,1.220800,D
173572392,EUR/USD,2005-08-01 14:21:45.000,1.220400,1.220700,D
173572399,EUR/USD,2005-08-01 14:21:47.000,1.220500,1.220800,D
173572405,EUR/USD,2005-08-01 14:21:50.000,1.220400,1.220700,D
173572425,EUR/USD,2005-08-01 14:23:16.000,1.220300,1.220600,D
173572430,EUR/USD,2005-08-01 14:23:17.000,1.220400,1.220700,D
173572431,EUR/USD,2005-08-01 14:23:28.000,1.220300,1.220600,D
173572434,EUR/USD,2005-08-01 14:23:28.000,1.220200,1.220500,D
173572439,EUR/USD,2005-08-01 14:23:30.000,1.220300,1.220600,D
173572440,EUR/USD,2005-08-01 14:23:30.000,1.220400,1.220700,D
173572502,EUR/USD,2005-08-01 14:25:37.000,1.220300,1.220600,D
173572510,EUR/USD,2005-08-01 14:25:41.000,1.220400,1.220700,D
173572516,EUR/USD,2005-08-01 14:25:57.000,1.220300,1.220600,D
173572521,EUR/USD,2005-08-01 14:26:02.000,1.220400,1.220700,D
173572530,EUR/USD,2005-08-01 14:26:17.000,1.220300,1.220600,D
173572539,EUR/USD,2005-08-01 14:26:25.000,1.220400,1.220700,D
173572569,EUR/USD,2005-08-01 14:27:13.000,1.220500,1.220800,D
173572573,EUR/USD,2005-08-01 14:27:19.000,1.220400,1.220700,D
173572581,EUR/USD,2005-08-01 14:27:31.000,1.220300,1.220600,D
173572587,EUR/USD,2005-08-01 14:27:34.000,1.220400,1.220700,D
173572601,EUR/USD,2005-08-01 14:28:38.000,1.220300,1.220600,D
173572609,EUR/USD,2005-08-01 14:28:39.000,1.220200,1.220500,D
173572612,EUR/USD,2005-08-01 14:28:39.000,1.220300,1.220600,D
173572627,EUR/USD,2005-08-01 14:28:50.000,1.220200,1.220500,D
173572635,EUR/USD,2005-08-01 14:28:51.000,1.220300,1.220600,D
173572660,EUR/USD,2005-08-01 14:29:38.000,1.220400,1.220700,D
173572670,EUR/USD,2005-08-01 14:29:47.000,1.220500,1.220800,D
173572677,EUR/USD,2005-08-01 14:29:51.000,1.220400,1.220700,D
173572689,EUR/USD,2005-08-01 14:30:11.000,1.220500,1.220800,D
173572700,EUR/USD,2005-08-01 14:30:17.000,1.220400,1.220700,D
173572723,EUR/USD,2005-08-01 14:30:48.000,1.220500,1.220800,D
173572735,EUR/USD,2005-08-01 14:30:51.000,1.220400,1.220700,D
173572742,EUR/USD,2005-08-01 14:31:21.000,1.220300,1.220600,D
173572753,EUR/USD,2005-08-01 14:31:50.000,1.220400,1.220700,D
173572820,EUR/USD,2005-08-01 14:33:00.000,1.220500,1.220800,D
173572840,EUR/USD,2005-08-01 14:33:08.000,1.220400,1.220700,D
173572854,EUR/USD,2005-08-01 14:33:10.000,1.220500,1.220800,D
173572862,EUR/USD,2005-08-01 14:33:12.000,1.220400,1.220700,D
173572878,EUR/USD,2005-08-01 14:33:25.000,1.220500,1.220800,D
173572898,EUR/USD,2005-08-01 14:33:36.000,1.220400,1.220700,D
173572922,EUR/USD,2005-08-01 14:33:59.000,1.220500,1.220800,D
173572936,EUR/USD,2005-08-01 14:34:14.000,1.220400,1.220700,D
173572966,EUR/USD,2005-08-01 14:34:41.000,1.220500,1.220800,D
173572994,EUR/USD,2005-08-01 14:35:09.000,1.220400,1.220700,D
173572999,EUR/USD,2005-08-01 14:35:13.000,1.220300,1.220600,D
173573020,EUR/USD,2005-08-01 14:35:39.000,1.220200,1.220500,D
173573033,EUR/USD,2005-08-01 14:35:46.000,1.220100,1.220400,D
173573041,EUR/USD,2005-08-01 14:35:53.000,1.220000,1.220300,D
173573043,EUR/USD,2005-08-01 14:35:54.000,1.219900,1.220200,D
173573048,EUR/USD,2005-08-01 14:35:54.000,1.220000,1.220300,D
173573065,EUR/USD,2005-08-01 14:35:58.000,1.220100,1.220400,D
173573086,EUR/USD,2005-08-01 14:36:28.000,1.220000,1.220300,D
173573096,EUR/USD,2005-08-01 14:36:37.000,1.220100,1.220400,D
173573119,EUR/USD,2005-08-01 14:36:51.000,1.220000,1.220300,D
173573131,EUR/USD,2005-08-01 14:37:08.000,1.220100,1.220400,D
173573133,EUR/USD,2005-08-01 14:37:12.000,1.220200,1.220500,D
173573176,EUR/USD,2005-08-01 14:37:44.000,1.220100,1.220400,D
173573258,EUR/USD,2005-08-01 14:38:52.000,1.220200,1.220500,D
173573260,EUR/USD,2005-08-01 14:38:55.000,1.220100,1.220400,D
173573263,EUR/USD,2005-08-01 14:38:58.000,1.220200,1.220500,D
173573270,EUR/USD,2005-08-01 14:39:02.000,1.220100,1.220400,D
173573272,EUR/USD,2005-08-01 14:39:03.000,1.220200,1.220500,D
173573302,EUR/USD,2005-08-01 14:39:29.000,1.220300,1.220600,D
173573322,EUR/USD,2005-08-01 14:39:39.000,1.220200,1.220500,D
173573325,EUR/USD,2005-08-01 14:39:40.000,1.220300,1.220600,D
173573379,EUR/USD,2005-08-01 14:40:23.000,1.220200,1.220500,D
173573385,EUR/USD,2005-08-01 14:40:33.000,1.220300,1.220600,D
173573387,EUR/USD,2005-08-01 14:40:46.000,1.220200,1.220500,D
173573458,EUR/USD,2005-08-01 14:42:03.000,1.220100,1.220400,D
173573460,EUR/USD,2005-08-01 14:42:04.000,1.220200,1.220500,D
173573480,EUR/USD,2005-08-01 14:42:17.000,1.220100,1.220400,D
173573485,EUR/USD,2005-08-01 14:42:20.000,1.220200,1.220500,D
173573491,EUR/USD,2005-08-01 14:42:23.000,1.220100,1.220400,D
173573499,EUR/USD,2005-08-01 14:42:26.000,1.220200,1.220500,D
173573503,EUR/USD,2005-08-01 14:42:29.000,1.220100,1.220400,D
173573507,EUR/USD,2005-08-01 14:42:31.000,1.220200,1.220500,D
173573512,EUR/USD,2005-08-01 14:42:34.000,1.220100,1.220400,D
173573516,EUR/USD,2005-08-01 14:42:36.000,1.220200,1.220500,D
173573531,EUR/USD,2005-08-01 14:43:12.000,1.220100,1.220400,D
173573556,EUR/USD,2005-08-01 14:43:42.000,1.220200,1.220500,D
173573563,EUR/USD,2005-08-01 14:43:49.000,1.220100,1.220400,D
173573565,EUR/USD,2005-08-01 14:43:51.000,1.220200,1.220500,D
173573567,EUR/USD,2005-08-01 14:43:54.000,1.220100,1.220400,D
173573570,EUR/USD,2005-08-01 14:43:57.000,1.220200,1.220500,D
173573575,EUR/USD,2005-08-01 14:44:01.000,1.220100,1.220400,D
173573577,EUR/USD,2005-08-01 14:44:02.000,1.220200,1.220500,D
173573589,EUR/USD,2005-08-01 14:44:21.000,1.220100,1.220400,D
173573592,EUR/USD,2005-08-01 14:44:24.000,1.220200,1.220500,D
173573616,EUR/USD,2005-08-01 14:45:04.000,1.220300,1.220600,D
173573632,EUR/USD,2005-08-01 14:45:10.000,1.220200,1.220500,D
173573634,EUR/USD,2005-08-01 14:45:12.000,1.220300,1.220600,D
173573710,EUR/USD,2005-08-01 14:46:05.000,1.220200,1.220500,D
173573743,EUR/USD,2005-08-01 14:46:27.000,1.220300,1.220600,D
173573795,EUR/USD,2005-08-01 14:47:37.000,1.220200,1.220500,D
173573827,EUR/USD,2005-08-01 14:48:44.000,1.220100,1.220400,D
173573833,EUR/USD,2005-08-01 14:48:47.000,1.220200,1.220500,D
173573842,EUR/USD,2005-08-01 14:48:53.000,1.220100,1.220400,D
173573846,EUR/USD,2005-08-01 14:48:57.000,1.220200,1.220500,D
173573896,EUR/USD,2005-08-01 14:50:11.000,1.220100,1.220400,D
173573918,EUR/USD,2005-08-01 14:50:18.000,1.220000,1.220300,D
173573970,EUR/USD,2005-08-01 14:50:43.000,1.219900,1.220200,D
173573982,EUR/USD,2005-08-01 14:50:46.000,1.220000,1.220300,D
173573993,EUR/USD,2005-08-01 14:50:47.000,1.219900,1.220200,D
173573996,EUR/USD,2005-08-01 14:50:48.000,1.219800,1.220100,D
173574002,EUR/USD,2005-08-01 14:50:48.000,1.219900,1.220200,D
173574011,EUR/USD,2005-08-01 14:50:51.000,1.220000,1.220300,D
173574022,EUR/USD,2005-08-01 14:50:54.000,1.219900,1.220200,D
173574024,EUR/USD,2005-08-01 14:50:56.000,1.220000,1.220300,D
173574029,EUR/USD,2005-08-01 14:50:58.000,1.219900,1.220200,D
173574030,EUR/USD,2005-08-01 14:50:58.000,1.219800,1.220100,D
173574040,EUR/USD,2005-08-01 14:51:10.000,1.219900,1.220200,D
173574094,EUR/USD,2005-08-01 14:52:01.000,1.219800,1.220100,D
173574098,EUR/USD,2005-08-01 14:52:04.000,1.219900,1.220200,D
173574199,EUR/USD,2005-08-01 14:53:35.000,1.219800,1.220100,D
173574220,EUR/USD,2005-08-01 14:53:52.000,1.219900,1.220200,D
173574233,EUR/USD,2005-08-01 14:54:03.000,1.219800,1.220100,D
173574236,EUR/USD,2005-08-01 14:54:19.000,1.219900,1.220200,D
173574241,EUR/USD,2005-08-01 14:54:24.000,1.219800,1.220100,D
173574260,EUR/USD,2005-08-01 14:55:00.000,1.219700,1.220000,D
173574288,EUR/USD,2005-08-01 14:55:22.000,1.219600,1.219900,D
173574296,EUR/USD,2005-08-01 14:55:26.000,1.219500,1.219800,D
173574303,EUR/USD,2005-08-01 14:55:27.000,1.219600,1.219900,D
173574317,EUR/USD,2005-08-01 14:55:30.000,1.219500,1.219800,D
173574320,EUR/USD,2005-08-01 14:55:32.000,1.219400,1.219700,D
173574325,EUR/USD,2005-08-01 14:55:33.000,1.219500,1.219800,D
173574332,EUR/USD,2005-08-01 14:55:35.000,1.219700,1.220000,D
173574342,EUR/USD,2005-08-01 14:55:40.000,1.219600,1.219900,D
173574377,EUR/USD,2005-08-01 14:55:49.000,1.219500,1.219800,D
173574389,EUR/USD,2005-08-01 14:55:52.000,1.219600,1.219900,D
173574391,EUR/USD,2005-08-01 14:55:52.000,1.219700,1.220000,D
173574400,EUR/USD,2005-08-01 14:55:54.000,1.219600,1.219900,D
173574410,EUR/USD,2005-08-01 14:56:01.000,1.219700,1.220000,D
173574434,EUR/USD,2005-08-01 14:56:09.000,1.219800,1.220100,D
173574435,EUR/USD,2005-08-01 14:56:09.000,1.219700,1.220000,D
173574457,EUR/USD,2005-08-01 14:56:14.000,1.219600,1.219900,D
173574502,EUR/USD,2005-08-01 14:56:27.000,1.219700,1.220000,D
173574526,EUR/USD,2005-08-01 14:56:36.000,1.219600,1.219900,D
173574537,EUR/USD,2005-08-01 14:56:44.000,1.219500,1.219800,D
173574545,EUR/USD,2005-08-01 14:56:49.000,1.219600,1.219900,D
173574568,EUR/USD,2005-08-01 14:57:05.000,1.219700,1.220000,D
173574570,EUR/USD,2005-08-01 14:57:05.000,1.219600,1.219900,D
173574615,EUR/USD,2005-08-01 14:57:42.000,1.219500,1.219800,D
173574627,EUR/USD,2005-08-01 14:57:55.000,1.219400,1.219700,D
173574634,EUR/USD,2005-08-01 14:57:56.000,1.219500,1.219800,D
173574649,EUR/USD,2005-08-01 14:58:04.000,1.219600,1.219900,D
173574654,EUR/USD,2005-08-01 14:58:05.000,1.219500,1.219800,D
173574663,EUR/USD,2005-08-01 14:58:08.000,1.219400,1.219700,D
173574692,EUR/USD,2005-08-01 14:58:21.000,1.219500,1.219800,D
173574709,EUR/USD,2005-08-01 14:58:34.000,1.219600,1.219900,D
173574739,EUR/USD,2005-08-01 14:58:45.000,1.219500,1.219800,D
173574762,EUR/USD,2005-08-01 14:59:04.000,1.219600,1.219900,D
173574770,EUR/USD,2005-08-01 14:59:05.000,1.219500,1.219800,D
173574779,EUR/USD,2005-08-01 14:59:06.000,1.219600,1.219900,D
173574796,EUR/USD,2005-08-01 14:59:08.000,1.219500,1.219800,D
173574807,EUR/USD,2005-08-01 14:59:09.000,1.219400,1.219700,D
173574809,EUR/USD,2005-08-01 14:59:10.000,1.219500,1.219800,D
173574817,EUR/USD,2005-08-01 14:59:10.000,1.219600,1.219900,D
173574880,EUR/USD,2005-08-01 14:59:37.000,1.219700,1.220000,D
173574894,EUR/USD,2005-08-01 14:59:39.000,1.219600,1.219900,D
173574905,EUR/USD,2005-08-01 14:59:43.000,1.219700,1.220000,D
173574928,EUR/USD,2005-08-01 14:59:52.000,1.219600,1.219800,D
173574933,EUR/USD,2005-08-01 14:59:52.000,1.219400,1.219700,D
173574941,EUR/USD,2005-08-01 14:59:53.000,1.219500,1.219800,D
173574970,EUR/USD,2005-08-01 14:59:56.000,1.219600,1.219900,D
173574979,EUR/USD,2005-08-01 14:59:57.000,1.219700,1.220000,D
173574984,EUR/USD,2005-08-01 14:59:58.000,1.219800,1.220100,D
173575027,EUR/USD,2005-08-01 15:00:02.000,1.219700,1.220000,D
173575036,EUR/USD,2005-08-01 15:00:04.000,1.219800,1.220100,D
173575040,EUR/USD,2005-08-01 15:00:05.000,1.219700,1.220000,D
173575056,EUR/USD,2005-08-01 15:00:07.000,1.219600,1.219900,D
173575078,EUR/USD,2005-08-01 15:00:11.000,1.219500,1.219800,D
173575083,EUR/USD,2005-08-01 15:00:12.000,1.219600,1.219900,D
173575104,EUR/USD,2005-08-01 15:00:15.000,1.219500,1.219800,D
173575112,EUR/USD,2005-08-01 15:00:18.000,1.219400,1.219700,D
173575115,EUR/USD,2005-08-01 15:00:18.000,1.219300,1.219600,D
173575128,EUR/USD,2005-08-01 15:00:20.000,1.219400,1.219700,D
173575146,EUR/USD,2005-08-01 15:00:28.000,1.219300,1.219600,D
173575148,EUR/USD,2005-08-01 15:00:28.000,1.219400,1.219700,D
173575162,EUR/USD,2005-08-01 15:00:31.000,1.219500,1.219800,D
173575194,EUR/USD,2005-08-01 15:00:39.000,1.219600,1.219900,D
173575197,EUR/USD,2005-08-01 15:00:41.000,1.219500,1.219800,D
173575204,EUR/USD,2005-08-01 15:00:42.000,1.219400,1.219700,D
173575222,EUR/USD,2005-08-01 15:00:50.000,1.219300,1.219600,D
173575226,EUR/USD,2005-08-01 15:00:51.000,1.219200,1.219500,D
173575236,EUR/USD,2005-08-01 15:00:52.000,1.219300,1.219600,D
173575270,EUR/USD,2005-08-01 15:01:01.000,1.219200,1.219500,D
173575273,EUR/USD,2005-08-01 15:01:05.000,1.219300,1.219600,D
173575276,EUR/USD,2005-08-01 15:01:05.000,1.219200,1.219500,D
173575286,EUR/USD,2005-08-01 15:01:08.000,1.219300,1.219600,D
173575292,EUR/USD,2005-08-01 15:01:09.000,1.219400,1.219700,D
173575296,EUR/USD,2005-08-01 15:01:11.000,1.219300,1.219600,D
173575297,EUR/USD,2005-08-01 15:01:11.000,1.219400,1.219700,D
173575314,EUR/USD,2005-08-01 15:01:23.000,1.219300,1.219600,D
173575321,EUR/USD,2005-08-01 15:01:29.000,1.219200,1.219500,D
173575322,EUR/USD,2005-08-01 15:01:29.000,1.219100,1.219400,D
173575333,EUR/USD,2005-08-01 15:01:31.000,1.219200,1.219500,D
173575341,EUR/USD,2005-08-01 15:01:32.000,1.219300,1.219600,D
173575366,EUR/USD,2005-08-01 15:01:51.000,1.219200,1.219500,D
173575399,EUR/USD,2005-08-01 15:02:03.000,1.219100,1.219400,D
173575568,EUR/USD,2005-08-01 15:04:16.000,1.219200,1.219500,D
173575576,EUR/USD,2005-08-01 15:04:19.000,1.219100,1.219400,D
173575592,EUR/USD,2005-08-01 15:04:29.000,1.219200,1.219500,D
173575605,EUR/USD,2005-08-01 15:04:37.000,1.219300,1.219600,D
173575620,EUR/USD,2005-08-01 15:04:41.000,1.219200,1.219500,D
173575638,EUR/USD,2005-08-01 15:04:45.000,1.219300,1.219600,D
173575653,EUR/USD,2005-08-01 15:04:51.000,1.219200,1.219500,D
173575662,EUR/USD,2005-08-01 15:05:04.000,1.219300,1.219600,D
173575671,EUR/USD,2005-08-01 15:05:09.000,1.219200,1.219500,D
173575726,EUR/USD,2005-08-01 15:05:45.000,1.219100,1.219400,D
173575775,EUR/USD,2005-08-01 15:06:14.000,1.219200,1.219500,D
173575776,EUR/USD,2005-08-01 15:06:15.000,1.219100,1.219400,D
173575787,EUR/USD,2005-08-01 15:06:17.000,1.219000,1.219300,D
173575801,EUR/USD,2005-08-01 15:06:20.000,1.219100,1.219400,D
173575803,EUR/USD,2005-08-01 15:06:22.000,1.219000,1.219300,D
173575820,EUR/USD,2005-08-01 15:06:26.000,1.219100,1.219400,D
173575833,EUR/USD,2005-08-01 15:06:28.000,1.219000,1.219300,D
173575866,EUR/USD,2005-08-01 15:06:52.000,1.219100,1.219400,D
173575888,EUR/USD,2005-08-01 15:07:03.000,1.219000,1.219300,D
173575902,EUR/USD,2005-08-01 15:07:07.000,1.218900,1.219200,D
173575910,EUR/USD,2005-08-01 15:07:14.000,1.219000,1.219300,D
173575921,EUR/USD,2005-08-01 15:07:18.000,1.218900,1.219200,D
173575932,EUR/USD,2005-08-01 15:07:23.000,1.219000,1.219300,D
173575941,EUR/USD,2005-08-01 15:07:27.000,1.218900,1.219200,D
173575954,EUR/USD,2005-08-01 15:07:37.000,1.219000,1.219300,D
173575971,EUR/USD,2005-08-01 15:07:47.000,1.218900,1.219200,D
173576013,EUR/USD,2005-08-01 15:08:18.000,1.219000,1.219300,D
173576055,EUR/USD,2005-08-01 15:08:53.000,1.218900,1.219200,D
173576056,EUR/USD,2005-08-01 15:08:54.000,1.219000,1.219300,D
173576057,EUR/USD,2005-08-01 15:08:56.000,1.218900,1.219200,D
173576059,EUR/USD,2005-08-01 15:09:00.000,1.218800,1.219100,D
173576070,EUR/USD,2005-08-01 15:09:02.000,1.218700,1.219000,D
173576088,EUR/USD,2005-08-01 15:09:06.000,1.218600,1.218900,D
173576095,EUR/USD,2005-08-01 15:09:07.000,1.218500,1.218800,D
173576103,EUR/USD,2005-08-01 15:09:08.000,1.218400,1.218700,D
173576126,EUR/USD,2005-08-01 15:09:10.000,1.218300,1.218600,D
173576132,EUR/USD,2005-08-01 15:09:11.000,1.218400,1.218700,D
173576152,EUR/USD,2005-08-01 15:09:15.000,1.218500,1.218800,D
173576169,EUR/USD,2005-08-01 15:09:17.000,1.218400,1.218700,D
173576178,EUR/USD,2005-08-01 15:09:18.000,1.218500,1.218800,D
173576196,EUR/USD,2005-08-01 15:09:19.000,1.218600,1.218900,D
173576199,EUR/USD,2005-08-01 15:09:19.000,1.218500,1.218800,D
173576215,EUR/USD,2005-08-01 15:09:24.000,1.218600,1.218900,D
173576219,EUR/USD,2005-08-01 15:09:24.000,1.218500,1.218800,D
173576227,EUR/USD,2005-08-01 15:09:27.000,1.218400,1.218700,D
173576248,EUR/USD,2005-08-01 15:09:33.000,1.218500,1.218800,D
173576258,EUR/USD,2005-08-01 15:09:34.000,1.218600,1.218900,D
173576267,EUR/USD,2005-08-01 15:09:37.000,1.218500,1.218800,D
173576276,EUR/USD,2005-08-01 15:09:38.000,1.218600,1.218900,D
173576283,EUR/USD,2005-08-01 15:09:39.000,1.218500,1.218800,D
173576297,EUR/USD,2005-08-01 15:09:46.000,1.218600,1.218900,D
173576344,EUR/USD,2005-08-01 15:10:24.000,1.218700,1.219000,D
173576354,EUR/USD,2005-08-01 15:10:29.000,1.218600,1.218900,D
173576363,EUR/USD,2005-08-01 15:10:31.000,1.218700,1.219000,D
173576374,EUR/USD,2005-08-01 15:10:36.000,1.218600,1.218900,D
173576375,EUR/USD,2005-08-01 15:10:36.000,1.218700,1.219000,D
173576381,EUR/USD,2005-08-01 15:10:37.000,1.218600,1.218900,D
173576390,EUR/USD,2005-08-01 15:10:40.000,1.218700,1.219000,D
173576394,EUR/USD,2005-08-01 15:10:41.000,1.218600,1.218900,D
173576411,EUR/USD,2005-08-01 15:10:50.000,1.218500,1.218800,D
173576417,EUR/USD,2005-08-01 15:10:51.000,1.218600,1.218900,D
173576423,EUR/USD,2005-08-01 15:10:55.000,1.218500,1.218800,D
173576429,EUR/USD,2005-08-01 15:10:59.000,1.218600,1.218900,D
173576430,EUR/USD,2005-08-01 15:10:59.000,1.218700,1.219000,D
173576440,EUR/USD,2005-08-01 15:11:10.000,1.218600,1.218900,D
173576449,EUR/USD,2005-08-01 15:11:13.000,1.218700,1.219000,D
173576461,EUR/USD,2005-08-01 15:11:22.000,1.218600,1.218900,D
173576481,EUR/USD,2005-08-01 15:11:46.000,1.218700,1.219000,D
173576482,EUR/USD,2005-08-01 15:11:48.000,1.218600,1.218900,D
173576493,EUR/USD,2005-08-01 15:12:27.000,1.218700,1.219000,D
173576500,EUR/USD,2005-08-01 15:12:28.000,1.218600,1.218900,D
173576515,EUR/USD,2005-08-01 15:12:45.000,1.218700,1.219000,D
173576517,EUR/USD,2005-08-01 15:12:46.000,1.218600,1.218900,D
173576524,EUR/USD,2005-08-01 15:12:49.000,1.218500,1.218800,D
173576525,EUR/USD,2005-08-01 15:12:49.000,1.218400,1.218700,D
173576533,EUR/USD,2005-08-01 15:12:59.000,1.218300,1.218600,D
173576542,EUR/USD,2005-08-01 15:13:00.000,1.218400,1.218700,D
173576583,EUR/USD,2005-08-01 15:13:32.000,1.218500,1.218800,D
173576585,EUR/USD,2005-08-01 15:13:34.000,1.218400,1.218700,D
173576606,EUR/USD,2005-08-01 15:13:46.000,1.218500,1.218800,D
173576610,EUR/USD,2005-08-01 15:13:47.000,1.218600,1.218900,D
173576612,EUR/USD,2005-08-01 15:13:47.000,1.218500,1.218800,D
173576614,EUR/USD,2005-08-01 15:13:48.000,1.218600,1.218900,D
173576615,EUR/USD,2005-08-01 15:13:51.000,1.218500,1.218800,D
173576621,EUR/USD,2005-08-01 15:13:58.000,1.218400,1.218700,D
173576631,EUR/USD,2005-08-01 15:14:16.000,1.218500,1.218800,D
173576632,EUR/USD,2005-08-01 15:14:19.000,1.218400,1.218700,D
173576634,EUR/USD,2005-08-01 15:14:21.000,1.218500,1.218800,D
173576635,EUR/USD,2005-08-01 15:14:21.000,1.218400,1.218700,D
173576664,EUR/USD,2005-08-01 15:16:55.000,1.218500,1.218800,D
173576669,EUR/USD,2005-08-01 15:16:58.000,1.218400,1.218700,D
173576677,EUR/USD,2005-08-01 15:17:01.000,1.218500,1.218800,D
173576681,EUR/USD,2005-08-01 15:17:03.000,1.218400,1.218700,D
173576686,EUR/USD,2005-08-01 15:17:13.000,1.218500,1.218800,D
173576688,EUR/USD,2005-08-01 15:17:14.000,1.218400,1.218700,D
173576692,EUR/USD,2005-08-01 15:17:25.000,1.218500,1.218800,D
173576694,EUR/USD,2005-08-01 15:17:26.000,1.218400,1.218700,D
173576702,EUR/USD,2005-08-01 15:17:36.000,1.218500,1.218800,D
173576703,EUR/USD,2005-08-01 15:17:37.000,1.218400,1.218700,D
173576710,EUR/USD,2005-08-01 15:17:46.000,1.218500,1.218800,D
173576747,EUR/USD,2005-08-01 15:19:06.000,1.218400,1.218700,D
173576781,EUR/USD,2005-08-01 15:20:08.000,1.218500,1.218800,D
173576782,EUR/USD,2005-08-01 15:20:08.000,1.218400,1.218700,D
173576806,EUR/USD,2005-08-01 15:20:38.000,1.218500,1.218800,D
173576811,EUR/USD,2005-08-01 15:20:39.000,1.218400,1.218700,D
173576895,EUR/USD,2005-08-01 15:22:36.000,1.218500,1.218800,D
173576903,EUR/USD,2005-08-01 15:22:39.000,1.218400,1.218700,D
173576923,EUR/USD,2005-08-01 15:22:45.000,1.218500,1.218800,D
173576926,EUR/USD,2005-08-01 15:22:46.000,1.218600,1.218900,D
173576933,EUR/USD,2005-08-01 15:22:49.000,1.218500,1.218800,D
173576936,EUR/USD,2005-08-01 15:22:57.000,1.218400,1.218700,D
173577012,EUR/USD,2005-08-01 15:24:44.000,1.218500,1.218800,D
173577051,EUR/USD,2005-08-01 15:26:56.000,1.218400,1.218700,D
173577113,EUR/USD,2005-08-01 15:28:57.000,1.218300,1.218600,D
173577114,EUR/USD,2005-08-01 15:28:59.000,1.218200,1.218500,D
173577132,EUR/USD,2005-08-01 15:29:05.000,1.218100,1.218400,D
173577141,EUR/USD,2005-08-01 15:29:10.000,1.218200,1.218500,D
173577147,EUR/USD,2005-08-01 15:29:20.000,1.218100,1.218400,D
173577159,EUR/USD,2005-08-01 15:29:23.000,1.218200,1.218500,D
173577184,EUR/USD,2005-08-01 15:29:49.000,1.218300,1.218600,D
173577187,EUR/USD,2005-08-01 15:29:54.000,1.218200,1.218500,D
173577200,EUR/USD,2005-08-01 15:30:31.000,1.218300,1.218600,D
173577224,EUR/USD,2005-08-01 15:32:27.000,1.218400,1.218700,D
173577234,EUR/USD,2005-08-01 15:32:33.000,1.218500,1.218800,D
173577248,EUR/USD,2005-08-01 15:32:40.000,1.218600,1.218900,D
173577250,EUR/USD,2005-08-01 15:32:40.000,1.218500,1.218800,D
173577252,EUR/USD,2005-08-01 15:32:46.000,1.218600,1.218900,D
173577256,EUR/USD,2005-08-01 15:32:47.000,1.218500,1.218800,D
173577269,EUR/USD,2005-08-01 15:32:49.000,1.218600,1.218900,D
173577278,EUR/USD,2005-08-01 15:32:50.000,1.218500,1.218800,D
173577306,EUR/USD,2005-08-01 15:33:20.000,1.218400,1.218700,D
173577352,EUR/USD,2005-08-01 15:34:36.000,1.218500,1.218800,D
173577364,EUR/USD,2005-08-01 15:34:50.000,1.218600,1.218900,D
173577378,EUR/USD,2005-08-01 15:34:54.000,1.218500,1.218800,D
173577385,EUR/USD,2005-08-01 15:34:56.000,1.218600,1.218900,D
173577389,EUR/USD,2005-08-01 15:35:01.000,1.218700,1.219000,D
173577393,EUR/USD,2005-08-01 15:35:02.000,1.218600,1.218900,D
173577403,EUR/USD,2005-08-01 15:35:05.000,1.218500,1.218800,D
173577424,EUR/USD,2005-08-01 15:36:51.000,1.218600,1.218900,D
173577440,EUR/USD,2005-08-01 15:37:11.000,1.218500,1.218800,D
173577447,EUR/USD,2005-08-01 15:37:18.000,1.218600,1.218900,D
173577494,EUR/USD,2005-08-01 15:38:14.000,1.218500,1.218800,D
173577518,EUR/USD,2005-08-01 15:39:07.000,1.218600,1.218900,D
173577532,EUR/USD,2005-08-01 15:39:24.000,1.218500,1.218800,D
173577549,EUR/USD,2005-08-01 15:39:51.000,1.218400,1.218700,D
173577559,EUR/USD,2005-08-01 15:40:03.000,1.218500,1.218800,D
173577573,EUR/USD,2005-08-01 15:40:28.000,1.218600,1.218900,D
173577581,EUR/USD,2005-08-01 15:40:38.000,1.218500,1.218800,D
173577584,EUR/USD,2005-08-01 15:40:39.000,1.218600,1.218900,D
173577585,EUR/USD,2005-08-01 15:40:39.000,1.218700,1.219000,D
173577640,EUR/USD,2005-08-01 15:42:05.000,1.218600,1.218900,D
173577805,EUR/USD,2005-08-01 15:48:24.000,1.218700,1.219000,D
173577806,EUR/USD,2005-08-01 15:48:25.000,1.218600,1.218900,D
173577807,EUR/USD,2005-08-01 15:48:30.000,1.218700,1.219000,D
173577822,EUR/USD,2005-08-01 15:48:44.000,1.218600,1.218900,D
173577945,EUR/USD,2005-08-01 15:51:25.000,1.218500,1.218800,D
173577952,EUR/USD,2005-08-01 15:51:36.000,1.218600,1.218900,D
173577958,EUR/USD,2005-08-01 15:51:45.000,1.218500,1.218800,D
173578008,EUR/USD,2005-08-01 15:52:38.000,1.218400,1.218700,D
173578040,EUR/USD,2005-08-01 15:53:07.000,1.218500,1.218800,D
173578080,EUR/USD,2005-08-01 15:54:16.000,1.218600,1.218900,D
173578090,EUR/USD,2005-08-01 15:54:27.000,1.218500,1.218800,D
173578107,EUR/USD,2005-08-01 15:55:50.000,1.218600,1.218900,D
173578155,EUR/USD,2005-08-01 15:57:28.000,1.218500,1.218800,D
173578159,EUR/USD,2005-08-01 15:57:32.000,1.218600,1.218900,D
173578160,EUR/USD,2005-08-01 15:57:33.000,1.218500,1.218800,D
173578181,EUR/USD,2005-08-01 15:57:47.000,1.218600,1.218900,D
173578183,EUR/USD,2005-08-01 15:57:47.000,1.218700,1.219000,D
173578187,EUR/USD,2005-08-01 15:57:48.000,1.218600,1.218900,D
173578200,EUR/USD,2005-08-01 15:57:55.000,1.218700,1.219000,D
173578201,EUR/USD,2005-08-01 15:57:56.000,1.218600,1.218900,D
173578204,EUR/USD,2005-08-01 15:57:58.000,1.218500,1.218800,D
173578209,EUR/USD,2005-08-01 15:58:01.000,1.218600,1.218900,D
173578214,EUR/USD,2005-08-01 15:58:04.000,1.218500,1.218800,D
173578218,EUR/USD,2005-08-01 15:58:06.000,1.218600,1.218900,D
173578224,EUR/USD,2005-08-01 15:58:21.000,1.218500,1.218800,D
173578246,EUR/USD,2005-08-01 15:58:59.000,1.218600,1.218900,D
173578268,EUR/USD,2005-08-01 15:59:36.000,1.218500,1.218800,D
173578272,EUR/USD,2005-08-01 15:59:42.000,1.218600,1.218900,D
173578273,EUR/USD,2005-08-01 15:59:43.000,1.218500,1.218800,D
173578293,EUR/USD,2005-08-01 16:00:02.000,1.218600,1.218900,D
173578302,EUR/USD,2005-08-01 16:00:07.000,1.218500,1.218800,D
173578328,EUR/USD,2005-08-01 16:01:06.000,1.218600,1.218900,D
173578412,EUR/USD,2005-08-01 16:04:19.000,1.218500,1.218800,D
173578480,EUR/USD,2005-08-01 16:07:10.000,1.218600,1.218900,D
173578483,EUR/USD,2005-08-01 16:07:10.000,1.218700,1.219000,D
173578501,EUR/USD,2005-08-01 16:07:41.000,1.218600,1.218900,D
173578517,EUR/USD,2005-08-01 16:07:54.000,1.218500,1.218800,D
173578527,EUR/USD,2005-08-01 16:08:18.000,1.218600,1.218900,D
173578530,EUR/USD,2005-08-01 16:08:18.000,1.218500,1.218800,D
173578551,EUR/USD,2005-08-01 16:08:45.000,1.218600,1.218900,D
173578562,EUR/USD,2005-08-01 16:09:09.000,1.218500,1.218800,D
173578572,EUR/USD,2005-08-01 16:09:11.000,1.218600,1.218900,D
173578675,EUR/USD,2005-08-01 16:14:46.000,1.218700,1.219000,D
173578677,EUR/USD,2005-08-01 16:14:58.000,1.218600,1.218900,D
173578678,EUR/USD,2005-08-01 16:15:00.000,1.218700,1.219000,D
173578681,EUR/USD,2005-08-01 16:15:12.000,1.218600,1.218900,D
173578685,EUR/USD,2005-08-01 16:15:13.000,1.218500,1.218800,D
173578689,EUR/USD,2005-08-01 16:15:15.000,1.218600,1.218900,D
173578702,EUR/USD,2005-08-01 16:15:30.000,1.218700,1.219000,D
173578737,EUR/USD,2005-08-01 16:16:14.000,1.218600,1.218900,D
173578739,EUR/USD,2005-08-01 16:16:14.000,1.218500,1.218800,D
173578748,EUR/USD,2005-08-01 16:16:22.000,1.218600,1.218900,D
173578754,EUR/USD,2005-08-01 16:16:23.000,1.218700,1.219000,D
173578773,EUR/USD,2005-08-01 16:16:33.000,1.218600,1.218900,D
173578818,EUR/USD,2005-08-01 16:17:44.000,1.218700,1.219000,D
173578869,EUR/USD,2005-08-01 16:18:25.000,1.218800,1.219100,D
173578870,EUR/USD,2005-08-01 16:18:26.000,1.218700,1.219000,D
173578890,EUR/USD,2005-08-01 16:19:00.000,1.218600,1.218900,D
173578896,EUR/USD,2005-08-01 16:19:02.000,1.218700,1.219000,D
173578924,EUR/USD,2005-08-01 16:19:14.000,1.218800,1.219100,D
173578925,EUR/USD,2005-08-01 16:19:16.000,1.218900,1.219200,D
173578926,EUR/USD,2005-08-01 16:19:17.000,1.218800,1.219100,D
173578932,EUR/USD,2005-08-01 16:19:24.000,1.218700,1.219000,D
173578939,EUR/USD,2005-08-01 16:19:28.000,1.218600,1.218900,D
173578941,EUR/USD,2005-08-01 16:19:29.000,1.218500,1.218800,D
173578949,EUR/USD,2005-08-01 16:19:33.000,1.218400,1.218700,D
173578953,EUR/USD,2005-08-01 16:19:40.000,1.218500,1.218800,D
173578954,EUR/USD,2005-08-01 16:19:40.000,1.218600,1.218900,D
173578992,EUR/USD,2005-08-01 16:20:01.000,1.218500,1.218800,D
173579008,EUR/USD,2005-08-01 16:20:20.000,1.218600,1.218900,D
173579036,EUR/USD,2005-08-01 16:20:42.000,1.218500,1.218800,D
173579042,EUR/USD,2005-08-01 16:20:42.000,1.218400,1.218700,D
173579049,EUR/USD,2005-08-01 16:20:43.000,1.218500,1.218800,D
173579065,EUR/USD,2005-08-01 16:20:45.000,1.218600,1.218900,D
173579066,EUR/USD,2005-08-01 16:20:45.000,1.218400,1.218700,D
173579088,EUR/USD,2005-08-01 16:21:05.000,1.218500,1.218800,D
173579096,EUR/USD,2005-08-01 16:21:12.000,1.218600,1.218900,D
173579113,EUR/USD,2005-08-01 16:21:18.000,1.218500,1.218800,D
173579118,EUR/USD,2005-08-01 16:21:25.000,1.218400,1.218700,D
173579132,EUR/USD,2005-08-01 16:21:55.000,1.218500,1.218800,D
173579170,EUR/USD,2005-08-01 16:22:51.000,1.218600,1.218900,D
173579171,EUR/USD,2005-08-01 16:22:52.000,1.218500,1.218800,D
173579204,EUR/USD,2005-08-01 16:24:00.000,1.218400,1.218700,D
173579211,EUR/USD,2005-08-01 16:24:02.000,1.218500,1.218800,D
173579223,EUR/USD,2005-08-01 16:24:10.000,1.218400,1.218700,D
173579224,EUR/USD,2005-08-01 16:24:11.000,1.218300,1.218600,D
173579235,EUR/USD,2005-08-01 16:24:13.000,1.218200,1.218500,D
173579236,EUR/USD,2005-08-01 16:24:14.000,1.218300,1.218600,D
173579248,EUR/USD,2005-08-01 16:24:16.000,1.218400,1.218700,D
173579255,EUR/USD,2005-08-01 16:24:27.000,1.218500,1.218800,D
173579264,EUR/USD,2005-08-01 16:24:30.000,1.218400,1.218700,D
173579268,EUR/USD,2005-08-01 16:24:33.000,1.218500,1.218800,D
173579320,EUR/USD,2005-08-01 16:26:28.000,1.218400,1.218700,D
173579326,EUR/USD,2005-08-01 16:26:36.000,1.218500,1.218800,D
173579329,EUR/USD,2005-08-01 16:26:39.000,1.218400,1.218700,D
173579338,EUR/USD,2005-08-01 16:26:41.000,1.218500,1.218800,D
173579353,EUR/USD,2005-08-01 16:27:03.000,1.218400,1.218700,D
173579357,EUR/USD,2005-08-01 16:27:04.000,1.218500,1.218800,D
173579458,EUR/USD,2005-08-01 16:30:59.000,1.218600,1.218900,D
173579551,EUR/USD,2005-08-01 16:33:58.000,1.218600,1.218900,D
173579570,EUR/USD,2005-08-01 16:37:45.000,1.218700,1.219000,D
173579575,EUR/USD,2005-08-01 16:37:51.000,1.218600,1.218900,D
173579579,EUR/USD,2005-08-01 16:38:05.000,1.218700,1.219000,D
173579586,EUR/USD,2005-08-01 16:38:35.000,1.218600,1.218900,D
173579625,EUR/USD,2005-08-01 16:39:28.000,1.218500,1.218800,D
173579641,EUR/USD,2005-08-01 16:39:51.000,1.218600,1.218900,D
173579655,EUR/USD,2005-08-01 16:40:17.000,1.218500,1.218800,D
173579660,EUR/USD,2005-08-01 16:40:17.000,1.218400,1.218700,D
173579673,EUR/USD,2005-08-01 16:40:27.000,1.218500,1.218800,D
173579728,EUR/USD,2005-08-01 16:42:48.000,1.218600,1.218900,D
173579732,EUR/USD,2005-08-01 16:42:49.000,1.218500,1.218800,D
173579761,EUR/USD,2005-08-01 16:43:04.000,1.218600,1.218900,D
173579766,EUR/USD,2005-08-01 16:43:04.000,1.218500,1.218800,D
173579769,EUR/USD,2005-08-01 16:43:04.000,1.218600,1.218900,D
173579776,EUR/USD,2005-08-01 16:43:06.000,1.218500,1.218800,D
173579827,EUR/USD,2005-08-01 16:44:13.000,1.218400,1.218700,D
173579830,EUR/USD,2005-08-01 16:44:15.000,1.218500,1.218800,D
173579899,EUR/USD,2005-08-01 16:45:45.000,1.218400,1.218700,D
173579907,EUR/USD,2005-08-01 16:45:50.000,1.218500,1.218800,D
173579915,EUR/USD,2005-08-01 16:45:58.000,1.218400,1.218700,D
173579937,EUR/USD,2005-08-01 16:48:34.000,1.218300,1.218600,D
173579948,EUR/USD,2005-08-01 16:48:40.000,1.218200,1.218500,D
173579966,EUR/USD,2005-08-01 16:48:51.000,1.218100,1.218400,D
173579971,EUR/USD,2005-08-01 16:48:51.000,1.218000,1.218300,D
173579978,EUR/USD,2005-08-01 16:48:52.000,1.217900,1.218200,D
173580003,EUR/USD,2005-08-01 16:48:55.000,1.217800,1.218100,D
173580007,EUR/USD,2005-08-01 16:48:55.000,1.217700,1.218000,D
173580015,EUR/USD,2005-08-01 16:48:56.000,1.217900,1.218200,D
173580045,EUR/USD,2005-08-01 16:49:09.000,1.218000,1.218300,D
173580065,EUR/USD,2005-08-01 16:49:23.000,1.218100,1.218400,D
173580084,EUR/USD,2005-08-01 16:49:35.000,1.218000,1.218300,D
173580085,EUR/USD,2005-08-01 16:49:36.000,1.217900,1.218200,D
173580089,EUR/USD,2005-08-01 16:49:39.000,1.217800,1.218100,D
173580090,EUR/USD,2005-08-01 16:49:39.000,1.217900,1.218200,D
173580091,EUR/USD,2005-08-01 16:49:39.000,1.218000,1.218300,D
173580102,EUR/USD,2005-08-01 16:49:59.000,1.217900,1.218200,D
173580125,EUR/USD,2005-08-01 16:50:01.000,1.218000,1.218300,D
173580135,EUR/USD,2005-08-01 16:50:03.000,1.217900,1.218200,D
173580152,EUR/USD,2005-08-01 16:50:12.000,1.218000,1.218300,D
173580177,EUR/USD,2005-08-01 16:50:23.000,1.218100,1.218400,D
173580184,EUR/USD,2005-08-01 16:50:25.000,1.218000,1.218300,D
173580212,EUR/USD,2005-08-01 16:50:46.000,1.218100,1.218400,D
173580230,EUR/USD,2005-08-01 16:51:01.000,1.218200,1.218500,D
173580236,EUR/USD,2005-08-01 16:51:04.000,1.218100,1.218400,D
173580249,EUR/USD,2005-08-01 16:51:16.000,1.218200,1.218500,D
173580254,EUR/USD,2005-08-01 16:51:28.000,1.218300,1.218600,D
173580259,EUR/USD,2005-08-01 16:51:29.000,1.218200,1.218500,D
173580260,EUR/USD,2005-08-01 16:51:30.000,1.218100,1.218400,D
173580269,EUR/USD,2005-08-01 16:51:31.000,1.218200,1.218500,D
173580270,EUR/USD,2005-08-01 16:51:32.000,1.218300,1.218600,D
173580287,EUR/USD,2005-08-01 16:51:53.000,1.218400,1.218700,D
173580301,EUR/USD,2005-08-01 16:52:10.000,1.218300,1.218600,D
173580315,EUR/USD,2005-08-01 16:52:16.000,1.218400,1.218700,D
173580361,EUR/USD,2005-08-01 16:52:42.000,1.218500,1.218800,D
173580370,EUR/USD,2005-08-01 16:52:43.000,1.218400,1.218700,D
173580386,EUR/USD,2005-08-01 16:52:54.000,1.218500,1.218800,D
173580389,EUR/USD,2005-08-01 16:52:55.000,1.218400,1.218700,D
173580399,EUR/USD,2005-08-01 16:53:11.000,1.218500,1.218800,D
173580400,EUR/USD,2005-08-01 16:53:13.000,1.218400,1.218700,D
173580414,EUR/USD,2005-08-01 16:53:33.000,1.218500,1.218800,D
173580421,EUR/USD,2005-08-01 16:54:11.000,1.218400,1.218700,D
173580430,EUR/USD,2005-08-01 16:54:15.000,1.218500,1.218800,D
173580435,EUR/USD,2005-08-01 16:54:15.000,1.218400,1.218700,D
173580449,EUR/USD,2005-08-01 16:55:06.000,1.218500,1.218800,D
173580450,EUR/USD,2005-08-01 16:55:08.000,1.218400,1.218700,D
173580542,EUR/USD,2005-08-01 16:56:34.000,1.218300,1.218600,D
173580557,EUR/USD,2005-08-01 16:56:43.000,1.218200,1.218500,D
173580591,EUR/USD,2005-08-01 16:57:00.000,1.218300,1.218600,D
173580599,EUR/USD,2005-08-01 16:57:03.000,1.218200,1.218500,D
173580603,EUR/USD,2005-08-01 16:57:03.000,1.218000,1.218300,D
173580609,EUR/USD,2005-08-01 16:57:04.000,1.218100,1.218400,D
173580618,EUR/USD,2005-08-01 16:57:04.000,1.218000,1.218300,D
173580639,EUR/USD,2005-08-01 16:57:12.000,1.218100,1.218400,D
173580719,EUR/USD,2005-08-01 16:58:06.000,1.218000,1.218300,D
173581969,EUR/USD,2005-08-01 17:18:23.000,1.217800,1.218100,D
173582026,EUR/USD,2005-08-01 17:19:53.000,1.217900,1.218200,D
173582031,EUR/USD,2005-08-01 17:19:53.000,1.217800,1.218100,D
173582076,EUR/USD,2005-08-01 17:20:39.000,1.217900,1.218200,D
173582082,EUR/USD,2005-08-01 17:20:42.000,1.217800,1.218100,D
173582089,EUR/USD,2005-08-01 17:20:54.000,1.217900,1.218200,D
173582139,EUR/USD,2005-08-01 17:22:43.000,1.217800,1.218100,D
173582152,EUR/USD,2005-08-01 17:22:49.000,1.217700,1.218000,D
173582189,EUR/USD,2005-08-01 17:23:27.000,1.217800,1.218100,D
173582210,EUR/USD,2005-08-01 17:23:57.000,1.217700,1.218000,D
173582239,EUR/USD,2005-08-01 17:24:31.000,1.217800,1.218100,D
173582247,EUR/USD,2005-08-01 17:24:37.000,1.217700,1.218000,D
173582255,EUR/USD,2005-08-01 17:25:06.000,1.217800,1.218100,D
173582259,EUR/USD,2005-08-01 17:25:11.000,1.217700,1.218000,D
173582267,EUR/USD,2005-08-01 17:25:34.000,1.217600,1.217900,D
173582280,EUR/USD,2005-08-01 17:26:37.000,1.217700,1.218000,D
173582291,EUR/USD,2005-08-01 17:27:35.000,1.217600,1.217900,D
173582321,EUR/USD,2005-08-01 17:28:50.000,1.217700,1.218000,D
173582329,EUR/USD,2005-08-01 17:28:54.000,1.217800,1.218100,D
173582339,EUR/USD,2005-08-01 17:29:00.000,1.217700,1.218000,D
173582370,EUR/USD,2005-08-01 17:31:41.000,1.217600,1.217900,D
173582568,EUR/USD,2005-08-01 17:35:42.000,1.217500,1.217800,D
173582620,EUR/USD,2005-08-01 17:37:43.000,1.217600,1.217900,D
173582652,EUR/USD,2005-08-01 17:38:09.000,1.217500,1.217800,D
173582698,EUR/USD,2005-08-01 17:38:50.000,1.217700,1.218000,D
173582738,EUR/USD,2005-08-01 17:39:13.000,1.217600,1.217900,D
173582742,EUR/USD,2005-08-01 17:39:24.000,1.217700,1.218000,D
173582789,EUR/USD,2005-08-01 17:40:37.000,1.217600,1.217900,D
173582863,EUR/USD,2005-08-01 17:42:03.000,1.217500,1.217800,D
173582879,EUR/USD,2005-08-01 17:42:12.000,1.217400,1.217700,D
173582884,EUR/USD,2005-08-01 17:42:16.000,1.217500,1.217800,D
173582886,EUR/USD,2005-08-01 17:42:17.000,1.217600,1.217900,D
173582894,EUR/USD,2005-08-01 17:42:19.000,1.217500,1.217800,D
173582904,EUR/USD,2005-08-01 17:42:34.000,1.217400,1.217700,D
173582908,EUR/USD,2005-08-01 17:42:37.000,1.217500,1.217800,D
173582944,EUR/USD,2005-08-01 17:42:58.000,1.217400,1.217700,D
173583067,EUR/USD,2005-08-01 17:44:52.000,1.217500,1.217800,D
173583074,EUR/USD,2005-08-01 17:45:22.000,1.217600,1.217900,D
173583107,EUR/USD,2005-08-01 17:50:34.000,1.217700,1.218000,D
173583111,EUR/USD,2005-08-01 17:50:35.000,1.217600,1.217900,D
173583112,EUR/USD,2005-08-01 17:50:39.000,1.217700,1.218000,D
173583122,EUR/USD,2005-08-01 17:50:59.000,1.217600,1.217900,D
173583129,EUR/USD,2005-08-01 17:51:05.000,1.217700,1.218000,D
173583133,EUR/USD,2005-08-01 17:51:09.000,1.217600,1.217900,D
173583141,EUR/USD,2005-08-01 17:51:26.000,1.217700,1.218000,D
173583151,EUR/USD,2005-08-01 17:51:31.000,1.217600,1.217900,D
173583181,EUR/USD,2005-08-01 17:52:54.000,1.217500,1.217800,D
173583191,EUR/USD,2005-08-01 17:53:09.000,1.217400,1.217700,D
173583195,EUR/USD,2005-08-01 17:53:25.000,1.217300,1.217600,D
173583207,EUR/USD,2005-08-01 17:53:52.000,1.217400,1.217700,D
173583212,EUR/USD,2005-08-01 17:53:55.000,1.217300,1.217600,D
173583224,EUR/USD,2005-08-01 17:54:07.000,1.217400,1.217700,D
173583284,EUR/USD,2005-08-01 17:55:51.000,1.217300,1.217600,D
173583300,EUR/USD,2005-08-01 17:56:06.000,1.217400,1.217700,D
173583311,EUR/USD,2005-08-01 17:56:09.000,1.217300,1.217600,D
173583313,EUR/USD,2005-08-01 17:56:14.000,1.217400,1.217700,D
173583315,EUR/USD,2005-08-01 17:56:51.000,1.217300,1.217600,D
173583317,EUR/USD,2005-08-01 17:57:00.000,1.217400,1.217700,D
173583319,EUR/USD,2005-08-01 17:57:04.000,1.217300,1.217600,D
173583327,EUR/USD,2005-08-01 17:59:08.000,1.217400,1.217700,D
173583337,EUR/USD,2005-08-01 17:59:45.000,1.217300,1.217600,D
173583356,EUR/USD,2005-08-01 18:00:48.000,1.217200,1.217500,D
173583370,EUR/USD,2005-08-01 18:01:00.000,1.217100,1.217400,D
173583373,EUR/USD,2005-08-01 18:01:02.000,1.217200,1.217500,D
173583379,EUR/USD,2005-08-01 18:01:06.000,1.217100,1.217400,D
173583384,EUR/USD,2005-08-01 18:01:07.000,1.217200,1.217500,D
173583396,EUR/USD,2005-08-01 18:01:10.000,1.217300,1.217600,D
173583401,EUR/USD,2005-08-01 18:01:12.000,1.217200,1.217500,D
173583406,EUR/USD,2005-08-01 18:01:17.000,1.217300,1.217600,D
173583411,EUR/USD,2005-08-01 18:01:20.000,1.217200,1.217500,D
173583418,EUR/USD,2005-08-01 18:01:45.000,1.217100,1.217400,D
173583426,EUR/USD,2005-08-01 18:02:01.000,1.217000,1.217300,D
173583433,EUR/USD,2005-08-01 18:02:12.000,1.217100,1.217400,D
173583450,EUR/USD,2005-08-01 18:02:41.000,1.217000,1.217300,D
173583454,EUR/USD,2005-08-01 18:02:50.000,1.217100,1.217400,D
173583474,EUR/USD,2005-08-01 18:03:00.000,1.217200,1.217500,D
173583532,EUR/USD,2005-08-01 18:04:20.000,1.217300,1.217600,D
173583545,EUR/USD,2005-08-01 18:04:37.000,1.217200,1.217500,D
173583554,EUR/USD,2005-08-01 18:05:04.000,1.217300,1.217600,D
173583567,EUR/USD,2005-08-01 18:05:51.000,1.217400,1.217700,D
173583571,EUR/USD,2005-08-01 18:05:58.000,1.217500,1.217800,D
173583577,EUR/USD,2005-08-01 18:06:18.000,1.217400,1.217700,D
173583601,EUR/USD,2005-08-01 18:08:07.000,1.217300,1.217600,D
173583603,EUR/USD,2005-08-01 18:08:16.000,1.217400,1.217700,D
173583640,EUR/USD,2005-08-01 18:09:16.000,1.217500,1.217800,D
173583654,EUR/USD,2005-08-01 18:09:23.000,1.217400,1.217700,D
173583661,EUR/USD,2005-08-01 18:09:27.000,1.217500,1.217800,D
173583713,EUR/USD,2005-08-01 18:10:11.000,1.217400,1.217700,D
173583822,EUR/USD,2005-08-01 18:12:45.000,1.217500,1.217800,D
173583863,EUR/USD,2005-08-01 18:13:47.000,1.217400,1.217700,D
173583865,EUR/USD,2005-08-01 18:13:48.000,1.217300,1.217600,D
173583880,EUR/USD,2005-08-01 18:13:53.000,1.217400,1.217700,D
173583886,EUR/USD,2005-08-01 18:13:54.000,1.217500,1.217800,D
173583896,EUR/USD,2005-08-01 18:14:13.000,1.217400,1.217700,D
173583939,EUR/USD,2005-08-01 18:15:47.000,1.217500,1.217800,D
173583941,EUR/USD,2005-08-01 18:15:49.000,1.217400,1.217700,D
173583942,EUR/USD,2005-08-01 18:15:50.000,1.217300,1.217600,D
173583945,EUR/USD,2005-08-01 18:15:50.000,1.217400,1.217700,D
173583954,EUR/USD,2005-08-01 18:15:50.000,1.217500,1.217800,D
173583958,EUR/USD,2005-08-01 18:15:52.000,1.217300,1.217600,D
173583966,EUR/USD,2005-08-01 18:15:56.000,1.217400,1.217700,D
173583972,EUR/USD,2005-08-01 18:15:57.000,1.217500,1.217800,D
173583984,EUR/USD,2005-08-01 18:16:50.000,1.217400,1.217700,D
173583987,EUR/USD,2005-08-01 18:16:51.000,1.217300,1.217600,D
173584007,EUR/USD,2005-08-01 18:17:21.000,1.217200,1.217500,D
173584014,EUR/USD,2005-08-01 18:17:23.000,1.217300,1.217600,D
173584037,EUR/USD,2005-08-01 18:18:16.000,1.217200,1.217500,D
173584043,EUR/USD,2005-08-01 18:18:27.000,1.217300,1.217600,D
173584064,EUR/USD,2005-08-01 18:18:51.000,1.217400,1.217700,D
173584078,EUR/USD,2005-08-01 18:19:03.000,1.217500,1.217800,D
173584099,EUR/USD,2005-08-01 18:20:39.000,1.217400,1.217700,D
173584101,EUR/USD,2005-08-01 18:20:39.000,1.217300,1.217600,D
173584124,EUR/USD,2005-08-01 18:20:57.000,1.217200,1.217500,D
173584136,EUR/USD,2005-08-01 18:21:08.000,1.217300,1.217600,D
173584147,EUR/USD,2005-08-01 18:21:25.000,1.217200,1.217500,D
173584154,EUR/USD,2005-08-01 18:21:27.000,1.217300,1.217600,D
173584202,EUR/USD,2005-08-01 18:23:38.000,1.217400,1.217700,D
173584212,EUR/USD,2005-08-01 18:23:53.000,1.217500,1.217800,D
173584219,EUR/USD,2005-08-01 18:23:56.000,1.217400,1.217700,D
173584285,EUR/USD,2005-08-01 18:25:12.000,1.217500,1.217800,D
173584302,EUR/USD,2005-08-01 18:25:59.000,1.217600,1.217900,D
173584401,EUR/USD,2005-08-01 18:30:13.000,1.217700,1.218000,D
173584409,EUR/USD,2005-08-01 18:30:45.000,1.217800,1.218100,D
173584427,EUR/USD,2005-08-01 18:31:04.000,1.217700,1.218000,D
173584434,EUR/USD,2005-08-01 18:31:14.000,1.217800,1.218100,D
173584471,EUR/USD,2005-08-01 18:31:29.000,1.217700,1.218000,D
173584486,EUR/USD,2005-08-01 18:31:39.000,1.217800,1.218100,D
173584500,EUR/USD,2005-08-01 18:31:45.000,1.217900,1.218100,D
173584502,EUR/USD,2005-08-01 18:31:46.000,1.217900,1.218200,D
173584506,EUR/USD,2005-08-01 18:31:46.000,1.218100,1.218400,D
173584528,EUR/USD,2005-08-01 18:31:52.000,1.218000,1.218300,D
173584538,EUR/USD,2005-08-01 18:32:02.000,1.217900,1.218200,D
173584551,EUR/USD,2005-08-01 18:32:04.000,1.218000,1.218300,D
173584560,EUR/USD,2005-08-01 18:32:10.000,1.218100,1.218400,D
173584571,EUR/USD,2005-08-01 18:32:12.000,1.218000,1.218300,D
173584579,EUR/USD,2005-08-01 18:32:21.000,1.218100,1.218400,D
173584583,EUR/USD,2005-08-01 18:32:21.000,1.218200,1.218500,D
173584609,EUR/USD,2005-08-01 18:32:28.000,1.218100,1.218400,D
173584614,EUR/USD,2005-08-01 18:32:31.000,1.218200,1.218500,D
173584617,EUR/USD,2005-08-01 18:32:31.000,1.218300,1.218600,D
173584658,EUR/USD,2005-08-01 18:32:46.000,1.218200,1.218500,D
173584681,EUR/USD,2005-08-01 18:33:04.000,1.218100,1.218400,D
173584684,EUR/USD,2005-08-01 18:33:06.000,1.218200,1.218500,D
173584690,EUR/USD,2005-08-01 18:33:10.000,1.218100,1.218400,D
173584704,EUR/USD,2005-08-01 18:33:19.000,1.218200,1.218500,D
173584755,EUR/USD,2005-08-01 18:34:02.000,1.218100,1.218400,D
173584763,EUR/USD,2005-08-01 18:34:03.000,1.218200,1.218500,D
173584791,EUR/USD,2005-08-01 18:34:52.000,1.218100,1.218400,D
173584794,EUR/USD,2005-08-01 18:34:55.000,1.218200,1.218500,D
173584810,EUR/USD,2005-08-01 18:34:58.000,1.218100,1.218400,D
173584830,EUR/USD,2005-08-01 18:35:32.000,1.218000,1.218300,D
173584837,EUR/USD,2005-08-01 18:35:36.000,1.218100,1.218400,D
173584841,EUR/USD,2005-08-01 18:35:39.000,1.218000,1.218300,D
173584846,EUR/USD,2005-08-01 18:35:48.000,1.218100,1.218400,D
173584853,EUR/USD,2005-08-01 18:36:01.000,1.218200,1.218500,D
173584865,EUR/USD,2005-08-01 18:36:14.000,1.218300,1.218600,D
173584903,EUR/USD,2005-08-01 18:36:52.000,1.218400,1.218700,D
173584918,EUR/USD,2005-08-01 18:37:01.000,1.218300,1.218600,D
173584919,EUR/USD,2005-08-01 18:37:02.000,1.218400,1.218700,D
173584956,EUR/USD,2005-08-01 18:37:42.000,1.218500,1.218800,D
173584986,EUR/USD,2005-08-01 18:38:06.000,1.218400,1.218700,D
173585002,EUR/USD,2005-08-01 18:38:32.000,1.218300,1.218600,D
173585093,EUR/USD,2005-08-01 18:39:44.000,1.218200,1.218500,D
173585121,EUR/USD,2005-08-01 18:39:56.000,1.218300,1.218600,D
173585122,EUR/USD,2005-08-01 18:39:56.000,1.218400,1.218700,D
173585204,EUR/USD,2005-08-01 18:40:57.000,1.218300,1.218600,D
173585208,EUR/USD,2005-08-01 18:41:21.000,1.218400,1.218700,D
173585224,EUR/USD,2005-08-01 18:41:29.000,1.218300,1.218600,D
173585227,EUR/USD,2005-08-01 18:41:31.000,1.218400,1.218700,D
173585235,EUR/USD,2005-08-01 18:41:34.000,1.218500,1.218800,D
173585238,EUR/USD,2005-08-01 18:41:35.000,1.218600,1.218900,D
173585244,EUR/USD,2005-08-01 18:41:36.000,1.218500,1.218800,D
173585245,EUR/USD,2005-08-01 18:41:36.000,1.218400,1.218700,D
173585252,EUR/USD,2005-08-01 18:41:38.000,1.218500,1.218800,D
173585255,EUR/USD,2005-08-01 18:41:39.000,1.218600,1.218900,D
173585265,EUR/USD,2005-08-01 18:41:41.000,1.218500,1.218800,D
173585274,EUR/USD,2005-08-01 18:41:43.000,1.218600,1.218900,D
173585285,EUR/USD,2005-08-01 18:41:45.000,1.218500,1.218800,D
173585294,EUR/USD,2005-08-01 18:41:52.000,1.218400,1.218700,D
173585302,EUR/USD,2005-08-01 18:41:55.000,1.218500,1.218800,D
173585310,EUR/USD,2005-08-01 18:42:02.000,1.218600,1.218900,D
173585317,EUR/USD,2005-08-01 18:42:04.000,1.218500,1.218800,D
173585330,EUR/USD,2005-08-01 18:42:23.000,1.218400,1.218700,D
173585334,EUR/USD,2005-08-01 18:42:27.000,1.218500,1.218800,D
173585342,EUR/USD,2005-08-01 18:42:56.000,1.218400,1.218700,D
173585352,EUR/USD,2005-08-01 18:44:10.000,1.218500,1.218800,D
173585354,EUR/USD,2005-08-01 18:44:25.000,1.218400,1.218700,D
173585372,EUR/USD,2005-08-01 18:44:54.000,1.218500,1.218800,D
173585390,EUR/USD,2005-08-01 18:45:18.000,1.218400,1.218700,D
173585393,EUR/USD,2005-08-01 18:45:24.000,1.218500,1.218800,D
173585397,EUR/USD,2005-08-01 18:45:27.000,1.218400,1.218700,D
173585401,EUR/USD,2005-08-01 18:45:28.000,1.218500,1.218800,D
173585471,EUR/USD,2005-08-01 18:46:44.000,1.218400,1.218700,D
173585475,EUR/USD,2005-08-01 18:46:46.000,1.218500,1.218800,D
173585479,EUR/USD,2005-08-01 18:46:53.000,1.218400,1.218700,D
173585482,EUR/USD,2005-08-01 18:46:55.000,1.218500,1.218800,D
173585485,EUR/USD,2005-08-01 18:47:04.000,1.218400,1.218700,D
173585502,EUR/USD,2005-08-01 18:47:19.000,1.218300,1.218600,D
173585506,EUR/USD,2005-08-01 18:47:35.000,1.218200,1.218500,D
173585532,EUR/USD,2005-08-01 18:48:31.000,1.218300,1.218600,D
173585559,EUR/USD,2005-08-01 18:49:57.000,1.218200,1.218500,D
173585586,EUR/USD,2005-08-01 18:52:08.000,1.218100,1.218400,D
173585628,EUR/USD,2005-08-01 18:52:36.000,1.218000,1.218300,D
173585634,EUR/USD,2005-08-01 18:52:46.000,1.218100,1.218400,D
173585669,EUR/USD,2005-08-01 18:53:45.000,1.218000,1.218300,D
173585671,EUR/USD,2005-08-01 18:53:45.000,1.217900,1.218200,D
173585691,EUR/USD,2005-08-01 18:54:05.000,1.218000,1.218300,D
173585695,EUR/USD,2005-08-01 18:54:06.000,1.218100,1.218400,D
173585702,EUR/USD,2005-08-01 18:54:10.000,1.218000,1.218300,D
173585705,EUR/USD,2005-08-01 18:54:10.000,1.217900,1.218200,D
173585712,EUR/USD,2005-08-01 18:54:12.000,1.218000,1.218300,D
173585716,EUR/USD,2005-08-01 18:54:13.000,1.218100,1.218400,D
173585736,EUR/USD,2005-08-01 18:54:35.000,1.218000,1.218300,D
173585762,EUR/USD,2005-08-01 18:55:43.000,1.217900,1.218200,D
173585768,EUR/USD,2005-08-01 18:55:45.000,1.218000,1.218300,D
173585773,EUR/USD,2005-08-01 18:55:49.000,1.217900,1.218200,D
173585782,EUR/USD,2005-08-01 18:56:03.000,1.218000,1.218300,D
173585790,EUR/USD,2005-08-01 18:56:30.000,1.217900,1.218200,D
173585809,EUR/USD,2005-08-01 18:57:33.000,1.218000,1.218300,D
173585814,EUR/USD,2005-08-01 18:57:35.000,1.217900,1.218200,D
173585825,EUR/USD,2005-08-01 18:57:38.000,1.218000,1.218300,D
173585936,EUR/USD,2005-08-01 18:59:45.000,1.218100,1.218400,D
173585949,EUR/USD,2005-08-01 19:00:05.000,1.218000,1.218300,D
173585951,EUR/USD,2005-08-01 19:00:05.000,1.217900,1.218200,D
173585957,EUR/USD,2005-08-01 19:00:09.000,1.218000,1.218300,D
173585959,EUR/USD,2005-08-01 19:00:09.000,1.218100,1.218400,D
173586047,EUR/USD,2005-08-01 19:01:58.000,1.218000,1.218300,D
173586052,EUR/USD,2005-08-01 19:02:00.000,1.218100,1.218400,D
173586066,EUR/USD,2005-08-01 19:02:04.000,1.218200,1.218500,D
173586071,EUR/USD,2005-08-01 19:02:04.000,1.218300,1.218600,D
173586079,EUR/USD,2005-08-01 19:02:08.000,1.218200,1.218500,D
173586090,EUR/USD,2005-08-01 19:02:12.000,1.218100,1.218400,D
173586104,EUR/USD,2005-08-01 19:02:22.000,1.218200,1.218500,D
173586126,EUR/USD,2005-08-01 19:02:44.000,1.218100,1.218400,D
173586131,EUR/USD,2005-08-01 19:02:48.000,1.218200,1.218500,D
173586166,EUR/USD,2005-08-01 19:03:44.000,1.218300,1.218600,D
173586168,EUR/USD,2005-08-01 19:03:45.000,1.218200,1.218500,D
173586175,EUR/USD,2005-08-01 19:03:47.000,1.218300,1.218600,D
173586247,EUR/USD,2005-08-01 19:05:31.000,1.218400,1.218700,D
173586294,EUR/USD,2005-08-01 19:06:48.000,1.218500,1.218800,D
173586336,EUR/USD,2005-08-01 19:07:20.000,1.218600,1.218900,D
173586362,EUR/USD,2005-08-01 19:07:32.000,1.218500,1.218800,D
173586407,EUR/USD,2005-08-01 19:08:21.000,1.218400,1.218700,D
173586414,EUR/USD,2005-08-01 19:08:24.000,1.218500,1.218800,D
173586453,EUR/USD,2005-08-01 19:08:53.000,1.218400,1.218700,D
173586509,EUR/USD,2005-08-01 19:10:04.000,1.218500,1.218800,D
173586538,EUR/USD,2005-08-01 19:11:40.000,1.218600,1.218900,D
173586551,EUR/USD,2005-08-01 19:11:54.000,1.218700,1.219000,D
173586561,EUR/USD,2005-08-01 19:12:03.000,1.218600,1.218900,D
173586569,EUR/USD,2005-08-01 19:12:06.000,1.218700,1.219000,D
173586646,EUR/USD,2005-08-01 19:13:10.000,1.218800,1.219100,D
173586647,EUR/USD,2005-08-01 19:13:10.000,1.218900,1.219200,D
173586657,EUR/USD,2005-08-01 19:13:14.000,1.218800,1.219100,D
173586661,EUR/USD,2005-08-01 19:13:15.000,1.218900,1.219200,D
173586680,EUR/USD,2005-08-01 19:13:25.000,1.219000,1.219300,D
173586685,EUR/USD,2005-08-01 19:13:26.000,1.219100,1.219400,D
173586690,EUR/USD,2005-08-01 19:13:26.000,1.219200,1.219500,D
173586725,EUR/USD,2005-08-01 19:13:31.000,1.219100,1.219400,D
173586733,EUR/USD,2005-08-01 19:13:32.000,1.219000,1.219300,D
173586751,EUR/USD,2005-08-01 19:13:36.000,1.218900,1.219200,D
173586776,EUR/USD,2005-08-01 19:13:40.000,1.218800,1.219100,D
173586794,EUR/USD,2005-08-01 19:13:44.000,1.218900,1.219200,D
173586805,EUR/USD,2005-08-01 19:13:45.000,1.219000,1.219300,D
173586823,EUR/USD,2005-08-01 19:13:48.000,1.218900,1.219200,D
173586829,EUR/USD,2005-08-01 19:13:53.000,1.219000,1.219300,D
173586837,EUR/USD,2005-08-01 19:13:55.000,1.218900,1.219200,D
173586852,EUR/USD,2005-08-01 19:14:11.000,1.218800,1.219100,D
173586855,EUR/USD,2005-08-01 19:14:11.000,1.218700,1.219000,D
173586867,EUR/USD,2005-08-01 19:14:13.000,1.218800,1.219100,D
173586879,EUR/USD,2005-08-01 19:14:19.000,1.218900,1.219200,D
173586889,EUR/USD,2005-08-01 19:14:23.000,1.218800,1.219100,D
173586898,EUR/USD,2005-08-01 19:14:30.000,1.218700,1.219000,D
173586952,EUR/USD,2005-08-01 19:15:37.000,1.218800,1.219100,D
173586967,EUR/USD,2005-08-01 19:15:57.000,1.218900,1.219200,D
173587038,EUR/USD,2005-08-01 19:17:35.000,1.218800,1.219100,D
173587082,EUR/USD,2005-08-01 19:18:01.000,1.218900,1.219200,D
173587105,EUR/USD,2005-08-01 19:18:32.000,1.218800,1.219100,D
173587108,EUR/USD,2005-08-01 19:18:38.000,1.218900,1.219200,D
173587257,EUR/USD,2005-08-01 19:20:33.000,1.218800,1.219100,D
173587291,EUR/USD,2005-08-01 19:21:51.000,1.218900,1.219200,D
173587301,EUR/USD,2005-08-01 19:22:00.000,1.218800,1.219100,D
173587306,EUR/USD,2005-08-01 19:22:04.000,1.218900,1.219200,D
173587319,EUR/USD,2005-08-01 19:22:09.000,1.218800,1.219100,D
173587325,EUR/USD,2005-08-01 19:22:16.000,1.218900,1.219200,D
173587347,EUR/USD,2005-08-01 19:22:51.000,1.218800,1.219100,D
173587351,EUR/USD,2005-08-01 19:22:53.000,1.218700,1.219000,D
173587370,EUR/USD,2005-08-01 19:23:36.000,1.218600,1.218900,D
173587372,EUR/USD,2005-08-01 19:23:36.000,1.218500,1.218800,D
173587381,EUR/USD,2005-08-01 19:23:38.000,1.218600,1.218900,D
173587385,EUR/USD,2005-08-01 19:23:39.000,1.218700,1.219000,D
173587386,EUR/USD,2005-08-01 19:23:41.000,1.218600,1.218900,D
173587404,EUR/USD,2005-08-01 19:23:51.000,1.218500,1.218800,D
173587408,EUR/USD,2005-08-01 19:23:51.000,1.218600,1.218900,D
173587417,EUR/USD,2005-08-01 19:23:54.000,1.218500,1.218800,D
173587434,EUR/USD,2005-08-01 19:24:05.000,1.218600,1.218900,D
173587460,EUR/USD,2005-08-01 19:24:27.000,1.218500,1.218800,D
173587464,EUR/USD,2005-08-01 19:24:31.000,1.218600,1.218900,D
173587471,EUR/USD,2005-08-01 19:24:35.000,1.218500,1.218800,D
173587476,EUR/USD,2005-08-01 19:24:39.000,1.218400,1.218700,D
173587486,EUR/USD,2005-08-01 19:24:43.000,1.218500,1.218800,D
173587500,EUR/USD,2005-08-01 19:24:45.000,1.218400,1.218700,D
173587549,EUR/USD,2005-08-01 19:25:03.000,1.218300,1.218600,D
173587550,EUR/USD,2005-08-01 19:25:06.000,1.218400,1.218700,D
173587649,EUR/USD,2005-08-01 19:26:50.000,1.218500,1.218800,D
173587677,EUR/USD,2005-08-01 19:27:38.000,1.218400,1.218700,D
173587716,EUR/USD,2005-08-01 19:27:57.000,1.218300,1.218600,D
173587737,EUR/USD,2005-08-01 19:28:12.000,1.218400,1.218700,D
173587784,EUR/USD,2005-08-01 19:28:25.000,1.218300,1.218600,D
173587787,EUR/USD,2005-08-01 19:28:25.000,1.218200,1.218500,D
173587818,EUR/USD,2005-08-01 19:28:43.000,1.218100,1.218400,D
173587860,EUR/USD,2005-08-01 19:29:02.000,1.218000,1.218300,D
173587861,EUR/USD,2005-08-01 19:29:02.000,1.217900,1.218200,D
173587871,EUR/USD,2005-08-01 19:29:04.000,1.218000,1.218300,D
173587881,EUR/USD,2005-08-01 19:29:04.000,1.218100,1.218400,D
173587902,EUR/USD,2005-08-01 19:29:07.000,1.218000,1.218300,D
173587943,EUR/USD,2005-08-01 19:29:34.000,1.217900,1.218200,D
173587953,EUR/USD,2005-08-01 19:29:42.000,1.217800,1.218100,D
173587976,EUR/USD,2005-08-01 19:29:45.000,1.217900,1.218200,D
173588007,EUR/USD,2005-08-01 19:29:50.000,1.217800,1.218100,D
173588052,EUR/USD,2005-08-01 19:29:58.000,1.217700,1.218000,D
173588056,EUR/USD,2005-08-01 19:29:58.000,1.217600,1.217900,D
173588076,EUR/USD,2005-08-01 19:30:03.000,1.217500,1.217800,D
173588082,EUR/USD,2005-08-01 19:30:05.000,1.217600,1.217900,D
173588098,EUR/USD,2005-08-01 19:30:08.000,1.217700,1.218000,D
173588099,EUR/USD,2005-08-01 19:30:09.000,1.217800,1.218100,D
173588107,EUR/USD,2005-08-01 19:30:12.000,1.217700,1.218000,D
173588123,EUR/USD,2005-08-01 19:30:15.000,1.217800,1.218100,D
173588133,EUR/USD,2005-08-01 19:30:16.000,1.217900,1.218200,D
173588141,EUR/USD,2005-08-01 19:30:23.000,1.217800,1.218100,D
173588156,EUR/USD,2005-08-01 19:30:35.000,1.217900,1.218200,D
173588162,EUR/USD,2005-08-01 19:30:35.000,1.218000,1.218300,D
173588170,EUR/USD,2005-08-01 19:30:43.000,1.217900,1.218200,D
173588179,EUR/USD,2005-08-01 19:30:49.000,1.217800,1.218100,D
173588195,EUR/USD,2005-08-01 19:30:52.000,1.217900,1.218200,D
173588199,EUR/USD,2005-08-01 19:30:54.000,1.218000,1.218300,D
173588205,EUR/USD,2005-08-01 19:30:56.000,1.217900,1.218200,D
173588220,EUR/USD,2005-08-01 19:31:01.000,1.217800,1.218100,D
173588226,EUR/USD,2005-08-01 19:31:03.000,1.217900,1.218200,D
173588231,EUR/USD,2005-08-01 19:31:05.000,1.217800,1.218100,D
173588243,EUR/USD,2005-08-01 19:31:08.000,1.217900,1.218200,D
173588247,EUR/USD,2005-08-01 19:31:10.000,1.218000,1.218300,D
173588249,EUR/USD,2005-08-01 19:31:11.000,1.218100,1.218400,D
173588259,EUR/USD,2005-08-01 19:31:13.000,1.218000,1.218300,D
173588348,EUR/USD,2005-08-01 19:33:04.000,1.218100,1.218400,D
173588426,EUR/USD,2005-08-01 19:35:00.000,1.218200,1.218500,D
173588440,EUR/USD,2005-08-01 19:35:49.000,1.218100,1.218400,D
173588474,EUR/USD,2005-08-01 19:36:19.000,1.218000,1.218300,D
173588489,EUR/USD,2005-08-01 19:36:39.000,1.218100,1.218400,D
173588518,EUR/USD,2005-08-01 19:37:12.000,1.218000,1.218300,D
173588527,EUR/USD,2005-08-01 19:37:21.000,1.217900,1.218200,D
173588533,EUR/USD,2005-08-01 19:37:27.000,1.218000,1.218300,D
173588535,EUR/USD,2005-08-01 19:37:28.000,1.218100,1.218400,D
173588549,EUR/USD,2005-08-01 19:38:30.000,1.218000,1.218300,D
173588559,EUR/USD,2005-08-01 19:39:46.000,1.218100,1.218400,D
173588561,EUR/USD,2005-08-01 19:39:50.000,1.218000,1.218300,D
173588567,EUR/USD,2005-08-01 19:39:54.000,1.218100,1.218400,D
173588606,EUR/USD,2005-08-01 19:41:29.000,1.218200,1.218500,D
173588618,EUR/USD,2005-08-01 19:41:32.000,1.218300,1.218600,D
173588621,EUR/USD,2005-08-01 19:41:35.000,1.218200,1.218500,D
173588627,EUR/USD,2005-08-01 19:41:41.000,1.218300,1.218600,D
173588685,EUR/USD,2005-08-01 19:42:16.000,1.218200,1.218500,D
173588692,EUR/USD,2005-08-01 19:42:47.000,1.218100,1.218400,D
173588700,EUR/USD,2005-08-01 19:42:53.000,1.218300,1.218600,D
173588739,EUR/USD,2005-08-01 19:43:35.000,1.218200,1.218500,D
173588748,EUR/USD,2005-08-01 19:43:49.000,1.218300,1.218600,D
173588780,EUR/USD,2005-08-01 19:44:16.000,1.218400,1.218700,D
173588784,EUR/USD,2005-08-01 19:44:16.000,1.218500,1.218800,D
173588788,EUR/USD,2005-08-01 19:44:20.000,1.218400,1.218700,D
173588820,EUR/USD,2005-08-01 19:45:01.000,1.218300,1.218600,D
173588825,EUR/USD,2005-08-01 19:45:23.000,1.218400,1.218700,D
173588906,EUR/USD,2005-08-01 19:46:24.000,1.218300,1.218600,D
173588910,EUR/USD,2005-08-01 19:46:25.000,1.218400,1.218700,D
173588920,EUR/USD,2005-08-01 19:46:29.000,1.218300,1.218600,D
173588958,EUR/USD,2005-08-01 19:47:16.000,1.218200,1.218500,D
173588963,EUR/USD,2005-08-01 19:47:18.000,1.218300,1.218600,D
173588972,EUR/USD,2005-08-01 19:47:24.000,1.218400,1.218700,D
173588982,EUR/USD,2005-08-01 19:47:26.000,1.218300,1.218600,D
173588990,EUR/USD,2005-08-01 19:47:31.000,1.218400,1.218700,D
173588998,EUR/USD,2005-08-01 19:47:32.000,1.218300,1.218600,D
173589037,EUR/USD,2005-08-01 19:48:35.000,1.218200,1.218500,D
173589075,EUR/USD,2005-08-01 19:49:01.000,1.218300,1.218600,D
173589095,EUR/USD,2005-08-01 19:49:14.000,1.218400,1.218700,D
173589100,EUR/USD,2005-08-01 19:49:17.000,1.218300,1.218600,D
173589112,EUR/USD,2005-08-01 19:49:33.000,1.218400,1.218700,D
173589114,EUR/USD,2005-08-01 19:49:36.000,1.218500,1.218800,D
173589116,EUR/USD,2005-08-01 19:49:36.000,1.218400,1.218700,D
173589119,EUR/USD,2005-08-01 19:49:39.000,1.218500,1.218800,D
173589133,EUR/USD,2005-08-01 19:49:47.000,1.218600,1.218900,D
173589150,EUR/USD,2005-08-01 19:49:51.000,1.218500,1.218800,D
173589160,EUR/USD,2005-08-01 19:49:54.000,1.218400,1.218700,D
173589172,EUR/USD,2005-08-01 19:49:56.000,1.218500,1.218800,D
173589192,EUR/USD,2005-08-01 19:50:09.000,1.218600,1.218900,D
173589203,EUR/USD,2005-08-01 19:50:12.000,1.218700,1.219000,D
173589216,EUR/USD,2005-08-01 19:50:17.000,1.218800,1.219100,D
173589224,EUR/USD,2005-08-01 19:50:18.000,1.218700,1.219000,D
173589233,EUR/USD,2005-08-01 19:50:18.000,1.218600,1.218900,D
173589250,EUR/USD,2005-08-01 19:50:35.000,1.218700,1.219000,D
173589255,EUR/USD,2005-08-01 19:50:37.000,1.218600,1.218900,D
173589290,EUR/USD,2005-08-01 19:51:03.000,1.218700,1.219000,D
173589303,EUR/USD,2005-08-01 19:51:11.000,1.218600,1.218900,D
173589309,EUR/USD,2005-08-01 19:51:13.000,1.218500,1.218800,D
173589340,EUR/USD,2005-08-01 19:52:07.000,1.218600,1.218900,D
173589347,EUR/USD,2005-08-01 19:52:07.000,1.218700,1.219000,D
173589377,EUR/USD,2005-08-01 19:52:41.000,1.218800,1.219100,D
173589384,EUR/USD,2005-08-01 19:52:45.000,1.218900,1.219200,D
173589388,EUR/USD,2005-08-01 19:52:46.000,1.218800,1.219100,D
173589408,EUR/USD,2005-08-01 19:53:13.000,1.218900,1.219200,D
173589413,EUR/USD,2005-08-01 19:53:15.000,1.218800,1.219100,D
173589417,EUR/USD,2005-08-01 19:53:22.000,1.218900,1.219200,D
173589420,EUR/USD,2005-08-01 19:53:24.000,1.218800,1.219100,D
173589498,EUR/USD,2005-08-01 19:55:10.000,1.218900,1.219200,D
173589533,EUR/USD,2005-08-01 19:55:17.000,1.219000,1.219300,D
173589553,EUR/USD,2005-08-01 19:55:24.000,1.218900,1.219200,D
173589564,EUR/USD,2005-08-01 19:55:26.000,1.219000,1.219300,D
173589580,EUR/USD,2005-08-01 19:55:30.000,1.219100,1.219400,D
173589581,EUR/USD,2005-08-01 19:55:30.000,1.219200,1.219500,D
173589608,EUR/USD,2005-08-01 19:55:38.000,1.219100,1.219400,D
173589624,EUR/USD,2005-08-01 19:55:42.000,1.219200,1.219500,D
173589639,EUR/USD,2005-08-01 19:55:47.000,1.219100,1.219400,D
173589662,EUR/USD,2005-08-01 19:55:52.000,1.219200,1.219500,D
173589692,EUR/USD,2005-08-01 19:56:02.000,1.219300,1.219600,D
173589716,EUR/USD,2005-08-01 19:56:13.000,1.219200,1.219500,D
173589770,EUR/USD,2005-08-01 19:56:27.000,1.219300,1.219600,D
173589774,EUR/USD,2005-08-01 19:56:28.000,1.219200,1.219500,D
173589780,EUR/USD,2005-08-01 19:56:29.000,1.219300,1.219600,D
173589810,EUR/USD,2005-08-01 19:56:45.000,1.219400,1.219700,D
173589827,EUR/USD,2005-08-01 19:56:47.000,1.219300,1.219600,D
173589831,EUR/USD,2005-08-01 19:56:48.000,1.219400,1.219700,D
173589843,EUR/USD,2005-08-01 19:56:51.000,1.219300,1.219600,D
173589888,EUR/USD,2005-08-01 19:57:17.000,1.219400,1.219700,D
173589906,EUR/USD,2005-08-01 19:57:29.000,1.219500,1.219800,D
173589981,EUR/USD,2005-08-01 19:58:07.000,1.219300,1.219600,D
173589991,EUR/USD,2005-08-01 19:58:12.000,1.219200,1.219500,D
173589996,EUR/USD,2005-08-01 19:58:29.000,1.219100,1.219400,D
173590006,EUR/USD,2005-08-01 19:58:33.000,1.219200,1.219500,D
173590025,EUR/USD,2005-08-01 19:58:38.000,1.219100,1.219400,D
173590129,EUR/USD,2005-08-01 20:00:20.000,1.219200,1.219500,D
173590163,EUR/USD,2005-08-01 20:01:03.000,1.219300,1.219600,D
173590177,EUR/USD,2005-08-01 20:01:07.000,1.219200,1.219500,D
173590207,EUR/USD,2005-08-01 20:01:27.000,1.219300,1.219600,D
173590212,EUR/USD,2005-08-01 20:01:28.000,1.219200,1.219500,D
173590215,EUR/USD,2005-08-01 20:01:29.000,1.219100,1.219400,D
173590223,EUR/USD,2005-08-01 20:01:35.000,1.219200,1.219500,D
173590241,EUR/USD,2005-08-01 20:01:49.000,1.219300,1.219600,D
173590244,EUR/USD,2005-08-01 20:01:58.000,1.219200,1.219500,D
173590259,EUR/USD,2005-08-01 20:02:07.000,1.219100,1.219400,D
173590261,EUR/USD,2005-08-01 20:02:13.000,1.219200,1.219500,D
173590265,EUR/USD,2005-08-01 20:02:18.000,1.219100,1.219400,D
173590273,EUR/USD,2005-08-01 20:02:28.000,1.219200,1.219500,D
173590292,EUR/USD,2005-08-01 20:02:36.000,1.219300,1.219600,D
173590302,EUR/USD,2005-08-01 20:02:41.000,1.219200,1.219500,D
173590311,EUR/USD,2005-08-01 20:02:47.000,1.219300,1.219600,D
173590317,EUR/USD,2005-08-01 20:02:52.000,1.219200,1.219500,D
173590359,EUR/USD,2005-08-01 20:03:16.000,1.219100,1.219400,D
173590369,EUR/USD,2005-08-01 20:03:23.000,1.219200,1.219500,D
173590380,EUR/USD,2005-08-01 20:03:26.000,1.219100,1.219400,D
173590387,EUR/USD,2005-08-01 20:03:30.000,1.219200,1.219500,D
173590389,EUR/USD,2005-08-01 20:03:32.000,1.219100,1.219400,D
173590402,EUR/USD,2005-08-01 20:03:51.000,1.219200,1.219500,D
173590486,EUR/USD,2005-08-01 20:05:18.000,1.219100,1.219400,D
173590515,EUR/USD,2005-08-01 20:05:51.000,1.219000,1.219300,D
173590525,EUR/USD,2005-08-01 20:05:58.000,1.218900,1.219200,D
173590535,EUR/USD,2005-08-01 20:06:04.000,1.219000,1.219300,D
173590545,EUR/USD,2005-08-01 20:06:07.000,1.218900,1.219200,D
173590552,EUR/USD,2005-08-01 20:06:16.000,1.219000,1.219300,D
173590557,EUR/USD,2005-08-01 20:06:18.000,1.218900,1.219200,D
173590573,EUR/USD,2005-08-01 20:06:22.000,1.219000,1.219300,D
173590587,EUR/USD,2005-08-01 20:06:29.000,1.218900,1.219200,D
173590593,EUR/USD,2005-08-01 20:06:32.000,1.219000,1.219300,D
173590621,EUR/USD,2005-08-01 20:06:51.000,1.218900,1.219200,D
173590633,EUR/USD,2005-08-01 20:06:56.000,1.219000,1.219300,D
173590654,EUR/USD,2005-08-01 20:07:11.000,1.218900,1.219200,D
173590656,EUR/USD,2005-08-01 20:07:16.000,1.219000,1.219300,D
173590668,EUR/USD,2005-08-01 20:07:20.000,1.218900,1.219200,D
173590674,EUR/USD,2005-08-01 20:07:24.000,1.219000,1.219300,D
173590681,EUR/USD,2005-08-01 20:07:27.000,1.218900,1.219200,D
173590694,EUR/USD,2005-08-01 20:07:33.000,1.219000,1.219300,D
173590708,EUR/USD,2005-08-01 20:08:01.000,1.218900,1.219200,D
173590732,EUR/USD,2005-08-01 20:08:23.000,1.218800,1.219100,D
173590738,EUR/USD,2005-08-01 20:08:26.000,1.218900,1.219200,D
173590773,EUR/USD,2005-08-01 20:08:43.000,1.218800,1.219100,D
173590785,EUR/USD,2005-08-01 20:08:50.000,1.218900,1.219200,D
173590821,EUR/USD,2005-08-01 20:09:24.000,1.218800,1.219100,D
173590843,EUR/USD,2005-08-01 20:09:50.000,1.218900,1.219200,D
173590891,EUR/USD,2005-08-01 20:10:59.000,1.218800,1.219100,D
173590913,EUR/USD,2005-08-01 20:11:35.000,1.218700,1.219000,D
173590965,EUR/USD,2005-08-01 20:12:01.000,1.218800,1.219100,D
173590967,EUR/USD,2005-08-01 20:12:01.000,1.218700,1.219000,D
173591007,EUR/USD,2005-08-01 20:12:28.000,1.218600,1.218900,D
173591031,EUR/USD,2005-08-01 20:12:34.000,1.218700,1.219000,D
173591037,EUR/USD,2005-08-01 20:12:36.000,1.218600,1.218900,D
173591041,EUR/USD,2005-08-01 20:12:38.000,1.218700,1.219000,D
173591047,EUR/USD,2005-08-01 20:12:39.000,1.218600,1.218900,D
173591054,EUR/USD,2005-08-01 20:12:52.000,1.218700,1.219000,D
173591065,EUR/USD,2005-08-01 20:12:58.000,1.218600,1.218900,D
173591070,EUR/USD,2005-08-01 20:13:01.000,1.218700,1.219000,D
173591102,EUR/USD,2005-08-01 20:13:32.000,1.218600,1.218900,D
173591111,EUR/USD,2005-08-01 20:13:41.000,1.218500,1.218800,D
173591150,EUR/USD,2005-08-01 20:14:29.000,1.218600,1.218900,D
173591210,EUR/USD,2005-08-01 20:15:31.000,1.218700,1.219000,D
173591234,EUR/USD,2005-08-01 20:16:02.000,1.218600,1.218900,D
173591254,EUR/USD,2005-08-01 20:16:28.000,1.218700,1.219000,D
173591274,EUR/USD,2005-08-01 20:16:43.000,1.218600,1.218900,D
173591285,EUR/USD,2005-08-01 20:16:47.000,1.218700,1.219000,D
173591299,EUR/USD,2005-08-01 20:16:58.000,1.218600,1.218900,D
173591304,EUR/USD,2005-08-01 20:17:03.000,1.218700,1.219000,D
173591312,EUR/USD,2005-08-01 20:17:07.000,1.218600,1.218900,D
173591330,EUR/USD,2005-08-01 20:17:13.000,1.218700,1.219000,D
173591385,EUR/USD,2005-08-01 20:18:16.000,1.218800,1.219100,D
173591388,EUR/USD,2005-08-01 20:18:18.000,1.218700,1.219000,D
173591396,EUR/USD,2005-08-01 20:18:22.000,1.218800,1.219100,D
173591399,EUR/USD,2005-08-01 20:18:23.000,1.218700,1.219000,D
173591416,EUR/USD,2005-08-01 20:19:08.000,1.218800,1.219100,D
173591489,EUR/USD,2005-08-01 20:20:16.000,1.218900,1.219200,D
173591505,EUR/USD,2005-08-01 20:20:20.000,1.218800,1.219100,D
173591509,EUR/USD,2005-08-01 20:20:21.000,1.218900,1.219200,D
173591528,EUR/USD,2005-08-01 20:20:27.000,1.218800,1.219100,D
173591540,EUR/USD,2005-08-01 20:20:29.000,1.218900,1.219200,D
173591545,EUR/USD,2005-08-01 20:20:31.000,1.218800,1.219100,D
173591554,EUR/USD,2005-08-01 20:20:53.000,1.218900,1.219200,D
173591559,EUR/USD,2005-08-01 20:20:54.000,1.218800,1.219100,D
173591572,EUR/USD,2005-08-01 20:20:55.000,1.218900,1.219200,D
173591579,EUR/USD,2005-08-01 20:20:57.000,1.218800,1.219100,D
173591735,EUR/USD,2005-08-01 20:24:26.000,1.218900,1.219200,D
173591829,EUR/USD,2005-08-01 20:26:37.000,1.219000,1.219300,D
173591911,EUR/USD,2005-08-01 20:27:59.000,1.219100,1.219400,D
173591919,EUR/USD,2005-08-01 20:28:02.000,1.219000,1.219300,D
173591927,EUR/USD,2005-08-01 20:28:08.000,1.219100,1.219400,D
173592003,EUR/USD,2005-08-01 20:28:48.000,1.219200,1.219500,D
173592021,EUR/USD,2005-08-01 20:28:56.000,1.219100,1.219400,D
173592031,EUR/USD,2005-08-01 20:29:08.000,1.219200,1.219500,D
173592035,EUR/USD,2005-08-01 20:29:13.000,1.219000,1.219300,D
173592044,EUR/USD,2005-08-01 20:29:16.000,1.219100,1.219400,D
173592052,EUR/USD,2005-08-01 20:29:22.000,1.219200,1.219500,D
173592058,EUR/USD,2005-08-01 20:29:58.000,1.219100,1.219400,D
173592062,EUR/USD,2005-08-01 20:30:01.000,1.219200,1.219500,D
173592066,EUR/USD,2005-08-01 20:30:08.000,1.219100,1.219400,D
173592067,EUR/USD,2005-08-01 20:30:11.000,1.219200,1.219500,D
173592074,EUR/USD,2005-08-01 20:30:49.000,1.219100,1.219400,D
173592086,EUR/USD,2005-08-01 20:30:51.000,1.219200,1.219500,D
173592174,EUR/USD,2005-08-01 20:31:58.000,1.219300,1.219600,D
173592181,EUR/USD,2005-08-01 20:32:08.000,1.219200,1.219500,D
173592191,EUR/USD,2005-08-01 20:32:13.000,1.219300,1.219600,D
173592192,EUR/USD,2005-08-01 20:32:15.000,1.219200,1.219500,D
173592195,EUR/USD,2005-08-01 20:32:17.000,1.219300,1.219600,D
173592202,EUR/USD,2005-08-01 20:32:20.000,1.219200,1.219500,D
173592207,EUR/USD,2005-08-01 20:32:21.000,1.219400,1.219700,D
173592220,EUR/USD,2005-08-01 20:32:23.000,1.219500,1.219800,D
173592226,EUR/USD,2005-08-01 20:32:25.000,1.219600,1.219900,D
173592227,EUR/USD,2005-08-01 20:32:25.000,1.219700,1.220000,D
173592231,EUR/USD,2005-08-01 20:32:26.000,1.219800,1.220100,D
173592243,EUR/USD,2005-08-01 20:32:28.000,1.219700,1.220000,D
173592257,EUR/USD,2005-08-01 20:32:29.000,1.219800,1.220100,D
173592269,EUR/USD,2005-08-01 20:32:30.000,1.219700,1.220000,D
173592283,EUR/USD,2005-08-01 20:32:33.000,1.219800,1.220100,D
173592290,EUR/USD,2005-08-01 20:32:35.000,1.219700,1.220000,D
173592306,EUR/USD,2005-08-01 20:32:37.000,1.219800,1.220100,D
173592311,EUR/USD,2005-08-01 20:32:39.000,1.219700,1.220000,D
173592325,EUR/USD,2005-08-01 20:32:47.000,1.219600,1.219900,D
173592328,EUR/USD,2005-08-01 20:32:48.000,1.219700,1.220000,D
173592336,EUR/USD,2005-08-01 20:32:52.000,1.219800,1.220100,D
173592338,EUR/USD,2005-08-01 20:32:53.000,1.219900,1.220200,D
173592351,EUR/USD,2005-08-01 20:32:56.000,1.220000,1.220300,D
173592370,EUR/USD,2005-08-01 20:33:00.000,1.220100,1.220400,D
173592376,EUR/USD,2005-08-01 20:33:01.000,1.220200,1.220500,D
173592378,EUR/USD,2005-08-01 20:33:02.000,1.220100,1.220400,D
173592386,EUR/USD,2005-08-01 20:33:03.000,1.220000,1.220300,D
173592403,EUR/USD,2005-08-01 20:33:07.000,1.219900,1.220200,D
173592430,EUR/USD,2005-08-01 20:33:12.000,1.219800,1.220100,D
173592452,EUR/USD,2005-08-01 20:33:41.000,1.219700,1.220000,D
173592461,EUR/USD,2005-08-01 20:33:43.000,1.219600,1.219900,D
173592469,EUR/USD,2005-08-01 20:33:44.000,1.219700,1.220000,D
173592477,EUR/USD,2005-08-01 20:33:45.000,1.219600,1.219900,D
173592482,EUR/USD,2005-08-01 20:33:46.000,1.219700,1.220000,D
173592517,EUR/USD,2005-08-01 20:34:05.000,1.219800,1.220100,D
173592548,EUR/USD,2005-08-01 20:34:22.000,1.219700,1.220000,D
173592559,EUR/USD,2005-08-01 20:34:30.000,1.219800,1.220100,D
173592580,EUR/USD,2005-08-01 20:34:36.000,1.219700,1.220000,D
173592584,EUR/USD,2005-08-01 20:34:37.000,1.219800,1.220100,D
173592588,EUR/USD,2005-08-01 20:34:37.000,1.219900,1.220200,D
173592589,EUR/USD,2005-08-01 20:34:37.000,1.220100,1.220400,D
173592599,EUR/USD,2005-08-01 20:34:38.000,1.220000,1.220300,D
173592613,EUR/USD,2005-08-01 20:34:39.000,1.220100,1.220400,D
173592624,EUR/USD,2005-08-01 20:34:42.000,1.220200,1.220500,D
173592628,EUR/USD,2005-08-01 20:34:43.000,1.220100,1.220400,D
173592640,EUR/USD,2005-08-01 20:34:45.000,1.220000,1.220300,D
173592643,EUR/USD,2005-08-01 20:34:48.000,1.220100,1.220400,D
173592647,EUR/USD,2005-08-01 20:34:49.000,1.220000,1.220300,D
173592648,EUR/USD,2005-08-01 20:34:50.000,1.219900,1.220200,D
173592649,EUR/USD,2005-08-01 20:34:50.000,1.219800,1.220100,D
173592652,EUR/USD,2005-08-01 20:34:51.000,1.219700,1.220000,D
173592659,EUR/USD,2005-08-01 20:34:53.000,1.219800,1.220100,D
173592662,EUR/USD,2005-08-01 20:34:53.000,1.219900,1.220200,D
173592682,EUR/USD,2005-08-01 20:35:01.000,1.220000,1.220300,D
173592704,EUR/USD,2005-08-01 20:35:13.000,1.219900,1.220200,D
173592708,EUR/USD,2005-08-01 20:35:16.000,1.220000,1.220300,D
173592734,EUR/USD,2005-08-01 20:35:29.000,1.219900,1.220200,D
173592742,EUR/USD,2005-08-01 20:35:32.000,1.219800,1.220100,D
173592749,EUR/USD,2005-08-01 20:35:34.000,1.219700,1.220000,D
173592753,EUR/USD,2005-08-01 20:35:35.000,1.219800,1.220100,D
173592772,EUR/USD,2005-08-01 20:35:38.000,1.219700,1.220000,D
173592786,EUR/USD,2005-08-01 20:35:41.000,1.219800,1.220100,D
173592811,EUR/USD,2005-08-01 20:35:46.000,1.219700,1.220000,D
173592829,EUR/USD,2005-08-01 20:35:50.000,1.219800,1.220100,D
173592833,EUR/USD,2005-08-01 20:35:51.000,1.219700,1.220000,D
173592840,EUR/USD,2005-08-01 20:35:53.000,1.219800,1.220100,D
173592860,EUR/USD,2005-08-01 20:35:56.000,1.219700,1.220000,D
173592885,EUR/USD,2005-08-01 20:36:03.000,1.219800,1.220100,D
173592898,EUR/USD,2005-08-01 20:36:09.000,1.219900,1.220200,D
173592910,EUR/USD,2005-08-01 20:36:12.000,1.219800,1.220100,D
173592928,EUR/USD,2005-08-01 20:36:18.000,1.219700,1.220000,D
173592942,EUR/USD,2005-08-01 20:36:25.000,1.219800,1.220100,D
173592998,EUR/USD,2005-08-01 20:37:18.000,1.219700,1.220000,D
173593007,EUR/USD,2005-08-01 20:37:22.000,1.219600,1.219900,D
173593020,EUR/USD,2005-08-01 20:37:25.000,1.219700,1.220000,D
173593031,EUR/USD,2005-08-01 20:37:27.000,1.219600,1.219900,D
173593054,EUR/USD,2005-08-01 20:37:31.000,1.219700,1.220000,D
173593073,EUR/USD,2005-08-01 20:37:39.000,1.219600,1.219900,D
173593077,EUR/USD,2005-08-01 20:37:41.000,1.219700,1.220000,D
173593101,EUR/USD,2005-08-01 20:37:51.000,1.219600,1.219900,D
173593108,EUR/USD,2005-08-01 20:37:53.000,1.219700,1.220000,D
173593147,EUR/USD,2005-08-01 20:38:13.000,1.219600,1.219900,D
173593161,EUR/USD,2005-08-01 20:38:15.000,1.219700,1.220000,D
173593171,EUR/USD,2005-08-01 20:38:16.000,1.219600,1.219900,D
173593186,EUR/USD,2005-08-01 20:38:22.000,1.219700,1.220000,D
173593207,EUR/USD,2005-08-01 20:38:42.000,1.219600,1.219900,D
173593216,EUR/USD,2005-08-01 20:38:47.000,1.219700,1.220000,D
173593223,EUR/USD,2005-08-01 20:38:48.000,1.219600,1.219900,D
173593229,EUR/USD,2005-08-01 20:38:51.000,1.219700,1.220000,D
173593231,EUR/USD,2005-08-01 20:38:52.000,1.219600,1.219900,D
173593249,EUR/USD,2005-08-01 20:39:00.000,1.219500,1.219800,D
173593252,EUR/USD,2005-08-01 20:39:00.000,1.219600,1.219900,D
173593279,EUR/USD,2005-08-01 20:39:26.000,1.219700,1.220000,D
173593330,EUR/USD,2005-08-01 20:39:58.000,1.219600,1.219900,D
173593353,EUR/USD,2005-08-01 20:40:06.000,1.219700,1.220000,D
173593357,EUR/USD,2005-08-01 20:40:11.000,1.219600,1.219900,D
173593372,EUR/USD,2005-08-01 20:40:17.000,1.219500,1.219800,D
173593387,EUR/USD,2005-08-01 20:40:25.000,1.219600,1.219900,D
173593394,EUR/USD,2005-08-01 20:40:29.000,1.219500,1.219800,D
173593404,EUR/USD,2005-08-01 20:40:32.000,1.219600,1.219900,D
173593407,EUR/USD,2005-08-01 20:40:32.000,1.219700,1.220000,D
173593427,EUR/USD,2005-08-01 20:40:35.000,1.219600,1.219900,D
173593434,EUR/USD,2005-08-01 20:40:42.000,1.219700,1.220000,D
173593442,EUR/USD,2005-08-01 20:40:49.000,1.219600,1.219900,D
173593456,EUR/USD,2005-08-01 20:41:14.000,1.219500,1.219800,D
173593481,EUR/USD,2005-08-01 20:41:28.000,1.219400,1.219700,D
173593491,EUR/USD,2005-08-01 20:41:31.000,1.219500,1.219800,D
173593503,EUR/USD,2005-08-01 20:41:34.000,1.219400,1.219700,D
173593509,EUR/USD,2005-08-01 20:41:35.000,1.219500,1.219800,D
173593527,EUR/USD,2005-08-01 20:41:42.000,1.219400,1.219700,D
173593548,EUR/USD,2005-08-01 20:41:58.000,1.219300,1.219600,D
173593563,EUR/USD,2005-08-01 20:42:01.000,1.219400,1.219700,D
173593566,EUR/USD,2005-08-01 20:42:05.000,1.219300,1.219600,D
173593570,EUR/USD,2005-08-01 20:42:08.000,1.219400,1.219700,D
173593590,EUR/USD,2005-08-01 20:42:24.000,1.219500,1.219800,D
173593591,EUR/USD,2005-08-01 20:42:26.000,1.219400,1.219700,D
173593599,EUR/USD,2005-08-01 20:42:33.000,1.219500,1.219800,D
173593615,EUR/USD,2005-08-01 20:42:35.000,1.219400,1.219700,D
173593622,EUR/USD,2005-08-01 20:42:42.000,1.219500,1.219800,D
173593647,EUR/USD,2005-08-01 20:42:56.000,1.219400,1.219700,D
173593674,EUR/USD,2005-08-01 20:43:22.000,1.219500,1.219800,D
173593681,EUR/USD,2005-08-01 20:43:27.000,1.219400,1.219700,D
173593711,EUR/USD,2005-08-01 20:44:14.000,1.219300,1.219600,D
173593734,EUR/USD,2005-08-01 20:44:22.000,1.219400,1.219700,D
173593755,EUR/USD,2005-08-01 20:44:42.000,1.219300,1.219600,D
173593766,EUR/USD,2005-08-01 20:44:44.000,1.219400,1.219700,D
173593773,EUR/USD,2005-08-01 20:44:49.000,1.219300,1.219600,D
173593783,EUR/USD,2005-08-01 20:44:55.000,1.219200,1.219500,D
173593795,EUR/USD,2005-08-01 20:45:02.000,1.219300,1.219600,D
173593804,EUR/USD,2005-08-01 20:45:04.000,1.219200,1.219500,D
173593811,EUR/USD,2005-08-01 20:45:07.000,1.219100,1.219400,D
173593822,EUR/USD,2005-08-01 20:45:11.000,1.219200,1.219500,D
173593831,EUR/USD,2005-08-01 20:45:14.000,1.219100,1.219400,D
173593840,EUR/USD,2005-08-01 20:45:17.000,1.219200,1.219500,D
173593848,EUR/USD,2005-08-01 20:45:22.000,1.219100,1.219400,D
173593858,EUR/USD,2005-08-01 20:45:32.000,1.219000,1.219300,D
173593870,EUR/USD,2005-08-01 20:45:37.000,1.219100,1.219400,D
173593879,EUR/USD,2005-08-01 20:45:40.000,1.219000,1.219300,D
173593900,EUR/USD,2005-08-01 20:46:12.000,1.218900,1.219200,D
173593916,EUR/USD,2005-08-01 20:46:25.000,1.219000,1.219300,D
173593927,EUR/USD,2005-08-01 20:46:32.000,1.219100,1.219400,D
173593935,EUR/USD,2005-08-01 20:46:38.000,1.219000,1.219300,D
173593949,EUR/USD,2005-08-01 20:46:42.000,1.219100,1.219400,D
173594019,EUR/USD,2005-08-01 20:47:59.000,1.219200,1.219500,D
173594020,EUR/USD,2005-08-01 20:47:59.000,1.219100,1.219400,D
173594088,EUR/USD,2005-08-01 20:48:59.000,1.219000,1.219300,D
173594104,EUR/USD,2005-08-01 20:49:18.000,1.219100,1.219400,D
173594131,EUR/USD,2005-08-01 20:49:40.000,1.219200,1.219500,D
173594140,EUR/USD,2005-08-01 20:49:41.000,1.219100,1.219400,D
173594145,EUR/USD,2005-08-01 20:49:42.000,1.219200,1.219500,D
173594293,EUR/USD,2005-08-01 20:52:08.000,1.219100,1.219400,D
173594304,EUR/USD,2005-08-01 20:52:13.000,1.219200,1.219500,D
173594342,EUR/USD,2005-08-01 20:52:31.000,1.219100,1.219400,D
173594346,EUR/USD,2005-08-01 20:52:38.000,1.219000,1.219300,D
173594351,EUR/USD,2005-08-01 20:52:39.000,1.219100,1.219400,D
173594479,EUR/USD,2005-08-01 20:54:45.000,1.219200,1.219500,D
173594508,EUR/USD,2005-08-01 20:54:53.000,1.219300,1.219600,D
173594518,EUR/USD,2005-08-01 20:54:54.000,1.219200,1.219500,D
173594524,EUR/USD,2005-08-01 20:54:55.000,1.219300,1.219600,D
173594527,EUR/USD,2005-08-01 20:54:55.000,1.219200,1.219500,D
173594535,EUR/USD,2005-08-01 20:55:00.000,1.219100,1.219400,D
173594554,EUR/USD,2005-08-01 20:55:04.000,1.219200,1.219500,D
173594561,EUR/USD,2005-08-01 20:55:05.000,1.219100,1.219400,D
173594574,EUR/USD,2005-08-01 20:55:06.000,1.219200,1.219500,D
173594583,EUR/USD,2005-08-01 20:55:11.000,1.219300,1.219600,D
173594597,EUR/USD,2005-08-01 20:55:12.000,1.219200,1.219500,D
173594602,EUR/USD,2005-08-01 20:55:16.000,1.219300,1.219600,D
173594603,EUR/USD,2005-08-01 20:55:16.000,1.219200,1.219500,D
173594613,EUR/USD,2005-08-01 20:55:22.000,1.219300,1.219600,D
173594615,EUR/USD,2005-08-01 20:55:24.000,1.219200,1.219500,D
173594618,EUR/USD,2005-08-01 20:55:25.000,1.219300,1.219600,D
173594633,EUR/USD,2005-08-01 20:55:38.000,1.219400,1.219700,D
173594646,EUR/USD,2005-08-01 20:55:50.000,1.219300,1.219600,D
173594661,EUR/USD,2005-08-01 20:56:06.000,1.219200,1.219500,D
173594790,EUR/USD,2005-08-01 20:57:37.000,1.219300,1.219600,D
173594934,EUR/USD,2005-08-01 21:00:26.000,1.219400,1.219700,D
173594949,EUR/USD,2005-08-01 21:00:28.000,1.219300,1.219600,D
173594962,EUR/USD,2005-08-01 21:00:31.000,1.219400,1.219700,D
173595015,EUR/USD,2005-08-01 21:01:35.000,1.219300,1.219600,D
173595054,EUR/USD,2005-08-01 21:02:07.000,1.219200,1.219500,D
173595060,EUR/USD,2005-08-01 21:02:14.000,1.219300,1.219600,D
173595073,EUR/USD,2005-08-01 21:02:38.000,1.219200,1.219500,D
173595077,EUR/USD,2005-08-01 21:02:49.000,1.219300,1.219600,D
173595112,EUR/USD,2005-08-01 21:03:13.000,1.219200,1.219500,D
173595148,EUR/USD,2005-08-01 21:03:56.000,1.219300,1.219600,D
173595162,EUR/USD,2005-08-01 21:04:43.000,1.219200,1.219500,D
173595168,EUR/USD,2005-08-01 21:04:46.000,1.219300,1.219600,D
173595206,EUR/USD,2005-08-01 21:05:11.000,1.219200,1.219500,D
173595211,EUR/USD,2005-08-01 21:05:14.000,1.219300,1.219600,D
173595250,EUR/USD,2005-08-01 21:05:40.000,1.219400,1.219700,D
173595264,EUR/USD,2005-08-01 21:05:46.000,1.219500,1.219800,D
173595267,EUR/USD,2005-08-01 21:05:47.000,1.219400,1.219700,D
173595273,EUR/USD,2005-08-01 21:05:50.000,1.219500,1.219800,D
173595277,EUR/USD,2005-08-01 21:05:50.000,1.219400,1.219700,D
173595300,EUR/USD,2005-08-01 21:06:26.000,1.219500,1.219800,D
173595373,EUR/USD,2005-08-01 21:06:58.000,1.219600,1.219900,D
173595409,EUR/USD,2005-08-01 21:07:16.000,1.219700,1.220000,D
173595457,EUR/USD,2005-08-01 21:07:36.000,1.219600,1.219900,D
173595475,EUR/USD,2005-08-01 21:07:43.000,1.219500,1.219800,D
173595491,EUR/USD,2005-08-01 21:07:46.000,1.219600,1.219900,D
173595506,EUR/USD,2005-08-01 21:07:51.000,1.219500,1.219800,D
173595548,EUR/USD,2005-08-01 21:08:08.000,1.219400,1.219700,D
173595554,EUR/USD,2005-08-01 21:08:11.000,1.219500,1.219800,D
173595558,EUR/USD,2005-08-01 21:08:12.000,1.219400,1.219700,D
173595598,EUR/USD,2005-08-01 21:08:40.000,1.219500,1.219800,D
173595639,EUR/USD,2005-08-01 21:09:12.000,1.219600,1.219900,D
173595707,EUR/USD,2005-08-01 21:09:49.000,1.219500,1.219800,D
173595711,EUR/USD,2005-08-01 21:09:52.000,1.219600,1.219900,D
173595738,EUR/USD,2005-08-01 21:10:18.000,1.219700,1.220000,D
173595742,EUR/USD,2005-08-01 21:10:22.000,1.219600,1.219900,D
173595745,EUR/USD,2005-08-01 21:10:25.000,1.219700,1.220000,D
173595748,EUR/USD,2005-08-01 21:10:25.000,1.219600,1.219900,D
173595751,EUR/USD,2005-08-01 21:10:28.000,1.219700,1.220000,D
173595770,EUR/USD,2005-08-01 21:10:40.000,1.219600,1.219900,D
173595805,EUR/USD,2005-08-01 21:10:58.000,1.219700,1.220000,D
173595819,EUR/USD,2005-08-01 21:11:10.000,1.219800,1.220100,D
173595833,EUR/USD,2005-08-01 21:11:17.000,1.219900,1.220200,D
173595881,EUR/USD,2005-08-01 21:11:37.000,1.220000,1.220300,D
173595923,EUR/USD,2005-08-01 21:12:04.000,1.220100,1.220400,D
173595947,EUR/USD,2005-08-01 21:12:23.000,1.220200,1.220500,D
173595976,EUR/USD,2005-08-01 21:12:33.000,1.220100,1.220400,D
173595981,EUR/USD,2005-08-01 21:12:34.000,1.220300,1.220600,D
173595989,EUR/USD,2005-08-01 21:12:35.000,1.220200,1.220500,D
173596022,EUR/USD,2005-08-01 21:12:45.000,1.220300,1.220600,D
173596073,EUR/USD,2005-08-01 21:13:01.000,1.220400,1.220700,D
173596078,EUR/USD,2005-08-01 21:13:06.000,1.220300,1.220600,D
173596080,EUR/USD,2005-08-01 21:13:07.000,1.220400,1.220700,D
173596082,EUR/USD,2005-08-01 21:13:07.000,1.220300,1.220600,D
173596087,EUR/USD,2005-08-01 21:13:09.000,1.220400,1.220700,D
173596098,EUR/USD,2005-08-01 21:13:12.000,1.220300,1.220600,D
173596108,EUR/USD,2005-08-01 21:13:15.000,1.220400,1.220700,D
173596120,EUR/USD,2005-08-01 21:13:17.000,1.220300,1.220600,D
173596122,EUR/USD,2005-08-01 21:13:20.000,1.220400,1.220700,D
173596127,EUR/USD,2005-08-01 21:13:24.000,1.220300,1.220600,D
173596141,EUR/USD,2005-08-01 21:13:33.000,1.220200,1.220500,D
173596146,EUR/USD,2005-08-01 21:13:34.000,1.220300,1.220600,D
173596148,EUR/USD,2005-08-01 21:13:34.000,1.220200,1.220500,D
173596179,EUR/USD,2005-08-01 21:13:45.000,1.220300,1.220600,D
173596200,EUR/USD,2005-08-01 21:13:50.000,1.220200,1.220500,D
173596206,EUR/USD,2005-08-01 21:13:53.000,1.220300,1.220600,D
173596224,EUR/USD,2005-08-01 21:13:56.000,1.220200,1.220500,D
173596232,EUR/USD,2005-08-01 21:13:58.000,1.220300,1.220600,D
173596289,EUR/USD,2005-08-01 21:14:27.000,1.220200,1.220500,D
173596296,EUR/USD,2005-08-01 21:14:33.000,1.220300,1.220600,D
173596312,EUR/USD,2005-08-01 21:14:40.000,1.220400,1.220700,D
173596328,EUR/USD,2005-08-01 21:14:43.000,1.220300,1.220600,D
173596336,EUR/USD,2005-08-01 21:14:46.000,1.220400,1.220700,D
173596341,EUR/USD,2005-08-01 21:14:51.000,1.220300,1.220600,D
173596360,EUR/USD,2005-08-01 21:14:56.000,1.220400,1.220700,D
173596404,EUR/USD,2005-08-01 21:15:36.000,1.220500,1.220800,D
173596422,EUR/USD,2005-08-01 21:15:38.000,1.220400,1.220700,D
173596425,EUR/USD,2005-08-01 21:15:38.000,1.220500,1.220800,D
173596449,EUR/USD,2005-08-01 21:15:43.000,1.220400,1.220700,D
173596451,EUR/USD,2005-08-01 21:15:43.000,1.220500,1.220800,D
173596469,EUR/USD,2005-08-01 21:15:48.000,1.220600,1.220900,D
173596481,EUR/USD,2005-08-01 21:15:52.000,1.220700,1.221000,D
173596487,EUR/USD,2005-08-01 21:15:53.000,1.220800,1.221100,D
173596505,EUR/USD,2005-08-01 21:15:56.000,1.220700,1.221000,D
173596513,EUR/USD,2005-08-01 21:15:57.000,1.220800,1.221100,D
173596542,EUR/USD,2005-08-01 21:16:01.000,1.220700,1.221000,D
173596561,EUR/USD,2005-08-01 21:16:06.000,1.220600,1.220900,D
173596563,EUR/USD,2005-08-01 21:16:06.000,1.220700,1.221000,D
173596609,EUR/USD,2005-08-01 21:16:16.000,1.220800,1.221100,D
173596613,EUR/USD,2005-08-01 21:16:16.000,1.220700,1.221000,D
173596625,EUR/USD,2005-08-01 21:16:20.000,1.220800,1.221100,D
173596631,EUR/USD,2005-08-01 21:16:22.000,1.220700,1.221000,D
173596638,EUR/USD,2005-08-01 21:16:23.000,1.220800,1.221100,D
173596653,EUR/USD,2005-08-01 21:16:25.000,1.220700,1.221000,D
173596662,EUR/USD,2005-08-01 21:16:28.000,1.220800,1.221100,D
173596668,EUR/USD,2005-08-01 21:16:29.000,1.220700,1.221000,D
173596684,EUR/USD,2005-08-01 21:16:31.000,1.220800,1.221100,D
173596690,EUR/USD,2005-08-01 21:16:33.000,1.220700,1.221000,D
173596695,EUR/USD,2005-08-01 21:16:34.000,1.220800,1.221100,D
173596708,EUR/USD,2005-08-01 21:16:36.000,1.220700,1.221000,D
173596711,EUR/USD,2005-08-01 21:16:37.000,1.220800,1.221100,D
173596717,EUR/USD,2005-08-01 21:16:37.000,1.220900,1.221200,D
173596733,EUR/USD,2005-08-01 21:16:40.000,1.220800,1.221100,D
173596766,EUR/USD,2005-08-01 21:16:52.000,1.220700,1.221000,D
173596774,EUR/USD,2005-08-01 21:16:55.000,1.220800,1.221100,D
173596784,EUR/USD,2005-08-01 21:16:56.000,1.220700,1.221000,D
173596809,EUR/USD,2005-08-01 21:17:03.000,1.220800,1.221100,D
173596834,EUR/USD,2005-08-01 21:17:09.000,1.220900,1.221200,D
173596847,EUR/USD,2005-08-01 21:17:12.000,1.220800,1.221100,D
173596864,EUR/USD,2005-08-01 21:17:16.000,1.220900,1.221200,D
173596883,EUR/USD,2005-08-01 21:17:18.000,1.220800,1.221100,D
173596907,EUR/USD,2005-08-01 21:17:23.000,1.220900,1.221200,D
173596913,EUR/USD,2005-08-01 21:17:24.000,1.220800,1.221100,D
173596918,EUR/USD,2005-08-01 21:17:25.000,1.220900,1.221200,D
173596921,EUR/USD,2005-08-01 21:17:26.000,1.220800,1.221100,D
173596938,EUR/USD,2005-08-01 21:17:31.000,1.220900,1.221200,D
173597006,EUR/USD,2005-08-01 21:17:54.000,1.220800,1.221100,D
173597025,EUR/USD,2005-08-01 21:17:57.000,1.220700,1.221000,D
173597040,EUR/USD,2005-08-01 21:17:59.000,1.220600,1.220900,D
173597051,EUR/USD,2005-08-01 21:18:00.000,1.220700,1.221000,D
173597074,EUR/USD,2005-08-01 21:18:03.000,1.220600,1.220900,D
173597093,EUR/USD,2005-08-01 21:18:05.000,1.220700,1.221000,D
173597101,EUR/USD,2005-08-01 21:18:06.000,1.220600,1.220900,D
173597166,EUR/USD,2005-08-01 21:18:22.000,1.220700,1.221000,D
173597177,EUR/USD,2005-08-01 21:18:28.000,1.220600,1.220900,D
173597196,EUR/USD,2005-08-01 21:18:52.000,1.220700,1.221000,D
173597203,EUR/USD,2005-08-01 21:18:56.000,1.220600,1.220900,D
173597232,EUR/USD,2005-08-01 21:19:08.000,1.220700,1.221000,D
173597243,EUR/USD,2005-08-01 21:19:09.000,1.220600,1.220900,D
173597248,EUR/USD,2005-08-01 21:19:11.000,1.220500,1.220800,D
173597252,EUR/USD,2005-08-01 21:19:11.000,1.220600,1.220900,D
173597295,EUR/USD,2005-08-01 21:19:31.000,1.220500,1.220800,D
173597307,EUR/USD,2005-08-01 21:19:36.000,1.220400,1.220700,D
173597404,EUR/USD,2005-08-01 21:20:10.000,1.220500,1.220800,D
173597521,EUR/USD,2005-08-01 21:21:54.000,1.220400,1.220700,D
173597525,EUR/USD,2005-08-01 21:21:55.000,1.220500,1.220800,D
173597557,EUR/USD,2005-08-01 21:22:19.000,1.220600,1.220900,D
173597574,EUR/USD,2005-08-01 21:22:23.000,1.220500,1.220800,D
173597578,EUR/USD,2005-08-01 21:22:23.000,1.220600,1.220900,D
173597592,EUR/USD,2005-08-01 21:22:27.000,1.220700,1.221000,D
173597595,EUR/USD,2005-08-01 21:22:27.000,1.220800,1.221100,D
173597603,EUR/USD,2005-08-01 21:22:28.000,1.220700,1.221000,D
173597627,EUR/USD,2005-08-01 21:22:37.000,1.220800,1.221100,D
173597632,EUR/USD,2005-08-01 21:22:38.000,1.220900,1.221200,D
173597642,EUR/USD,2005-08-01 21:22:38.000,1.220800,1.221100,D
173597652,EUR/USD,2005-08-01 21:22:39.000,1.220900,1.221200,D
173597655,EUR/USD,2005-08-01 21:22:40.000,1.221000,1.221300,D
173597662,EUR/USD,2005-08-01 21:22:42.000,1.220900,1.221200,D
173597677,EUR/USD,2005-08-01 21:22:46.000,1.220800,1.221100,D
173597682,EUR/USD,2005-08-01 21:22:49.000,1.220900,1.221200,D
173597685,EUR/USD,2005-08-01 21:22:50.000,1.220800,1.221100,D
173597715,EUR/USD,2005-08-01 21:23:07.000,1.220700,1.221000,D
173597729,EUR/USD,2005-08-01 21:23:10.000,1.220800,1.221100,D
173597735,EUR/USD,2005-08-01 21:23:15.000,1.220700,1.221000,D
173597740,EUR/USD,2005-08-01 21:23:19.000,1.220600,1.220900,D
173597748,EUR/USD,2005-08-01 21:23:22.000,1.220700,1.221000,D
173597766,EUR/USD,2005-08-01 21:23:27.000,1.220600,1.220900,D
173597776,EUR/USD,2005-08-01 21:23:34.000,1.220700,1.221000,D
173597786,EUR/USD,2005-08-01 21:23:37.000,1.220600,1.220900,D
173597796,EUR/USD,2005-08-01 21:23:43.000,1.220500,1.220800,D
173597833,EUR/USD,2005-08-01 21:24:04.000,1.220400,1.220700,D
173597843,EUR/USD,2005-08-01 21:24:08.000,1.220500,1.220800,D
173597858,EUR/USD,2005-08-01 21:24:11.000,1.220400,1.220700,D
173597895,EUR/USD,2005-08-01 21:24:21.000,1.220300,1.220600,D
173597905,EUR/USD,2005-08-01 21:24:23.000,1.220400,1.220700,D
173597914,EUR/USD,2005-08-01 21:24:25.000,1.220300,1.220600,D
173597922,EUR/USD,2005-08-01 21:24:33.000,1.220400,1.220700,D
173597924,EUR/USD,2005-08-01 21:24:33.000,1.220300,1.220600,D
173597949,EUR/USD,2005-08-01 21:25:00.000,1.220400,1.220700,D
173597952,EUR/USD,2005-08-01 21:25:00.000,1.220300,1.220600,D
173597968,EUR/USD,2005-08-01 21:25:15.000,1.220400,1.220700,D
173597985,EUR/USD,2005-08-01 21:25:17.000,1.220500,1.220800,D
173597993,EUR/USD,2005-08-01 21:25:20.000,1.220400,1.220700,D
173598020,EUR/USD,2005-08-01 21:25:27.000,1.220300,1.220600,D
173598032,EUR/USD,2005-08-01 21:25:30.000,1.220400,1.220700,D
173598056,EUR/USD,2005-08-01 21:25:44.000,1.220300,1.220600,D
173598093,EUR/USD,2005-08-01 21:26:05.000,1.220200,1.220500,D
173598210,EUR/USD,2005-08-01 21:27:10.000,1.220300,1.220600,D
173598226,EUR/USD,2005-08-01 21:27:13.000,1.220400,1.220700,D
173598237,EUR/USD,2005-08-01 21:27:14.000,1.220300,1.220600,D
173598274,EUR/USD,2005-08-01 21:27:24.000,1.220400,1.220700,D
173598288,EUR/USD,2005-08-01 21:27:28.000,1.220300,1.220600,D
173598308,EUR/USD,2005-08-01 21:27:34.000,1.220400,1.220700,D
173598324,EUR/USD,2005-08-01 21:27:36.000,1.220500,1.220800,D
173598328,EUR/USD,2005-08-01 21:27:37.000,1.220600,1.220900,D
173598339,EUR/USD,2005-08-01 21:27:39.000,1.220500,1.220800,D
173598342,EUR/USD,2005-08-01 21:27:40.000,1.220600,1.220900,D
173598359,EUR/USD,2005-08-01 21:27:59.000,1.220700,1.221000,D
173598367,EUR/USD,2005-08-01 21:28:00.000,1.220800,1.221100,D
173598400,EUR/USD,2005-08-01 21:28:07.000,1.220900,1.221200,D
173598408,EUR/USD,2005-08-01 21:28:08.000,1.220800,1.221100,D
173598433,EUR/USD,2005-08-01 21:28:15.000,1.220700,1.221000,D
173598507,EUR/USD,2005-08-01 21:28:40.000,1.220800,1.221100,D
173598522,EUR/USD,2005-08-01 21:28:52.000,1.220700,1.221000,D
173598530,EUR/USD,2005-08-01 21:28:53.000,1.220800,1.221100,D
173598559,EUR/USD,2005-08-01 21:28:58.000,1.220900,1.221200,D
173598568,EUR/USD,2005-08-01 21:29:00.000,1.220800,1.221100,D
173598570,EUR/USD,2005-08-01 21:29:01.000,1.220900,1.221200,D
173598589,EUR/USD,2005-08-01 21:29:06.000,1.221000,1.221300,D
173598603,EUR/USD,2005-08-01 21:29:10.000,1.220900,1.221200,D
173598649,EUR/USD,2005-08-01 21:29:24.000,1.221000,1.221300,D
173598728,EUR/USD,2005-08-01 21:29:44.000,1.220900,1.221200,D
173598740,EUR/USD,2005-08-01 21:29:47.000,1.221000,1.221300,D
173598763,EUR/USD,2005-08-01 21:29:54.000,1.220900,1.221200,D
173598767,EUR/USD,2005-08-01 21:29:57.000,1.221000,1.221300,D
173598779,EUR/USD,2005-08-01 21:30:01.000,1.220900,1.221200,D
173598805,EUR/USD,2005-08-01 21:30:10.000,1.220800,1.221100,D
173598811,EUR/USD,2005-08-01 21:30:11.000,1.220900,1.221200,D
173598828,EUR/USD,2005-08-01 21:30:13.000,1.220800,1.221100,D
173598843,EUR/USD,2005-08-01 21:30:14.000,1.220900,1.221200,D
173598902,EUR/USD,2005-08-01 21:30:29.000,1.221000,1.221300,D
173598910,EUR/USD,2005-08-01 21:30:30.000,1.220900,1.221200,D
173599004,EUR/USD,2005-08-01 21:30:56.000,1.220800,1.221100,D
173599017,EUR/USD,2005-08-01 21:31:02.000,1.220700,1.221000,D
173599048,EUR/USD,2005-08-01 21:31:13.000,1.220800,1.221100,D
173599093,EUR/USD,2005-08-01 21:31:28.000,1.220700,1.221000,D
173599104,EUR/USD,2005-08-01 21:31:30.000,1.220800,1.221100,D
173599121,EUR/USD,2005-08-01 21:31:33.000,1.220700,1.221000,D
173599153,EUR/USD,2005-08-01 21:31:41.000,1.220600,1.220900,D
173599213,EUR/USD,2005-08-01 21:31:57.000,1.220700,1.221000,D
173599257,EUR/USD,2005-08-01 21:32:14.000,1.220800,1.221100,D
173599259,EUR/USD,2005-08-01 21:32:15.000,1.220900,1.221200,D
173599272,EUR/USD,2005-08-01 21:32:19.000,1.221000,1.221300,D
173599288,EUR/USD,2005-08-01 21:32:23.000,1.221100,1.221400,D
173599307,EUR/USD,2005-08-01 21:32:24.000,1.221000,1.221300,D
173599327,EUR/USD,2005-08-01 21:32:25.000,1.220900,1.221200,D
173599350,EUR/USD,2005-08-01 21:32:28.000,1.221000,1.221300,D
173599367,EUR/USD,2005-08-01 21:32:32.000,1.220900,1.221200,D
173599388,EUR/USD,2005-08-01 21:32:38.000,1.221000,1.221300,D
173599408,EUR/USD,2005-08-01 21:32:45.000,1.220900,1.221200,D
173599430,EUR/USD,2005-08-01 21:32:50.000,1.220800,1.221100,D
173599442,EUR/USD,2005-08-01 21:32:52.000,1.220900,1.221200,D
173599475,EUR/USD,2005-08-01 21:33:03.000,1.221000,1.221300,D
173599484,EUR/USD,2005-08-01 21:33:05.000,1.220900,1.221200,D
173599488,EUR/USD,2005-08-01 21:33:05.000,1.220800,1.221100,D
173599496,EUR/USD,2005-08-01 21:33:06.000,1.220700,1.221000,D
173599507,EUR/USD,2005-08-01 21:33:11.000,1.220600,1.220900,D
173599512,EUR/USD,2005-08-01 21:33:12.000,1.220700,1.221000,D
173599518,EUR/USD,2005-08-01 21:33:14.000,1.220600,1.220900,D
173599531,EUR/USD,2005-08-01 21:33:18.000,1.220500,1.220800,D
173599537,EUR/USD,2005-08-01 21:33:20.000,1.220400,1.220700,D
173599542,EUR/USD,2005-08-01 21:33:21.000,1.220500,1.220800,D
173599562,EUR/USD,2005-08-01 21:33:30.000,1.220400,1.220700,D
173599608,EUR/USD,2005-08-01 21:33:40.000,1.220500,1.220800,D
173599618,EUR/USD,2005-08-01 21:33:52.000,1.220600,1.220900,D
173599628,EUR/USD,2005-08-01 21:33:55.000,1.220500,1.220800,D
173599642,EUR/USD,2005-08-01 21:34:02.000,1.220600,1.220900,D
173599644,EUR/USD,2005-08-01 21:34:03.000,1.220700,1.221000,D
173599664,EUR/USD,2005-08-01 21:34:08.000,1.220600,1.220900,D
173599694,EUR/USD,2005-08-01 21:34:37.000,1.220700,1.221000,D
173599755,EUR/USD,2005-08-01 21:35:09.000,1.220600,1.220900,D
173599775,EUR/USD,2005-08-01 21:35:23.000,1.220700,1.221000,D
173599791,EUR/USD,2005-08-01 21:35:30.000,1.220600,1.220900,D
173599799,EUR/USD,2005-08-01 21:35:32.000,1.220700,1.221000,D
173599808,EUR/USD,2005-08-01 21:35:33.000,1.220600,1.220900,D
173599811,EUR/USD,2005-08-01 21:35:36.000,1.220700,1.221000,D
173599828,EUR/USD,2005-08-01 21:35:45.000,1.220600,1.220900,D
173599890,EUR/USD,2005-08-01 21:36:28.000,1.220500,1.220800,D
173599901,EUR/USD,2005-08-01 21:36:36.000,1.220600,1.220900,D
173599916,EUR/USD,2005-08-01 21:36:41.000,1.220500,1.220800,D
173599935,EUR/USD,2005-08-01 21:36:46.000,1.220600,1.220900,D
173599956,EUR/USD,2005-08-01 21:36:49.000,1.220700,1.221000,D
173600006,EUR/USD,2005-08-01 21:37:00.000,1.220800,1.221100,D
173600011,EUR/USD,2005-08-01 21:37:01.000,1.220900,1.221200,D
173600025,EUR/USD,2005-08-01 21:37:04.000,1.220800,1.221100,D
173600067,EUR/USD,2005-08-01 21:37:17.000,1.220700,1.221000,D
173600137,EUR/USD,2005-08-01 21:37:38.000,1.220800,1.221100,D
173600192,EUR/USD,2005-08-01 21:38:04.000,1.220700,1.221000,D
173600194,EUR/USD,2005-08-01 21:38:04.000,1.220800,1.221100,D
173600220,EUR/USD,2005-08-01 21:38:19.000,1.220700,1.221000,D
173600276,EUR/USD,2005-08-01 21:38:40.000,1.220600,1.220900,D
173600315,EUR/USD,2005-08-01 21:38:55.000,1.220700,1.221000,D
173600322,EUR/USD,2005-08-01 21:38:56.000,1.220600,1.220900,D
173600342,EUR/USD,2005-08-01 21:39:03.000,1.220500,1.220800,D
173600357,EUR/USD,2005-08-01 21:39:13.000,1.220600,1.220900,D
173600367,EUR/USD,2005-08-01 21:39:17.000,1.220500,1.220800,D
173600509,EUR/USD,2005-08-01 21:40:14.000,1.220600,1.220900,D
173600516,EUR/USD,2005-08-01 21:40:15.000,1.220500,1.220800,D
173600526,EUR/USD,2005-08-01 21:40:18.000,1.220600,1.220900,D
173600531,EUR/USD,2005-08-01 21:40:21.000,1.220700,1.221000,D
173600540,EUR/USD,2005-08-01 21:40:23.000,1.220600,1.220900,D
173600578,EUR/USD,2005-08-01 21:40:42.000,1.220500,1.220800,D
173600586,EUR/USD,2005-08-01 21:40:45.000,1.220600,1.220900,D
173600617,EUR/USD,2005-08-01 21:40:53.000,1.220500,1.220800,D
173600642,EUR/USD,2005-08-01 21:41:14.000,1.220600,1.220900,D
173600668,EUR/USD,2005-08-01 21:41:19.000,1.220500,1.220800,D
173600748,EUR/USD,2005-08-01 21:42:42.000,1.220400,1.220700,D
173600753,EUR/USD,2005-08-01 21:42:44.000,1.220500,1.220800,D
173600768,EUR/USD,2005-08-01 21:42:47.000,1.220600,1.220900,D
173600783,EUR/USD,2005-08-01 21:42:50.000,1.220500,1.220800,D
173600789,EUR/USD,2005-08-01 21:42:53.000,1.220600,1.220900,D
173600807,EUR/USD,2005-08-01 21:42:58.000,1.220500,1.220800,D
173600809,EUR/USD,2005-08-01 21:43:00.000,1.220600,1.220900,D
173600850,EUR/USD,2005-08-01 21:43:18.000,1.220700,1.221000,D
173600973,EUR/USD,2005-08-01 21:44:28.000,1.220600,1.220900,D
173600976,EUR/USD,2005-08-01 21:44:29.000,1.220700,1.221000,D
173600995,EUR/USD,2005-08-01 21:44:46.000,1.220600,1.220900,D
173601157,EUR/USD,2005-08-01 21:46:05.000,1.220500,1.220800,D
173601169,EUR/USD,2005-08-01 21:46:08.000,1.220400,1.220700,D
173601188,EUR/USD,2005-08-01 21:46:11.000,1.220500,1.220800,D
173601200,EUR/USD,2005-08-01 21:46:14.000,1.220600,1.220900,D
173601205,EUR/USD,2005-08-01 21:46:15.000,1.220500,1.220800,D
173601224,EUR/USD,2005-08-01 21:46:28.000,1.220600,1.220900,D
173601233,EUR/USD,2005-08-01 21:46:31.000,1.220500,1.220800,D
173601259,EUR/USD,2005-08-01 21:46:43.000,1.220600,1.220900,D
173601298,EUR/USD,2005-08-01 21:47:10.000,1.220500,1.220800,D
173601312,EUR/USD,2005-08-01 21:47:13.000,1.220600,1.220900,D
173601363,EUR/USD,2005-08-01 21:48:13.000,1.220500,1.220800,D
173601374,EUR/USD,2005-08-01 21:48:17.000,1.220600,1.220900,D
173601394,EUR/USD,2005-08-01 21:48:29.000,1.220500,1.220800,D
173601400,EUR/USD,2005-08-01 21:48:30.000,1.220600,1.220900,D
173601460,EUR/USD,2005-08-01 21:49:13.000,1.220700,1.221000,D
173601467,EUR/USD,2005-08-01 21:49:18.000,1.220800,1.221100,D
173601479,EUR/USD,2005-08-01 21:49:20.000,1.220900,1.221200,D
173601491,EUR/USD,2005-08-01 21:49:22.000,1.221000,1.221300,D
173601496,EUR/USD,2005-08-01 21:49:23.000,1.220900,1.221200,D
173601523,EUR/USD,2005-08-01 21:49:31.000,1.220800,1.221100,D
173601546,EUR/USD,2005-08-01 21:49:45.000,1.220900,1.221200,D
173601548,EUR/USD,2005-08-01 21:49:45.000,1.221000,1.221300,D
173601556,EUR/USD,2005-08-01 21:49:46.000,1.220900,1.221200,D
173601601,EUR/USD,2005-08-01 21:50:14.000,1.221000,1.221300,D
173601626,EUR/USD,2005-08-01 21:50:37.000,1.220900,1.221200,D
173601689,EUR/USD,2005-08-01 21:51:15.000,1.221000,1.221300,D
173601705,EUR/USD,2005-08-01 21:51:22.000,1.220900,1.221200,D
173601713,EUR/USD,2005-08-01 21:51:32.000,1.221000,1.221300,D
173601716,EUR/USD,2005-08-01 21:51:33.000,1.220900,1.221200,D
173601719,EUR/USD,2005-08-01 21:51:34.000,1.221000,1.221300,D
173601770,EUR/USD,2005-08-01 21:52:09.000,1.221100,1.221400,D
173601793,EUR/USD,2005-08-01 21:52:18.000,1.221200,1.221500,D
173601830,EUR/USD,2005-08-01 21:52:23.000,1.221300,1.221600,D
173601833,EUR/USD,2005-08-01 21:52:24.000,1.221400,1.221700,D
173601871,EUR/USD,2005-08-01 21:52:34.000,1.221300,1.221600,D
173601895,EUR/USD,2005-08-01 21:52:38.000,1.221400,1.221700,D
173601943,EUR/USD,2005-08-01 21:52:53.000,1.221300,1.221600,D
173601946,EUR/USD,2005-08-01 21:52:53.000,1.221200,1.221500,D
173601979,EUR/USD,2005-08-01 21:53:04.000,1.221300,1.221600,D
173601984,EUR/USD,2005-08-01 21:53:06.000,1.221200,1.221500,D
173601990,EUR/USD,2005-08-01 21:53:08.000,1.221300,1.221600,D
173601993,EUR/USD,2005-08-01 21:53:09.000,1.221200,1.221500,D
173601997,EUR/USD,2005-08-01 21:53:09.000,1.221300,1.221600,D
173602031,EUR/USD,2005-08-01 21:53:18.000,1.221200,1.221500,D
173602055,EUR/USD,2005-08-01 21:53:33.000,1.221300,1.221600,D
173602095,EUR/USD,2005-08-01 21:53:45.000,1.221200,1.221500,D
173602185,EUR/USD,2005-08-01 21:54:08.000,1.221300,1.221600,D
173602193,EUR/USD,2005-08-01 21:54:09.000,1.221200,1.221500,D
173602199,EUR/USD,2005-08-01 21:54:11.000,1.221300,1.221600,D
173602224,EUR/USD,2005-08-01 21:54:16.000,1.221400,1.221700,D
173602287,EUR/USD,2005-08-01 21:54:31.000,1.221300,1.221600,D
173602289,EUR/USD,2005-08-01 21:54:33.000,1.221200,1.221500,D
173602326,EUR/USD,2005-08-01 21:54:44.000,1.221300,1.221600,D
173602408,EUR/USD,2005-08-01 21:55:20.000,1.221200,1.221500,D
173602423,EUR/USD,2005-08-01 21:55:30.000,1.221300,1.221600,D
173602463,EUR/USD,2005-08-01 21:55:51.000,1.221400,1.221700,D
173602479,EUR/USD,2005-08-01 21:55:55.000,1.221300,1.221600,D
173602488,EUR/USD,2005-08-01 21:55:57.000,1.221400,1.221700,D
173602532,EUR/USD,2005-08-01 21:56:19.000,1.221500,1.221800,D
173602533,EUR/USD,2005-08-01 21:56:19.000,1.221600,1.221900,D
173602543,EUR/USD,2005-08-01 21:56:21.000,1.221700,1.222000,D
173602552,EUR/USD,2005-08-01 21:56:24.000,1.221600,1.221900,D
173602562,EUR/USD,2005-08-01 21:56:26.000,1.221700,1.222000,D
173602571,EUR/USD,2005-08-01 21:56:27.000,1.221600,1.221900,D
173602593,EUR/USD,2005-08-01 21:56:37.000,1.221700,1.222000,D
173602610,EUR/USD,2005-08-01 21:56:40.000,1.221800,1.222100,D
173602622,EUR/USD,2005-08-01 21:56:44.000,1.221900,1.222200,D
173602651,EUR/USD,2005-08-01 21:56:48.000,1.221800,1.222100,D
173602687,EUR/USD,2005-08-01 21:56:53.000,1.221900,1.222200,D
173602718,EUR/USD,2005-08-01 21:57:01.000,1.222000,1.222300,D
173602738,EUR/USD,2005-08-01 21:57:04.000,1.222100,1.222400,D
173602749,EUR/USD,2005-08-01 21:57:06.000,1.222200,1.222500,D
173602753,EUR/USD,2005-08-01 21:57:06.000,1.222100,1.222400,D
173602756,EUR/USD,2005-08-01 21:57:06.000,1.222000,1.222300,D
173602762,EUR/USD,2005-08-01 21:57:06.000,1.222100,1.222400,D
173602767,EUR/USD,2005-08-01 21:57:07.000,1.222200,1.222500,D
173602795,EUR/USD,2005-08-01 21:57:09.000,1.222100,1.222400,D
173602829,EUR/USD,2005-08-01 21:57:13.000,1.222200,1.222500,D
173602833,EUR/USD,2005-08-01 21:57:14.000,1.222100,1.222400,D
173602846,EUR/USD,2005-08-01 21:57:22.000,1.222000,1.222300,D
173602867,EUR/USD,2005-08-01 21:57:26.000,1.221900,1.222200,D
173602876,EUR/USD,2005-08-01 21:57:28.000,1.222000,1.222300,D
173602907,EUR/USD,2005-08-01 21:57:37.000,1.221900,1.222200,D
173602917,EUR/USD,2005-08-01 21:57:38.000,1.222000,1.222300,D
173602928,EUR/USD,2005-08-01 21:57:39.000,1.221900,1.222200,D
173602937,EUR/USD,2005-08-01 21:57:41.000,1.222000,1.222300,D
173602965,EUR/USD,2005-08-01 21:57:49.000,1.222100,1.222400,D
173602968,EUR/USD,2005-08-01 21:57:49.000,1.222000,1.222300,D
173602975,EUR/USD,2005-08-01 21:57:52.000,1.221900,1.222200,D
173602995,EUR/USD,2005-08-01 21:58:06.000,1.221800,1.222100,D
173602999,EUR/USD,2005-08-01 21:58:06.000,1.221900,1.222200,D
173603002,EUR/USD,2005-08-01 21:58:07.000,1.221800,1.222100,D
173603006,EUR/USD,2005-08-01 21:58:08.000,1.221900,1.222200,D
173603013,EUR/USD,2005-08-01 21:58:18.000,1.221800,1.222100,D
173603027,EUR/USD,2005-08-01 21:58:20.000,1.221900,1.222200,D
173603058,EUR/USD,2005-08-01 21:58:28.000,1.221800,1.222100,D
173603071,EUR/USD,2005-08-01 21:58:30.000,1.221900,1.222200,D
173603080,EUR/USD,2005-08-01 21:58:32.000,1.221800,1.222100,D
173603086,EUR/USD,2005-08-01 21:58:32.000,1.221900,1.222200,D
173603111,EUR/USD,2005-08-01 21:58:40.000,1.222000,1.222300,D
173603120,EUR/USD,2005-08-01 21:58:41.000,1.222100,1.222400,D
173603136,EUR/USD,2005-08-01 21:58:45.000,1.222200,1.222500,D
173603137,EUR/USD,2005-08-01 21:58:45.000,1.222300,1.222600,D
173603153,EUR/USD,2005-08-01 21:58:48.000,1.222200,1.222500,D
173603185,EUR/USD,2005-08-01 21:58:51.000,1.222100,1.222400,D
173603189,EUR/USD,2005-08-01 21:58:52.000,1.222200,1.222500,D
173603193,EUR/USD,2005-08-01 21:58:52.000,1.222100,1.222400,D
173603198,EUR/USD,2005-08-01 21:58:52.000,1.222000,1.222300,D
173603214,EUR/USD,2005-08-01 21:58:55.000,1.222100,1.222400,D
173603243,EUR/USD,2005-08-01 21:59:00.000,1.222000,1.222300,D
173603253,EUR/USD,2005-08-01 21:59:02.000,1.222100,1.222400,D
173603266,EUR/USD,2005-08-01 21:59:08.000,1.222000,1.222300,D
173603275,EUR/USD,2005-08-01 21:59:08.000,1.222100,1.222400,D
173603284,EUR/USD,2005-08-01 21:59:09.000,1.222200,1.222500,D
173603288,EUR/USD,2005-08-01 21:59:09.000,1.222100,1.222400,D
173603292,EUR/USD,2005-08-01 21:59:09.000,1.222000,1.222300,D
173603299,EUR/USD,2005-08-01 21:59:10.000,1.222100,1.222400,D
173603308,EUR/USD,2005-08-01 21:59:11.000,1.222000,1.222300,D
173603311,EUR/USD,2005-08-01 21:59:11.000,1.222100,1.222400,D
173603333,EUR/USD,2005-08-01 21:59:19.000,1.222000,1.222300,D
173603339,EUR/USD,2005-08-01 21:59:21.000,1.222100,1.222400,D
173603378,EUR/USD,2005-08-01 21:59:27.000,1.222000,1.222300,D
173603425,EUR/USD,2005-08-01 21:59:42.000,1.221900,1.222200,D
173603482,EUR/USD,2005-08-01 21:59:57.000,1.221800,1.222100,D
173603486,EUR/USD,2005-08-01 21:59:58.000,1.221900,1.222200,D
173603494,EUR/USD,2005-08-01 22:00:00.000,1.221800,1.222100,D
173603587,EUR/USD,2005-08-01 22:00:27.000,1.221700,1.222000,D
173603638,EUR/USD,2005-08-01 22:00:49.000,1.221600,1.221900,D
173603689,EUR/USD,2005-08-01 22:01:03.000,1.221700,1.222000,D
173603713,EUR/USD,2005-08-01 22:01:07.000,1.221600,1.221900,D
173603716,EUR/USD,2005-08-01 22:01:08.000,1.221700,1.222000,D
173603733,EUR/USD,2005-08-01 22:01:15.000,1.221800,1.222100,D
173603741,EUR/USD,2005-08-01 22:01:17.000,1.221700,1.222000,D
173603751,EUR/USD,2005-08-01 22:01:18.000,1.221800,1.222100,D
173603810,EUR/USD,2005-08-01 22:01:36.000,1.221900,1.222200,D
173603814,EUR/USD,2005-08-01 22:01:37.000,1.221800,1.222100,D
173603839,EUR/USD,2005-08-01 22:01:41.000,1.221900,1.222200,D
173603908,EUR/USD,2005-08-01 22:02:00.000,1.222000,1.222300,D
173603918,EUR/USD,2005-08-01 22:02:02.000,1.221900,1.222200,D
173603926,EUR/USD,2005-08-01 22:02:05.000,1.222000,1.222300,D
173603948,EUR/USD,2005-08-01 22:02:09.000,1.221900,1.222200,D
173603959,EUR/USD,2005-08-01 22:02:11.000,1.222000,1.222300,D
173603973,EUR/USD,2005-08-01 22:02:15.000,1.221900,1.222200,D
173603981,EUR/USD,2005-08-01 22:02:16.000,1.222000,1.222300,D
173603994,EUR/USD,2005-08-01 22:02:21.000,1.221900,1.222200,D
173604000,EUR/USD,2005-08-01 22:02:22.000,1.222000,1.222300,D
173604007,EUR/USD,2005-08-01 22:02:26.000,1.221900,1.222200,D
173604017,EUR/USD,2005-08-01 22:02:29.000,1.222000,1.222300,D
173604032,EUR/USD,2005-08-01 22:02:33.000,1.221900,1.222200,D
173604039,EUR/USD,2005-08-01 22:02:34.000,1.222000,1.222300,D
173604047,EUR/USD,2005-08-01 22:02:36.000,1.221900,1.222200,D
173604091,EUR/USD,2005-08-01 22:02:49.000,1.222000,1.222300,D
173604096,EUR/USD,2005-08-01 22:02:49.000,1.221900,1.222200,D
173604101,EUR/USD,2005-08-01 22:02:50.000,1.222000,1.222300,D
173604104,EUR/USD,2005-08-01 22:02:50.000,1.221900,1.222200,D
173604137,EUR/USD,2005-08-01 22:02:58.000,1.221800,1.222100,D
173604196,EUR/USD,2005-08-01 22:03:11.000,1.221900,1.222200,D
173604220,EUR/USD,2005-08-01 22:03:15.000,1.221800,1.222100,D
173604227,EUR/USD,2005-08-01 22:03:15.000,1.221700,1.222000,D
173604322,EUR/USD,2005-08-01 22:03:38.000,1.221800,1.222100,D
173604337,EUR/USD,2005-08-01 22:03:40.000,1.221700,1.222000,D
173604360,EUR/USD,2005-08-01 22:03:45.000,1.221800,1.222100,D
173604375,EUR/USD,2005-08-01 22:03:48.000,1.221700,1.222000,D
173604508,EUR/USD,2005-08-01 22:05:15.000,1.221600,1.221900,D
173604519,EUR/USD,2005-08-01 22:05:18.000,1.221700,1.222000,D
173604540,EUR/USD,2005-08-01 22:05:36.000,1.221800,1.222100,D
173604545,EUR/USD,2005-08-01 22:05:37.000,1.221700,1.222000,D
173604548,EUR/USD,2005-08-01 22:05:38.000,1.221800,1.222100,D
173604560,EUR/USD,2005-08-01 22:05:46.000,1.221700,1.222000,D
173604567,EUR/USD,2005-08-01 22:05:50.000,1.221800,1.222100,D
173604583,EUR/USD,2005-08-01 22:06:01.000,1.221700,1.222000,D
173604586,EUR/USD,2005-08-01 22:06:03.000,1.221800,1.222100,D
173604607,EUR/USD,2005-08-01 22:06:22.000,1.221700,1.222000,D
173604623,EUR/USD,2005-08-01 22:06:30.000,1.221600,1.221900,D
173604628,EUR/USD,2005-08-01 22:06:31.000,1.221500,1.221800,D
173604646,EUR/USD,2005-08-01 22:06:34.000,1.221600,1.221900,D
173604711,EUR/USD,2005-08-01 22:06:56.000,1.221700,1.222000,D
173604731,EUR/USD,2005-08-01 22:07:00.000,1.221600,1.221900,D
173604747,EUR/USD,2005-08-01 22:07:08.000,1.221700,1.222000,D
173604798,EUR/USD,2005-08-01 22:07:27.000,1.221600,1.221900,D
173604820,EUR/USD,2005-08-01 22:07:32.000,1.221700,1.222000,D
173604845,EUR/USD,2005-08-01 22:07:44.000,1.221800,1.222100,D
173604857,EUR/USD,2005-08-01 22:07:53.000,1.221700,1.222000,D
173604876,EUR/USD,2005-08-01 22:08:01.000,1.221800,1.222100,D
173604888,EUR/USD,2005-08-01 22:08:07.000,1.221700,1.222000,D
173604892,EUR/USD,2005-08-01 22:08:08.000,1.221600,1.221900,D
173604902,EUR/USD,2005-08-01 22:08:10.000,1.221700,1.222000,D
173604909,EUR/USD,2005-08-01 22:08:12.000,1.221600,1.221900,D
173604944,EUR/USD,2005-08-01 22:08:31.000,1.221500,1.221800,D
173604970,EUR/USD,2005-08-01 22:08:44.000,1.221600,1.221900,D
173604982,EUR/USD,2005-08-01 22:08:51.000,1.221500,1.221800,D
173604987,EUR/USD,2005-08-01 22:08:52.000,1.221600,1.221900,D
173604995,EUR/USD,2005-08-01 22:08:54.000,1.221500,1.221800,D
173605001,EUR/USD,2005-08-01 22:08:59.000,1.221600,1.221900,D
173605013,EUR/USD,2005-08-01 22:09:05.000,1.221500,1.221800,D
173605024,EUR/USD,2005-08-01 22:09:12.000,1.221600,1.221900,D
173605030,EUR/USD,2005-08-01 22:09:15.000,1.221500,1.221800,D
173605037,EUR/USD,2005-08-01 22:09:19.000,1.221600,1.221900,D
173605061,EUR/USD,2005-08-01 22:09:27.000,1.221700,1.222000,D
173605065,EUR/USD,2005-08-01 22:09:28.000,1.221600,1.221900,D
173605073,EUR/USD,2005-08-01 22:09:35.000,1.221700,1.222000,D
173605080,EUR/USD,2005-08-01 22:09:36.000,1.221600,1.221900,D
173605087,EUR/USD,2005-08-01 22:09:39.000,1.221700,1.222000,D
173605101,EUR/USD,2005-08-01 22:09:45.000,1.221600,1.221900,D
173605126,EUR/USD,2005-08-01 22:09:57.000,1.221700,1.222000,D
173605134,EUR/USD,2005-08-01 22:10:02.000,1.221600,1.221900,D
173605144,EUR/USD,2005-08-01 22:10:11.000,1.221700,1.222000,D
173605152,EUR/USD,2005-08-01 22:10:12.000,1.221600,1.221900,D
173605166,EUR/USD,2005-08-01 22:10:30.000,1.221700,1.222000,D
173605179,EUR/USD,2005-08-01 22:10:35.000,1.221600,1.221900,D
173605193,EUR/USD,2005-08-01 22:10:47.000,1.221500,1.221800,D
173605223,EUR/USD,2005-08-01 22:10:55.000,1.221600,1.221900,D
173605264,EUR/USD,2005-08-01 22:11:32.000,1.221500,1.221800,D
173605292,EUR/USD,2005-08-01 22:12:12.000,1.221600,1.221900,D
173605295,EUR/USD,2005-08-01 22:12:15.000,1.221500,1.221800,D
173605299,EUR/USD,2005-08-01 22:12:18.000,1.221600,1.221900,D
173605302,EUR/USD,2005-08-01 22:12:22.000,1.221500,1.221800,D
173605360,EUR/USD,2005-08-01 22:13:21.000,1.221600,1.221900,D
173605379,EUR/USD,2005-08-01 22:13:36.000,1.221500,1.221800,D
173605391,EUR/USD,2005-08-01 22:13:40.000,1.221600,1.221900,D
173605425,EUR/USD,2005-08-01 22:14:01.000,1.221500,1.221800,D
173605432,EUR/USD,2005-08-01 22:14:05.000,1.221600,1.221900,D
173605446,EUR/USD,2005-08-01 22:14:07.000,1.221500,1.221800,D
173605461,EUR/USD,2005-08-01 22:14:11.000,1.221600,1.221900,D
173605467,EUR/USD,2005-08-01 22:14:13.000,1.221500,1.221800,D
173605609,EUR/USD,2005-08-01 22:17:12.000,1.221600,1.221900,D
173605621,EUR/USD,2005-08-01 22:17:13.000,1.221500,1.221800,D
173605641,EUR/USD,2005-08-01 22:17:20.000,1.221600,1.221900,D
173605658,EUR/USD,2005-08-01 22:17:27.000,1.221500,1.221800,D
173605665,EUR/USD,2005-08-01 22:17:30.000,1.221600,1.221900,D
173605680,EUR/USD,2005-08-01 22:17:35.000,1.221500,1.221800,D
173605800,EUR/USD,2005-08-01 22:19:25.000,1.221600,1.221900,D
173605825,EUR/USD,2005-08-01 22:19:31.000,1.221500,1.221800,D
173605838,EUR/USD,2005-08-01 22:19:42.000,1.221600,1.221900,D
173605915,EUR/USD,2005-08-01 22:20:46.000,1.221500,1.221800,D
173605927,EUR/USD,2005-08-01 22:20:48.000,1.221600,1.221900,D
173605958,EUR/USD,2005-08-01 22:21:51.000,1.221700,1.222000,D
173605965,EUR/USD,2005-08-01 22:21:53.000,1.221800,1.222100,D
173605976,EUR/USD,2005-08-01 22:22:37.000,1.221700,1.222000,D
173605981,EUR/USD,2005-08-01 22:22:40.000,1.221800,1.222100,D
173605987,EUR/USD,2005-08-01 22:22:50.000,1.221700,1.222000,D
173606000,EUR/USD,2005-08-01 22:22:59.000,1.221800,1.222100,D
173606040,EUR/USD,2005-08-01 22:23:31.000,1.221700,1.222000,D
173606069,EUR/USD,2005-08-01 22:23:58.000,1.221600,1.221900,D
173606073,EUR/USD,2005-08-01 22:24:02.000,1.221700,1.222000,D
173606080,EUR/USD,2005-08-01 22:24:13.000,1.221600,1.221900,D
173606098,EUR/USD,2005-08-01 22:24:38.000,1.221500,1.221800,D
173606103,EUR/USD,2005-08-01 22:24:43.000,1.221600,1.221900,D
173606107,EUR/USD,2005-08-01 22:24:45.000,1.221500,1.221800,D
173606131,EUR/USD,2005-08-01 22:25:10.000,1.221400,1.221700,D
173606136,EUR/USD,2005-08-01 22:25:16.000,1.221500,1.221800,D
173606142,EUR/USD,2005-08-01 22:25:19.000,1.221400,1.221700,D
173606171,EUR/USD,2005-08-01 22:25:29.000,1.221500,1.221800,D
173606178,EUR/USD,2005-08-01 22:25:32.000,1.221400,1.221700,D
173606208,EUR/USD,2005-08-01 22:25:44.000,1.221500,1.221800,D
173606260,EUR/USD,2005-08-01 22:26:22.000,1.221600,1.221900,D
173606277,EUR/USD,2005-08-01 22:26:25.000,1.221700,1.222000,D
173606287,EUR/USD,2005-08-01 22:26:26.000,1.221600,1.221900,D
173606308,EUR/USD,2005-08-01 22:26:46.000,1.221700,1.222000,D
173606356,EUR/USD,2005-08-01 22:27:16.000,1.221800,1.222100,D
173606361,EUR/USD,2005-08-01 22:27:21.000,1.221700,1.222000,D
173606364,EUR/USD,2005-08-01 22:27:23.000,1.221800,1.222100,D
173606381,EUR/USD,2005-08-01 22:27:33.000,1.221900,1.222200,D
173606392,EUR/USD,2005-08-01 22:27:35.000,1.221800,1.222100,D
173606395,EUR/USD,2005-08-01 22:27:36.000,1.221900,1.222200,D
173606418,EUR/USD,2005-08-01 22:27:49.000,1.222000,1.222300,D
173606438,EUR/USD,2005-08-01 22:27:59.000,1.221900,1.222200,D
173606440,EUR/USD,2005-08-01 22:28:02.000,1.222000,1.222300,D
173606474,EUR/USD,2005-08-01 22:28:21.000,1.221900,1.222200,D
173606482,EUR/USD,2005-08-01 22:28:24.000,1.222000,1.222300,D
173606539,EUR/USD,2005-08-01 22:28:36.000,1.222100,1.222400,D
173606541,EUR/USD,2005-08-01 22:28:36.000,1.222200,1.222500,D
173606551,EUR/USD,2005-08-01 22:28:38.000,1.222100,1.222400,D
173606561,EUR/USD,2005-08-01 22:28:40.000,1.222200,1.222500,D
173606581,EUR/USD,2005-08-01 22:28:48.000,1.222300,1.222600,D
173606600,EUR/USD,2005-08-01 22:28:53.000,1.222200,1.222500,D
173606675,EUR/USD,2005-08-01 22:29:08.000,1.222100,1.222400,D
173606724,EUR/USD,2005-08-01 22:29:18.000,1.222000,1.222300,D
173606734,EUR/USD,2005-08-01 22:29:20.000,1.222100,1.222400,D
173606735,EUR/USD,2005-08-01 22:29:20.000,1.222200,1.222500,D
173606744,EUR/USD,2005-08-01 22:29:22.000,1.222100,1.222400,D
173606746,EUR/USD,2005-08-01 22:29:22.000,1.222000,1.222300,D
173606754,EUR/USD,2005-08-01 22:29:23.000,1.222100,1.222400,D
173606757,EUR/USD,2005-08-01 22:29:24.000,1.222200,1.222500,D
173606761,EUR/USD,2005-08-01 22:29:24.000,1.222100,1.222400,D
173606797,EUR/USD,2005-08-01 22:29:34.000,1.222000,1.222300,D
173606806,EUR/USD,2005-08-01 22:29:35.000,1.222100,1.222400,D
173606815,EUR/USD,2005-08-01 22:29:36.000,1.222000,1.222300,D
173606845,EUR/USD,2005-08-01 22:29:41.000,1.222100,1.222400,D
173606861,EUR/USD,2005-08-01 22:29:44.000,1.222000,1.222300,D
173606873,EUR/USD,2005-08-01 22:29:47.000,1.222100,1.222400,D
173606892,EUR/USD,2005-08-01 22:29:49.000,1.222000,1.222300,D
173606900,EUR/USD,2005-08-01 22:29:51.000,1.222100,1.222400,D
173606928,EUR/USD,2005-08-01 22:29:54.000,1.222000,1.222300,D
173606988,EUR/USD,2005-08-01 22:30:19.000,1.221900,1.222200,D
173607004,EUR/USD,2005-08-01 22:30:22.000,1.222000,1.222300,D
173607020,EUR/USD,2005-08-01 22:30:28.000,1.221900,1.222200,D
173607033,EUR/USD,2005-08-01 22:30:29.000,1.222000,1.222300,D
173607052,EUR/USD,2005-08-01 22:30:36.000,1.222100,1.222400,D
173607064,EUR/USD,2005-08-01 22:30:37.000,1.222000,1.222300,D
173607154,EUR/USD,2005-08-01 22:31:31.000,1.221900,1.222200,D
173607155,EUR/USD,2005-08-01 22:31:31.000,1.221800,1.222100,D
173607192,EUR/USD,2005-08-01 22:31:59.000,1.221700,1.222000,D
173607199,EUR/USD,2005-08-01 22:32:02.000,1.221800,1.222100,D
173607264,EUR/USD,2005-08-01 22:32:33.000,1.221900,1.222200,D
173607272,EUR/USD,2005-08-01 22:32:34.000,1.221800,1.222100,D
173607352,EUR/USD,2005-08-01 22:34:01.000,1.221700,1.222000,D
173607383,EUR/USD,2005-08-01 22:34:20.000,1.221800,1.222100,D
173607391,EUR/USD,2005-08-01 22:34:21.000,1.221700,1.222000,D
173607408,EUR/USD,2005-08-01 22:34:27.000,1.221600,1.221900,D
173607457,EUR/USD,2005-08-01 22:34:48.000,1.221500,1.221800,D
173607496,EUR/USD,2005-08-01 22:35:15.000,1.221400,1.221700,D
173607512,EUR/USD,2005-08-01 22:35:19.000,1.221500,1.221800,D
173607538,EUR/USD,2005-08-01 22:35:30.000,1.221600,1.221900,D
173607542,EUR/USD,2005-08-01 22:35:30.000,1.221500,1.221800,D
173607550,EUR/USD,2005-08-01 22:35:31.000,1.221600,1.221900,D
173607559,EUR/USD,2005-08-01 22:35:33.000,1.221500,1.221800,D
173607576,EUR/USD,2005-08-01 22:35:43.000,1.221600,1.221900,D
173607581,EUR/USD,2005-08-01 22:35:44.000,1.221500,1.221800,D
173607606,EUR/USD,2005-08-01 22:36:09.000,1.221600,1.221900,D
173607612,EUR/USD,2005-08-01 22:36:11.000,1.221500,1.221800,D
173607614,EUR/USD,2005-08-01 22:36:16.000,1.221600,1.221900,D
173607625,EUR/USD,2005-08-01 22:36:18.000,1.221500,1.221800,D
173607697,EUR/USD,2005-08-01 22:37:03.000,1.221400,1.221700,D
173607722,EUR/USD,2005-08-01 22:37:27.000,1.221300,1.221600,D
173607743,EUR/USD,2005-08-01 22:37:36.000,1.221200,1.221500,D
173607747,EUR/USD,2005-08-01 22:37:36.000,1.221300,1.221600,D
173607754,EUR/USD,2005-08-01 22:37:37.000,1.221200,1.221500,D
173607780,EUR/USD,2005-08-01 22:37:47.000,1.221100,1.221400,D
173607805,EUR/USD,2005-08-01 22:37:59.000,1.221200,1.221500,D
173607807,EUR/USD,2005-08-01 22:38:00.000,1.221100,1.221400,D
173607832,EUR/USD,2005-08-01 22:38:09.000,1.221000,1.221300,D
173607847,EUR/USD,2005-08-01 22:38:26.000,1.221100,1.221400,D
173607932,EUR/USD,2005-08-01 22:39:06.000,1.221000,1.221300,D
173607945,EUR/USD,2005-08-01 22:39:11.000,1.220900,1.221200,D
173607959,EUR/USD,2005-08-01 22:39:14.000,1.221000,1.221300,D
173607969,EUR/USD,2005-08-01 22:39:18.000,1.220900,1.221200,D
173608084,EUR/USD,2005-08-01 22:40:23.000,1.221000,1.221300,D
173608090,EUR/USD,2005-08-01 22:40:26.000,1.220900,1.221200,D
173608122,EUR/USD,2005-08-01 22:40:34.000,1.221000,1.221300,D
173608123,EUR/USD,2005-08-01 22:40:35.000,1.220900,1.221200,D
173608137,EUR/USD,2005-08-01 22:40:42.000,1.220800,1.221100,D
173608172,EUR/USD,2005-08-01 22:41:01.000,1.220700,1.221000,D
173608177,EUR/USD,2005-08-01 22:41:02.000,1.220800,1.221100,D
173608185,EUR/USD,2005-08-01 22:41:05.000,1.220900,1.221200,D
173608192,EUR/USD,2005-08-01 22:41:11.000,1.220800,1.221100,D
173608208,EUR/USD,2005-08-01 22:41:30.000,1.220900,1.221200,D
173608213,EUR/USD,2005-08-01 22:41:32.000,1.220800,1.221100,D
173608218,EUR/USD,2005-08-01 22:41:34.000,1.220900,1.221200,D
173608242,EUR/USD,2005-08-01 22:41:40.000,1.221000,1.221300,D
173608254,EUR/USD,2005-08-01 22:41:42.000,1.220900,1.221200,D
173608261,EUR/USD,2005-08-01 22:41:44.000,1.221000,1.221300,D
173608265,EUR/USD,2005-08-01 22:41:45.000,1.220900,1.221200,D
173608272,EUR/USD,2005-08-01 22:41:46.000,1.221000,1.221300,D
173608276,EUR/USD,2005-08-01 22:41:50.000,1.220900,1.221200,D
173608281,EUR/USD,2005-08-01 22:41:54.000,1.221000,1.221300,D
173608287,EUR/USD,2005-08-01 22:41:58.000,1.220900,1.221200,D
173608291,EUR/USD,2005-08-01 22:42:00.000,1.221000,1.221300,D
173608296,EUR/USD,2005-08-01 22:42:01.000,1.220900,1.221200,D
173608304,EUR/USD,2005-08-01 22:42:03.000,1.221000,1.221300,D
173608309,EUR/USD,2005-08-01 22:42:05.000,1.220900,1.221200,D
173608328,EUR/USD,2005-08-01 22:42:11.000,1.220800,1.221100,D
173608335,EUR/USD,2005-08-01 22:42:13.000,1.220900,1.221200,D
173608348,EUR/USD,2005-08-01 22:42:19.000,1.221000,1.221300,D
173608351,EUR/USD,2005-08-01 22:42:21.000,1.220900,1.221200,D
173608367,EUR/USD,2005-08-01 22:42:42.000,1.220800,1.221100,D
173608373,EUR/USD,2005-08-01 22:42:43.000,1.220900,1.221200,D
173608396,EUR/USD,2005-08-01 22:42:51.000,1.220800,1.221100,D
173608401,EUR/USD,2005-08-01 22:42:58.000,1.220900,1.221200,D
173608407,EUR/USD,2005-08-01 22:43:00.000,1.220800,1.221100,D
173608413,EUR/USD,2005-08-01 22:43:04.000,1.220900,1.221200,D
173608420,EUR/USD,2005-08-01 22:43:05.000,1.220800,1.221100,D
173608426,EUR/USD,2005-08-01 22:43:08.000,1.220900,1.221200,D
173608433,EUR/USD,2005-08-01 22:43:10.000,1.220800,1.221100,D
173608454,EUR/USD,2005-08-01 22:43:24.000,1.220900,1.221200,D
173608463,EUR/USD,2005-08-01 22:43:30.000,1.221000,1.221300,D
173608520,EUR/USD,2005-08-01 22:44:04.000,1.221100,1.221400,D
173608564,EUR/USD,2005-08-01 22:44:27.000,1.221200,1.221500,D
173608573,EUR/USD,2005-08-01 22:44:32.000,1.221100,1.221400,D
173608576,EUR/USD,2005-08-01 22:44:34.000,1.221200,1.221500,D
173608579,EUR/USD,2005-08-01 22:44:35.000,1.221100,1.221400,D
173608582,EUR/USD,2005-08-01 22:44:40.000,1.221200,1.221500,D
173608586,EUR/USD,2005-08-01 22:44:43.000,1.221100,1.221400,D
173608594,EUR/USD,2005-08-01 22:44:48.000,1.221200,1.221500,D
173608620,EUR/USD,2005-08-01 22:45:02.000,1.221300,1.221600,D
173608624,EUR/USD,2005-08-01 22:45:03.000,1.221400,1.221700,D
173608628,EUR/USD,2005-08-01 22:45:04.000,1.221300,1.221600,D
173608666,EUR/USD,2005-08-01 22:45:17.000,1.221400,1.221700,D
173608691,EUR/USD,2005-08-01 22:45:27.000,1.221300,1.221600,D
173608695,EUR/USD,2005-08-01 22:45:28.000,1.221400,1.221700,D
173608699,EUR/USD,2005-08-01 22:45:30.000,1.221300,1.221600,D
173608708,EUR/USD,2005-08-01 22:45:31.000,1.221400,1.221700,D
173608722,EUR/USD,2005-08-01 22:45:59.000,1.221300,1.221600,D
173608727,EUR/USD,2005-08-01 22:46:00.000,1.221200,1.221500,D
173608817,EUR/USD,2005-08-01 22:47:37.000,1.221100,1.221400,D
173608848,EUR/USD,2005-08-01 22:48:17.000,1.221000,1.221300,D
173608858,EUR/USD,2005-08-01 22:48:25.000,1.221100,1.221400,D
173608869,EUR/USD,2005-08-01 22:48:28.000,1.221000,1.221300,D
173608877,EUR/USD,2005-08-01 22:48:31.000,1.221100,1.221400,D
173608879,EUR/USD,2005-08-01 22:48:33.000,1.221000,1.221300,D
173608887,EUR/USD,2005-08-01 22:48:37.000,1.221100,1.221400,D
173608893,EUR/USD,2005-08-01 22:48:40.000,1.221200,1.221500,D
173608899,EUR/USD,2005-08-01 22:48:43.000,1.221100,1.221400,D
173608900,EUR/USD,2005-08-01 22:48:44.000,1.221000,1.221300,D
173608904,EUR/USD,2005-08-01 22:48:48.000,1.221100,1.221400,D
173608916,EUR/USD,2005-08-01 22:49:14.000,1.221000,1.221300,D
173608945,EUR/USD,2005-08-01 22:49:49.000,1.221100,1.221400,D
173608948,EUR/USD,2005-08-01 22:49:52.000,1.221000,1.221300,D
173608983,EUR/USD,2005-08-01 22:50:39.000,1.220900,1.221200,D
173609011,EUR/USD,2005-08-01 22:51:20.000,1.220800,1.221100,D
173609018,EUR/USD,2005-08-01 22:51:21.000,1.220700,1.221000,D
173609056,EUR/USD,2005-08-01 22:51:37.000,1.220600,1.220900,D
173609065,EUR/USD,2005-08-01 22:51:39.000,1.220500,1.220800,D
173609068,EUR/USD,2005-08-01 22:51:40.000,1.220600,1.220900,D
173609070,EUR/USD,2005-08-01 22:51:41.000,1.220700,1.221000,D
173609077,EUR/USD,2005-08-01 22:51:42.000,1.220600,1.220900,D
173609101,EUR/USD,2005-08-01 22:51:58.000,1.220500,1.220800,D
173609114,EUR/USD,2005-08-01 22:52:03.000,1.220600,1.220900,D
173609152,EUR/USD,2005-08-01 22:52:18.000,1.220500,1.220800,D
173609163,EUR/USD,2005-08-01 22:52:24.000,1.220600,1.220900,D
173609182,EUR/USD,2005-08-01 22:52:40.000,1.220700,1.221000,D
173609227,EUR/USD,2005-08-01 22:52:57.000,1.220800,1.221100,D
173609252,EUR/USD,2005-08-01 22:53:54.000,1.220700,1.221000,D
173609274,EUR/USD,2005-08-01 22:54:18.000,1.220600,1.220900,D
173609282,EUR/USD,2005-08-01 22:55:00.000,1.220500,1.220800,D
173609295,EUR/USD,2005-08-01 22:55:15.000,1.220400,1.220700,D
173609298,EUR/USD,2005-08-01 22:55:16.000,1.220500,1.220800,D
173609303,EUR/USD,2005-08-01 22:55:21.000,1.220400,1.220700,D
173609335,EUR/USD,2005-08-01 22:55:59.000,1.220300,1.220600,D
173609374,EUR/USD,2005-08-01 22:56:10.000,1.220400,1.220700,D
173609387,EUR/USD,2005-08-01 22:56:15.000,1.220500,1.220800,D
173609424,EUR/USD,2005-08-01 22:57:05.000,1.220600,1.220900,D
173609438,EUR/USD,2005-08-01 22:57:15.000,1.220700,1.221000,D
173609449,EUR/USD,2005-08-01 22:57:18.000,1.220600,1.220900,D
173609458,EUR/USD,2005-08-01 22:57:28.000,1.220700,1.221000,D
173609473,EUR/USD,2005-08-01 22:58:01.000,1.220600,1.220900,D
173609478,EUR/USD,2005-08-01 22:58:06.000,1.220500,1.220800,D
173609481,EUR/USD,2005-08-01 22:58:06.000,1.220400,1.220700,D
173609489,EUR/USD,2005-08-01 22:58:09.000,1.220500,1.220800,D
173609498,EUR/USD,2005-08-01 22:58:11.000,1.220600,1.220900,D
173609504,EUR/USD,2005-08-01 22:58:12.000,1.220400,1.220700,D
173609507,EUR/USD,2005-08-01 22:58:12.000,1.220500,1.220800,D
173609513,EUR/USD,2005-08-01 22:58:13.000,1.220400,1.220700,D
173609529,EUR/USD,2005-08-01 22:58:27.000,1.220300,1.220600,D
173609547,EUR/USD,2005-08-01 22:58:48.000,1.220200,1.220500,D
173609554,EUR/USD,2005-08-01 22:58:57.000,1.220300,1.220600,D
173609557,EUR/USD,2005-08-01 22:58:57.000,1.220200,1.220500,D
173609561,EUR/USD,2005-08-01 22:58:59.000,1.220300,1.220600,D
173609569,EUR/USD,2005-08-01 22:59:02.000,1.220200,1.220500,D
173609573,EUR/USD,2005-08-01 22:59:08.000,1.220300,1.220600,D
173609585,EUR/USD,2005-08-01 22:59:12.000,1.220200,1.220500,D
173609589,EUR/USD,2005-08-01 22:59:15.000,1.220300,1.220600,D
173609608,EUR/USD,2005-08-01 22:59:19.000,1.220200,1.220500,D
173609612,EUR/USD,2005-08-01 22:59:21.000,1.220300,1.220600,D
173609673,EUR/USD,2005-08-01 23:00:26.000,1.220200,1.220500,D
173609688,EUR/USD,2005-08-01 23:00:31.000,1.220300,1.220600,D
173609697,EUR/USD,2005-08-01 23:00:36.000,1.220200,1.220500,D
173609728,EUR/USD,2005-08-01 23:01:05.000,1.220300,1.220600,D
173609748,EUR/USD,2005-08-01 23:01:29.000,1.220400,1.220700,D
173609765,EUR/USD,2005-08-01 23:01:37.000,1.220300,1.220600,D
173609771,EUR/USD,2005-08-01 23:01:49.000,1.220400,1.220700,D
173609802,EUR/USD,2005-08-01 23:03:14.000,1.220300,1.220600,D
173609867,EUR/USD,2005-08-01 23:05:02.000,1.220200,1.220500,D
173609873,EUR/USD,2005-08-01 23:05:12.000,1.220300,1.220600,D
173609878,EUR/USD,2005-08-01 23:05:15.000,1.220200,1.220500,D
173609882,EUR/USD,2005-08-01 23:05:25.000,1.220300,1.220600,D
173609892,EUR/USD,2005-08-01 23:05:29.000,1.220200,1.220500,D
173609900,EUR/USD,2005-08-01 23:05:47.000,1.220300,1.220600,D
173609905,EUR/USD,2005-08-01 23:05:49.000,1.220200,1.220500,D
173609910,EUR/USD,2005-08-01 23:06:03.000,1.220300,1.220600,D
173609914,EUR/USD,2005-08-01 23:06:05.000,1.220200,1.220500,D
173609932,EUR/USD,2005-08-01 23:06:32.000,1.220300,1.220600,D
173609944,EUR/USD,2005-08-01 23:06:37.000,1.220200,1.220500,D
173610030,EUR/USD,2005-08-01 23:08:00.000,1.220300,1.220600,D
173610039,EUR/USD,2005-08-01 23:08:08.000,1.220200,1.220500,D
173610046,EUR/USD,2005-08-01 23:08:17.000,1.220300,1.220600,D
173610078,EUR/USD,2005-08-01 23:09:41.000,1.220200,1.220500,D
173610082,EUR/USD,2005-08-01 23:09:43.000,1.220300,1.220600,D
173610086,EUR/USD,2005-08-01 23:09:44.000,1.220200,1.220500,D
173610101,EUR/USD,2005-08-01 23:10:40.000,1.220300,1.220600,D
173610108,EUR/USD,2005-08-01 23:10:53.000,1.220200,1.220500,D
173610152,EUR/USD,2005-08-01 23:11:28.000,1.220100,1.220400,D
173610154,EUR/USD,2005-08-01 23:11:28.000,1.220200,1.220500,D
173610170,EUR/USD,2005-08-01 23:11:32.000,1.220100,1.220400,D
173610194,EUR/USD,2005-08-01 23:12:08.000,1.220200,1.220500,D
173610201,EUR/USD,2005-08-01 23:12:38.000,1.220100,1.220400,D
173610238,EUR/USD,2005-08-01 23:13:54.000,1.220200,1.220500,D
173610249,EUR/USD,2005-08-01 23:14:02.000,1.220300,1.220600,D
173610268,EUR/USD,2005-08-01 23:14:14.000,1.220200,1.220500,D
173610281,EUR/USD,2005-08-01 23:14:21.000,1.220300,1.220600,D
173610287,EUR/USD,2005-08-01 23:14:25.000,1.220400,1.220700,D
173610292,EUR/USD,2005-08-01 23:14:25.000,1.220500,1.220800,D
173610305,EUR/USD,2005-08-01 23:14:32.000,1.220600,1.220900,D
173610320,EUR/USD,2005-08-01 23:14:35.000,1.220500,1.220800,D
173610376,EUR/USD,2005-08-01 23:15:32.000,1.220400,1.220700,D
173610449,EUR/USD,2005-08-01 23:16:42.000,1.220500,1.220800,D
173610467,EUR/USD,2005-08-01 23:17:13.000,1.220400,1.220700,D
173610491,EUR/USD,2005-08-01 23:17:53.000,1.220500,1.220800,D
173610581,EUR/USD,2005-08-01 23:20:45.000,1.220600,1.220900,D
173610652,EUR/USD,2005-08-01 23:21:10.000,1.220700,1.221000,D
173610735,EUR/USD,2005-08-01 23:21:55.000,1.220800,1.221100,D
173610745,EUR/USD,2005-08-01 23:22:02.000,1.220700,1.221000,D
173610750,EUR/USD,2005-08-01 23:22:04.000,1.220800,1.221100,D
173610762,EUR/USD,2005-08-01 23:22:14.000,1.220900,1.221200,D
173610768,EUR/USD,2005-08-01 23:22:19.000,1.220800,1.221100,D
173610816,EUR/USD,2005-08-01 23:24:38.000,1.220700,1.221000,D
173610858,EUR/USD,2005-08-01 23:25:59.000,1.220600,1.220900,D
173610998,EUR/USD,2005-08-01 23:29:14.000,1.220700,1.221000,D
173611004,EUR/USD,2005-08-01 23:29:17.000,1.220600,1.220900,D
173611019,EUR/USD,2005-08-01 23:29:40.000,1.220700,1.221000,D
173611038,EUR/USD,2005-08-01 23:29:55.000,1.220600,1.220900,D
173611063,EUR/USD,2005-08-01 23:31:13.000,1.220700,1.221000,D
173611083,EUR/USD,2005-08-01 23:32:13.000,1.220800,1.221100,D
173611095,EUR/USD,2005-08-01 23:32:23.000,1.220900,1.221200,D
173611102,EUR/USD,2005-08-01 23:32:30.000,1.220800,1.221100,D
173611106,EUR/USD,2005-08-01 23:32:37.000,1.220900,1.221200,D
173611123,EUR/USD,2005-08-01 23:32:44.000,1.220800,1.221100,D
173611131,EUR/USD,2005-08-01 23:32:48.000,1.220900,1.221200,D
173611134,EUR/USD,2005-08-01 23:32:52.000,1.220800,1.221100,D
173611155,EUR/USD,2005-08-01 23:33:19.000,1.220900,1.221200,D
173611194,EUR/USD,2005-08-01 23:34:10.000,1.221000,1.221300,D
173611210,EUR/USD,2005-08-01 23:34:17.000,1.220900,1.221200,D
173611230,EUR/USD,2005-08-01 23:34:28.000,1.221000,1.221300,D
173611232,EUR/USD,2005-08-01 23:34:28.000,1.221100,1.221400,D
173611236,EUR/USD,2005-08-01 23:34:30.000,1.221000,1.221300,D
173611251,EUR/USD,2005-08-01 23:34:37.000,1.220900,1.221200,D
173611325,EUR/USD,2005-08-01 23:36:37.000,1.220800,1.221100,D
173611409,EUR/USD,2005-08-01 23:39:04.000,1.220900,1.221200,D
173611421,EUR/USD,2005-08-01 23:39:06.000,1.220800,1.221100,D
173611434,EUR/USD,2005-08-01 23:39:13.000,1.220900,1.221200,D
173611449,EUR/USD,2005-08-01 23:39:16.000,1.220800,1.221100,D
173611462,EUR/USD,2005-08-01 23:39:27.000,1.220900,1.221200,D
173611466,EUR/USD,2005-08-01 23:39:28.000,1.220800,1.221100,D
173611499,EUR/USD,2005-08-01 23:40:10.000,1.220900,1.221200,D
173611549,EUR/USD,2005-08-01 23:40:49.000,1.221000,1.221300,D
173611559,EUR/USD,2005-08-01 23:40:58.000,1.220900,1.221200,D
173611569,EUR/USD,2005-08-01 23:41:23.000,1.220800,1.221100,D
173611575,EUR/USD,2005-08-01 23:41:24.000,1.220900,1.221200,D
173611582,EUR/USD,2005-08-01 23:41:39.000,1.221100,1.221400,D
173611594,EUR/USD,2005-08-01 23:41:42.000,1.221000,1.221300,D
173611604,EUR/USD,2005-08-01 23:41:44.000,1.221100,1.221400,D
173611606,EUR/USD,2005-08-01 23:41:46.000,1.221000,1.221300,D
173611615,EUR/USD,2005-08-01 23:41:51.000,1.221100,1.221400,D
173611621,EUR/USD,2005-08-01 23:41:53.000,1.221000,1.221300,D
173611665,EUR/USD,2005-08-01 23:42:17.000,1.221100,1.221400,D
173611670,EUR/USD,2005-08-01 23:42:19.000,1.221000,1.221300,D
173611677,EUR/USD,2005-08-01 23:42:27.000,1.221100,1.221400,D
173611685,EUR/USD,2005-08-01 23:42:31.000,1.221300,1.221600,D
173611700,EUR/USD,2005-08-01 23:42:34.000,1.221200,1.221500,D
173611728,EUR/USD,2005-08-01 23:42:56.000,1.221100,1.221400,D
173611738,EUR/USD,2005-08-01 23:42:58.000,1.221200,1.221500,D
173611744,EUR/USD,2005-08-01 23:43:02.000,1.221300,1.221600,D
173611752,EUR/USD,2005-08-01 23:43:07.000,1.221200,1.221500,D
173611759,EUR/USD,2005-08-01 23:43:08.000,1.221300,1.221600,D
173611776,EUR/USD,2005-08-01 23:43:22.000,1.221200,1.221500,D
173611782,EUR/USD,2005-08-01 23:43:25.000,1.221300,1.221600,D
173611787,EUR/USD,2005-08-01 23:43:28.000,1.221200,1.221500,D
173611802,EUR/USD,2005-08-01 23:43:53.000,1.221100,1.221400,D
173611841,EUR/USD,2005-08-01 23:44:42.000,1.221200,1.221500,D
173611861,EUR/USD,2005-08-01 23:45:18.000,1.221100,1.221400,D
173611864,EUR/USD,2005-08-01 23:45:23.000,1.221200,1.221500,D
173611888,EUR/USD,2005-08-01 23:45:51.000,1.221300,1.221600,D
173611891,EUR/USD,2005-08-01 23:45:53.000,1.221200,1.221500,D
173611893,EUR/USD,2005-08-01 23:45:56.000,1.221100,1.221400,D
173611896,EUR/USD,2005-08-01 23:46:00.000,1.221200,1.221500,D
173611922,EUR/USD,2005-08-01 23:46:27.000,1.221100,1.221400,D
173611926,EUR/USD,2005-08-01 23:46:41.000,1.221200,1.221500,D
173611945,EUR/USD,2005-08-01 23:47:04.000,1.221300,1.221600,D
173611953,EUR/USD,2005-08-01 23:47:07.000,1.221400,1.221700,D
173611956,EUR/USD,2005-08-01 23:47:07.000,1.221500,1.221800,D
173611971,EUR/USD,2005-08-01 23:47:37.000,1.221600,1.221900,D
173611981,EUR/USD,2005-08-01 23:47:39.000,1.221500,1.221800,D
173611991,EUR/USD,2005-08-01 23:47:41.000,1.221600,1.221900,D
173612019,EUR/USD,2005-08-01 23:48:03.000,1.221700,1.222000,D
173612027,EUR/USD,2005-08-01 23:48:05.000,1.221800,1.222100,D
173612073,EUR/USD,2005-08-01 23:48:20.000,1.221700,1.222000,D
173612083,EUR/USD,2005-08-01 23:48:25.000,1.221800,1.222100,D
173612091,EUR/USD,2005-08-01 23:48:27.000,1.221700,1.222000,D
173612115,EUR/USD,2005-08-01 23:48:52.000,1.221800,1.222100,D
173612136,EUR/USD,2005-08-01 23:49:10.000,1.221700,1.222000,D
173612143,EUR/USD,2005-08-01 23:49:11.000,1.221800,1.222100,D
173612160,EUR/USD,2005-08-01 23:49:33.000,1.221700,1.222000,D
173612165,EUR/USD,2005-08-01 23:49:35.000,1.221600,1.221900,D
173612173,EUR/USD,2005-08-01 23:49:37.000,1.221700,1.222000,D
173612198,EUR/USD,2005-08-01 23:49:55.000,1.221800,1.222100,D
173612207,EUR/USD,2005-08-01 23:49:59.000,1.221700,1.222000,D
173612304,EUR/USD,2005-08-01 23:52:51.000,1.221600,1.221900,D
173612347,EUR/USD,2005-08-01 23:53:18.000,1.221700,1.222000,D
173612356,EUR/USD,2005-08-01 23:53:22.000,1.221600,1.221900,D
173612470,EUR/USD,2005-08-01 23:55:50.000,1.221700,1.222000,D
173612481,EUR/USD,2005-08-01 23:55:59.000,1.221600,1.221900,D
173612587,EUR/USD,2005-08-01 23:58:21.000,1.221700,1.222000,D
173612643,EUR/USD,2005-08-01 23:58:54.000,1.221800,1.222100,D
173612667,EUR/USD,2005-08-01 23:59:11.000,1.221900,1.222200,D
173612679,EUR/USD,2005-08-01 23:59:14.000,1.221800,1.222100,D
173612681,EUR/USD,2005-08-01 23:59:15.000,1.221900,1.222200,D
173612685,EUR/USD,2005-08-01 23:59:16.000,1.222000,1.222300,D
173612734,EUR/USD,2005-08-01 23:59:47.000,1.221900,1.222200,D
173612743,EUR/USD,2005-08-01 23:59:48.000,1.221800,1.222100,D
173612752,EUR/USD,2005-08-01 23:59:51.000,1.221900,1.222200,D
173612759,EUR/USD,2005-08-01 23:59:55.000,1.221800,1.222100,D
173612765,EUR/USD,2005-08-01 23:59:58.000,1.221900,1.222200,D
173612795,EUR/USD,2005-08-02 00:00:18.000,1.222000,1.222300,D
173612806,EUR/USD,2005-08-02 00:00:21.000,1.221900,1.222200,D
173612825,EUR/USD,2005-08-02 00:00:25.000,1.222000,1.222300,D
173612885,EUR/USD,2005-08-02 00:00:46.000,1.222100,1.222400,D
173612889,EUR/USD,2005-08-02 00:00:50.000,1.222000,1.222300,D
173612957,EUR/USD,2005-08-02 00:01:34.000,1.222100,1.222400,D
173612960,EUR/USD,2005-08-02 00:01:34.000,1.222200,1.222500,D
173612969,EUR/USD,2005-08-02 00:01:37.000,1.222100,1.222400,D
173612985,EUR/USD,2005-08-02 00:01:41.000,1.222000,1.222300,D
173612995,EUR/USD,2005-08-02 00:01:42.000,1.222100,1.222400,D
173613011,EUR/USD,2005-08-02 00:01:46.000,1.222200,1.222500,D
173613015,EUR/USD,2005-08-02 00:01:47.000,1.222100,1.222400,D
173613038,EUR/USD,2005-08-02 00:01:55.000,1.222200,1.222500,D
173613043,EUR/USD,2005-08-02 00:01:59.000,1.222100,1.222400,D
173613062,EUR/USD,2005-08-02 00:02:05.000,1.222000,1.222300,D
173613064,EUR/USD,2005-08-02 00:02:05.000,1.221800,1.222100,D
173613078,EUR/USD,2005-08-02 00:02:06.000,1.221900,1.222200,D
173613086,EUR/USD,2005-08-02 00:02:06.000,1.221800,1.222100,D
173613094,EUR/USD,2005-08-02 00:02:07.000,1.221900,1.222200,D
173613096,EUR/USD,2005-08-02 00:02:07.000,1.222000,1.222300,D
173613110,EUR/USD,2005-08-02 00:02:10.000,1.222100,1.222400,D
173613115,EUR/USD,2005-08-02 00:02:11.000,1.222000,1.222300,D
173613129,EUR/USD,2005-08-02 00:02:20.000,1.221900,1.222200,D
173613131,EUR/USD,2005-08-02 00:02:20.000,1.222000,1.222300,D
173613134,EUR/USD,2005-08-02 00:02:21.000,1.221900,1.222200,D
173613137,EUR/USD,2005-08-02 00:02:21.000,1.222000,1.222300,D
173613149,EUR/USD,2005-08-02 00:02:31.000,1.221900,1.222200,D
173613190,EUR/USD,2005-08-02 00:02:55.000,1.222000,1.222300,D
173613271,EUR/USD,2005-08-02 00:03:40.000,1.221900,1.222200,D
173613339,EUR/USD,2005-08-02 00:04:31.000,1.222000,1.222300,D
173613358,EUR/USD,2005-08-02 00:04:40.000,1.221900,1.222200,D
173613395,EUR/USD,2005-08-02 00:05:21.000,1.222000,1.222300,D
173613398,EUR/USD,2005-08-02 00:05:22.000,1.221900,1.222200,D
173613406,EUR/USD,2005-08-02 00:05:26.000,1.222000,1.222300,D
173613454,EUR/USD,2005-08-02 00:05:50.000,1.222100,1.222400,D
173613463,EUR/USD,2005-08-02 00:05:53.000,1.222000,1.222300,D
173613479,EUR/USD,2005-08-02 00:06:01.000,1.222100,1.222400,D
173613498,EUR/USD,2005-08-02 00:06:05.000,1.222200,1.222500,D
173613522,EUR/USD,2005-08-02 00:06:16.000,1.222100,1.222400,D
173613531,EUR/USD,2005-08-02 00:06:19.000,1.222000,1.222300,D
173613536,EUR/USD,2005-08-02 00:06:19.000,1.222100,1.222400,D
173613543,EUR/USD,2005-08-02 00:06:22.000,1.222200,1.222500,D
173613550,EUR/USD,2005-08-02 00:06:22.000,1.222100,1.222400,D
173613556,EUR/USD,2005-08-02 00:06:23.000,1.222000,1.222300,D
173613571,EUR/USD,2005-08-02 00:06:27.000,1.222100,1.222400,D
173613600,EUR/USD,2005-08-02 00:06:52.000,1.222200,1.222500,D
173613643,EUR/USD,2005-08-02 00:07:29.000,1.222300,1.222600,D
173613651,EUR/USD,2005-08-02 00:07:30.000,1.222200,1.222500,D
173613680,EUR/USD,2005-08-02 00:08:04.000,1.222100,1.222400,D
173613682,EUR/USD,2005-08-02 00:08:05.000,1.222000,1.222300,D
173613688,EUR/USD,2005-08-02 00:08:05.000,1.222100,1.222400,D
173613690,EUR/USD,2005-08-02 00:08:05.000,1.222200,1.222500,D
173613703,EUR/USD,2005-08-02 00:08:16.000,1.222100,1.222400,D
173613704,EUR/USD,2005-08-02 00:08:17.000,1.222000,1.222300,D
173613711,EUR/USD,2005-08-02 00:08:18.000,1.222100,1.222400,D
173613716,EUR/USD,2005-08-02 00:08:18.000,1.222200,1.222500,D
173613735,EUR/USD,2005-08-02 00:08:27.000,1.222300,1.222600,D
173613737,EUR/USD,2005-08-02 00:08:27.000,1.222200,1.222500,D
173613747,EUR/USD,2005-08-02 00:08:45.000,1.222300,1.222600,D
173613753,EUR/USD,2005-08-02 00:08:48.000,1.222200,1.222500,D
173613758,EUR/USD,2005-08-02 00:08:49.000,1.222100,1.222400,D
173613760,EUR/USD,2005-08-02 00:08:49.000,1.222200,1.222500,D
173613763,EUR/USD,2005-08-02 00:08:53.000,1.222100,1.222400,D
173613771,EUR/USD,2005-08-02 00:08:55.000,1.222200,1.222500,D
173613773,EUR/USD,2005-08-02 00:08:56.000,1.222100,1.222400,D
173613779,EUR/USD,2005-08-02 00:08:59.000,1.222200,1.222500,D
173613787,EUR/USD,2005-08-02 00:09:00.000,1.222100,1.222400,D
173613798,EUR/USD,2005-08-02 00:09:02.000,1.222200,1.222500,D
173613808,EUR/USD,2005-08-02 00:09:03.000,1.222300,1.222600,D
173613819,EUR/USD,2005-08-02 00:09:12.000,1.222200,1.222500,D
173613827,EUR/USD,2005-08-02 00:09:16.000,1.222300,1.222600,D
173613834,EUR/USD,2005-08-02 00:09:21.000,1.222200,1.222500,D
173613878,EUR/USD,2005-08-02 00:09:48.000,1.222300,1.222600,D
173613885,EUR/USD,2005-08-02 00:09:51.000,1.222200,1.222500,D
173613906,EUR/USD,2005-08-02 00:10:08.000,1.222300,1.222600,D
173613931,EUR/USD,2005-08-02 00:10:29.000,1.222400,1.222700,D
173613935,EUR/USD,2005-08-02 00:10:29.000,1.222300,1.222600,D
173613973,EUR/USD,2005-08-02 00:10:41.000,1.222400,1.222700,D
173613974,EUR/USD,2005-08-02 00:10:42.000,1.222300,1.222600,D
173613984,EUR/USD,2005-08-02 00:10:47.000,1.222200,1.222500,D
173613987,EUR/USD,2005-08-02 00:10:47.000,1.222100,1.222400,D
173613996,EUR/USD,2005-08-02 00:10:51.000,1.222200,1.222500,D
173614029,EUR/USD,2005-08-02 00:11:15.000,1.222300,1.222600,D
173614033,EUR/USD,2005-08-02 00:11:16.000,1.222200,1.222500,D
173614041,EUR/USD,2005-08-02 00:11:20.000,1.222300,1.222600,D
173614098,EUR/USD,2005-08-02 00:12:02.000,1.222400,1.222700,D
173614128,EUR/USD,2005-08-02 00:12:19.000,1.222500,1.222800,D
173614146,EUR/USD,2005-08-02 00:12:25.000,1.222600,1.222900,D
173614153,EUR/USD,2005-08-02 00:12:27.000,1.222500,1.222800,D
173614159,EUR/USD,2005-08-02 00:12:30.000,1.222600,1.222900,D
173614170,EUR/USD,2005-08-02 00:12:38.000,1.222500,1.222800,D
173614181,EUR/USD,2005-08-02 00:12:41.000,1.222400,1.222700,D
173614188,EUR/USD,2005-08-02 00:12:43.000,1.222500,1.222800,D
173614212,EUR/USD,2005-08-02 00:12:58.000,1.222400,1.222700,D
173614216,EUR/USD,2005-08-02 00:12:59.000,1.222500,1.222800,D
173614230,EUR/USD,2005-08-02 00:13:08.000,1.222400,1.222700,D
173614240,EUR/USD,2005-08-02 00:13:10.000,1.222500,1.222800,D
173614251,EUR/USD,2005-08-02 00:13:13.000,1.222400,1.222700,D
173614259,EUR/USD,2005-08-02 00:13:14.000,1.222500,1.222800,D
173614277,EUR/USD,2005-08-02 00:13:21.000,1.222600,1.222900,D
173614280,EUR/USD,2005-08-02 00:13:23.000,1.222500,1.222800,D
173614314,EUR/USD,2005-08-02 00:13:40.000,1.222400,1.222700,D
173614339,EUR/USD,2005-08-02 00:13:50.000,1.222300,1.222600,D
173614343,EUR/USD,2005-08-02 00:13:51.000,1.222400,1.222700,D
173614396,EUR/USD,2005-08-02 00:14:11.000,1.222500,1.222800,D
173614397,EUR/USD,2005-08-02 00:14:11.000,1.222400,1.222700,D
173614401,EUR/USD,2005-08-02 00:14:12.000,1.222300,1.222600,D
173614410,EUR/USD,2005-08-02 00:14:13.000,1.222400,1.222700,D
173614427,EUR/USD,2005-08-02 00:14:16.000,1.222300,1.222600,D
173614468,EUR/USD,2005-08-02 00:14:43.000,1.222200,1.222500,D
173614490,EUR/USD,2005-08-02 00:14:57.000,1.222300,1.222600,D
173614496,EUR/USD,2005-08-02 00:14:57.000,1.222200,1.222500,D
173614506,EUR/USD,2005-08-02 00:15:01.000,1.222100,1.222400,D
173614520,EUR/USD,2005-08-02 00:15:08.000,1.222000,1.222300,D
173614531,EUR/USD,2005-08-02 00:15:14.000,1.222100,1.222400,D
173614569,EUR/USD,2005-08-02 00:15:34.000,1.222000,1.222300,D
173614588,EUR/USD,2005-08-02 00:16:04.000,1.221900,1.222200,D
173614599,EUR/USD,2005-08-02 00:16:10.000,1.222000,1.222300,D
173614602,EUR/USD,2005-08-02 00:16:11.000,1.222100,1.222400,D
173614625,EUR/USD,2005-08-02 00:16:27.000,1.222000,1.222300,D
173614628,EUR/USD,2005-08-02 00:16:28.000,1.221900,1.222200,D
173614667,EUR/USD,2005-08-02 00:16:40.000,1.221800,1.222100,D
173614682,EUR/USD,2005-08-02 00:16:51.000,1.221700,1.222000,D
173614736,EUR/USD,2005-08-02 00:17:03.000,1.221600,1.221900,D
173614768,EUR/USD,2005-08-02 00:17:20.000,1.221500,1.221800,D
173614776,EUR/USD,2005-08-02 00:17:23.000,1.221600,1.221900,D
173614804,EUR/USD,2005-08-02 00:17:29.000,1.221500,1.221800,D
173614850,EUR/USD,2005-08-02 00:17:50.000,1.221400,1.221700,D
173614877,EUR/USD,2005-08-02 00:17:58.000,1.221300,1.221600,D
173614893,EUR/USD,2005-08-02 00:18:04.000,1.221200,1.221500,D
173614897,EUR/USD,2005-08-02 00:18:05.000,1.221300,1.221600,D
173614917,EUR/USD,2005-08-02 00:18:16.000,1.221400,1.221700,D
173614922,EUR/USD,2005-08-02 00:18:17.000,1.221500,1.221800,D
173614950,EUR/USD,2005-08-02 00:18:23.000,1.221400,1.221700,D
173614970,EUR/USD,2005-08-02 00:18:29.000,1.221500,1.221800,D
173614974,EUR/USD,2005-08-02 00:18:31.000,1.221400,1.221700,D
173614976,EUR/USD,2005-08-02 00:18:32.000,1.221300,1.221600,D
173614979,EUR/USD,2005-08-02 00:18:32.000,1.221400,1.221700,D
173614986,EUR/USD,2005-08-02 00:18:34.000,1.221500,1.221800,D
173614991,EUR/USD,2005-08-02 00:18:36.000,1.221400,1.221700,D
173614997,EUR/USD,2005-08-02 00:18:40.000,1.221300,1.221600,D
173615003,EUR/USD,2005-08-02 00:19:00.000,1.221200,1.221500,D
173615008,EUR/USD,2005-08-02 00:19:02.000,1.221300,1.221600,D
173615109,EUR/USD,2005-08-02 00:19:55.000,1.221400,1.221700,D
173615124,EUR/USD,2005-08-02 00:19:59.000,1.221500,1.221800,D
173615245,EUR/USD,2005-08-02 00:21:37.000,1.221600,1.221900,D
173615323,EUR/USD,2005-08-02 00:23:21.000,1.221500,1.221800,D
173615350,EUR/USD,2005-08-02 00:23:31.000,1.221300,1.221600,D
173615484,EUR/USD,2005-08-02 00:24:33.000,1.221400,1.221700,D
173615491,EUR/USD,2005-08-02 00:24:37.000,1.221500,1.221800,D
173615525,EUR/USD,2005-08-02 00:25:18.000,1.221400,1.221700,D
173615526,EUR/USD,2005-08-02 00:25:18.000,1.221300,1.221600,D
173615546,EUR/USD,2005-08-02 00:25:45.000,1.221200,1.221500,D
173615583,EUR/USD,2005-08-02 00:26:21.000,1.221100,1.221400,D
173615606,EUR/USD,2005-08-02 00:26:33.000,1.221200,1.221500,D
173615615,EUR/USD,2005-08-02 00:26:38.000,1.221100,1.221400,D
173615630,EUR/USD,2005-08-02 00:26:58.000,1.221200,1.221500,D
173615635,EUR/USD,2005-08-02 00:26:59.000,1.221100,1.221400,D
173615644,EUR/USD,2005-08-02 00:27:18.000,1.221000,1.221300,D
173615684,EUR/USD,2005-08-02 00:28:26.000,1.221100,1.221400,D
173615707,EUR/USD,2005-08-02 00:29:22.000,1.221000,1.221300,D
173615752,EUR/USD,2005-08-02 00:29:50.000,1.221100,1.221400,D
173615758,EUR/USD,2005-08-02 00:29:52.000,1.221000,1.221300,D
173615817,EUR/USD,2005-08-02 00:30:34.000,1.220900,1.221200,D
173615849,EUR/USD,2005-08-02 00:30:46.000,1.220800,1.221100,D
173615865,EUR/USD,2005-08-02 00:30:50.000,1.220700,1.221000,D
173615866,EUR/USD,2005-08-02 00:30:50.000,1.220800,1.221100,D
173615885,EUR/USD,2005-08-02 00:30:53.000,1.220700,1.221000,D
173615928,EUR/USD,2005-08-02 00:31:06.000,1.220800,1.221100,D
173615933,EUR/USD,2005-08-02 00:31:08.000,1.220700,1.221000,D
173615971,EUR/USD,2005-08-02 00:31:16.000,1.220800,1.221100,D
173615977,EUR/USD,2005-08-02 00:31:19.000,1.220700,1.221000,D
173615983,EUR/USD,2005-08-02 00:31:20.000,1.220800,1.221100,D
173616031,EUR/USD,2005-08-02 00:32:12.000,1.220700,1.221000,D
173616051,EUR/USD,2005-08-02 00:32:19.000,1.220800,1.221100,D
173616119,EUR/USD,2005-08-02 00:32:41.000,1.220700,1.221000,D
173616122,EUR/USD,2005-08-02 00:32:42.000,1.220800,1.221100,D
173616127,EUR/USD,2005-08-02 00:32:43.000,1.220700,1.221000,D
173616172,EUR/USD,2005-08-02 00:32:55.000,1.220800,1.221100,D
173616232,EUR/USD,2005-08-02 00:34:26.000,1.220900,1.221200,D
173616254,EUR/USD,2005-08-02 00:34:41.000,1.221000,1.221300,D
173616257,EUR/USD,2005-08-02 00:34:42.000,1.220900,1.221200,D
173616266,EUR/USD,2005-08-02 00:34:46.000,1.221000,1.221300,D
173616303,EUR/USD,2005-08-02 00:35:03.000,1.221100,1.221400,D
173616328,EUR/USD,2005-08-02 00:35:14.000,1.221200,1.221500,D
173616338,EUR/USD,2005-08-02 00:35:15.000,1.221300,1.221600,D
173616378,EUR/USD,2005-08-02 00:35:53.000,1.221400,1.221700,D
173616401,EUR/USD,2005-08-02 00:36:16.000,1.221500,1.221800,D
173616413,EUR/USD,2005-08-02 00:36:19.000,1.221600,1.221900,D
173616419,EUR/USD,2005-08-02 00:36:20.000,1.221500,1.221800,D
173616465,EUR/USD,2005-08-02 00:36:51.000,1.221400,1.221700,D
173616470,EUR/USD,2005-08-02 00:36:52.000,1.221300,1.221600,D
173616478,EUR/USD,2005-08-02 00:36:55.000,1.221400,1.221700,D
173616488,EUR/USD,2005-08-02 00:37:08.000,1.221300,1.221600,D
173616497,EUR/USD,2005-08-02 00:37:10.000,1.221400,1.221700,D
173616503,EUR/USD,2005-08-02 00:37:11.000,1.221300,1.221600,D
173616531,EUR/USD,2005-08-02 00:38:04.000,1.221400,1.221700,D
173616595,EUR/USD,2005-08-02 00:39:44.000,1.221300,1.221600,D
173616635,EUR/USD,2005-08-02 00:40:45.000,1.221400,1.221700,D
173616673,EUR/USD,2005-08-02 00:41:24.000,1.221500,1.221800,D
173616832,EUR/USD,2005-08-02 00:45:27.000,1.221600,1.221900,D
173616842,EUR/USD,2005-08-02 00:45:29.000,1.221500,1.221800,D
173616933,EUR/USD,2005-08-02 00:46:04.000,1.221600,1.221900,D
173616958,EUR/USD,2005-08-02 00:46:41.000,1.221500,1.221800,D
173616961,EUR/USD,2005-08-02 00:46:49.000,1.221600,1.221900,D
173616997,EUR/USD,2005-08-02 00:47:58.000,1.221500,1.221800,D
173617000,EUR/USD,2005-08-02 00:48:04.000,1.221600,1.221900,D
173617134,EUR/USD,2005-08-02 00:50:15.000,1.221700,1.222000,D
173617137,EUR/USD,2005-08-02 00:50:15.000,1.221600,1.221900,D
173617145,EUR/USD,2005-08-02 00:50:16.000,1.221700,1.222000,D
173617153,EUR/USD,2005-08-02 00:50:21.000,1.221600,1.221900,D
173617171,EUR/USD,2005-08-02 00:50:24.000,1.221700,1.222000,D
173617184,EUR/USD,2005-08-02 00:50:25.000,1.221600,1.221900,D
173617188,EUR/USD,2005-08-02 00:50:26.000,1.221700,1.222000,D
173617203,EUR/USD,2005-08-02 00:50:32.000,1.221600,1.221900,D
173617219,EUR/USD,2005-08-02 00:50:37.000,1.221700,1.222000,D
173617347,EUR/USD,2005-08-02 00:52:14.000,1.221600,1.221900,D
173617368,EUR/USD,2005-08-02 00:52:19.000,1.221700,1.222000,D
173617389,EUR/USD,2005-08-02 00:52:38.000,1.221600,1.221900,D
173617447,EUR/USD,2005-08-02 00:53:00.000,1.221500,1.221800,D
173617456,EUR/USD,2005-08-02 00:53:08.000,1.221600,1.221900,D
173617475,EUR/USD,2005-08-02 00:53:13.000,1.221500,1.221800,D
173617506,EUR/USD,2005-08-02 00:53:34.000,1.221600,1.221900,D
173617534,EUR/USD,2005-08-02 00:53:56.000,1.221700,1.222000,D
173617585,EUR/USD,2005-08-02 00:54:59.000,1.221600,1.221900,D
173617592,EUR/USD,2005-08-02 00:55:09.000,1.221700,1.222000,D
173617621,EUR/USD,2005-08-02 00:55:30.000,1.221600,1.221900,D
173617634,EUR/USD,2005-08-02 00:55:43.000,1.221500,1.221800,D
173617640,EUR/USD,2005-08-02 00:55:57.000,1.221600,1.221900,D
173617688,EUR/USD,2005-08-02 00:57:00.000,1.221500,1.221800,D
173617708,EUR/USD,2005-08-02 00:57:13.000,1.221600,1.221900,D
173617728,EUR/USD,2005-08-02 00:57:21.000,1.221700,1.222000,D
173617746,EUR/USD,2005-08-02 00:57:28.000,1.221600,1.221900,D
173617753,EUR/USD,2005-08-02 00:57:31.000,1.221700,1.222000,D
173617765,EUR/USD,2005-08-02 00:57:36.000,1.221600,1.221900,D
173617766,EUR/USD,2005-08-02 00:57:36.000,1.221700,1.222000,D
173617796,EUR/USD,2005-08-02 00:57:43.000,1.221600,1.221900,D
173617832,EUR/USD,2005-08-02 00:58:03.000,1.221700,1.222000,D
173617837,EUR/USD,2005-08-02 00:58:04.000,1.221600,1.221900,D
173617838,EUR/USD,2005-08-02 00:58:06.000,1.221700,1.222000,D
173617926,EUR/USD,2005-08-02 01:00:10.000,1.221600,1.221900,D
173617935,EUR/USD,2005-08-02 01:00:14.000,1.221700,1.222000,D
173617947,EUR/USD,2005-08-02 01:00:20.000,1.221600,1.221900,D
173617948,EUR/USD,2005-08-02 01:00:23.000,1.221700,1.222000,D
173617994,EUR/USD,2005-08-02 01:00:45.000,1.221600,1.221900,D
173618000,EUR/USD,2005-08-02 01:00:48.000,1.221700,1.222000,D
173618008,EUR/USD,2005-08-02 01:00:49.000,1.221600,1.221900,D
173618017,EUR/USD,2005-08-02 01:00:54.000,1.221700,1.222000,D
173618026,EUR/USD,2005-08-02 01:01:01.000,1.221800,1.222100,D
173618035,EUR/USD,2005-08-02 01:01:07.000,1.221700,1.222000,D
173618060,EUR/USD,2005-08-02 01:01:58.000,1.221800,1.222100,D
173618063,EUR/USD,2005-08-02 01:01:58.000,1.221900,1.222200,D
173618120,EUR/USD,2005-08-02 01:02:44.000,1.222000,1.222300,D
173618132,EUR/USD,2005-08-02 01:02:55.000,1.222100,1.222400,D
173618139,EUR/USD,2005-08-02 01:02:58.000,1.222000,1.222300,D
173618160,EUR/USD,2005-08-02 01:03:13.000,1.222100,1.222400,D
173618172,EUR/USD,2005-08-02 01:03:22.000,1.222000,1.222300,D
173618177,EUR/USD,2005-08-02 01:03:23.000,1.222100,1.222400,D
173618197,EUR/USD,2005-08-02 01:03:34.000,1.222200,1.222500,D
173618200,EUR/USD,2005-08-02 01:03:37.000,1.222100,1.222400,D
173618204,EUR/USD,2005-08-02 01:03:38.000,1.222200,1.222500,D
173618205,EUR/USD,2005-08-02 01:03:39.000,1.222100,1.222400,D
173618224,EUR/USD,2005-08-02 01:03:45.000,1.222200,1.222500,D
173618240,EUR/USD,2005-08-02 01:03:49.000,1.222300,1.222600,D
173618250,EUR/USD,2005-08-02 01:03:55.000,1.222400,1.222700,D
173618252,EUR/USD,2005-08-02 01:03:56.000,1.222500,1.222800,D
173618266,EUR/USD,2005-08-02 01:03:59.000,1.222400,1.222700,D
173618322,EUR/USD,2005-08-02 01:04:42.000,1.222300,1.222600,D
173618326,EUR/USD,2005-08-02 01:04:45.000,1.222400,1.222700,D
173618346,EUR/USD,2005-08-02 01:05:00.000,1.222300,1.222600,D
173618351,EUR/USD,2005-08-02 01:05:13.000,1.222200,1.222500,D
173618353,EUR/USD,2005-08-02 01:05:13.000,1.222300,1.222600,D
173618357,EUR/USD,2005-08-02 01:05:15.000,1.222200,1.222500,D
173618365,EUR/USD,2005-08-02 01:05:26.000,1.222300,1.222600,D
173618384,EUR/USD,2005-08-02 01:05:47.000,1.222200,1.222500,D
173618391,EUR/USD,2005-08-02 01:05:49.000,1.222300,1.222600,D
173618402,EUR/USD,2005-08-02 01:05:51.000,1.222200,1.222500,D
173618403,EUR/USD,2005-08-02 01:05:52.000,1.222300,1.222600,D
173618442,EUR/USD,2005-08-02 01:06:08.000,1.222200,1.222500,D
173618478,EUR/USD,2005-08-02 01:06:25.000,1.222100,1.222400,D
173618499,EUR/USD,2005-08-02 01:06:32.000,1.222000,1.222300,D
173618523,EUR/USD,2005-08-02 01:06:37.000,1.221900,1.222200,D
173618527,EUR/USD,2005-08-02 01:06:38.000,1.222000,1.222300,D
173618540,EUR/USD,2005-08-02 01:06:39.000,1.221900,1.222200,D
173618572,EUR/USD,2005-08-02 01:06:55.000,1.222000,1.222300,D
173618597,EUR/USD,2005-08-02 01:07:03.000,1.221900,1.222200,D
173618620,EUR/USD,2005-08-02 01:07:12.000,1.221800,1.222100,D
173618635,EUR/USD,2005-08-02 01:07:28.000,1.221900,1.222200,D
173618652,EUR/USD,2005-08-02 01:07:32.000,1.222000,1.222300,D
173618655,EUR/USD,2005-08-02 01:07:33.000,1.221900,1.222200,D
173618678,EUR/USD,2005-08-02 01:07:55.000,1.222000,1.222300,D
173618702,EUR/USD,2005-08-02 01:08:26.000,1.222100,1.222400,D
173618712,EUR/USD,2005-08-02 01:08:31.000,1.222200,1.222500,D
173618728,EUR/USD,2005-08-02 01:08:33.000,1.222100,1.222400,D
173618744,EUR/USD,2005-08-02 01:08:38.000,1.222200,1.222500,D
173618792,EUR/USD,2005-08-02 01:09:25.000,1.222300,1.222600,D
173618798,EUR/USD,2005-08-02 01:09:31.000,1.222200,1.222500,D
173618804,EUR/USD,2005-08-02 01:09:34.000,1.222300,1.222600,D
173618810,EUR/USD,2005-08-02 01:09:41.000,1.222400,1.222700,D
173618811,EUR/USD,2005-08-02 01:09:42.000,1.222300,1.222600,D
173618834,EUR/USD,2005-08-02 01:09:55.000,1.222200,1.222500,D
173618844,EUR/USD,2005-08-02 01:09:59.000,1.222300,1.222600,D
173618862,EUR/USD,2005-08-02 01:10:03.000,1.222200,1.222500,D
173618866,EUR/USD,2005-08-02 01:10:05.000,1.222300,1.222600,D
173618880,EUR/USD,2005-08-02 01:10:16.000,1.222200,1.222500,D
173618891,EUR/USD,2005-08-02 01:10:33.000,1.222100,1.222400,D
173618898,EUR/USD,2005-08-02 01:10:34.000,1.222200,1.222500,D
173618914,EUR/USD,2005-08-02 01:10:38.000,1.222100,1.222400,D
173618918,EUR/USD,2005-08-02 01:10:40.000,1.222200,1.222500,D
173618935,EUR/USD,2005-08-02 01:10:44.000,1.222100,1.222400,D
173618951,EUR/USD,2005-08-02 01:10:48.000,1.222000,1.222300,D
173618972,EUR/USD,2005-08-02 01:10:56.000,1.221900,1.222200,D
173618986,EUR/USD,2005-08-02 01:11:00.000,1.222000,1.222300,D
173618998,EUR/USD,2005-08-02 01:11:02.000,1.222100,1.222400,D
173619005,EUR/USD,2005-08-02 01:11:03.000,1.222000,1.222300,D
173619016,EUR/USD,2005-08-02 01:11:05.000,1.222100,1.222400,D
173619027,EUR/USD,2005-08-02 01:11:06.000,1.222200,1.222500,D
173619034,EUR/USD,2005-08-02 01:11:08.000,1.222100,1.222400,D
173619044,EUR/USD,2005-08-02 01:11:09.000,1.222000,1.222300,D
173619052,EUR/USD,2005-08-02 01:11:11.000,1.222100,1.222400,D
173619054,EUR/USD,2005-08-02 01:11:11.000,1.222200,1.222500,D
173619067,EUR/USD,2005-08-02 01:11:12.000,1.222100,1.222400,D
173619078,EUR/USD,2005-08-02 01:11:16.000,1.222000,1.222300,D
173619086,EUR/USD,2005-08-02 01:11:20.000,1.222100,1.222400,D
173619096,EUR/USD,2005-08-02 01:11:23.000,1.222000,1.222300,D
173619111,EUR/USD,2005-08-02 01:11:35.000,1.222100,1.222400,D
173619137,EUR/USD,2005-08-02 01:11:59.000,1.222000,1.222300,D
173619146,EUR/USD,2005-08-02 01:12:05.000,1.222100,1.222400,D
173619161,EUR/USD,2005-08-02 01:12:11.000,1.222000,1.222300,D
173619169,EUR/USD,2005-08-02 01:12:13.000,1.222100,1.222400,D
173619248,EUR/USD,2005-08-02 01:13:03.000,1.222000,1.222300,D
173619259,EUR/USD,2005-08-02 01:13:05.000,1.222100,1.222400,D
173619267,EUR/USD,2005-08-02 01:13:06.000,1.222000,1.222300,D
173619277,EUR/USD,2005-08-02 01:13:08.000,1.222100,1.222400,D
173619295,EUR/USD,2005-08-02 01:13:13.000,1.222000,1.222300,D
173619331,EUR/USD,2005-08-02 01:14:00.000,1.221900,1.222200,D
173619348,EUR/USD,2005-08-02 01:14:11.000,1.221800,1.222100,D
173619366,EUR/USD,2005-08-02 01:14:20.000,1.221700,1.222000,D
173619380,EUR/USD,2005-08-02 01:14:39.000,1.221600,1.221900,D
173619385,EUR/USD,2005-08-02 01:14:46.000,1.221700,1.222000,D
173619389,EUR/USD,2005-08-02 01:14:49.000,1.221600,1.221900,D
173619403,EUR/USD,2005-08-02 01:15:09.000,1.221700,1.222000,D
173619414,EUR/USD,2005-08-02 01:15:21.000,1.221800,1.222100,D
173619423,EUR/USD,2005-08-02 01:15:25.000,1.221700,1.222000,D
173619433,EUR/USD,2005-08-02 01:15:49.000,1.221800,1.222100,D
173619443,EUR/USD,2005-08-02 01:15:52.000,1.221700,1.222000,D
173619451,EUR/USD,2005-08-02 01:15:54.000,1.221800,1.222100,D
173619455,EUR/USD,2005-08-02 01:15:54.000,1.221900,1.222200,D
173619464,EUR/USD,2005-08-02 01:15:56.000,1.221800,1.222100,D
173619467,EUR/USD,2005-08-02 01:15:56.000,1.221700,1.222000,D
173619475,EUR/USD,2005-08-02 01:15:57.000,1.221800,1.222100,D
173619481,EUR/USD,2005-08-02 01:15:58.000,1.221900,1.222200,D
173619503,EUR/USD,2005-08-02 01:16:08.000,1.221800,1.222100,D
173619527,EUR/USD,2005-08-02 01:16:16.000,1.221900,1.222200,D
173619541,EUR/USD,2005-08-02 01:16:19.000,1.221800,1.222100,D
173619552,EUR/USD,2005-08-02 01:16:20.000,1.221700,1.222000,D
173619559,EUR/USD,2005-08-02 01:16:23.000,1.221800,1.222100,D
173619583,EUR/USD,2005-08-02 01:16:31.000,1.221700,1.222000,D
173619601,EUR/USD,2005-08-02 01:17:17.000,1.221800,1.222100,D
173619609,EUR/USD,2005-08-02 01:17:19.000,1.221700,1.222000,D
173619614,EUR/USD,2005-08-02 01:17:21.000,1.221800,1.222100,D
173619621,EUR/USD,2005-08-02 01:17:26.000,1.221900,1.222200,D
173619628,EUR/USD,2005-08-02 01:17:32.000,1.221800,1.222100,D
173619634,EUR/USD,2005-08-02 01:17:33.000,1.221900,1.222200,D
173619638,EUR/USD,2005-08-02 01:17:35.000,1.221800,1.222100,D
173619642,EUR/USD,2005-08-02 01:17:37.000,1.221900,1.222200,D
173619650,EUR/USD,2005-08-02 01:17:38.000,1.221800,1.222100,D
173619654,EUR/USD,2005-08-02 01:17:39.000,1.221700,1.222000,D
173619662,EUR/USD,2005-08-02 01:17:42.000,1.221800,1.222100,D
173619666,EUR/USD,2005-08-02 01:17:46.000,1.221900,1.222200,D
173619670,EUR/USD,2005-08-02 01:17:48.000,1.221800,1.222100,D
173619682,EUR/USD,2005-08-02 01:18:04.000,1.221700,1.222000,D
173619691,EUR/USD,2005-08-02 01:18:25.000,1.221600,1.221900,D
173619696,EUR/USD,2005-08-02 01:18:26.000,1.221700,1.222000,D
173619699,EUR/USD,2005-08-02 01:18:27.000,1.221600,1.221900,D
173619728,EUR/USD,2005-08-02 01:18:37.000,1.221500,1.221800,D
173619736,EUR/USD,2005-08-02 01:18:38.000,1.221600,1.221900,D
173619759,EUR/USD,2005-08-02 01:18:47.000,1.221700,1.222000,D
173619764,EUR/USD,2005-08-02 01:18:49.000,1.221600,1.221900,D
173619771,EUR/USD,2005-08-02 01:18:53.000,1.221700,1.222000,D
173619776,EUR/USD,2005-08-02 01:18:55.000,1.221600,1.221900,D
173619818,EUR/USD,2005-08-02 01:19:49.000,1.221700,1.222000,D
173619825,EUR/USD,2005-08-02 01:20:10.000,1.221800,1.222100,D
173619830,EUR/USD,2005-08-02 01:20:11.000,1.221700,1.222000,D
173619848,EUR/USD,2005-08-02 01:20:17.000,1.221800,1.222100,D
173619858,EUR/USD,2005-08-02 01:20:20.000,1.221700,1.222000,D
173619861,EUR/USD,2005-08-02 01:20:21.000,1.221800,1.222100,D
173619882,EUR/USD,2005-08-02 01:21:25.000,1.221700,1.222000,D
173619886,EUR/USD,2005-08-02 01:21:25.000,1.221600,1.221900,D
173619893,EUR/USD,2005-08-02 01:21:28.000,1.221700,1.222000,D
173619917,EUR/USD,2005-08-02 01:21:41.000,1.221800,1.222100,D
173619969,EUR/USD,2005-08-02 01:23:21.000,1.221900,1.222200,D
173619990,EUR/USD,2005-08-02 01:23:36.000,1.222000,1.222300,D
173619992,EUR/USD,2005-08-02 01:23:40.000,1.221900,1.222200,D
173619995,EUR/USD,2005-08-02 01:23:41.000,1.222000,1.222300,D
173620009,EUR/USD,2005-08-02 01:23:55.000,1.222100,1.222400,D
173620086,EUR/USD,2005-08-02 01:24:19.000,1.222200,1.222500,D
173620156,EUR/USD,2005-08-02 01:24:57.000,1.222300,1.222600,D
173620165,EUR/USD,2005-08-02 01:24:58.000,1.222200,1.222500,D
173620179,EUR/USD,2005-08-02 01:25:12.000,1.222300,1.222600,D
173620197,EUR/USD,2005-08-02 01:25:22.000,1.222200,1.222500,D
173620207,EUR/USD,2005-08-02 01:25:25.000,1.222300,1.222600,D
173620211,EUR/USD,2005-08-02 01:25:26.000,1.222200,1.222500,D
173620227,EUR/USD,2005-08-02 01:25:58.000,1.222300,1.222600,D
173620238,EUR/USD,2005-08-02 01:26:04.000,1.222400,1.222700,D
173620270,EUR/USD,2005-08-02 01:26:13.000,1.222300,1.222600,D
173620274,EUR/USD,2005-08-02 01:26:13.000,1.222400,1.222700,D
173620278,EUR/USD,2005-08-02 01:26:14.000,1.222300,1.222600,D
173620299,EUR/USD,2005-08-02 01:26:20.000,1.222200,1.222500,D
173620310,EUR/USD,2005-08-02 01:26:22.000,1.222300,1.222600,D
173620324,EUR/USD,2005-08-02 01:26:26.000,1.222400,1.222700,D
173620329,EUR/USD,2005-08-02 01:26:28.000,1.222300,1.222600,D
173620335,EUR/USD,2005-08-02 01:26:31.000,1.222400,1.222700,D
173620354,EUR/USD,2005-08-02 01:26:36.000,1.222500,1.222800,D
173620366,EUR/USD,2005-08-02 01:26:39.000,1.222400,1.222700,D
173620368,EUR/USD,2005-08-02 01:26:40.000,1.222500,1.222800,D
173620399,EUR/USD,2005-08-02 01:26:56.000,1.222400,1.222700,D
173620490,EUR/USD,2005-08-02 01:27:37.000,1.222300,1.222600,D
173620499,EUR/USD,2005-08-02 01:27:40.000,1.222200,1.222500,D
173620504,EUR/USD,2005-08-02 01:27:42.000,1.222300,1.222600,D
173620534,EUR/USD,2005-08-02 01:28:07.000,1.222200,1.222500,D
173620575,EUR/USD,2005-08-02 01:28:30.000,1.222100,1.222400,D
173620592,EUR/USD,2005-08-02 01:28:35.000,1.222200,1.222500,D
173620655,EUR/USD,2005-08-02 01:29:14.000,1.222100,1.222400,D
173620691,EUR/USD,2005-08-02 01:29:46.000,1.222000,1.222300,D
173620737,EUR/USD,2005-08-02 01:30:10.000,1.221900,1.222200,D
173620772,EUR/USD,2005-08-02 01:30:20.000,1.221800,1.222100,D
173620794,EUR/USD,2005-08-02 01:30:29.000,1.221900,1.222200,D
173620798,EUR/USD,2005-08-02 01:30:30.000,1.221800,1.222100,D
173620805,EUR/USD,2005-08-02 01:30:34.000,1.221900,1.222200,D
173620904,EUR/USD,2005-08-02 01:31:56.000,1.222000,1.222300,D
173620963,EUR/USD,2005-08-02 01:33:38.000,1.221900,1.222200,D
173620970,EUR/USD,2005-08-02 01:33:49.000,1.222000,1.222300,D
173620993,EUR/USD,2005-08-02 01:33:58.000,1.221900,1.222200,D
173621005,EUR/USD,2005-08-02 01:34:08.000,1.222000,1.222300,D
173621069,EUR/USD,2005-08-02 01:34:56.000,1.222100,1.222400,D
173621140,EUR/USD,2005-08-02 01:35:35.000,1.222000,1.222300,D
173621164,EUR/USD,2005-08-02 01:35:41.000,1.222100,1.222400,D
173621166,EUR/USD,2005-08-02 01:35:43.000,1.222000,1.222300,D
173621172,EUR/USD,2005-08-02 01:35:48.000,1.222100,1.222400,D
173621191,EUR/USD,2005-08-02 01:35:55.000,1.222000,1.222300,D
173621195,EUR/USD,2005-08-02 01:35:57.000,1.222100,1.222400,D
173621206,EUR/USD,2005-08-02 01:36:07.000,1.222000,1.222300,D
173621236,EUR/USD,2005-08-02 01:36:13.000,1.222100,1.222400,D
173621243,EUR/USD,2005-08-02 01:36:26.000,1.222000,1.222300,D
173621254,EUR/USD,2005-08-02 01:36:34.000,1.222100,1.222400,D
173621260,EUR/USD,2005-08-02 01:36:43.000,1.222000,1.222300,D
173621268,EUR/USD,2005-08-02 01:36:46.000,1.221900,1.222200,D
173621280,EUR/USD,2005-08-02 01:37:09.000,1.221800,1.222100,D
173621368,EUR/USD,2005-08-02 01:39:17.000,1.221900,1.222200,D
173621402,EUR/USD,2005-08-02 01:40:38.000,1.221800,1.222100,D
173621407,EUR/USD,2005-08-02 01:40:39.000,1.221900,1.222200,D
173621433,EUR/USD,2005-08-02 01:40:51.000,1.221800,1.222100,D
173621459,EUR/USD,2005-08-02 01:41:37.000,1.221900,1.222200,D
173621470,EUR/USD,2005-08-02 01:41:45.000,1.222000,1.222300,D
173621485,EUR/USD,2005-08-02 01:41:58.000,1.221900,1.222200,D
173621496,EUR/USD,2005-08-02 01:42:01.000,1.221800,1.222100,D
173621520,EUR/USD,2005-08-02 01:42:08.000,1.221900,1.222200,D
173621546,EUR/USD,2005-08-02 01:42:26.000,1.222000,1.222300,D
173621560,EUR/USD,2005-08-02 01:42:30.000,1.221900,1.222200,D
173621589,EUR/USD,2005-08-02 01:42:44.000,1.221800,1.222100,D
173621594,EUR/USD,2005-08-02 01:42:48.000,1.221700,1.222000,D
173621628,EUR/USD,2005-08-02 01:43:01.000,1.221800,1.222100,D
173621642,EUR/USD,2005-08-02 01:43:04.000,1.221900,1.222200,D
173621647,EUR/USD,2005-08-02 01:43:07.000,1.221800,1.222100,D
173621669,EUR/USD,2005-08-02 01:43:34.000,1.221700,1.222000,D
173621674,EUR/USD,2005-08-02 01:43:34.000,1.221600,1.221900,D
173621680,EUR/USD,2005-08-02 01:43:36.000,1.221700,1.222000,D
173621698,EUR/USD,2005-08-02 01:43:39.000,1.221800,1.222100,D
173621704,EUR/USD,2005-08-02 01:43:40.000,1.221700,1.222000,D
173621707,EUR/USD,2005-08-02 01:43:40.000,1.221600,1.221900,D
173621738,EUR/USD,2005-08-02 01:43:44.000,1.221700,1.222000,D
173621753,EUR/USD,2005-08-02 01:43:49.000,1.221600,1.221900,D
173621788,EUR/USD,2005-08-02 01:43:55.000,1.221500,1.221800,D
173621826,EUR/USD,2005-08-02 01:44:03.000,1.221400,1.221700,D
173621838,EUR/USD,2005-08-02 01:44:06.000,1.221500,1.221800,D
173621845,EUR/USD,2005-08-02 01:44:10.000,1.221400,1.221700,D
173621854,EUR/USD,2005-08-02 01:44:14.000,1.221500,1.221800,D
173621864,EUR/USD,2005-08-02 01:44:20.000,1.221400,1.221700,D
173621869,EUR/USD,2005-08-02 01:44:22.000,1.221500,1.221800,D
173621873,EUR/USD,2005-08-02 01:44:22.000,1.221400,1.221700,D
173621875,EUR/USD,2005-08-02 01:44:22.000,1.221500,1.221800,D
173621888,EUR/USD,2005-08-02 01:44:24.000,1.221400,1.221700,D
173621923,EUR/USD,2005-08-02 01:44:35.000,1.221300,1.221600,D
173621929,EUR/USD,2005-08-02 01:44:37.000,1.221400,1.221700,D
173621935,EUR/USD,2005-08-02 01:44:38.000,1.221300,1.221600,D
173621967,EUR/USD,2005-08-02 01:45:01.000,1.221400,1.221700,D
173621979,EUR/USD,2005-08-02 01:45:03.000,1.221500,1.221800,D
173621989,EUR/USD,2005-08-02 01:45:06.000,1.221400,1.221700,D
173621992,EUR/USD,2005-08-02 01:45:06.000,1.221500,1.221800,D
173622004,EUR/USD,2005-08-02 01:45:08.000,1.221400,1.221700,D
173622016,EUR/USD,2005-08-02 01:45:10.000,1.221500,1.221800,D
173622031,EUR/USD,2005-08-02 01:45:18.000,1.221400,1.221700,D
173622046,EUR/USD,2005-08-02 01:45:23.000,1.221500,1.221800,D
173622104,EUR/USD,2005-08-02 01:45:38.000,1.221400,1.221700,D
173622185,EUR/USD,2005-08-02 01:46:31.000,1.221300,1.221600,D
173622249,EUR/USD,2005-08-02 01:47:16.000,1.221200,1.221500,D
173622253,EUR/USD,2005-08-02 01:47:17.000,1.221100,1.221400,D
173622280,EUR/USD,2005-08-02 01:47:24.000,1.221000,1.221300,D
173622284,EUR/USD,2005-08-02 01:47:24.000,1.220900,1.221200,D
173622323,EUR/USD,2005-08-02 01:47:30.000,1.220800,1.221100,D
173622376,EUR/USD,2005-08-02 01:47:45.000,1.220700,1.221000,D
173622390,EUR/USD,2005-08-02 01:47:51.000,1.220800,1.221100,D
173622399,EUR/USD,2005-08-02 01:47:52.000,1.220900,1.221200,D
173622412,EUR/USD,2005-08-02 01:47:55.000,1.220800,1.221100,D
173622426,EUR/USD,2005-08-02 01:47:58.000,1.220900,1.221200,D
173622480,EUR/USD,2005-08-02 01:48:10.000,1.221000,1.221300,D
173622526,EUR/USD,2005-08-02 01:48:22.000,1.220900,1.221200,D
173622552,EUR/USD,2005-08-02 01:48:28.000,1.221000,1.221300,D
173622573,EUR/USD,2005-08-02 01:48:35.000,1.220900,1.221200,D
173622581,EUR/USD,2005-08-02 01:48:36.000,1.221000,1.221300,D
173622596,EUR/USD,2005-08-02 01:48:47.000,1.220900,1.221200,D
173622612,EUR/USD,2005-08-02 01:49:02.000,1.221000,1.221300,D
173622620,EUR/USD,2005-08-02 01:49:04.000,1.220900,1.221200,D
173622637,EUR/USD,2005-08-02 01:49:13.000,1.221000,1.221300,D
173622640,EUR/USD,2005-08-02 01:49:14.000,1.220900,1.221200,D
173622696,EUR/USD,2005-08-02 01:49:51.000,1.220800,1.221100,D
173622700,EUR/USD,2005-08-02 01:49:55.000,1.220900,1.221200,D
173622712,EUR/USD,2005-08-02 01:49:58.000,1.220800,1.221100,D
173622726,EUR/USD,2005-08-02 01:50:07.000,1.220700,1.221000,D
173622735,EUR/USD,2005-08-02 01:50:10.000,1.220600,1.220900,D
173622740,EUR/USD,2005-08-02 01:50:11.000,1.220700,1.221000,D
173622755,EUR/USD,2005-08-02 01:50:13.000,1.220600,1.220900,D
173622811,EUR/USD,2005-08-02 01:50:29.000,1.220700,1.221000,D
173622829,EUR/USD,2005-08-02 01:50:33.000,1.220600,1.220900,D
173622840,EUR/USD,2005-08-02 01:50:36.000,1.220700,1.221000,D
173622848,EUR/USD,2005-08-02 01:50:37.000,1.220600,1.220900,D
173622851,EUR/USD,2005-08-02 01:50:39.000,1.220700,1.221000,D
173622903,EUR/USD,2005-08-02 01:50:56.000,1.220800,1.221100,D
173622911,EUR/USD,2005-08-02 01:50:58.000,1.220700,1.221000,D
173622929,EUR/USD,2005-08-02 01:51:07.000,1.220600,1.220900,D
173622941,EUR/USD,2005-08-02 01:51:11.000,1.220500,1.220800,D
173622950,EUR/USD,2005-08-02 01:51:14.000,1.220400,1.220700,D
173622956,EUR/USD,2005-08-02 01:51:17.000,1.220500,1.220800,D
173622959,EUR/USD,2005-08-02 01:51:17.000,1.220600,1.220900,D
173622967,EUR/USD,2005-08-02 01:51:20.000,1.220700,1.221000,D
173622980,EUR/USD,2005-08-02 01:51:21.000,1.220600,1.220900,D
173623002,EUR/USD,2005-08-02 01:51:31.000,1.220500,1.220800,D
173623012,EUR/USD,2005-08-02 01:51:33.000,1.220600,1.220900,D
173623055,EUR/USD,2005-08-02 01:51:44.000,1.220500,1.220800,D
173623065,EUR/USD,2005-08-02 01:51:46.000,1.220600,1.220900,D
173623073,EUR/USD,2005-08-02 01:51:48.000,1.220500,1.220800,D
173623086,EUR/USD,2005-08-02 01:51:51.000,1.220600,1.220900,D
173623102,EUR/USD,2005-08-02 01:51:52.000,1.220500,1.220800,D
173623109,EUR/USD,2005-08-02 01:51:55.000,1.220600,1.220900,D
173623125,EUR/USD,2005-08-02 01:52:08.000,1.220500,1.220800,D
173623154,EUR/USD,2005-08-02 01:52:17.000,1.220600,1.220900,D
173623164,EUR/USD,2005-08-02 01:52:19.000,1.220500,1.220800,D
173623181,EUR/USD,2005-08-02 01:52:24.000,1.220600,1.220900,D
173623192,EUR/USD,2005-08-02 01:52:25.000,1.220500,1.220800,D
173623213,EUR/USD,2005-08-02 01:52:36.000,1.220600,1.220900,D
173623218,EUR/USD,2005-08-02 01:52:39.000,1.220500,1.220800,D
173623223,EUR/USD,2005-08-02 01:52:40.000,1.220600,1.220900,D
173623262,EUR/USD,2005-08-02 01:52:51.000,1.220700,1.221000,D
173623281,EUR/USD,2005-08-02 01:52:56.000,1.220600,1.220900,D
173623285,EUR/USD,2005-08-02 01:52:58.000,1.220700,1.221000,D
173623288,EUR/USD,2005-08-02 01:52:58.000,1.220600,1.220900,D
173623299,EUR/USD,2005-08-02 01:53:02.000,1.220700,1.221000,D
173623305,EUR/USD,2005-08-02 01:53:15.000,1.220800,1.221100,D
173623333,EUR/USD,2005-08-02 01:53:22.000,1.220700,1.221000,D
173623343,EUR/USD,2005-08-02 01:53:28.000,1.220800,1.221100,D
173623363,EUR/USD,2005-08-02 01:53:37.000,1.220900,1.221200,D
173623366,EUR/USD,2005-08-02 01:53:40.000,1.220800,1.221100,D
173623379,EUR/USD,2005-08-02 01:53:43.000,1.220700,1.221000,D
173623390,EUR/USD,2005-08-02 01:53:50.000,1.220800,1.221100,D
173623467,EUR/USD,2005-08-02 01:54:35.000,1.220900,1.221200,D
173623496,EUR/USD,2005-08-02 01:54:57.000,1.221000,1.221300,D
173623507,EUR/USD,2005-08-02 01:55:01.000,1.220900,1.221200,D
173623520,EUR/USD,2005-08-02 01:55:03.000,1.221000,1.221300,D
173623530,EUR/USD,2005-08-02 01:55:04.000,1.220900,1.221200,D
173623540,EUR/USD,2005-08-02 01:55:06.000,1.220800,1.221100,D
173623577,EUR/USD,2005-08-02 01:55:20.000,1.220900,1.221200,D
173623614,EUR/USD,2005-08-02 01:55:39.000,1.220800,1.221100,D
173623624,EUR/USD,2005-08-02 01:55:41.000,1.220900,1.221200,D
173623716,EUR/USD,2005-08-02 01:56:13.000,1.221000,1.221300,D
173623724,EUR/USD,2005-08-02 01:56:20.000,1.221100,1.221400,D
173623776,EUR/USD,2005-08-02 01:56:33.000,1.221200,1.221500,D
173623796,EUR/USD,2005-08-02 01:56:39.000,1.221100,1.221400,D
173623830,EUR/USD,2005-08-02 01:56:52.000,1.221000,1.221300,D
173623831,EUR/USD,2005-08-02 01:56:53.000,1.221100,1.221400,D
173623837,EUR/USD,2005-08-02 01:56:55.000,1.221000,1.221300,D
173623842,EUR/USD,2005-08-02 01:56:58.000,1.221100,1.221400,D
173623846,EUR/USD,2005-08-02 01:56:59.000,1.221000,1.221300,D
173623850,EUR/USD,2005-08-02 01:57:00.000,1.221100,1.221400,D
173623871,EUR/USD,2005-08-02 01:57:05.000,1.221200,1.221500,D
173623895,EUR/USD,2005-08-02 01:57:19.000,1.221100,1.221400,D
173623910,EUR/USD,2005-08-02 01:57:26.000,1.221200,1.221500,D
173623954,EUR/USD,2005-08-02 01:57:41.000,1.221100,1.221400,D
173623961,EUR/USD,2005-08-02 01:57:45.000,1.221200,1.221500,D
173623986,EUR/USD,2005-08-02 01:58:05.000,1.221100,1.221400,D
173624016,EUR/USD,2005-08-02 01:58:17.000,1.221000,1.221300,D
173624019,EUR/USD,2005-08-02 01:58:17.000,1.221100,1.221400,D
173624043,EUR/USD,2005-08-02 01:58:39.000,1.221200,1.221500,D
173624067,EUR/USD,2005-08-02 01:59:02.000,1.221100,1.221400,D
173624072,EUR/USD,2005-08-02 01:59:04.000,1.221200,1.221500,D
173624075,EUR/USD,2005-08-02 01:59:05.000,1.221100,1.221400,D
173624079,EUR/USD,2005-08-02 01:59:07.000,1.221200,1.221500,D
173624085,EUR/USD,2005-08-02 01:59:09.000,1.221100,1.221400,D
173624101,EUR/USD,2005-08-02 01:59:13.000,1.221200,1.221500,D
173624135,EUR/USD,2005-08-02 01:59:28.000,1.221100,1.221400,D
173624275,EUR/USD,2005-08-02 02:01:23.000,1.221000,1.221300,D
173624291,EUR/USD,2005-08-02 02:01:34.000,1.220900,1.221200,D
173624325,EUR/USD,2005-08-02 02:01:52.000,1.221000,1.221300,D
173624353,EUR/USD,2005-08-02 02:02:00.000,1.220900,1.221200,D
173624358,EUR/USD,2005-08-02 02:02:03.000,1.220800,1.221100,D
173624359,EUR/USD,2005-08-02 02:02:04.000,1.220700,1.221000,D
173624370,EUR/USD,2005-08-02 02:02:06.000,1.220800,1.221100,D
173624376,EUR/USD,2005-08-02 02:02:07.000,1.220900,1.221200,D
173624410,EUR/USD,2005-08-02 02:02:19.000,1.220800,1.221100,D
173624415,EUR/USD,2005-08-02 02:02:23.000,1.220700,1.221000,D
173624434,EUR/USD,2005-08-02 02:02:31.000,1.220600,1.220900,D
173624440,EUR/USD,2005-08-02 02:02:32.000,1.220700,1.221000,D
173624444,EUR/USD,2005-08-02 02:02:34.000,1.220600,1.220900,D
173624458,EUR/USD,2005-08-02 02:02:37.000,1.220500,1.220800,D
173624483,EUR/USD,2005-08-02 02:02:48.000,1.220400,1.220700,D
173624502,EUR/USD,2005-08-02 02:02:56.000,1.220500,1.220800,D
173624573,EUR/USD,2005-08-02 02:03:25.000,1.220600,1.220900,D
173624581,EUR/USD,2005-08-02 02:03:27.000,1.220500,1.220800,D
173624585,EUR/USD,2005-08-02 02:03:29.000,1.220600,1.220900,D
173624604,EUR/USD,2005-08-02 02:03:36.000,1.220500,1.220800,D
173624628,EUR/USD,2005-08-02 02:03:51.000,1.220600,1.220900,D
173624649,EUR/USD,2005-08-02 02:04:00.000,1.220500,1.220800,D
173624655,EUR/USD,2005-08-02 02:04:03.000,1.220600,1.220900,D
173624667,EUR/USD,2005-08-02 02:04:06.000,1.220500,1.220800,D
173624671,EUR/USD,2005-08-02 02:04:07.000,1.220600,1.220900,D
173624682,EUR/USD,2005-08-02 02:04:12.000,1.220700,1.221000,D
173624712,EUR/USD,2005-08-02 02:04:21.000,1.220800,1.221100,D
173624732,EUR/USD,2005-08-02 02:04:24.000,1.220900,1.221200,D
173624758,EUR/USD,2005-08-02 02:04:28.000,1.221000,1.221300,D
173624760,EUR/USD,2005-08-02 02:04:29.000,1.220900,1.221200,D
173624778,EUR/USD,2005-08-02 02:04:33.000,1.221000,1.221300,D
173624786,EUR/USD,2005-08-02 02:04:37.000,1.220900,1.221200,D
173624807,EUR/USD,2005-08-02 02:04:40.000,1.220800,1.221100,D
173624811,EUR/USD,2005-08-02 02:04:41.000,1.220900,1.221200,D
173624843,EUR/USD,2005-08-02 02:04:56.000,1.221000,1.221300,D
173624856,EUR/USD,2005-08-02 02:05:08.000,1.220900,1.221200,D
173624904,EUR/USD,2005-08-02 02:05:34.000,1.221000,1.221300,D
173624910,EUR/USD,2005-08-02 02:05:37.000,1.220900,1.221200,D
173624913,EUR/USD,2005-08-02 02:05:38.000,1.221000,1.221300,D
173624919,EUR/USD,2005-08-02 02:05:40.000,1.221100,1.221400,D
173624987,EUR/USD,2005-08-02 02:06:07.000,1.221000,1.221300,D
173624995,EUR/USD,2005-08-02 02:06:09.000,1.221100,1.221400,D
173625048,EUR/USD,2005-08-02 02:06:46.000,1.221200,1.221500,D
173625058,EUR/USD,2005-08-02 02:06:50.000,1.221100,1.221400,D
173625067,EUR/USD,2005-08-02 02:06:51.000,1.221200,1.221500,D
173625095,EUR/USD,2005-08-02 02:07:09.000,1.221300,1.221600,D
173625106,EUR/USD,2005-08-02 02:07:11.000,1.221200,1.221500,D
173625111,EUR/USD,2005-08-02 02:07:12.000,1.221300,1.221600,D
173625130,EUR/USD,2005-08-02 02:07:16.000,1.221400,1.221700,D
173625138,EUR/USD,2005-08-02 02:07:19.000,1.221300,1.221600,D
173625144,EUR/USD,2005-08-02 02:07:23.000,1.221200,1.221500,D
173625196,EUR/USD,2005-08-02 02:07:45.000,1.221100,1.221400,D
173625209,EUR/USD,2005-08-02 02:07:52.000,1.221000,1.221300,D
173625230,EUR/USD,2005-08-02 02:08:03.000,1.220900,1.221200,D
173625233,EUR/USD,2005-08-02 02:08:03.000,1.221000,1.221300,D
173625256,EUR/USD,2005-08-02 02:08:12.000,1.220900,1.221200,D
173625278,EUR/USD,2005-08-02 02:08:21.000,1.221000,1.221300,D
173625291,EUR/USD,2005-08-02 02:08:23.000,1.220900,1.221200,D
173625298,EUR/USD,2005-08-02 02:08:26.000,1.221000,1.221300,D
173625301,EUR/USD,2005-08-02 02:08:27.000,1.220900,1.221200,D
173625302,EUR/USD,2005-08-02 02:08:28.000,1.221000,1.221300,D
173625329,EUR/USD,2005-08-02 02:08:44.000,1.220900,1.221200,D
173625333,EUR/USD,2005-08-02 02:08:46.000,1.221000,1.221300,D
173625366,EUR/USD,2005-08-02 02:08:59.000,1.220900,1.221200,D
173625387,EUR/USD,2005-08-02 02:09:07.000,1.220800,1.221100,D
173625411,EUR/USD,2005-08-02 02:09:10.000,1.220900,1.221200,D
173625425,EUR/USD,2005-08-02 02:09:12.000,1.220800,1.221100,D
173625428,EUR/USD,2005-08-02 02:09:14.000,1.220900,1.221200,D
173625432,EUR/USD,2005-08-02 02:09:17.000,1.220800,1.221100,D
173625438,EUR/USD,2005-08-02 02:09:22.000,1.220700,1.221000,D
173625452,EUR/USD,2005-08-02 02:09:25.000,1.220600,1.220900,D
173625482,EUR/USD,2005-08-02 02:09:45.000,1.220700,1.221000,D
173625483,EUR/USD,2005-08-02 02:09:46.000,1.220600,1.220900,D
173625489,EUR/USD,2005-08-02 02:09:48.000,1.220700,1.221000,D
173625501,EUR/USD,2005-08-02 02:09:51.000,1.220600,1.220900,D
173625506,EUR/USD,2005-08-02 02:09:52.000,1.220700,1.221000,D
173625515,EUR/USD,2005-08-02 02:09:59.000,1.220600,1.220900,D
173625545,EUR/USD,2005-08-02 02:10:15.000,1.220500,1.220800,D
173625554,EUR/USD,2005-08-02 02:10:17.000,1.220600,1.220900,D
173625561,EUR/USD,2005-08-02 02:10:25.000,1.220700,1.221000,D
173625569,EUR/USD,2005-08-02 02:10:29.000,1.220800,1.221100,D
173625592,EUR/USD,2005-08-02 02:10:39.000,1.220900,1.221200,D
173625615,EUR/USD,2005-08-02 02:10:45.000,1.221000,1.221300,D
173625632,EUR/USD,2005-08-02 02:10:51.000,1.220900,1.221200,D
173625638,EUR/USD,2005-08-02 02:10:54.000,1.220800,1.221100,D
173625644,EUR/USD,2005-08-02 02:10:55.000,1.220900,1.221200,D
173625656,EUR/USD,2005-08-02 02:11:03.000,1.220800,1.221100,D
173625662,EUR/USD,2005-08-02 02:11:06.000,1.220700,1.221000,D
173625674,EUR/USD,2005-08-02 02:11:09.000,1.220800,1.221100,D
173625699,EUR/USD,2005-08-02 02:11:17.000,1.220900,1.221200,D
173625705,EUR/USD,2005-08-02 02:11:19.000,1.221000,1.221300,D
173625719,EUR/USD,2005-08-02 02:11:28.000,1.221100,1.221400,D
173625745,EUR/USD,2005-08-02 02:11:35.000,1.221200,1.221500,D
173625781,EUR/USD,2005-08-02 02:11:54.000,1.221300,1.221600,D
173625787,EUR/USD,2005-08-02 02:11:55.000,1.221400,1.221700,D
173625801,EUR/USD,2005-08-02 02:11:58.000,1.221300,1.221600,D
173625806,EUR/USD,2005-08-02 02:11:59.000,1.221400,1.221700,D
173625810,EUR/USD,2005-08-02 02:12:00.000,1.221300,1.221600,D
173625814,EUR/USD,2005-08-02 02:12:01.000,1.221400,1.221700,D
173625824,EUR/USD,2005-08-02 02:12:07.000,1.221300,1.221600,D
173625831,EUR/USD,2005-08-02 02:12:13.000,1.221200,1.221500,D
173625844,EUR/USD,2005-08-02 02:12:19.000,1.221300,1.221600,D
173625847,EUR/USD,2005-08-02 02:12:19.000,1.221200,1.221500,D
173625919,EUR/USD,2005-08-02 02:13:08.000,1.221100,1.221400,D
173625965,EUR/USD,2005-08-02 02:13:29.000,1.221000,1.221300,D
173625977,EUR/USD,2005-08-02 02:13:32.000,1.220900,1.221200,D
173625981,EUR/USD,2005-08-02 02:13:33.000,1.221000,1.221300,D
173626002,EUR/USD,2005-08-02 02:13:45.000,1.220900,1.221200,D
173626020,EUR/USD,2005-08-02 02:14:15.000,1.221000,1.221300,D
173626026,EUR/USD,2005-08-02 02:14:16.000,1.220900,1.221200,D
173626036,EUR/USD,2005-08-02 02:14:17.000,1.221000,1.221300,D
173626072,EUR/USD,2005-08-02 02:14:37.000,1.221100,1.221400,D
173626088,EUR/USD,2005-08-02 02:14:40.000,1.221200,1.221500,D
173626100,EUR/USD,2005-08-02 02:14:44.000,1.221100,1.221400,D
173626125,EUR/USD,2005-08-02 02:14:51.000,1.221200,1.221500,D
173626163,EUR/USD,2005-08-02 02:15:02.000,1.221100,1.221400,D
173626166,EUR/USD,2005-08-02 02:15:03.000,1.221200,1.221500,D
173626204,EUR/USD,2005-08-02 02:15:19.000,1.221100,1.221400,D
173626224,EUR/USD,2005-08-02 02:15:26.000,1.221200,1.221500,D
173626226,EUR/USD,2005-08-02 02:15:27.000,1.221100,1.221400,D
173626308,EUR/USD,2005-08-02 02:16:02.000,1.221200,1.221500,D
173626332,EUR/USD,2005-08-02 02:16:25.000,1.221300,1.221600,D
173626340,EUR/USD,2005-08-02 02:16:29.000,1.221200,1.221500,D
173626341,EUR/USD,2005-08-02 02:16:29.000,1.221300,1.221600,D
173626344,EUR/USD,2005-08-02 02:16:30.000,1.221200,1.221500,D
173626362,EUR/USD,2005-08-02 02:16:40.000,1.221100,1.221400,D
173626411,EUR/USD,2005-08-02 02:16:54.000,1.221200,1.221500,D
173626432,EUR/USD,2005-08-02 02:17:15.000,1.221100,1.221400,D
173626454,EUR/USD,2005-08-02 02:17:30.000,1.221000,1.221300,D
173626473,EUR/USD,2005-08-02 02:17:40.000,1.221100,1.221400,D
173626476,EUR/USD,2005-08-02 02:17:41.000,1.221000,1.221300,D
173626478,EUR/USD,2005-08-02 02:17:42.000,1.221100,1.221400,D
173626481,EUR/USD,2005-08-02 02:17:44.000,1.221000,1.221300,D
173626497,EUR/USD,2005-08-02 02:17:52.000,1.220900,1.221200,D
173626507,EUR/USD,2005-08-02 02:17:54.000,1.221000,1.221300,D
173626533,EUR/USD,2005-08-02 02:18:03.000,1.221100,1.221400,D
173626535,EUR/USD,2005-08-02 02:18:04.000,1.221000,1.221300,D
173626545,EUR/USD,2005-08-02 02:18:10.000,1.220900,1.221200,D
173626552,EUR/USD,2005-08-02 02:18:34.000,1.220800,1.221100,D
173626584,EUR/USD,2005-08-02 02:18:43.000,1.220700,1.221000,D
173626618,EUR/USD,2005-08-02 02:18:47.000,1.220800,1.221100,D
173626619,EUR/USD,2005-08-02 02:18:48.000,1.220700,1.221000,D
173626629,EUR/USD,2005-08-02 02:18:51.000,1.220800,1.221100,D
173626640,EUR/USD,2005-08-02 02:18:52.000,1.220700,1.221000,D
173626655,EUR/USD,2005-08-02 02:19:01.000,1.220800,1.221100,D
173626742,EUR/USD,2005-08-02 02:20:11.000,1.220700,1.221000,D
173626744,EUR/USD,2005-08-02 02:20:12.000,1.220600,1.220900,D
173626760,EUR/USD,2005-08-02 02:20:15.000,1.220500,1.220800,D
173626765,EUR/USD,2005-08-02 02:20:15.000,1.220300,1.220600,D
173626766,EUR/USD,2005-08-02 02:20:16.000,1.220400,1.220700,D
173626776,EUR/USD,2005-08-02 02:20:17.000,1.220500,1.220800,D
173626798,EUR/USD,2005-08-02 02:20:19.000,1.220400,1.220700,D
173626820,EUR/USD,2005-08-02 02:20:26.000,1.220300,1.220600,D
173626832,EUR/USD,2005-08-02 02:20:29.000,1.220200,1.220500,D
173626836,EUR/USD,2005-08-02 02:20:30.000,1.220300,1.220600,D
173626841,EUR/USD,2005-08-02 02:20:30.000,1.220200,1.220500,D
173626856,EUR/USD,2005-08-02 02:20:34.000,1.220300,1.220600,D
173626863,EUR/USD,2005-08-02 02:20:36.000,1.220400,1.220700,D
173626884,EUR/USD,2005-08-02 02:20:39.000,1.220500,1.220800,D
173626898,EUR/USD,2005-08-02 02:20:42.000,1.220600,1.220900,D
173626907,EUR/USD,2005-08-02 02:20:44.000,1.220500,1.220800,D
173626938,EUR/USD,2005-08-02 02:20:48.000,1.220400,1.220700,D
173626949,EUR/USD,2005-08-02 02:20:50.000,1.220500,1.220800,D
173626957,EUR/USD,2005-08-02 02:20:51.000,1.220400,1.220700,D
173626961,EUR/USD,2005-08-02 02:20:52.000,1.220500,1.220800,D
173626971,EUR/USD,2005-08-02 02:20:53.000,1.220600,1.220900,D
173626985,EUR/USD,2005-08-02 02:20:55.000,1.220500,1.220800,D
173627003,EUR/USD,2005-08-02 02:21:01.000,1.220400,1.220700,D
173627009,EUR/USD,2005-08-02 02:21:02.000,1.220500,1.220800,D
173627016,EUR/USD,2005-08-02 02:21:03.000,1.220400,1.220700,D
173627030,EUR/USD,2005-08-02 02:21:08.000,1.220500,1.220800,D
173627055,EUR/USD,2005-08-02 02:21:16.000,1.220600,1.220900,D
173627107,EUR/USD,2005-08-02 02:21:45.000,1.220700,1.221000,D
173627141,EUR/USD,2005-08-02 02:21:50.000,1.220600,1.220900,D
173627166,EUR/USD,2005-08-02 02:22:01.000,1.220500,1.220800,D
173627176,EUR/USD,2005-08-02 02:22:08.000,1.220600,1.220900,D
173627186,EUR/USD,2005-08-02 02:22:13.000,1.220500,1.220800,D
173627216,EUR/USD,2005-08-02 02:22:30.000,1.220400,1.220700,D
173627224,EUR/USD,2005-08-02 02:22:31.000,1.220500,1.220800,D
173627246,EUR/USD,2005-08-02 02:22:45.000,1.220400,1.220700,D
173627250,EUR/USD,2005-08-02 02:22:45.000,1.220500,1.220800,D
173627265,EUR/USD,2005-08-02 02:22:47.000,1.220400,1.220700,D
173627280,EUR/USD,2005-08-02 02:22:54.000,1.220500,1.220800,D
173627317,EUR/USD,2005-08-02 02:23:10.000,1.220600,1.220900,D
173627339,EUR/USD,2005-08-02 02:23:18.000,1.220700,1.221000,D
173627366,EUR/USD,2005-08-02 02:23:25.000,1.220800,1.221100,D
173627375,EUR/USD,2005-08-02 02:23:26.000,1.220900,1.221200,D
173627417,EUR/USD,2005-08-02 02:23:39.000,1.221000,1.221300,D
173627446,EUR/USD,2005-08-02 02:23:46.000,1.221100,1.221400,D
173627450,EUR/USD,2005-08-02 02:23:50.000,1.221000,1.221300,D
173627498,EUR/USD,2005-08-02 02:24:17.000,1.220900,1.221200,D
173627500,EUR/USD,2005-08-02 02:24:17.000,1.220800,1.221100,D
173627519,EUR/USD,2005-08-02 02:24:21.000,1.220900,1.221200,D
173627539,EUR/USD,2005-08-02 02:24:24.000,1.221000,1.221300,D
173627551,EUR/USD,2005-08-02 02:24:27.000,1.220900,1.221200,D
173627555,EUR/USD,2005-08-02 02:24:27.000,1.221000,1.221300,D
173627565,EUR/USD,2005-08-02 02:24:29.000,1.220900,1.221200,D
173627589,EUR/USD,2005-08-02 02:24:38.000,1.220800,1.221100,D
173627626,EUR/USD,2005-08-02 02:24:45.000,1.220900,1.221200,D
173627632,EUR/USD,2005-08-02 02:24:46.000,1.220800,1.221100,D
173627676,EUR/USD,2005-08-02 02:25:01.000,1.220900,1.221200,D
173627685,EUR/USD,2005-08-02 02:25:06.000,1.220800,1.221100,D
173627723,EUR/USD,2005-08-02 02:25:19.000,1.220900,1.221200,D
173627753,EUR/USD,2005-08-02 02:25:23.000,1.220800,1.221100,D
173627793,EUR/USD,2005-08-02 02:25:31.000,1.220900,1.221200,D
173627822,EUR/USD,2005-08-02 02:25:37.000,1.220800,1.221100,D
173627837,EUR/USD,2005-08-02 02:25:42.000,1.220900,1.221200,D
173627886,EUR/USD,2005-08-02 02:26:05.000,1.221000,1.221300,D
173627931,EUR/USD,2005-08-02 02:26:18.000,1.221100,1.221400,D
173627942,EUR/USD,2005-08-02 02:26:19.000,1.221000,1.221300,D
173627949,EUR/USD,2005-08-02 02:26:21.000,1.221100,1.221400,D
173627976,EUR/USD,2005-08-02 02:26:24.000,1.221000,1.221300,D
173627991,EUR/USD,2005-08-02 02:26:28.000,1.221100,1.221400,D
173628011,EUR/USD,2005-08-02 02:26:29.000,1.221000,1.221300,D
173628014,EUR/USD,2005-08-02 02:26:29.000,1.220900,1.221200,D
173628028,EUR/USD,2005-08-02 02:26:31.000,1.221000,1.221300,D
173628062,EUR/USD,2005-08-02 02:26:36.000,1.220900,1.221200,D
173628069,EUR/USD,2005-08-02 02:26:37.000,1.221000,1.221300,D
173628072,EUR/USD,2005-08-02 02:26:37.000,1.221100,1.221400,D
173628081,EUR/USD,2005-08-02 02:26:38.000,1.221000,1.221300,D
173628112,EUR/USD,2005-08-02 02:26:41.000,1.220900,1.221200,D
173628120,EUR/USD,2005-08-02 02:26:44.000,1.221000,1.221300,D
173628129,EUR/USD,2005-08-02 02:26:45.000,1.220900,1.221200,D
173628155,EUR/USD,2005-08-02 02:26:48.000,1.220800,1.221100,D
173628157,EUR/USD,2005-08-02 02:26:48.000,1.220900,1.221200,D
173628174,EUR/USD,2005-08-02 02:26:49.000,1.220800,1.221100,D
173628184,EUR/USD,2005-08-02 02:26:51.000,1.220700,1.221000,D
173628197,EUR/USD,2005-08-02 02:26:55.000,1.220600,1.220900,D
173628202,EUR/USD,2005-08-02 02:26:55.000,1.220700,1.221000,D
173628205,EUR/USD,2005-08-02 02:26:55.000,1.220800,1.221100,D
173628222,EUR/USD,2005-08-02 02:26:57.000,1.220700,1.221000,D
173628245,EUR/USD,2005-08-02 02:27:00.000,1.220600,1.220900,D
173628266,EUR/USD,2005-08-02 02:27:06.000,1.220500,1.220800,D
173628275,EUR/USD,2005-08-02 02:27:08.000,1.220400,1.220700,D
173628311,EUR/USD,2005-08-02 02:27:13.000,1.220300,1.220600,D
173628317,EUR/USD,2005-08-02 02:27:15.000,1.220200,1.220500,D
173628360,EUR/USD,2005-08-02 02:27:20.000,1.220100,1.220400,D
173628366,EUR/USD,2005-08-02 02:27:21.000,1.220000,1.220300,D
173628389,EUR/USD,2005-08-02 02:27:26.000,1.220100,1.220400,D
173628422,EUR/USD,2005-08-02 02:27:33.000,1.220200,1.220500,D
173628437,EUR/USD,2005-08-02 02:27:35.000,1.220100,1.220400,D
173628463,EUR/USD,2005-08-02 02:27:41.000,1.220200,1.220500,D
173628476,EUR/USD,2005-08-02 02:27:42.000,1.220300,1.220600,D
173628490,EUR/USD,2005-08-02 02:27:47.000,1.220200,1.220500,D
173628499,EUR/USD,2005-08-02 02:27:47.000,1.220300,1.220600,D
173628511,EUR/USD,2005-08-02 02:27:50.000,1.220200,1.220500,D
173628528,EUR/USD,2005-08-02 02:27:53.000,1.220300,1.220600,D
173628543,EUR/USD,2005-08-02 02:28:00.000,1.220400,1.220700,D
173628572,EUR/USD,2005-08-02 02:28:07.000,1.220500,1.220800,D
173628617,EUR/USD,2005-08-02 02:28:23.000,1.220600,1.220900,D
173628649,EUR/USD,2005-08-02 02:28:28.000,1.220500,1.220800,D
173628690,EUR/USD,2005-08-02 02:28:39.000,1.220600,1.220900,D
173628697,EUR/USD,2005-08-02 02:28:40.000,1.220500,1.220800,D
173628705,EUR/USD,2005-08-02 02:28:42.000,1.220600,1.220900,D
173628709,EUR/USD,2005-08-02 02:28:44.000,1.220500,1.220800,D
173628717,EUR/USD,2005-08-02 02:28:45.000,1.220600,1.220900,D
173628767,EUR/USD,2005-08-02 02:29:00.000,1.220500,1.220800,D
173628770,EUR/USD,2005-08-02 02:29:00.000,1.220600,1.220900,D
173628811,EUR/USD,2005-08-02 02:29:10.000,1.220700,1.221000,D
173628825,EUR/USD,2005-08-02 02:29:11.000,1.220600,1.220900,D
173628836,EUR/USD,2005-08-02 02:29:13.000,1.220700,1.221000,D
173628887,EUR/USD,2005-08-02 02:29:25.000,1.220600,1.220900,D
173628910,EUR/USD,2005-08-02 02:29:34.000,1.220500,1.220800,D
173628925,EUR/USD,2005-08-02 02:29:36.000,1.220600,1.220900,D
173628929,EUR/USD,2005-08-02 02:29:36.000,1.220500,1.220800,D
173628944,EUR/USD,2005-08-02 02:29:38.000,1.220600,1.220900,D
173628948,EUR/USD,2005-08-02 02:29:38.000,1.220700,1.221000,D
173628955,EUR/USD,2005-08-02 02:29:39.000,1.220600,1.220900,D
173628966,EUR/USD,2005-08-02 02:29:39.000,1.220700,1.221000,D
173628973,EUR/USD,2005-08-02 02:29:40.000,1.220600,1.220900,D
173628981,EUR/USD,2005-08-02 02:29:40.000,1.220500,1.220800,D
173628985,EUR/USD,2005-08-02 02:29:41.000,1.220600,1.220900,D
173628993,EUR/USD,2005-08-02 02:29:42.000,1.220500,1.220800,D
173629002,EUR/USD,2005-08-02 02:29:43.000,1.220600,1.220900,D
173629015,EUR/USD,2005-08-02 02:29:45.000,1.220500,1.220800,D
173629066,EUR/USD,2005-08-02 02:30:10.000,1.220600,1.220900,D
173629074,EUR/USD,2005-08-02 02:30:12.000,1.220500,1.220800,D
173629088,EUR/USD,2005-08-02 02:30:22.000,1.220600,1.220900,D
173629103,EUR/USD,2005-08-02 02:30:32.000,1.220700,1.221000,D
173629138,EUR/USD,2005-08-02 02:30:44.000,1.220800,1.221100,D
173629163,EUR/USD,2005-08-02 02:30:48.000,1.220900,1.221200,D
173629185,EUR/USD,2005-08-02 02:30:52.000,1.221000,1.221300,D
173629215,EUR/USD,2005-08-02 02:30:56.000,1.220900,1.221200,D
173629226,EUR/USD,2005-08-02 02:30:58.000,1.221000,1.221300,D
173629227,EUR/USD,2005-08-02 02:30:59.000,1.221100,1.221400,D
173629241,EUR/USD,2005-08-02 02:31:00.000,1.221000,1.221300,D
173629247,EUR/USD,2005-08-02 02:31:01.000,1.221100,1.221400,D
173629274,EUR/USD,2005-08-02 02:31:06.000,1.221200,1.221500,D
173629292,EUR/USD,2005-08-02 02:31:08.000,1.221300,1.221600,D
173629302,EUR/USD,2005-08-02 02:31:09.000,1.221200,1.221500,D
173629321,EUR/USD,2005-08-02 02:31:12.000,1.221100,1.221400,D
173629329,EUR/USD,2005-08-02 02:31:13.000,1.221000,1.221300,D
173629333,EUR/USD,2005-08-02 02:31:14.000,1.221100,1.221400,D
173629351,EUR/USD,2005-08-02 02:31:18.000,1.221000,1.221300,D
173629396,EUR/USD,2005-08-02 02:31:32.000,1.221100,1.221400,D
173629408,EUR/USD,2005-08-02 02:31:33.000,1.221000,1.221300,D
173629421,EUR/USD,2005-08-02 02:31:34.000,1.220900,1.221200,D
173629424,EUR/USD,2005-08-02 02:31:35.000,1.221000,1.221300,D
173629429,EUR/USD,2005-08-02 02:31:37.000,1.220900,1.221200,D
173629463,EUR/USD,2005-08-02 02:31:47.000,1.221000,1.221300,D
173629484,EUR/USD,2005-08-02 02:31:50.000,1.221100,1.221400,D
173629505,EUR/USD,2005-08-02 02:31:54.000,1.221200,1.221500,D
173629520,EUR/USD,2005-08-02 02:31:56.000,1.221100,1.221400,D
173629546,EUR/USD,2005-08-02 02:32:03.000,1.221200,1.221500,D
173629564,EUR/USD,2005-08-02 02:32:06.000,1.221100,1.221400,D
173629592,EUR/USD,2005-08-02 02:32:17.000,1.221000,1.221300,D
173629612,EUR/USD,2005-08-02 02:32:22.000,1.220900,1.221200,D
173629636,EUR/USD,2005-08-02 02:32:28.000,1.221000,1.221300,D
173629648,EUR/USD,2005-08-02 02:32:31.000,1.220900,1.221200,D
173629651,EUR/USD,2005-08-02 02:32:32.000,1.221000,1.221300,D
173629653,EUR/USD,2005-08-02 02:32:34.000,1.220900,1.221200,D
173629656,EUR/USD,2005-08-02 02:32:35.000,1.221000,1.221300,D
173629671,EUR/USD,2005-08-02 02:32:49.000,1.221100,1.221400,D
173629683,EUR/USD,2005-08-02 02:32:54.000,1.221000,1.221300,D
173629688,EUR/USD,2005-08-02 02:32:54.000,1.221100,1.221400,D
173629740,EUR/USD,2005-08-02 02:33:09.000,1.221000,1.221300,D
173629757,EUR/USD,2005-08-02 02:33:10.000,1.221100,1.221400,D
173629783,EUR/USD,2005-08-02 02:33:16.000,1.221000,1.221300,D
173629790,EUR/USD,2005-08-02 02:33:23.000,1.220900,1.221200,D
173629796,EUR/USD,2005-08-02 02:33:23.000,1.221000,1.221300,D
173629803,EUR/USD,2005-08-02 02:33:24.000,1.220900,1.221200,D
173629848,EUR/USD,2005-08-02 02:33:36.000,1.220800,1.221100,D
173629871,EUR/USD,2005-08-02 02:33:39.000,1.220700,1.221000,D
173629879,EUR/USD,2005-08-02 02:33:39.000,1.220800,1.221100,D
173629895,EUR/USD,2005-08-02 02:33:42.000,1.220700,1.221000,D
173629907,EUR/USD,2005-08-02 02:33:47.000,1.220600,1.220900,D
173629986,EUR/USD,2005-08-02 02:34:08.000,1.220500,1.220800,D
173630004,EUR/USD,2005-08-02 02:34:17.000,1.220600,1.220900,D
173630018,EUR/USD,2005-08-02 02:34:21.000,1.220500,1.220800,D
173630056,EUR/USD,2005-08-02 02:34:36.000,1.220400,1.220700,D
173630074,EUR/USD,2005-08-02 02:34:38.000,1.220500,1.220800,D
173630137,EUR/USD,2005-08-02 02:34:59.000,1.220600,1.220900,D
173630201,EUR/USD,2005-08-02 02:35:17.000,1.220700,1.221000,D
173630223,EUR/USD,2005-08-02 02:35:21.000,1.220800,1.221100,D
173630305,EUR/USD,2005-08-02 02:35:34.000,1.220700,1.221000,D
173630336,EUR/USD,2005-08-02 02:35:43.000,1.220800,1.221100,D
173630342,EUR/USD,2005-08-02 02:35:44.000,1.220700,1.221000,D
173630352,EUR/USD,2005-08-02 02:35:45.000,1.220800,1.221100,D
173630367,EUR/USD,2005-08-02 02:35:46.000,1.220700,1.221000,D
173630376,EUR/USD,2005-08-02 02:35:48.000,1.220800,1.221100,D
173630406,EUR/USD,2005-08-02 02:35:57.000,1.220900,1.221200,D
173630415,EUR/USD,2005-08-02 02:35:59.000,1.220800,1.221100,D
173630423,EUR/USD,2005-08-02 02:35:59.000,1.220900,1.221200,D
173630435,EUR/USD,2005-08-02 02:36:00.000,1.220800,1.221100,D
173630446,EUR/USD,2005-08-02 02:36:04.000,1.220700,1.221000,D
173630456,EUR/USD,2005-08-02 02:36:07.000,1.220800,1.221100,D
173630466,EUR/USD,2005-08-02 02:36:08.000,1.220700,1.221000,D
173630484,EUR/USD,2005-08-02 02:36:12.000,1.220800,1.221100,D
173630492,EUR/USD,2005-08-02 02:36:15.000,1.220700,1.221000,D
173630498,EUR/USD,2005-08-02 02:36:15.000,1.220800,1.221100,D
173630510,EUR/USD,2005-08-02 02:36:17.000,1.220700,1.221000,D
173630514,EUR/USD,2005-08-02 02:36:18.000,1.220800,1.221100,D
173630527,EUR/USD,2005-08-02 02:36:20.000,1.220700,1.221000,D
173630539,EUR/USD,2005-08-02 02:36:22.000,1.220800,1.221100,D
173630548,EUR/USD,2005-08-02 02:36:23.000,1.220700,1.221000,D
173630578,EUR/USD,2005-08-02 02:36:26.000,1.220600,1.220900,D
173630587,EUR/USD,2005-08-02 02:36:27.000,1.220700,1.221000,D
173630591,EUR/USD,2005-08-02 02:36:28.000,1.220800,1.221100,D
173630608,EUR/USD,2005-08-02 02:36:34.000,1.220700,1.221000,D
173630645,EUR/USD,2005-08-02 02:36:43.000,1.220600,1.220900,D
173630649,EUR/USD,2005-08-02 02:36:43.000,1.220700,1.221000,D
173630659,EUR/USD,2005-08-02 02:36:46.000,1.220600,1.220900,D
173630663,EUR/USD,2005-08-02 02:36:50.000,1.220700,1.221000,D
173630669,EUR/USD,2005-08-02 02:36:51.000,1.220600,1.220900,D
173630690,EUR/USD,2005-08-02 02:36:58.000,1.220700,1.221000,D
173630706,EUR/USD,2005-08-02 02:37:04.000,1.220600,1.220900,D
173630760,EUR/USD,2005-08-02 02:37:44.000,1.220700,1.221000,D
173630811,EUR/USD,2005-08-02 02:37:57.000,1.220600,1.220900,D
173630830,EUR/USD,2005-08-02 02:38:05.000,1.220700,1.221000,D
173630835,EUR/USD,2005-08-02 02:38:06.000,1.220600,1.220900,D
173630864,EUR/USD,2005-08-02 02:38:12.000,1.220500,1.220800,D
173630866,EUR/USD,2005-08-02 02:38:13.000,1.220600,1.220900,D
173630871,EUR/USD,2005-08-02 02:38:13.000,1.220500,1.220800,D
173630884,EUR/USD,2005-08-02 02:38:19.000,1.220600,1.220900,D
173630887,EUR/USD,2005-08-02 02:38:20.000,1.220500,1.220800,D
173630891,EUR/USD,2005-08-02 02:38:20.000,1.220600,1.220900,D
173630898,EUR/USD,2005-08-02 02:38:22.000,1.220700,1.221000,D
173630942,EUR/USD,2005-08-02 02:38:31.000,1.220800,1.221100,D
173630961,EUR/USD,2005-08-02 02:38:35.000,1.220700,1.221000,D
173630985,EUR/USD,2005-08-02 02:38:41.000,1.220800,1.221100,D
173631029,EUR/USD,2005-08-02 02:38:58.000,1.220900,1.221200,D
173631044,EUR/USD,2005-08-02 02:39:03.000,1.220800,1.221100,D
173631052,EUR/USD,2005-08-02 02:39:05.000,1.220900,1.221200,D
173631084,EUR/USD,2005-08-02 02:39:19.000,1.221000,1.221300,D
173631089,EUR/USD,2005-08-02 02:39:20.000,1.220900,1.221200,D
173631093,EUR/USD,2005-08-02 02:39:20.000,1.221000,1.221300,D
173631099,EUR/USD,2005-08-02 02:39:22.000,1.220900,1.221200,D
173631200,EUR/USD,2005-08-02 02:39:53.000,1.220800,1.221100,D
173631207,EUR/USD,2005-08-02 02:39:54.000,1.220900,1.221200,D
173631251,EUR/USD,2005-08-02 02:40:07.000,1.220800,1.221100,D
173631257,EUR/USD,2005-08-02 02:40:08.000,1.220900,1.221200,D
173631280,EUR/USD,2005-08-02 02:40:12.000,1.220800,1.221100,D
173631293,EUR/USD,2005-08-02 02:40:16.000,1.220700,1.221000,D
173631303,EUR/USD,2005-08-02 02:40:19.000,1.220800,1.221100,D
173631305,EUR/USD,2005-08-02 02:40:20.000,1.220700,1.221000,D
173631330,EUR/USD,2005-08-02 02:40:30.000,1.220800,1.221100,D
173631383,EUR/USD,2005-08-02 02:40:42.000,1.220700,1.221000,D
173631390,EUR/USD,2005-08-02 02:40:44.000,1.220800,1.221100,D
173631396,EUR/USD,2005-08-02 02:40:46.000,1.220700,1.221000,D
173631445,EUR/USD,2005-08-02 02:41:22.000,1.220800,1.221100,D
173631467,EUR/USD,2005-08-02 02:41:36.000,1.220900,1.221200,D
173631539,EUR/USD,2005-08-02 02:41:56.000,1.221000,1.221300,D
173631554,EUR/USD,2005-08-02 02:41:58.000,1.220900,1.221200,D
173631582,EUR/USD,2005-08-02 02:42:08.000,1.221000,1.221300,D
173631658,EUR/USD,2005-08-02 02:42:37.000,1.221100,1.221400,D
173631666,EUR/USD,2005-08-02 02:42:38.000,1.221000,1.221300,D
173631671,EUR/USD,2005-08-02 02:42:39.000,1.221100,1.221400,D
173631679,EUR/USD,2005-08-02 02:42:43.000,1.221000,1.221300,D
173631689,EUR/USD,2005-08-02 02:42:44.000,1.221100,1.221400,D
173631715,EUR/USD,2005-08-02 02:42:52.000,1.221200,1.221500,D
173631716,EUR/USD,2005-08-02 02:42:52.000,1.221100,1.221400,D
173631717,EUR/USD,2005-08-02 02:42:53.000,1.221200,1.221500,D
173631732,EUR/USD,2005-08-02 02:42:57.000,1.221300,1.221600,D
173631758,EUR/USD,2005-08-02 02:43:00.000,1.221200,1.221500,D
173631791,EUR/USD,2005-08-02 02:43:08.000,1.221300,1.221600,D
173631795,EUR/USD,2005-08-02 02:43:08.000,1.221200,1.221500,D
173631812,EUR/USD,2005-08-02 02:43:13.000,1.221300,1.221600,D
173631849,EUR/USD,2005-08-02 02:43:20.000,1.221200,1.221500,D
173631867,EUR/USD,2005-08-02 02:43:23.000,1.221300,1.221600,D
173631881,EUR/USD,2005-08-02 02:43:24.000,1.221200,1.221500,D
173631887,EUR/USD,2005-08-02 02:43:25.000,1.221100,1.221400,D
173631893,EUR/USD,2005-08-02 02:43:25.000,1.221200,1.221500,D
173631901,EUR/USD,2005-08-02 02:43:27.000,1.221300,1.221600,D
173631907,EUR/USD,2005-08-02 02:43:29.000,1.221200,1.221500,D
173631973,EUR/USD,2005-08-02 02:43:49.000,1.221100,1.221400,D
173631988,EUR/USD,2005-08-02 02:43:55.000,1.221000,1.221300,D
173632015,EUR/USD,2005-08-02 02:44:00.000,1.220900,1.221200,D
173632032,EUR/USD,2005-08-02 02:44:04.000,1.220800,1.221100,D
173632040,EUR/USD,2005-08-02 02:44:05.000,1.220900,1.221200,D
173632046,EUR/USD,2005-08-02 02:44:05.000,1.220800,1.221100,D
173632053,EUR/USD,2005-08-02 02:44:07.000,1.220900,1.221200,D
173632071,EUR/USD,2005-08-02 02:44:10.000,1.220800,1.221100,D
173632083,EUR/USD,2005-08-02 02:44:12.000,1.220900,1.221200,D
173632090,EUR/USD,2005-08-02 02:44:13.000,1.220800,1.221100,D
173632102,EUR/USD,2005-08-02 02:44:14.000,1.220700,1.221000,D
173632104,EUR/USD,2005-08-02 02:44:15.000,1.220800,1.221100,D
173632117,EUR/USD,2005-08-02 02:44:17.000,1.220700,1.221000,D
173632156,EUR/USD,2005-08-02 02:44:31.000,1.220800,1.221100,D
173632170,EUR/USD,2005-08-02 02:44:33.000,1.220700,1.221000,D
173632221,EUR/USD,2005-08-02 02:44:43.000,1.220600,1.220900,D
173632249,EUR/USD,2005-08-02 02:44:47.000,1.220500,1.220800,D
173632251,EUR/USD,2005-08-02 02:44:47.000,1.220600,1.220900,D
173632266,EUR/USD,2005-08-02 02:44:52.000,1.220500,1.220800,D
173632311,EUR/USD,2005-08-02 02:45:14.000,1.220600,1.220900,D
173632370,EUR/USD,2005-08-02 02:45:32.000,1.220500,1.220800,D
173632379,EUR/USD,2005-08-02 02:45:37.000,1.220600,1.220900,D
173632386,EUR/USD,2005-08-02 02:45:39.000,1.220500,1.220800,D
173632392,EUR/USD,2005-08-02 02:45:42.000,1.220600,1.220900,D
173632397,EUR/USD,2005-08-02 02:45:43.000,1.220700,1.221000,D
173632417,EUR/USD,2005-08-02 02:45:50.000,1.220800,1.221100,D
173632445,EUR/USD,2005-08-02 02:45:59.000,1.220700,1.221000,D
173632447,EUR/USD,2005-08-02 02:45:59.000,1.220800,1.221100,D
173632457,EUR/USD,2005-08-02 02:46:01.000,1.220700,1.221000,D
173632463,EUR/USD,2005-08-02 02:46:02.000,1.220800,1.221100,D
173632467,EUR/USD,2005-08-02 02:46:02.000,1.220700,1.221000,D
173632469,EUR/USD,2005-08-02 02:46:02.000,1.220800,1.221100,D
173632488,EUR/USD,2005-08-02 02:46:04.000,1.220700,1.221000,D
173632502,EUR/USD,2005-08-02 02:46:07.000,1.220800,1.221100,D
173632509,EUR/USD,2005-08-02 02:46:09.000,1.220700,1.221000,D
173632522,EUR/USD,2005-08-02 02:46:11.000,1.220800,1.221100,D
173632537,EUR/USD,2005-08-02 02:46:18.000,1.220900,1.221200,D
173632548,EUR/USD,2005-08-02 02:46:20.000,1.220800,1.221100,D
173632555,EUR/USD,2005-08-02 02:46:21.000,1.220700,1.221000,D
173632590,EUR/USD,2005-08-02 02:46:29.000,1.220800,1.221100,D
173632605,EUR/USD,2005-08-02 02:46:30.000,1.220900,1.221200,D
173632611,EUR/USD,2005-08-02 02:46:31.000,1.220800,1.221100,D
173632633,EUR/USD,2005-08-02 02:46:44.000,1.220700,1.221000,D
173632658,EUR/USD,2005-08-02 02:46:56.000,1.220600,1.220900,D
173632673,EUR/USD,2005-08-02 02:47:05.000,1.220700,1.221000,D
173632702,EUR/USD,2005-08-02 02:47:23.000,1.220600,1.220900,D
173632717,EUR/USD,2005-08-02 02:47:25.000,1.220700,1.221000,D
173632734,EUR/USD,2005-08-02 02:47:32.000,1.220600,1.220900,D
173632785,EUR/USD,2005-08-02 02:47:52.000,1.220700,1.221000,D
173632860,EUR/USD,2005-08-02 02:48:34.000,1.220800,1.221100,D
173632894,EUR/USD,2005-08-02 02:48:49.000,1.220700,1.221000,D
173632900,EUR/USD,2005-08-02 02:48:51.000,1.220800,1.221100,D
173632902,EUR/USD,2005-08-02 02:48:51.000,1.220700,1.221000,D
173632910,EUR/USD,2005-08-02 02:48:55.000,1.220800,1.221100,D
173632929,EUR/USD,2005-08-02 02:49:10.000,1.220900,1.221200,D
173632935,EUR/USD,2005-08-02 02:49:12.000,1.220800,1.221100,D
173632939,EUR/USD,2005-08-02 02:49:13.000,1.220900,1.221200,D
173632946,EUR/USD,2005-08-02 02:49:15.000,1.220800,1.221100,D
173632951,EUR/USD,2005-08-02 02:49:18.000,1.220900,1.221200,D
173632965,EUR/USD,2005-08-02 02:49:19.000,1.220800,1.221100,D
173632975,EUR/USD,2005-08-02 02:49:20.000,1.220900,1.221200,D
173632992,EUR/USD,2005-08-02 02:49:22.000,1.220800,1.221100,D
173632997,EUR/USD,2005-08-02 02:49:22.000,1.220900,1.221200,D
173633001,EUR/USD,2005-08-02 02:49:26.000,1.220800,1.221100,D
173633007,EUR/USD,2005-08-02 02:49:29.000,1.220900,1.221200,D
173633012,EUR/USD,2005-08-02 02:49:31.000,1.220800,1.221100,D
173633015,EUR/USD,2005-08-02 02:49:34.000,1.220900,1.221200,D
173633024,EUR/USD,2005-08-02 02:49:42.000,1.220800,1.221100,D
173633043,EUR/USD,2005-08-02 02:50:06.000,1.220900,1.221200,D
173633083,EUR/USD,2005-08-02 02:50:25.000,1.220800,1.221100,D
173633120,EUR/USD,2005-08-02 02:50:53.000,1.220900,1.221200,D
173633131,EUR/USD,2005-08-02 02:50:56.000,1.221000,1.221300,D
173633162,EUR/USD,2005-08-02 02:51:07.000,1.220900,1.221200,D
173633174,EUR/USD,2005-08-02 02:51:17.000,1.220800,1.221100,D
173633181,EUR/USD,2005-08-02 02:51:17.000,1.220900,1.221200,D
173633191,EUR/USD,2005-08-02 02:51:18.000,1.221000,1.221300,D
173633237,EUR/USD,2005-08-02 02:51:40.000,1.221100,1.221400,D
173633246,EUR/USD,2005-08-02 02:51:44.000,1.221000,1.221300,D
173633274,EUR/USD,2005-08-02 02:52:00.000,1.220900,1.221200,D
173633289,EUR/USD,2005-08-02 02:52:23.000,1.221000,1.221300,D
173633312,EUR/USD,2005-08-02 02:52:35.000,1.220900,1.221200,D
173633372,EUR/USD,2005-08-02 02:53:14.000,1.220800,1.221100,D
173633390,EUR/USD,2005-08-02 02:53:23.000,1.220900,1.221200,D
173633399,EUR/USD,2005-08-02 02:53:29.000,1.220800,1.221100,D
173633408,EUR/USD,2005-08-02 02:53:31.000,1.220900,1.221200,D
173633429,EUR/USD,2005-08-02 02:53:38.000,1.220800,1.221100,D
173633514,EUR/USD,2005-08-02 02:54:30.000,1.220700,1.221000,D
173633538,EUR/USD,2005-08-02 02:54:43.000,1.220800,1.221100,D
173633549,EUR/USD,2005-08-02 02:54:44.000,1.220700,1.221000,D
173633552,EUR/USD,2005-08-02 02:54:46.000,1.220800,1.221100,D
173633563,EUR/USD,2005-08-02 02:54:47.000,1.220700,1.221000,D
173633568,EUR/USD,2005-08-02 02:54:48.000,1.220800,1.221100,D
173633570,EUR/USD,2005-08-02 02:54:49.000,1.220700,1.221000,D
173633592,EUR/USD,2005-08-02 02:55:00.000,1.220800,1.221100,D
173633640,EUR/USD,2005-08-02 02:55:14.000,1.220700,1.221000,D
173633648,EUR/USD,2005-08-02 02:55:14.000,1.220800,1.221100,D
173633657,EUR/USD,2005-08-02 02:55:17.000,1.220900,1.221200,D
173633663,EUR/USD,2005-08-02 02:55:18.000,1.220800,1.221100,D
173633677,EUR/USD,2005-08-02 02:55:20.000,1.220900,1.221200,D
173633688,EUR/USD,2005-08-02 02:55:22.000,1.220800,1.221100,D
173633697,EUR/USD,2005-08-02 02:55:26.000,1.220900,1.221200,D
173633751,EUR/USD,2005-08-02 02:55:49.000,1.220800,1.221100,D
173633758,EUR/USD,2005-08-02 02:55:52.000,1.220900,1.221200,D
173633765,EUR/USD,2005-08-02 02:55:55.000,1.221000,1.221300,D
173633778,EUR/USD,2005-08-02 02:55:56.000,1.220900,1.221200,D
173633790,EUR/USD,2005-08-02 02:55:58.000,1.221000,1.221300,D
173633804,EUR/USD,2005-08-02 02:56:00.000,1.220900,1.221200,D
173633814,EUR/USD,2005-08-02 02:56:05.000,1.221000,1.221300,D
173633836,EUR/USD,2005-08-02 02:56:12.000,1.220900,1.221200,D
173633846,EUR/USD,2005-08-02 02:56:18.000,1.221000,1.221300,D
173633891,EUR/USD,2005-08-02 02:56:32.000,1.220900,1.221200,D
173633931,EUR/USD,2005-08-02 02:56:54.000,1.220800,1.221100,D
173634074,EUR/USD,2005-08-02 02:57:48.000,1.220700,1.221000,D
173634100,EUR/USD,2005-08-02 02:57:56.000,1.220600,1.220900,D
173634120,EUR/USD,2005-08-02 02:57:59.000,1.220500,1.220800,D
173634174,EUR/USD,2005-08-02 02:58:16.000,1.220400,1.220700,D
173634180,EUR/USD,2005-08-02 02:58:18.000,1.220300,1.220600,D
173634219,EUR/USD,2005-08-02 02:58:28.000,1.220400,1.220700,D
173634234,EUR/USD,2005-08-02 02:58:30.000,1.220200,1.220500,D
173634250,EUR/USD,2005-08-02 02:58:31.000,1.220300,1.220600,D
173634266,EUR/USD,2005-08-02 02:58:34.000,1.220200,1.220500,D
173634277,EUR/USD,2005-08-02 02:58:36.000,1.220300,1.220600,D
173634300,EUR/USD,2005-08-02 02:58:38.000,1.220200,1.220500,D
173634321,EUR/USD,2005-08-02 02:58:41.000,1.220300,1.220600,D
173634366,EUR/USD,2005-08-02 02:58:49.000,1.220200,1.220500,D
173634383,EUR/USD,2005-08-02 02:58:54.000,1.220100,1.220400,D
173634394,EUR/USD,2005-08-02 02:58:56.000,1.220000,1.220300,D
173634405,EUR/USD,2005-08-02 02:58:57.000,1.219900,1.220200,D
173634417,EUR/USD,2005-08-02 02:58:59.000,1.220000,1.220300,D
173634426,EUR/USD,2005-08-02 02:58:59.000,1.219900,1.220200,D
173634436,EUR/USD,2005-08-02 02:59:01.000,1.220000,1.220300,D
173634464,EUR/USD,2005-08-02 02:59:05.000,1.220100,1.220400,D
173634529,EUR/USD,2005-08-02 02:59:22.000,1.220000,1.220300,D
173634538,EUR/USD,2005-08-02 02:59:23.000,1.220100,1.220400,D
173634546,EUR/USD,2005-08-02 02:59:24.000,1.220000,1.220300,D
173634587,EUR/USD,2005-08-02 02:59:38.000,1.219900,1.220200,D
173634599,EUR/USD,2005-08-02 02:59:41.000,1.220000,1.220300,D
173634610,EUR/USD,2005-08-02 02:59:43.000,1.219900,1.220200,D
173634616,EUR/USD,2005-08-02 02:59:47.000,1.220000,1.220300,D
173634624,EUR/USD,2005-08-02 02:59:47.000,1.219900,1.220200,D
173634628,EUR/USD,2005-08-02 02:59:48.000,1.220000,1.220300,D
173634640,EUR/USD,2005-08-02 02:59:52.000,1.220100,1.220400,D
173634677,EUR/USD,2005-08-02 03:00:04.000,1.220000,1.220300,D
173634680,EUR/USD,2005-08-02 03:00:05.000,1.220100,1.220400,D
173634716,EUR/USD,2005-08-02 03:00:14.000,1.220000,1.220300,D
173634729,EUR/USD,2005-08-02 03:00:22.000,1.219900,1.220200,D
173634741,EUR/USD,2005-08-02 03:00:28.000,1.220000,1.220300,D
173634767,EUR/USD,2005-08-02 03:00:49.000,1.219900,1.220200,D
173634775,EUR/USD,2005-08-02 03:00:51.000,1.220000,1.220300,D
173634786,EUR/USD,2005-08-02 03:00:53.000,1.219900,1.220200,D
173634816,EUR/USD,2005-08-02 03:01:07.000,1.219800,1.220100,D
173634818,EUR/USD,2005-08-02 03:01:08.000,1.219900,1.220200,D
173634832,EUR/USD,2005-08-02 03:01:10.000,1.219800,1.220100,D
173634838,EUR/USD,2005-08-02 03:01:11.000,1.219700,1.220000,D
173634842,EUR/USD,2005-08-02 03:01:12.000,1.219800,1.220100,D
173634850,EUR/USD,2005-08-02 03:01:15.000,1.219900,1.220200,D
173634857,EUR/USD,2005-08-02 03:01:16.000,1.219800,1.220100,D
173634877,EUR/USD,2005-08-02 03:01:21.000,1.219700,1.220000,D
173634883,EUR/USD,2005-08-02 03:01:22.000,1.219800,1.220100,D
173634893,EUR/USD,2005-08-02 03:01:28.000,1.219700,1.220000,D
173634910,EUR/USD,2005-08-02 03:01:34.000,1.219600,1.219900,D
173634938,EUR/USD,2005-08-02 03:01:38.000,1.219700,1.220000,D
173634949,EUR/USD,2005-08-02 03:01:39.000,1.219600,1.219900,D
173634953,EUR/USD,2005-08-02 03:01:40.000,1.219500,1.219800,D
173634960,EUR/USD,2005-08-02 03:01:42.000,1.219600,1.219900,D
173634980,EUR/USD,2005-08-02 03:01:46.000,1.219700,1.220000,D
173634989,EUR/USD,2005-08-02 03:01:48.000,1.219600,1.219900,D
173635022,EUR/USD,2005-08-02 03:01:58.000,1.219500,1.219800,D
173635033,EUR/USD,2005-08-02 03:01:59.000,1.219600,1.219900,D
173635057,EUR/USD,2005-08-02 03:02:03.000,1.219500,1.219800,D
173635065,EUR/USD,2005-08-02 03:02:07.000,1.219600,1.219900,D
173635095,EUR/USD,2005-08-02 03:02:14.000,1.219500,1.219800,D
173635099,EUR/USD,2005-08-02 03:02:15.000,1.219600,1.219900,D
173635110,EUR/USD,2005-08-02 03:02:18.000,1.219500,1.219800,D
173635127,EUR/USD,2005-08-02 03:02:20.000,1.219600,1.219900,D
173635133,EUR/USD,2005-08-02 03:02:21.000,1.219700,1.220000,D
173635147,EUR/USD,2005-08-02 03:02:25.000,1.219800,1.220100,D
173635161,EUR/USD,2005-08-02 03:02:27.000,1.219700,1.220000,D
173635186,EUR/USD,2005-08-02 03:02:32.000,1.219600,1.219900,D
173635244,EUR/USD,2005-08-02 03:02:41.000,1.219700,1.220000,D
173635259,EUR/USD,2005-08-02 03:02:42.000,1.219600,1.219900,D
173635298,EUR/USD,2005-08-02 03:02:50.000,1.219500,1.219800,D
173635317,EUR/USD,2005-08-02 03:02:56.000,1.219400,1.219700,D
173635395,EUR/USD,2005-08-02 03:03:08.000,1.219500,1.219800,D
173635405,EUR/USD,2005-08-02 03:03:09.000,1.219400,1.219700,D
173635409,EUR/USD,2005-08-02 03:03:09.000,1.219500,1.219800,D
173635426,EUR/USD,2005-08-02 03:03:11.000,1.219400,1.219700,D
173635443,EUR/USD,2005-08-02 03:03:13.000,1.219500,1.219800,D
173635481,EUR/USD,2005-08-02 03:03:27.000,1.219400,1.219700,D
173635484,EUR/USD,2005-08-02 03:03:29.000,1.219500,1.219800,D
173635577,EUR/USD,2005-08-02 03:03:55.000,1.219600,1.219900,D
173635620,EUR/USD,2005-08-02 03:04:07.000,1.219700,1.220000,D
173635641,EUR/USD,2005-08-02 03:04:12.000,1.219600,1.219900,D
173635670,EUR/USD,2005-08-02 03:04:19.000,1.219500,1.219800,D
173635681,EUR/USD,2005-08-02 03:04:20.000,1.219600,1.219900,D
173635688,EUR/USD,2005-08-02 03:04:24.000,1.219700,1.220000,D
173635711,EUR/USD,2005-08-02 03:04:32.000,1.219800,1.220100,D
173635738,EUR/USD,2005-08-02 03:04:40.000,1.219900,1.220200,D
173635755,EUR/USD,2005-08-02 03:04:44.000,1.220000,1.220300,D
173635758,EUR/USD,2005-08-02 03:04:45.000,1.219900,1.220200,D
173635765,EUR/USD,2005-08-02 03:04:47.000,1.220000,1.220300,D
173635780,EUR/USD,2005-08-02 03:04:49.000,1.219900,1.220200,D
173635783,EUR/USD,2005-08-02 03:04:49.000,1.220000,1.220300,D
173635808,EUR/USD,2005-08-02 03:04:52.000,1.219900,1.220200,D
173635817,EUR/USD,2005-08-02 03:04:53.000,1.219800,1.220100,D
173635865,EUR/USD,2005-08-02 03:05:10.000,1.219900,1.220200,D
173635879,EUR/USD,2005-08-02 03:05:11.000,1.219800,1.220100,D
173635884,EUR/USD,2005-08-02 03:05:12.000,1.219700,1.220000,D
173635895,EUR/USD,2005-08-02 03:05:15.000,1.219800,1.220100,D
173635899,EUR/USD,2005-08-02 03:05:17.000,1.219700,1.220000,D
173635927,EUR/USD,2005-08-02 03:05:23.000,1.219600,1.219900,D
173635936,EUR/USD,2005-08-02 03:05:26.000,1.219500,1.219800,D
173635949,EUR/USD,2005-08-02 03:05:29.000,1.219400,1.219700,D
173635969,EUR/USD,2005-08-02 03:05:30.000,1.219500,1.219800,D
173635984,EUR/USD,2005-08-02 03:05:33.000,1.219400,1.219700,D
173635997,EUR/USD,2005-08-02 03:05:36.000,1.219300,1.219600,D
173636011,EUR/USD,2005-08-02 03:05:37.000,1.219200,1.219500,D
173636028,EUR/USD,2005-08-02 03:05:40.000,1.219100,1.219400,D
173636042,EUR/USD,2005-08-02 03:05:42.000,1.219200,1.219500,D
173636062,EUR/USD,2005-08-02 03:05:48.000,1.219300,1.219600,D
173636103,EUR/USD,2005-08-02 03:06:00.000,1.219400,1.219700,D
173636108,EUR/USD,2005-08-02 03:06:02.000,1.219300,1.219600,D
173636119,EUR/USD,2005-08-02 03:06:07.000,1.219400,1.219700,D
173636137,EUR/USD,2005-08-02 03:06:11.000,1.219300,1.219600,D
173636147,EUR/USD,2005-08-02 03:06:14.000,1.219400,1.219700,D
173636212,EUR/USD,2005-08-02 03:06:30.000,1.219300,1.219600,D
173636223,EUR/USD,2005-08-02 03:06:31.000,1.219400,1.219700,D
173636234,EUR/USD,2005-08-02 03:06:33.000,1.219300,1.219600,D
173636256,EUR/USD,2005-08-02 03:06:40.000,1.219400,1.219700,D
173636263,EUR/USD,2005-08-02 03:06:42.000,1.219300,1.219600,D
173636279,EUR/USD,2005-08-02 03:06:46.000,1.219200,1.219500,D
173636286,EUR/USD,2005-08-02 03:06:47.000,1.219300,1.219600,D
173636309,EUR/USD,2005-08-02 03:06:54.000,1.219400,1.219700,D
173636330,EUR/USD,2005-08-02 03:07:05.000,1.219300,1.219600,D
173636360,EUR/USD,2005-08-02 03:07:12.000,1.219200,1.219500,D
173636369,EUR/USD,2005-08-02 03:07:17.000,1.219100,1.219400,D
173636378,EUR/USD,2005-08-02 03:07:17.000,1.219200,1.219500,D
173636389,EUR/USD,2005-08-02 03:07:19.000,1.219100,1.219400,D
173636402,EUR/USD,2005-08-02 03:07:24.000,1.219000,1.219300,D
173636427,EUR/USD,2005-08-02 03:07:33.000,1.219100,1.219400,D
173636434,EUR/USD,2005-08-02 03:07:34.000,1.219000,1.219300,D
173636445,EUR/USD,2005-08-02 03:07:35.000,1.218900,1.219200,D
173636462,EUR/USD,2005-08-02 03:07:41.000,1.218700,1.219000,D
173636489,EUR/USD,2005-08-02 03:07:43.000,1.218600,1.218900,D
173636498,EUR/USD,2005-08-02 03:07:44.000,1.218700,1.219000,D
173636510,EUR/USD,2005-08-02 03:07:47.000,1.218600,1.218900,D
173636522,EUR/USD,2005-08-02 03:07:49.000,1.218700,1.219000,D
173636560,EUR/USD,2005-08-02 03:07:54.000,1.218600,1.218900,D
173636568,EUR/USD,2005-08-02 03:07:55.000,1.218700,1.219000,D
173636595,EUR/USD,2005-08-02 03:08:02.000,1.218800,1.219100,D
173636624,EUR/USD,2005-08-02 03:08:08.000,1.218700,1.219000,D
173636642,EUR/USD,2005-08-02 03:08:09.000,1.218600,1.218900,D
173636682,EUR/USD,2005-08-02 03:08:16.000,1.218500,1.218800,D
173636746,EUR/USD,2005-08-02 03:08:25.000,1.218600,1.218900,D
173636766,EUR/USD,2005-08-02 03:08:27.000,1.218500,1.218800,D
173636772,EUR/USD,2005-08-02 03:08:27.000,1.218600,1.218900,D
173636798,EUR/USD,2005-08-02 03:08:31.000,1.218700,1.219000,D
173636820,EUR/USD,2005-08-02 03:08:35.000,1.218800,1.219100,D
173636839,EUR/USD,2005-08-02 03:08:38.000,1.218900,1.219200,D
173636959,EUR/USD,2005-08-02 03:09:04.000,1.219000,1.219300,D
173636964,EUR/USD,2005-08-02 03:09:05.000,1.218900,1.219200,D
173636972,EUR/USD,2005-08-02 03:09:06.000,1.218800,1.219100,D
173636977,EUR/USD,2005-08-02 03:09:06.000,1.218900,1.219200,D
173636995,EUR/USD,2005-08-02 03:09:13.000,1.218800,1.219100,D
173637042,EUR/USD,2005-08-02 03:09:23.000,1.218700,1.219000,D
173637072,EUR/USD,2005-08-02 03:09:33.000,1.218800,1.219100,D
173637132,EUR/USD,2005-08-02 03:09:47.000,1.218700,1.219000,D
173637136,EUR/USD,2005-08-02 03:09:49.000,1.218800,1.219100,D
173637149,EUR/USD,2005-08-02 03:09:52.000,1.218700,1.219000,D
173637194,EUR/USD,2005-08-02 03:10:18.000,1.218800,1.219100,D
173637208,EUR/USD,2005-08-02 03:10:21.000,1.218900,1.219200,D
173637221,EUR/USD,2005-08-02 03:10:26.000,1.219000,1.219300,D
173637248,EUR/USD,2005-08-02 03:10:36.000,1.218900,1.219200,D
173637257,EUR/USD,2005-08-02 03:10:40.000,1.219000,1.219300,D
173637271,EUR/USD,2005-08-02 03:10:47.000,1.219100,1.219400,D
173637282,EUR/USD,2005-08-02 03:10:49.000,1.219000,1.219300,D
173637325,EUR/USD,2005-08-02 03:11:12.000,1.219100,1.219400,D
173637347,EUR/USD,2005-08-02 03:11:16.000,1.219200,1.219500,D
173637368,EUR/USD,2005-08-02 03:11:22.000,1.219100,1.219400,D
173637372,EUR/USD,2005-08-02 03:11:23.000,1.219200,1.219500,D
173637381,EUR/USD,2005-08-02 03:11:24.000,1.219100,1.219400,D
173637387,EUR/USD,2005-08-02 03:11:25.000,1.219200,1.219500,D
173637394,EUR/USD,2005-08-02 03:11:27.000,1.219100,1.219400,D
173637402,EUR/USD,2005-08-02 03:11:28.000,1.219200,1.219500,D
173637414,EUR/USD,2005-08-02 03:11:32.000,1.219100,1.219400,D
173637419,EUR/USD,2005-08-02 03:11:32.000,1.219200,1.219500,D
173637429,EUR/USD,2005-08-02 03:11:38.000,1.219300,1.219600,D
173637450,EUR/USD,2005-08-02 03:11:42.000,1.219200,1.219500,D
173637456,EUR/USD,2005-08-02 03:11:44.000,1.219300,1.219600,D
173637457,EUR/USD,2005-08-02 03:11:46.000,1.219200,1.219500,D
173637458,EUR/USD,2005-08-02 03:11:46.000,1.219300,1.219600,D
173637473,EUR/USD,2005-08-02 03:11:54.000,1.219200,1.219500,D
173637537,EUR/USD,2005-08-02 03:12:28.000,1.219100,1.219400,D
173637545,EUR/USD,2005-08-02 03:12:29.000,1.219200,1.219500,D
173637562,EUR/USD,2005-08-02 03:12:33.000,1.219100,1.219400,D
173637573,EUR/USD,2005-08-02 03:12:35.000,1.219200,1.219500,D
173637596,EUR/USD,2005-08-02 03:12:40.000,1.219300,1.219600,D
173637606,EUR/USD,2005-08-02 03:12:41.000,1.219200,1.219500,D
173637614,EUR/USD,2005-08-02 03:12:42.000,1.219300,1.219600,D
173637616,EUR/USD,2005-08-02 03:12:43.000,1.219200,1.219500,D
173637639,EUR/USD,2005-08-02 03:12:51.000,1.219100,1.219400,D
173637640,EUR/USD,2005-08-02 03:12:51.000,1.219200,1.219500,D
173637641,EUR/USD,2005-08-02 03:12:53.000,1.219100,1.219400,D
173637642,EUR/USD,2005-08-02 03:12:54.000,1.219200,1.219500,D
173637648,EUR/USD,2005-08-02 03:12:55.000,1.219300,1.219600,D
173637655,EUR/USD,2005-08-02 03:12:56.000,1.219200,1.219500,D
173637663,EUR/USD,2005-08-02 03:12:57.000,1.219300,1.219600,D
173637674,EUR/USD,2005-08-02 03:12:59.000,1.219200,1.219500,D
173637692,EUR/USD,2005-08-02 03:13:07.000,1.219300,1.219600,D
173637698,EUR/USD,2005-08-02 03:13:09.000,1.219200,1.219500,D
173637732,EUR/USD,2005-08-02 03:13:25.000,1.219100,1.219400,D
173637751,EUR/USD,2005-08-02 03:13:30.000,1.219000,1.219300,D
173637763,EUR/USD,2005-08-02 03:13:33.000,1.218900,1.219200,D
173637771,EUR/USD,2005-08-02 03:13:33.000,1.219000,1.219300,D
173637782,EUR/USD,2005-08-02 03:13:34.000,1.218900,1.219200,D
173637791,EUR/USD,2005-08-02 03:13:35.000,1.219000,1.219300,D
173637799,EUR/USD,2005-08-02 03:13:36.000,1.218900,1.219200,D
173637809,EUR/USD,2005-08-02 03:13:36.000,1.219000,1.219300,D
173637820,EUR/USD,2005-08-02 03:13:39.000,1.218900,1.219200,D
173637824,EUR/USD,2005-08-02 03:13:43.000,1.218800,1.219100,D
173637848,EUR/USD,2005-08-02 03:13:47.000,1.218900,1.219200,D
173637871,EUR/USD,2005-08-02 03:13:52.000,1.218800,1.219100,D
173637874,EUR/USD,2005-08-02 03:13:52.000,1.218900,1.219200,D
173637891,EUR/USD,2005-08-02 03:13:54.000,1.219000,1.219300,D
173637919,EUR/USD,2005-08-02 03:14:01.000,1.219100,1.219400,D
173637961,EUR/USD,2005-08-02 03:14:06.000,1.219200,1.219500,D
173637965,EUR/USD,2005-08-02 03:14:08.000,1.219100,1.219400,D
173637984,EUR/USD,2005-08-02 03:14:11.000,1.219200,1.219500,D
173638003,EUR/USD,2005-08-02 03:14:17.000,1.219100,1.219400,D
173638014,EUR/USD,2005-08-02 03:14:18.000,1.219200,1.219500,D
173638024,EUR/USD,2005-08-02 03:14:29.000,1.219300,1.219600,D
173638057,EUR/USD,2005-08-02 03:14:44.000,1.219400,1.219700,D
173638065,EUR/USD,2005-08-02 03:14:46.000,1.219300,1.219600,D
173638074,EUR/USD,2005-08-02 03:14:47.000,1.219400,1.219700,D
173638076,EUR/USD,2005-08-02 03:14:48.000,1.219300,1.219600,D
173638098,EUR/USD,2005-08-02 03:15:08.000,1.219200,1.219500,D
173638101,EUR/USD,2005-08-02 03:15:10.000,1.219300,1.219600,D
173638106,EUR/USD,2005-08-02 03:15:14.000,1.219200,1.219500,D
173638113,EUR/USD,2005-08-02 03:15:19.000,1.219300,1.219600,D
173638149,EUR/USD,2005-08-02 03:15:29.000,1.219200,1.219500,D
173638158,EUR/USD,2005-08-02 03:15:33.000,1.219300,1.219600,D
173638163,EUR/USD,2005-08-02 03:15:34.000,1.219200,1.219500,D
173638169,EUR/USD,2005-08-02 03:15:36.000,1.219100,1.219400,D
173638174,EUR/USD,2005-08-02 03:15:37.000,1.219200,1.219500,D
173638190,EUR/USD,2005-08-02 03:15:49.000,1.219100,1.219400,D
173638196,EUR/USD,2005-08-02 03:15:51.000,1.219200,1.219500,D
173638205,EUR/USD,2005-08-02 03:15:55.000,1.219100,1.219400,D
173638216,EUR/USD,2005-08-02 03:15:57.000,1.219200,1.219500,D
173638231,EUR/USD,2005-08-02 03:15:58.000,1.219100,1.219400,D
173638238,EUR/USD,2005-08-02 03:15:59.000,1.219200,1.219500,D
173638288,EUR/USD,2005-08-02 03:16:17.000,1.219300,1.219600,D
173638295,EUR/USD,2005-08-02 03:16:18.000,1.219200,1.219500,D
173638299,EUR/USD,2005-08-02 03:16:20.000,1.219300,1.219600,D
173638314,EUR/USD,2005-08-02 03:16:34.000,1.219200,1.219500,D
173638329,EUR/USD,2005-08-02 03:16:36.000,1.219300,1.219600,D
173638333,EUR/USD,2005-08-02 03:16:38.000,1.219200,1.219500,D
173638343,EUR/USD,2005-08-02 03:16:40.000,1.219300,1.219600,D
173638346,EUR/USD,2005-08-02 03:16:40.000,1.219200,1.219500,D
173638468,EUR/USD,2005-08-02 03:17:40.000,1.219300,1.219600,D
173638500,EUR/USD,2005-08-02 03:17:45.000,1.219400,1.219700,D
173638508,EUR/USD,2005-08-02 03:17:46.000,1.219300,1.219600,D
173638523,EUR/USD,2005-08-02 03:17:49.000,1.219400,1.219700,D
173638529,EUR/USD,2005-08-02 03:17:49.000,1.219300,1.219600,D
173638565,EUR/USD,2005-08-02 03:18:04.000,1.219200,1.219500,D
173638579,EUR/USD,2005-08-02 03:18:08.000,1.219100,1.219400,D
173638581,EUR/USD,2005-08-02 03:18:09.000,1.219200,1.219500,D
173638589,EUR/USD,2005-08-02 03:18:11.000,1.219100,1.219400,D
173638595,EUR/USD,2005-08-02 03:18:12.000,1.219200,1.219500,D
173638599,EUR/USD,2005-08-02 03:18:13.000,1.219100,1.219400,D
173638608,EUR/USD,2005-08-02 03:18:14.000,1.219200,1.219500,D
173638618,EUR/USD,2005-08-02 03:18:15.000,1.219100,1.219400,D
173638624,EUR/USD,2005-08-02 03:18:17.000,1.219200,1.219500,D
173638639,EUR/USD,2005-08-02 03:18:23.000,1.219300,1.219600,D
173638659,EUR/USD,2005-08-02 03:18:27.000,1.219200,1.219500,D
173638680,EUR/USD,2005-08-02 03:18:35.000,1.219100,1.219400,D
173638684,EUR/USD,2005-08-02 03:18:35.000,1.219200,1.219500,D
173638692,EUR/USD,2005-08-02 03:18:37.000,1.219100,1.219400,D
173638695,EUR/USD,2005-08-02 03:18:38.000,1.219200,1.219500,D
173638735,EUR/USD,2005-08-02 03:18:57.000,1.219300,1.219600,D
173638747,EUR/USD,2005-08-02 03:18:58.000,1.219200,1.219500,D
173638749,EUR/USD,2005-08-02 03:18:59.000,1.219300,1.219600,D
173638755,EUR/USD,2005-08-02 03:19:00.000,1.219200,1.219500,D
173638798,EUR/USD,2005-08-02 03:19:08.000,1.219300,1.219600,D
173638850,EUR/USD,2005-08-02 03:19:29.000,1.219200,1.219500,D
173638856,EUR/USD,2005-08-02 03:19:32.000,1.219300,1.219600,D
173638871,EUR/USD,2005-08-02 03:19:33.000,1.219200,1.219500,D
173638873,EUR/USD,2005-08-02 03:19:35.000,1.219300,1.219600,D
173638887,EUR/USD,2005-08-02 03:19:39.000,1.219400,1.219700,D
173638904,EUR/USD,2005-08-02 03:19:42.000,1.219500,1.219800,D
173638937,EUR/USD,2005-08-02 03:19:50.000,1.219400,1.219700,D
173638955,EUR/USD,2005-08-02 03:19:52.000,1.219300,1.219600,D
173638963,EUR/USD,2005-08-02 03:19:53.000,1.219400,1.219700,D
173638991,EUR/USD,2005-08-02 03:19:57.000,1.219500,1.219800,D
173639032,EUR/USD,2005-08-02 03:20:04.000,1.219400,1.219700,D
173639038,EUR/USD,2005-08-02 03:20:05.000,1.219500,1.219800,D
173639052,EUR/USD,2005-08-02 03:20:11.000,1.219400,1.219700,D
173639056,EUR/USD,2005-08-02 03:20:11.000,1.219500,1.219800,D
173639072,EUR/USD,2005-08-02 03:20:17.000,1.219600,1.219900,D
173639078,EUR/USD,2005-08-02 03:20:18.000,1.219500,1.219800,D
173639097,EUR/USD,2005-08-02 03:20:19.000,1.219400,1.219700,D
173639101,EUR/USD,2005-08-02 03:20:21.000,1.219500,1.219800,D
173639111,EUR/USD,2005-08-02 03:20:21.000,1.219400,1.219700,D
173639166,EUR/USD,2005-08-02 03:20:30.000,1.219500,1.219800,D
173639179,EUR/USD,2005-08-02 03:20:34.000,1.219400,1.219700,D
173639214,EUR/USD,2005-08-02 03:20:39.000,1.219500,1.219800,D
173639244,EUR/USD,2005-08-02 03:20:45.000,1.219600,1.219900,D
173639249,EUR/USD,2005-08-02 03:20:45.000,1.219500,1.219800,D
173639269,EUR/USD,2005-08-02 03:20:50.000,1.219400,1.219700,D
173639289,EUR/USD,2005-08-02 03:20:53.000,1.219500,1.219800,D
173639301,EUR/USD,2005-08-02 03:20:55.000,1.219400,1.219700,D
173639318,EUR/USD,2005-08-02 03:21:03.000,1.219300,1.219600,D
173639338,EUR/USD,2005-08-02 03:21:08.000,1.219400,1.219700,D
173639352,EUR/USD,2005-08-02 03:21:10.000,1.219300,1.219600,D
173639361,EUR/USD,2005-08-02 03:21:11.000,1.219400,1.219700,D
173639385,EUR/USD,2005-08-02 03:21:15.000,1.219300,1.219600,D
173639395,EUR/USD,2005-08-02 03:21:16.000,1.219400,1.219700,D
173639487,EUR/USD,2005-08-02 03:21:45.000,1.219300,1.219600,D
173639493,EUR/USD,2005-08-02 03:21:45.000,1.219400,1.219700,D
173639513,EUR/USD,2005-08-02 03:21:50.000,1.219300,1.219600,D
173639535,EUR/USD,2005-08-02 03:21:57.000,1.219400,1.219700,D
173639557,EUR/USD,2005-08-02 03:22:03.000,1.219500,1.219800,D
173639586,EUR/USD,2005-08-02 03:22:06.000,1.219600,1.219900,D
173639592,EUR/USD,2005-08-02 03:22:07.000,1.219500,1.219800,D
173639627,EUR/USD,2005-08-02 03:22:12.000,1.219600,1.219900,D
173639639,EUR/USD,2005-08-02 03:22:13.000,1.219500,1.219800,D
173639648,EUR/USD,2005-08-02 03:22:14.000,1.219600,1.219900,D
173639655,EUR/USD,2005-08-02 03:22:14.000,1.219500,1.219800,D
173639664,EUR/USD,2005-08-02 03:22:15.000,1.219600,1.219900,D
173639676,EUR/USD,2005-08-02 03:22:17.000,1.219500,1.219800,D
173639686,EUR/USD,2005-08-02 03:22:18.000,1.219600,1.219900,D
173639695,EUR/USD,2005-08-02 03:22:19.000,1.219500,1.219800,D
173639732,EUR/USD,2005-08-02 03:22:25.000,1.219400,1.219700,D
173639777,EUR/USD,2005-08-02 03:22:32.000,1.219500,1.219800,D
173639797,EUR/USD,2005-08-02 03:22:38.000,1.219600,1.219900,D
173639805,EUR/USD,2005-08-02 03:22:39.000,1.219500,1.219800,D
173639816,EUR/USD,2005-08-02 03:22:40.000,1.219600,1.219900,D
173639877,EUR/USD,2005-08-02 03:22:52.000,1.219500,1.219800,D
173639896,EUR/USD,2005-08-02 03:22:58.000,1.219600,1.219900,D
173639912,EUR/USD,2005-08-02 03:23:03.000,1.219700,1.220000,D
173639929,EUR/USD,2005-08-02 03:23:09.000,1.219600,1.219900,D
173639934,EUR/USD,2005-08-02 03:23:09.000,1.219700,1.220000,D
173639978,EUR/USD,2005-08-02 03:23:21.000,1.219600,1.219900,D
173639981,EUR/USD,2005-08-02 03:23:22.000,1.219700,1.220000,D
173639985,EUR/USD,2005-08-02 03:23:24.000,1.219600,1.219900,D
173640114,EUR/USD,2005-08-02 03:24:19.000,1.219700,1.220000,D
173640174,EUR/USD,2005-08-02 03:24:39.000,1.219600,1.219900,D
173640184,EUR/USD,2005-08-02 03:24:41.000,1.219700,1.220000,D
173640216,EUR/USD,2005-08-02 03:24:44.000,1.219600,1.219900,D
173640223,EUR/USD,2005-08-02 03:24:47.000,1.219700,1.220000,D
173640242,EUR/USD,2005-08-02 03:24:52.000,1.219600,1.219900,D
173640267,EUR/USD,2005-08-02 03:24:57.000,1.219700,1.220000,D
173640281,EUR/USD,2005-08-02 03:24:58.000,1.219600,1.219900,D
173640290,EUR/USD,2005-08-02 03:25:00.000,1.219700,1.220000,D
173640299,EUR/USD,2005-08-02 03:25:01.000,1.219600,1.219900,D
173640321,EUR/USD,2005-08-02 03:25:04.000,1.219700,1.220000,D
173640350,EUR/USD,2005-08-02 03:25:09.000,1.219800,1.220100,D
173640386,EUR/USD,2005-08-02 03:25:18.000,1.219900,1.220200,D
173640399,EUR/USD,2005-08-02 03:25:22.000,1.220000,1.220300,D
173640403,EUR/USD,2005-08-02 03:25:23.000,1.219900,1.220200,D
173640409,EUR/USD,2005-08-02 03:25:24.000,1.220000,1.220300,D
173640416,EUR/USD,2005-08-02 03:25:25.000,1.220100,1.220400,D
173640447,EUR/USD,2005-08-02 03:25:30.000,1.220200,1.220500,D
173640450,EUR/USD,2005-08-02 03:25:31.000,1.220100,1.220400,D
173640474,EUR/USD,2005-08-02 03:25:35.000,1.220000,1.220300,D
173640482,EUR/USD,2005-08-02 03:25:36.000,1.220100,1.220400,D
173640496,EUR/USD,2005-08-02 03:25:37.000,1.220000,1.220300,D
173640499,EUR/USD,2005-08-02 03:25:38.000,1.220100,1.220400,D
173640512,EUR/USD,2005-08-02 03:25:39.000,1.220000,1.220300,D
173640533,EUR/USD,2005-08-02 03:25:46.000,1.220100,1.220400,D
173640538,EUR/USD,2005-08-02 03:25:46.000,1.220000,1.220300,D
173640548,EUR/USD,2005-08-02 03:25:52.000,1.220100,1.220400,D
173640569,EUR/USD,2005-08-02 03:25:56.000,1.220000,1.220300,D
173640580,EUR/USD,2005-08-02 03:25:59.000,1.220100,1.220400,D
173640626,EUR/USD,2005-08-02 03:26:10.000,1.220200,1.220500,D
173640648,EUR/USD,2005-08-02 03:26:12.000,1.220100,1.220400,D
173640659,EUR/USD,2005-08-02 03:26:14.000,1.220000,1.220300,D
173640671,EUR/USD,2005-08-02 03:26:17.000,1.220100,1.220400,D
173640686,EUR/USD,2005-08-02 03:26:18.000,1.220000,1.220300,D
173640732,EUR/USD,2005-08-02 03:26:28.000,1.220100,1.220400,D
173640756,EUR/USD,2005-08-02 03:26:34.000,1.220200,1.220500,D
173640765,EUR/USD,2005-08-02 03:26:35.000,1.220100,1.220400,D
173640780,EUR/USD,2005-08-02 03:26:41.000,1.220200,1.220500,D
173640797,EUR/USD,2005-08-02 03:26:46.000,1.220300,1.220600,D
173640806,EUR/USD,2005-08-02 03:26:50.000,1.220400,1.220700,D
173640815,EUR/USD,2005-08-02 03:26:52.000,1.220500,1.220800,D
173640825,EUR/USD,2005-08-02 03:26:52.000,1.220400,1.220700,D
173640836,EUR/USD,2005-08-02 03:26:53.000,1.220500,1.220800,D
173640843,EUR/USD,2005-08-02 03:26:55.000,1.220600,1.220900,D
173640853,EUR/USD,2005-08-02 03:26:57.000,1.220500,1.220800,D
173640884,EUR/USD,2005-08-02 03:27:01.000,1.220400,1.220700,D
173640895,EUR/USD,2005-08-02 03:27:03.000,1.220500,1.220800,D
173640915,EUR/USD,2005-08-02 03:27:06.000,1.220600,1.220900,D
173640952,EUR/USD,2005-08-02 03:27:15.000,1.220500,1.220800,D
173640986,EUR/USD,2005-08-02 03:27:20.000,1.220400,1.220700,D
173640987,EUR/USD,2005-08-02 03:27:21.000,1.220500,1.220800,D
173641000,EUR/USD,2005-08-02 03:27:24.000,1.220600,1.220900,D
173641028,EUR/USD,2005-08-02 03:27:34.000,1.220700,1.221000,D
173641055,EUR/USD,2005-08-02 03:27:39.000,1.220600,1.220900,D
173641061,EUR/USD,2005-08-02 03:27:42.000,1.220700,1.221000,D
173641070,EUR/USD,2005-08-02 03:27:43.000,1.220600,1.220900,D
173641093,EUR/USD,2005-08-02 03:27:53.000,1.220700,1.221000,D
173641113,EUR/USD,2005-08-02 03:27:59.000,1.220800,1.221100,D
173641139,EUR/USD,2005-08-02 03:28:03.000,1.220900,1.221200,D
173641170,EUR/USD,2005-08-02 03:28:10.000,1.220800,1.221100,D
173641177,EUR/USD,2005-08-02 03:28:11.000,1.220900,1.221200,D
173641180,EUR/USD,2005-08-02 03:28:12.000,1.220800,1.221100,D
173641183,EUR/USD,2005-08-02 03:28:12.000,1.220900,1.221200,D
173641217,EUR/USD,2005-08-02 03:28:22.000,1.220800,1.221100,D
173641235,EUR/USD,2005-08-02 03:28:33.000,1.220900,1.221200,D
173641258,EUR/USD,2005-08-02 03:28:41.000,1.221000,1.221300,D
173641278,EUR/USD,2005-08-02 03:28:50.000,1.220900,1.221200,D
173641287,EUR/USD,2005-08-02 03:28:53.000,1.221000,1.221300,D
173641291,EUR/USD,2005-08-02 03:28:54.000,1.220900,1.221200,D
173641320,EUR/USD,2005-08-02 03:29:07.000,1.220800,1.221100,D
173641397,EUR/USD,2005-08-02 03:29:44.000,1.220900,1.221200,D
173641408,EUR/USD,2005-08-02 03:29:46.000,1.220800,1.221100,D
173641484,EUR/USD,2005-08-02 03:30:14.000,1.220900,1.221200,D
173641506,EUR/USD,2005-08-02 03:30:19.000,1.220800,1.221100,D
173641511,EUR/USD,2005-08-02 03:30:21.000,1.220900,1.221200,D
173641554,EUR/USD,2005-08-02 03:30:30.000,1.221000,1.221300,D
173641565,EUR/USD,2005-08-02 03:30:33.000,1.221100,1.221400,D
173641600,EUR/USD,2005-08-02 03:30:38.000,1.221000,1.221300,D
173641608,EUR/USD,2005-08-02 03:30:38.000,1.221100,1.221400,D
173641622,EUR/USD,2005-08-02 03:30:40.000,1.221000,1.221300,D
173641627,EUR/USD,2005-08-02 03:30:41.000,1.221100,1.221400,D
173641637,EUR/USD,2005-08-02 03:30:44.000,1.221200,1.221500,D
173641651,EUR/USD,2005-08-02 03:30:46.000,1.221100,1.221400,D
173641665,EUR/USD,2005-08-02 03:30:53.000,1.221200,1.221500,D
173641680,EUR/USD,2005-08-02 03:30:57.000,1.221300,1.221600,D
173641708,EUR/USD,2005-08-02 03:31:03.000,1.221200,1.221500,D
173641714,EUR/USD,2005-08-02 03:31:04.000,1.221300,1.221600,D
173641728,EUR/USD,2005-08-02 03:31:07.000,1.221200,1.221500,D
173641729,EUR/USD,2005-08-02 03:31:08.000,1.221300,1.221600,D
173641737,EUR/USD,2005-08-02 03:31:09.000,1.221400,1.221700,D
173641746,EUR/USD,2005-08-02 03:31:11.000,1.221500,1.221800,D
173641756,EUR/USD,2005-08-02 03:31:12.000,1.221400,1.221700,D
173641757,EUR/USD,2005-08-02 03:31:13.000,1.221500,1.221800,D
173641768,EUR/USD,2005-08-02 03:31:13.000,1.221400,1.221700,D
173641795,EUR/USD,2005-08-02 03:31:20.000,1.221300,1.221600,D
173641804,EUR/USD,2005-08-02 03:31:23.000,1.221200,1.221500,D
173641809,EUR/USD,2005-08-02 03:31:24.000,1.221300,1.221600,D
173641836,EUR/USD,2005-08-02 03:31:32.000,1.221200,1.221500,D
173641842,EUR/USD,2005-08-02 03:31:33.000,1.221300,1.221600,D
173641845,EUR/USD,2005-08-02 03:31:33.000,1.221200,1.221500,D
173641849,EUR/USD,2005-08-02 03:31:34.000,1.221300,1.221600,D
173641852,EUR/USD,2005-08-02 03:31:34.000,1.221200,1.221500,D
173641865,EUR/USD,2005-08-02 03:31:45.000,1.221100,1.221400,D
173641886,EUR/USD,2005-08-02 03:31:51.000,1.221200,1.221500,D
173641904,EUR/USD,2005-08-02 03:31:56.000,1.221300,1.221600,D
173641908,EUR/USD,2005-08-02 03:31:56.000,1.221200,1.221500,D
173641928,EUR/USD,2005-08-02 03:32:06.000,1.221100,1.221400,D
173641938,EUR/USD,2005-08-02 03:32:09.000,1.221200,1.221500,D
173641977,EUR/USD,2005-08-02 03:32:20.000,1.221300,1.221600,D
173641994,EUR/USD,2005-08-02 03:32:28.000,1.221400,1.221700,D
173642001,EUR/USD,2005-08-02 03:32:30.000,1.221300,1.221600,D
173642048,EUR/USD,2005-08-02 03:32:41.000,1.221200,1.221500,D
173642121,EUR/USD,2005-08-02 03:33:04.000,1.221300,1.221600,D
173642134,EUR/USD,2005-08-02 03:33:10.000,1.221400,1.221700,D
173642142,EUR/USD,2005-08-02 03:33:12.000,1.221500,1.221800,D
173642152,EUR/USD,2005-08-02 03:33:13.000,1.221600,1.221900,D
173642168,EUR/USD,2005-08-02 03:33:17.000,1.221500,1.221800,D
173642173,EUR/USD,2005-08-02 03:33:17.000,1.221600,1.221900,D
173642190,EUR/USD,2005-08-02 03:33:22.000,1.221700,1.222000,D
173642204,EUR/USD,2005-08-02 03:33:27.000,1.221600,1.221900,D
173642260,EUR/USD,2005-08-02 03:33:42.000,1.221700,1.222000,D
173642273,EUR/USD,2005-08-02 03:33:45.000,1.221800,1.222100,D
173642290,EUR/USD,2005-08-02 03:33:48.000,1.221900,1.222200,D
173642300,EUR/USD,2005-08-02 03:33:50.000,1.222000,1.222300,D
173642304,EUR/USD,2005-08-02 03:33:51.000,1.222100,1.222400,D
173642312,EUR/USD,2005-08-02 03:33:51.000,1.222000,1.222300,D
173642325,EUR/USD,2005-08-02 03:33:53.000,1.221900,1.222200,D
173642335,EUR/USD,2005-08-02 03:33:55.000,1.221800,1.222100,D
173642356,EUR/USD,2005-08-02 03:33:57.000,1.221700,1.222000,D
173642359,EUR/USD,2005-08-02 03:33:58.000,1.221800,1.222100,D
173642360,EUR/USD,2005-08-02 03:33:58.000,1.221900,1.222200,D
173642373,EUR/USD,2005-08-02 03:33:58.000,1.221800,1.222100,D
173642401,EUR/USD,2005-08-02 03:34:05.000,1.221900,1.222200,D
173642416,EUR/USD,2005-08-02 03:34:07.000,1.222000,1.222300,D
173642446,EUR/USD,2005-08-02 03:34:11.000,1.221900,1.222200,D
173642458,EUR/USD,2005-08-02 03:34:16.000,1.221800,1.222100,D
173642465,EUR/USD,2005-08-02 03:34:17.000,1.221900,1.222200,D
173642470,EUR/USD,2005-08-02 03:34:18.000,1.221800,1.222100,D
173642476,EUR/USD,2005-08-02 03:34:19.000,1.221700,1.222000,D
173642484,EUR/USD,2005-08-02 03:34:20.000,1.221800,1.222100,D
173642493,EUR/USD,2005-08-02 03:34:21.000,1.221700,1.222000,D
173642519,EUR/USD,2005-08-02 03:34:26.000,1.221600,1.221900,D
173642533,EUR/USD,2005-08-02 03:34:28.000,1.221700,1.222000,D
173642541,EUR/USD,2005-08-02 03:34:29.000,1.221600,1.221900,D
173642562,EUR/USD,2005-08-02 03:34:34.000,1.221500,1.221800,D
173642604,EUR/USD,2005-08-02 03:34:41.000,1.221400,1.221700,D
173642619,EUR/USD,2005-08-02 03:34:44.000,1.221500,1.221800,D
173642641,EUR/USD,2005-08-02 03:34:51.000,1.221600,1.221900,D
173642677,EUR/USD,2005-08-02 03:34:59.000,1.221500,1.221800,D
173642718,EUR/USD,2005-08-02 03:35:12.000,1.221400,1.221700,D
173642754,EUR/USD,2005-08-02 03:35:21.000,1.221300,1.221600,D
173642764,EUR/USD,2005-08-02 03:35:21.000,1.221400,1.221700,D
173642783,EUR/USD,2005-08-02 03:35:27.000,1.221500,1.221800,D
173642788,EUR/USD,2005-08-02 03:35:29.000,1.221400,1.221700,D
173642801,EUR/USD,2005-08-02 03:35:30.000,1.221500,1.221800,D
173642810,EUR/USD,2005-08-02 03:35:32.000,1.221400,1.221700,D
173642820,EUR/USD,2005-08-02 03:35:33.000,1.221500,1.221800,D
173642831,EUR/USD,2005-08-02 03:35:36.000,1.221400,1.221700,D
173642835,EUR/USD,2005-08-02 03:35:37.000,1.221500,1.221800,D
173642895,EUR/USD,2005-08-02 03:35:53.000,1.221600,1.221900,D
173642944,EUR/USD,2005-08-02 03:36:09.000,1.221700,1.222000,D
173642950,EUR/USD,2005-08-02 03:36:10.000,1.221800,1.222100,D
173642962,EUR/USD,2005-08-02 03:36:12.000,1.221900,1.222200,D
173642974,EUR/USD,2005-08-02 03:36:13.000,1.221800,1.222100,D
173642980,EUR/USD,2005-08-02 03:36:14.000,1.221900,1.222200,D
173642991,EUR/USD,2005-08-02 03:36:17.000,1.221800,1.222100,D
173642997,EUR/USD,2005-08-02 03:36:18.000,1.221900,1.222200,D
173643005,EUR/USD,2005-08-02 03:36:19.000,1.222000,1.222300,D
173643006,EUR/USD,2005-08-02 03:36:20.000,1.221900,1.222200,D
173643008,EUR/USD,2005-08-02 03:36:20.000,1.221800,1.222100,D
173643017,EUR/USD,2005-08-02 03:36:21.000,1.221900,1.222200,D
173643022,EUR/USD,2005-08-02 03:36:22.000,1.221800,1.222100,D
173643031,EUR/USD,2005-08-02 03:36:25.000,1.221700,1.222000,D
173643035,EUR/USD,2005-08-02 03:36:26.000,1.221800,1.222100,D
173643040,EUR/USD,2005-08-02 03:36:27.000,1.221700,1.222000,D
173643046,EUR/USD,2005-08-02 03:36:28.000,1.221800,1.222100,D
173643051,EUR/USD,2005-08-02 03:36:30.000,1.221900,1.222200,D
173643056,EUR/USD,2005-08-02 03:36:30.000,1.222000,1.222300,D
173643063,EUR/USD,2005-08-02 03:36:32.000,1.221900,1.222200,D
173643067,EUR/USD,2005-08-02 03:36:33.000,1.222000,1.222300,D
173643078,EUR/USD,2005-08-02 03:36:34.000,1.222100,1.222400,D
173643083,EUR/USD,2005-08-02 03:36:35.000,1.222000,1.222300,D
173643089,EUR/USD,2005-08-02 03:36:36.000,1.222100,1.222400,D
173643101,EUR/USD,2005-08-02 03:36:39.000,1.222000,1.222300,D
173643112,EUR/USD,2005-08-02 03:36:44.000,1.221900,1.222200,D
173643145,EUR/USD,2005-08-02 03:36:51.000,1.221800,1.222100,D
173643198,EUR/USD,2005-08-02 03:37:01.000,1.221700,1.222000,D
173643200,EUR/USD,2005-08-02 03:37:01.000,1.221800,1.222100,D
173643256,EUR/USD,2005-08-02 03:37:18.000,1.221700,1.222000,D
173643259,EUR/USD,2005-08-02 03:37:19.000,1.221800,1.222100,D
173643320,EUR/USD,2005-08-02 03:37:39.000,1.221700,1.222000,D
173643322,EUR/USD,2005-08-02 03:37:39.000,1.221800,1.222100,D
173643327,EUR/USD,2005-08-02 03:37:40.000,1.221900,1.222200,D
173643349,EUR/USD,2005-08-02 03:37:44.000,1.221800,1.222100,D
173643352,EUR/USD,2005-08-02 03:37:44.000,1.221900,1.222200,D
173643366,EUR/USD,2005-08-02 03:37:46.000,1.221800,1.222100,D
173643379,EUR/USD,2005-08-02 03:37:53.000,1.221900,1.222200,D
173643395,EUR/USD,2005-08-02 03:38:00.000,1.222000,1.222300,D
173643404,EUR/USD,2005-08-02 03:38:01.000,1.222100,1.222400,D
173643429,EUR/USD,2005-08-02 03:38:11.000,1.222200,1.222500,D
173643432,EUR/USD,2005-08-02 03:38:11.000,1.222100,1.222400,D
173643457,EUR/USD,2005-08-02 03:38:20.000,1.222000,1.222300,D
173643479,EUR/USD,2005-08-02 03:38:25.000,1.221900,1.222200,D
173643503,EUR/USD,2005-08-02 03:38:29.000,1.222000,1.222300,D
173643517,EUR/USD,2005-08-02 03:38:31.000,1.221900,1.222200,D
173643521,EUR/USD,2005-08-02 03:38:32.000,1.222000,1.222300,D
173643548,EUR/USD,2005-08-02 03:38:37.000,1.221900,1.222200,D
173643559,EUR/USD,2005-08-02 03:38:39.000,1.222000,1.222300,D
173643577,EUR/USD,2005-08-02 03:38:47.000,1.221900,1.222200,D
173643590,EUR/USD,2005-08-02 03:38:55.000,1.222000,1.222300,D
173643593,EUR/USD,2005-08-02 03:38:56.000,1.221900,1.222200,D
173643617,EUR/USD,2005-08-02 03:39:07.000,1.221800,1.222100,D
173643656,EUR/USD,2005-08-02 03:39:25.000,1.221900,1.222200,D
173643665,EUR/USD,2005-08-02 03:39:27.000,1.221800,1.222100,D
173643688,EUR/USD,2005-08-02 03:39:45.000,1.221700,1.222000,D
173643735,EUR/USD,2005-08-02 03:40:05.000,1.221600,1.221900,D
173643740,EUR/USD,2005-08-02 03:40:06.000,1.221700,1.222000,D
173643761,EUR/USD,2005-08-02 03:40:11.000,1.221600,1.221900,D
173643794,EUR/USD,2005-08-02 03:40:27.000,1.221500,1.221800,D
173643801,EUR/USD,2005-08-02 03:40:28.000,1.221400,1.221700,D
173643871,EUR/USD,2005-08-02 03:40:52.000,1.221300,1.221600,D
173643895,EUR/USD,2005-08-02 03:41:01.000,1.221400,1.221700,D
173643932,EUR/USD,2005-08-02 03:41:30.000,1.221500,1.221800,D
173643951,EUR/USD,2005-08-02 03:41:36.000,1.221600,1.221900,D
173643971,EUR/USD,2005-08-02 03:41:39.000,1.221500,1.221800,D
173643973,EUR/USD,2005-08-02 03:41:43.000,1.221600,1.221900,D
173643984,EUR/USD,2005-08-02 03:41:48.000,1.221700,1.222000,D
173643990,EUR/USD,2005-08-02 03:41:49.000,1.221600,1.221900,D
173643994,EUR/USD,2005-08-02 03:41:50.000,1.221700,1.222000,D
173644002,EUR/USD,2005-08-02 03:41:51.000,1.221600,1.221900,D
173644013,EUR/USD,2005-08-02 03:41:52.000,1.221700,1.222000,D
173644046,EUR/USD,2005-08-02 03:42:00.000,1.221600,1.221900,D
173644062,EUR/USD,2005-08-02 03:42:05.000,1.221500,1.221800,D
173644067,EUR/USD,2005-08-02 03:42:05.000,1.221600,1.221900,D
173644078,EUR/USD,2005-08-02 03:42:07.000,1.221500,1.221800,D
173644091,EUR/USD,2005-08-02 03:42:24.000,1.221600,1.221900,D
173644103,EUR/USD,2005-08-02 03:42:26.000,1.221500,1.221800,D
173644111,EUR/USD,2005-08-02 03:42:30.000,1.221600,1.221900,D
173644122,EUR/USD,2005-08-02 03:42:35.000,1.221500,1.221800,D
173644166,EUR/USD,2005-08-02 03:42:49.000,1.221400,1.221700,D
173644173,EUR/USD,2005-08-02 03:42:51.000,1.221500,1.221800,D
173644183,EUR/USD,2005-08-02 03:42:53.000,1.221400,1.221700,D
173644244,EUR/USD,2005-08-02 03:43:28.000,1.221500,1.221800,D
173644273,EUR/USD,2005-08-02 03:43:34.000,1.221600,1.221900,D
173644317,EUR/USD,2005-08-02 03:43:56.000,1.221500,1.221800,D
173644320,EUR/USD,2005-08-02 03:43:57.000,1.221600,1.221900,D
173644344,EUR/USD,2005-08-02 03:44:03.000,1.221500,1.221800,D
173644360,EUR/USD,2005-08-02 03:44:09.000,1.221600,1.221900,D
173644375,EUR/USD,2005-08-02 03:44:22.000,1.221500,1.221800,D
173644381,EUR/USD,2005-08-02 03:44:24.000,1.221600,1.221900,D
173644385,EUR/USD,2005-08-02 03:44:25.000,1.221500,1.221800,D
173644400,EUR/USD,2005-08-02 03:44:29.000,1.221600,1.221900,D
173644406,EUR/USD,2005-08-02 03:44:38.000,1.221700,1.222000,D
173644417,EUR/USD,2005-08-02 03:44:40.000,1.221600,1.221900,D
173644421,EUR/USD,2005-08-02 03:44:40.000,1.221700,1.222000,D
173644459,EUR/USD,2005-08-02 03:45:04.000,1.221600,1.221900,D
173644462,EUR/USD,2005-08-02 03:45:05.000,1.221700,1.222000,D
173644468,EUR/USD,2005-08-02 03:45:06.000,1.221600,1.221900,D
173644493,EUR/USD,2005-08-02 03:45:33.000,1.221500,1.221800,D
173644498,EUR/USD,2005-08-02 03:45:46.000,1.221600,1.221900,D
173644504,EUR/USD,2005-08-02 03:45:46.000,1.221500,1.221800,D
173644509,EUR/USD,2005-08-02 03:45:47.000,1.221400,1.221700,D
173644513,EUR/USD,2005-08-02 03:45:49.000,1.221500,1.221800,D
173644527,EUR/USD,2005-08-02 03:45:53.000,1.221600,1.221900,D
173644542,EUR/USD,2005-08-02 03:45:57.000,1.221700,1.222000,D
173644561,EUR/USD,2005-08-02 03:46:03.000,1.221600,1.221900,D
173644570,EUR/USD,2005-08-02 03:46:05.000,1.221700,1.222000,D
173644578,EUR/USD,2005-08-02 03:46:09.000,1.221800,1.222100,D
173644600,EUR/USD,2005-08-02 03:46:14.000,1.221900,1.222200,D
173644615,EUR/USD,2005-08-02 03:46:17.000,1.221800,1.222100,D
173644644,EUR/USD,2005-08-02 03:46:24.000,1.221900,1.222200,D
173644657,EUR/USD,2005-08-02 03:46:27.000,1.222000,1.222300,D
173644690,EUR/USD,2005-08-02 03:46:31.000,1.221900,1.222200,D
173644703,EUR/USD,2005-08-02 03:46:36.000,1.221800,1.222100,D
173644713,EUR/USD,2005-08-02 03:46:38.000,1.221900,1.222200,D
173644722,EUR/USD,2005-08-02 03:46:42.000,1.222000,1.222300,D
173644733,EUR/USD,2005-08-02 03:46:45.000,1.222100,1.222400,D
173644757,EUR/USD,2005-08-02 03:46:48.000,1.222000,1.222300,D
173644762,EUR/USD,2005-08-02 03:46:48.000,1.222100,1.222400,D
173644775,EUR/USD,2005-08-02 03:46:51.000,1.222000,1.222300,D
173644783,EUR/USD,2005-08-02 03:46:51.000,1.222100,1.222400,D
173644806,EUR/USD,2005-08-02 03:46:55.000,1.222000,1.222300,D
173644815,EUR/USD,2005-08-02 03:46:56.000,1.222100,1.222400,D
173644822,EUR/USD,2005-08-02 03:46:57.000,1.222000,1.222300,D
173644831,EUR/USD,2005-08-02 03:46:59.000,1.222100,1.222400,D
173644840,EUR/USD,2005-08-02 03:47:00.000,1.222200,1.222500,D
173644844,EUR/USD,2005-08-02 03:47:00.000,1.222100,1.222400,D
173644871,EUR/USD,2005-08-02 03:47:06.000,1.222200,1.222500,D
173644901,EUR/USD,2005-08-02 03:47:12.000,1.222100,1.222400,D
173644911,EUR/USD,2005-08-02 03:47:14.000,1.222200,1.222500,D
173644925,EUR/USD,2005-08-02 03:47:19.000,1.222100,1.222400,D
173644947,EUR/USD,2005-08-02 03:47:28.000,1.222200,1.222500,D
173644953,EUR/USD,2005-08-02 03:47:29.000,1.222100,1.222400,D
173644967,EUR/USD,2005-08-02 03:47:38.000,1.222000,1.222300,D
173644976,EUR/USD,2005-08-02 03:47:40.000,1.222100,1.222400,D
173645008,EUR/USD,2005-08-02 03:47:50.000,1.222200,1.222500,D
173645030,EUR/USD,2005-08-02 03:47:57.000,1.222100,1.222400,D
173645043,EUR/USD,2005-08-02 03:47:59.000,1.222200,1.222500,D
173645090,EUR/USD,2005-08-02 03:48:06.000,1.222300,1.222600,D
173645094,EUR/USD,2005-08-02 03:48:06.000,1.222400,1.222700,D
173645112,EUR/USD,2005-08-02 03:48:10.000,1.222500,1.222800,D
173645120,EUR/USD,2005-08-02 03:48:11.000,1.222400,1.222700,D
173645125,EUR/USD,2005-08-02 03:48:12.000,1.222500,1.222800,D
173645136,EUR/USD,2005-08-02 03:48:13.000,1.222400,1.222700,D
173645140,EUR/USD,2005-08-02 03:48:13.000,1.222500,1.222800,D
173645144,EUR/USD,2005-08-02 03:48:13.000,1.222600,1.222900,D
173645183,EUR/USD,2005-08-02 03:48:18.000,1.222500,1.222800,D
173645194,EUR/USD,2005-08-02 03:48:19.000,1.222600,1.222900,D
173645200,EUR/USD,2005-08-02 03:48:20.000,1.222500,1.222800,D
173645209,EUR/USD,2005-08-02 03:48:21.000,1.222600,1.222900,D
173645253,EUR/USD,2005-08-02 03:48:27.000,1.222700,1.223000,D
173645278,EUR/USD,2005-08-02 03:48:30.000,1.222800,1.223100,D
173645287,EUR/USD,2005-08-02 03:48:32.000,1.222900,1.223200,D
173645297,EUR/USD,2005-08-02 03:48:34.000,1.222800,1.223100,D
173645319,EUR/USD,2005-08-02 03:48:37.000,1.222700,1.223000,D
173645341,EUR/USD,2005-08-02 03:48:43.000,1.222800,1.223100,D
173645350,EUR/USD,2005-08-02 03:48:46.000,1.222900,1.223200,D
173645361,EUR/USD,2005-08-02 03:48:48.000,1.222800,1.223100,D
173645365,EUR/USD,2005-08-02 03:48:50.000,1.222700,1.223000,D
173645378,EUR/USD,2005-08-02 03:48:53.000,1.222800,1.223100,D
173645403,EUR/USD,2005-08-02 03:49:01.000,1.222700,1.223000,D
173645408,EUR/USD,2005-08-02 03:49:02.000,1.222600,1.222900,D
173645445,EUR/USD,2005-08-02 03:49:15.000,1.222700,1.223000,D
173645449,EUR/USD,2005-08-02 03:49:17.000,1.222600,1.222900,D
173645465,EUR/USD,2005-08-02 03:49:20.000,1.222500,1.222800,D
173645473,EUR/USD,2005-08-02 03:49:21.000,1.222600,1.222900,D
173645483,EUR/USD,2005-08-02 03:49:24.000,1.222500,1.222800,D
173645488,EUR/USD,2005-08-02 03:49:27.000,1.222400,1.222700,D
173645499,EUR/USD,2005-08-02 03:49:28.000,1.222500,1.222800,D
173645509,EUR/USD,2005-08-02 03:49:31.000,1.222600,1.222900,D
173645516,EUR/USD,2005-08-02 03:49:31.000,1.222500,1.222800,D
173645518,EUR/USD,2005-08-02 03:49:32.000,1.222400,1.222700,D
173645525,EUR/USD,2005-08-02 03:49:33.000,1.222500,1.222800,D
173645548,EUR/USD,2005-08-02 03:49:35.000,1.222400,1.222700,D
173645563,EUR/USD,2005-08-02 03:49:42.000,1.222500,1.222800,D
173645578,EUR/USD,2005-08-02 03:49:47.000,1.222600,1.222900,D
173645602,EUR/USD,2005-08-02 03:49:51.000,1.222700,1.223000,D
173645614,EUR/USD,2005-08-02 03:49:53.000,1.222600,1.222900,D
173645644,EUR/USD,2005-08-02 03:49:59.000,1.222700,1.223000,D
173645655,EUR/USD,2005-08-02 03:50:02.000,1.222800,1.223100,D
173645683,EUR/USD,2005-08-02 03:50:06.000,1.222700,1.223000,D
173645700,EUR/USD,2005-08-02 03:50:11.000,1.222800,1.223100,D
173645710,EUR/USD,2005-08-02 03:50:14.000,1.222700,1.223000,D
173645727,EUR/USD,2005-08-02 03:50:17.000,1.222600,1.222900,D
173645750,EUR/USD,2005-08-02 03:50:20.000,1.222500,1.222800,D
173645813,EUR/USD,2005-08-02 03:50:30.000,1.222600,1.222900,D
173645820,EUR/USD,2005-08-02 03:50:32.000,1.222500,1.222800,D
173645831,EUR/USD,2005-08-02 03:50:35.000,1.222400,1.222700,D
173645847,EUR/USD,2005-08-02 03:50:38.000,1.222300,1.222600,D
173645864,EUR/USD,2005-08-02 03:50:52.000,1.222400,1.222700,D
173645876,EUR/USD,2005-08-02 03:50:54.000,1.222300,1.222600,D
173645880,EUR/USD,2005-08-02 03:50:55.000,1.222400,1.222700,D
173645906,EUR/USD,2005-08-02 03:51:05.000,1.222300,1.222600,D
173645922,EUR/USD,2005-08-02 03:51:10.000,1.222400,1.222700,D
173645964,EUR/USD,2005-08-02 03:51:24.000,1.222300,1.222600,D
173645988,EUR/USD,2005-08-02 03:51:36.000,1.222400,1.222700,D
173645999,EUR/USD,2005-08-02 03:51:38.000,1.222300,1.222600,D
173646069,EUR/USD,2005-08-02 03:52:05.000,1.222400,1.222700,D
173646086,EUR/USD,2005-08-02 03:52:15.000,1.222300,1.222600,D
173646106,EUR/USD,2005-08-02 03:52:28.000,1.222200,1.222500,D
173646125,EUR/USD,2005-08-02 03:52:33.000,1.222300,1.222600,D
173646135,EUR/USD,2005-08-02 03:52:37.000,1.222400,1.222700,D
173646176,EUR/USD,2005-08-02 03:52:44.000,1.222500,1.222800,D
173646185,EUR/USD,2005-08-02 03:52:47.000,1.222600,1.222900,D
173646199,EUR/USD,2005-08-02 03:52:50.000,1.222700,1.223000,D
173646219,EUR/USD,2005-08-02 03:52:52.000,1.222800,1.223100,D
173646223,EUR/USD,2005-08-02 03:52:53.000,1.222700,1.223000,D
173646250,EUR/USD,2005-08-02 03:52:57.000,1.222600,1.222900,D
173646259,EUR/USD,2005-08-02 03:52:59.000,1.222700,1.223000,D
173646265,EUR/USD,2005-08-02 03:52:59.000,1.222600,1.222900,D
173646285,EUR/USD,2005-08-02 03:53:12.000,1.222700,1.223000,D
173646294,EUR/USD,2005-08-02 03:53:14.000,1.222800,1.223100,D
173646323,EUR/USD,2005-08-02 03:53:19.000,1.222700,1.223000,D
173646332,EUR/USD,2005-08-02 03:53:20.000,1.222800,1.223100,D
173646339,EUR/USD,2005-08-02 03:53:20.000,1.222700,1.223000,D
173646346,EUR/USD,2005-08-02 03:53:21.000,1.222800,1.223100,D
173646358,EUR/USD,2005-08-02 03:53:22.000,1.222700,1.223000,D
173646386,EUR/USD,2005-08-02 03:53:26.000,1.222600,1.222900,D
173646401,EUR/USD,2005-08-02 03:53:29.000,1.222500,1.222800,D
173646416,EUR/USD,2005-08-02 03:53:33.000,1.222600,1.222900,D
173646443,EUR/USD,2005-08-02 03:53:41.000,1.222500,1.222800,D
173646451,EUR/USD,2005-08-02 03:53:42.000,1.222600,1.222900,D
173646476,EUR/USD,2005-08-02 03:53:45.000,1.222500,1.222800,D
173646480,EUR/USD,2005-08-02 03:53:47.000,1.222600,1.222900,D
173646502,EUR/USD,2005-08-02 03:53:49.000,1.222700,1.223000,D
173646510,EUR/USD,2005-08-02 03:53:52.000,1.222600,1.222900,D
173646522,EUR/USD,2005-08-02 03:53:58.000,1.222700,1.223000,D
173646535,EUR/USD,2005-08-02 03:54:00.000,1.222600,1.222900,D
173646540,EUR/USD,2005-08-02 03:54:01.000,1.222700,1.223000,D
173646568,EUR/USD,2005-08-02 03:54:08.000,1.222800,1.223100,D
173646576,EUR/USD,2005-08-02 03:54:12.000,1.222900,1.223200,D
173646585,EUR/USD,2005-08-02 03:54:14.000,1.223000,1.223300,D
173646594,EUR/USD,2005-08-02 03:54:15.000,1.223100,1.223400,D
173646601,EUR/USD,2005-08-02 03:54:16.000,1.223000,1.223300,D
173646609,EUR/USD,2005-08-02 03:54:16.000,1.222900,1.223200,D
173646639,EUR/USD,2005-08-02 03:54:21.000,1.222800,1.223100,D
173646656,EUR/USD,2005-08-02 03:54:23.000,1.222700,1.223000,D
173646687,EUR/USD,2005-08-02 03:54:28.000,1.222600,1.222900,D
173646700,EUR/USD,2005-08-02 03:54:29.000,1.222500,1.222800,D
173646708,EUR/USD,2005-08-02 03:54:30.000,1.222600,1.222900,D
173646728,EUR/USD,2005-08-02 03:54:33.000,1.222700,1.223000,D
173646751,EUR/USD,2005-08-02 03:54:36.000,1.222800,1.223100,D
173646778,EUR/USD,2005-08-02 03:54:41.000,1.222900,1.223200,D
173646785,EUR/USD,2005-08-02 03:54:44.000,1.222800,1.223100,D
173646790,EUR/USD,2005-08-02 03:54:44.000,1.222900,1.223200,D
173646791,EUR/USD,2005-08-02 03:54:44.000,1.223000,1.223300,D
173646808,EUR/USD,2005-08-02 03:54:45.000,1.222900,1.223200,D
173646832,EUR/USD,2005-08-02 03:54:51.000,1.223000,1.223300,D
173646838,EUR/USD,2005-08-02 03:54:52.000,1.222900,1.223200,D
173646848,EUR/USD,2005-08-02 03:54:53.000,1.223000,1.223300,D
173646870,EUR/USD,2005-08-02 03:54:59.000,1.222900,1.223200,D
173646892,EUR/USD,2005-08-02 03:55:07.000,1.222800,1.223100,D
173646901,EUR/USD,2005-08-02 03:55:09.000,1.222700,1.223000,D
173646926,EUR/USD,2005-08-02 03:55:17.000,1.222800,1.223100,D
173646936,EUR/USD,2005-08-02 03:55:19.000,1.222900,1.223200,D
173646949,EUR/USD,2005-08-02 03:55:24.000,1.223000,1.223300,D
173646962,EUR/USD,2005-08-02 03:55:27.000,1.223100,1.223400,D
173646983,EUR/USD,2005-08-02 03:55:30.000,1.223000,1.223300,D
173647003,EUR/USD,2005-08-02 03:55:34.000,1.222900,1.223200,D
173647019,EUR/USD,2005-08-02 03:55:38.000,1.222800,1.223100,D
173647025,EUR/USD,2005-08-02 03:55:41.000,1.222900,1.223200,D
173647029,EUR/USD,2005-08-02 03:55:42.000,1.222800,1.223100,D
173647032,EUR/USD,2005-08-02 03:55:43.000,1.222900,1.223200,D
173647036,EUR/USD,2005-08-02 03:55:43.000,1.222800,1.223100,D
173647041,EUR/USD,2005-08-02 03:55:45.000,1.222900,1.223200,D
173647048,EUR/USD,2005-08-02 03:55:46.000,1.222800,1.223100,D
173647051,EUR/USD,2005-08-02 03:55:46.000,1.222700,1.223000,D
173647055,EUR/USD,2005-08-02 03:55:46.000,1.222800,1.223100,D
173647066,EUR/USD,2005-08-02 03:55:48.000,1.222900,1.223200,D
173647069,EUR/USD,2005-08-02 03:55:48.000,1.222800,1.223100,D
173647077,EUR/USD,2005-08-02 03:55:52.000,1.222900,1.223200,D
173647090,EUR/USD,2005-08-02 03:56:00.000,1.223000,1.223300,D
173647104,EUR/USD,2005-08-02 03:56:05.000,1.223100,1.223400,D
173647119,EUR/USD,2005-08-02 03:56:08.000,1.223200,1.223500,D
173647127,EUR/USD,2005-08-02 03:56:10.000,1.223300,1.223600,D
173647133,EUR/USD,2005-08-02 03:56:11.000,1.223200,1.223500,D
173647135,EUR/USD,2005-08-02 03:56:11.000,1.223300,1.223600,D
173647145,EUR/USD,2005-08-02 03:56:14.000,1.223400,1.223700,D
173647157,EUR/USD,2005-08-02 03:56:16.000,1.223300,1.223600,D
173647183,EUR/USD,2005-08-02 03:56:22.000,1.223200,1.223500,D
173647206,EUR/USD,2005-08-02 03:56:26.000,1.223200,1.223500,D
173647213,EUR/USD,2005-08-02 03:56:26.000,1.223100,1.223400,D
173647222,EUR/USD,2005-08-02 03:56:27.000,1.223200,1.223500,D
173647233,EUR/USD,2005-08-02 03:56:27.000,1.223100,1.223400,D
173647248,EUR/USD,2005-08-02 03:56:28.000,1.223200,1.223500,D
173647263,EUR/USD,2005-08-02 03:56:36.000,1.223100,1.223400,D
173647292,EUR/USD,2005-08-02 03:56:43.000,1.223000,1.223300,D
173647309,EUR/USD,2005-08-02 03:56:47.000,1.223100,1.223400,D
173647310,EUR/USD,2005-08-02 03:56:47.000,1.223200,1.223500,D
173647313,EUR/USD,2005-08-02 03:56:48.000,1.223100,1.223400,D
173647320,EUR/USD,2005-08-02 03:56:50.000,1.223000,1.223300,D
173647338,EUR/USD,2005-08-02 03:56:55.000,1.222900,1.223200,D
173647343,EUR/USD,2005-08-02 03:56:56.000,1.223000,1.223300,D
173647349,EUR/USD,2005-08-02 03:56:57.000,1.222900,1.223200,D
173647356,EUR/USD,2005-08-02 03:56:58.000,1.223000,1.223300,D
173647362,EUR/USD,2005-08-02 03:56:59.000,1.222900,1.223200,D
173647384,EUR/USD,2005-08-02 03:57:10.000,1.222800,1.223100,D
173647398,EUR/USD,2005-08-02 03:57:15.000,1.222700,1.223000,D
173647435,EUR/USD,2005-08-02 03:57:26.000,1.222600,1.222900,D
173647445,EUR/USD,2005-08-02 03:57:28.000,1.222700,1.223000,D
173647450,EUR/USD,2005-08-02 03:57:28.000,1.222600,1.222900,D
173647480,EUR/USD,2005-08-02 03:57:49.000,1.222500,1.222800,D
173647501,EUR/USD,2005-08-02 03:57:52.000,1.222400,1.222700,D
173647508,EUR/USD,2005-08-02 03:57:53.000,1.222300,1.222600,D
173647514,EUR/USD,2005-08-02 03:57:54.000,1.222400,1.222700,D
173647529,EUR/USD,2005-08-02 03:57:56.000,1.222300,1.222600,D
173647538,EUR/USD,2005-08-02 03:57:59.000,1.222400,1.222700,D
173647551,EUR/USD,2005-08-02 03:58:02.000,1.222300,1.222600,D
173647579,EUR/USD,2005-08-02 03:58:16.000,1.222200,1.222500,D
173647585,EUR/USD,2005-08-02 03:58:18.000,1.222100,1.222400,D
173647614,EUR/USD,2005-08-02 03:58:32.000,1.222200,1.222500,D
173647639,EUR/USD,2005-08-02 03:58:38.000,1.222300,1.222600,D
173647659,EUR/USD,2005-08-02 03:58:45.000,1.222200,1.222500,D
173647671,EUR/USD,2005-08-02 03:58:56.000,1.222300,1.222600,D
173647764,EUR/USD,2005-08-02 03:59:21.000,1.222200,1.222500,D
173647767,EUR/USD,2005-08-02 03:59:21.000,1.222300,1.222600,D
173647802,EUR/USD,2005-08-02 03:59:48.000,1.222400,1.222700,D
173647809,EUR/USD,2005-08-02 03:59:48.000,1.222300,1.222600,D
173647816,EUR/USD,2005-08-02 03:59:49.000,1.222400,1.222700,D
173647822,EUR/USD,2005-08-02 03:59:50.000,1.222300,1.222600,D
173647836,EUR/USD,2005-08-02 03:59:54.000,1.222400,1.222700,D
173647903,EUR/USD,2005-08-02 04:00:13.000,1.222500,1.222800,D
173647920,EUR/USD,2005-08-02 04:00:16.000,1.222400,1.222700,D
173647923,EUR/USD,2005-08-02 04:00:17.000,1.222500,1.222800,D
173647950,EUR/USD,2005-08-02 04:00:21.000,1.222600,1.222900,D
173647993,EUR/USD,2005-08-02 04:00:42.000,1.222500,1.222800,D
173648006,EUR/USD,2005-08-02 04:00:47.000,1.222400,1.222700,D
173648013,EUR/USD,2005-08-02 04:00:47.000,1.222500,1.222800,D
173648081,EUR/USD,2005-08-02 04:01:11.000,1.222400,1.222700,D
173648092,EUR/USD,2005-08-02 04:01:13.000,1.222300,1.222600,D
173648216,EUR/USD,2005-08-02 04:01:54.000,1.222400,1.222700,D
173648228,EUR/USD,2005-08-02 04:01:56.000,1.222300,1.222600,D
173648236,EUR/USD,2005-08-02 04:01:58.000,1.222400,1.222700,D
173648266,EUR/USD,2005-08-02 04:02:03.000,1.222300,1.222600,D
173648315,EUR/USD,2005-08-02 04:02:21.000,1.222400,1.222700,D
173648326,EUR/USD,2005-08-02 04:02:23.000,1.222300,1.222600,D
173648390,EUR/USD,2005-08-02 04:02:43.000,1.222400,1.222700,D
173648407,EUR/USD,2005-08-02 04:02:49.000,1.222300,1.222600,D
173648418,EUR/USD,2005-08-02 04:02:51.000,1.222200,1.222500,D
173648426,EUR/USD,2005-08-02 04:02:52.000,1.222300,1.222600,D
173648471,EUR/USD,2005-08-02 04:03:06.000,1.222200,1.222500,D
173648484,EUR/USD,2005-08-02 04:03:08.000,1.222300,1.222600,D
173648529,EUR/USD,2005-08-02 04:03:24.000,1.222200,1.222500,D
173648541,EUR/USD,2005-08-02 04:03:31.000,1.222300,1.222600,D
173648547,EUR/USD,2005-08-02 04:03:32.000,1.222200,1.222500,D
173648563,EUR/USD,2005-08-02 04:03:34.000,1.222300,1.222600,D
173648589,EUR/USD,2005-08-02 04:03:40.000,1.222200,1.222500,D
173648596,EUR/USD,2005-08-02 04:03:42.000,1.222300,1.222600,D
173648604,EUR/USD,2005-08-02 04:03:44.000,1.222200,1.222500,D
173648615,EUR/USD,2005-08-02 04:03:47.000,1.222300,1.222600,D
173648669,EUR/USD,2005-08-02 04:04:09.000,1.222200,1.222500,D
173648671,EUR/USD,2005-08-02 04:04:10.000,1.222300,1.222600,D
173648709,EUR/USD,2005-08-02 04:04:35.000,1.222200,1.222500,D
173648723,EUR/USD,2005-08-02 04:04:39.000,1.222300,1.222600,D
173648752,EUR/USD,2005-08-02 04:04:51.000,1.222200,1.222500,D
173648802,EUR/USD,2005-08-02 04:05:16.000,1.222100,1.222400,D
173648818,EUR/USD,2005-08-02 04:05:20.000,1.222200,1.222500,D
173648824,EUR/USD,2005-08-02 04:05:20.000,1.222100,1.222400,D
173648873,EUR/USD,2005-08-02 04:05:37.000,1.222000,1.222300,D
173648879,EUR/USD,2005-08-02 04:05:38.000,1.222100,1.222400,D
173648908,EUR/USD,2005-08-02 04:05:47.000,1.222000,1.222300,D
173648916,EUR/USD,2005-08-02 04:05:47.000,1.222100,1.222400,D
173648923,EUR/USD,2005-08-02 04:05:50.000,1.222200,1.222500,D
173648946,EUR/USD,2005-08-02 04:06:05.000,1.222300,1.222600,D
173648953,EUR/USD,2005-08-02 04:06:08.000,1.222400,1.222700,D
173648984,EUR/USD,2005-08-02 04:06:14.000,1.222500,1.222800,D
173648991,EUR/USD,2005-08-02 04:06:15.000,1.222400,1.222700,D
173649006,EUR/USD,2005-08-02 04:06:16.000,1.222300,1.222600,D
173649062,EUR/USD,2005-08-02 04:06:43.000,1.222200,1.222500,D
173649074,EUR/USD,2005-08-02 04:06:44.000,1.222300,1.222600,D
173649086,EUR/USD,2005-08-02 04:06:47.000,1.222200,1.222500,D
173649093,EUR/USD,2005-08-02 04:06:48.000,1.222300,1.222600,D
173649105,EUR/USD,2005-08-02 04:06:51.000,1.222400,1.222700,D
173649124,EUR/USD,2005-08-02 04:06:55.000,1.222500,1.222800,D
173649142,EUR/USD,2005-08-02 04:06:57.000,1.222400,1.222700,D
173649149,EUR/USD,2005-08-02 04:06:59.000,1.222500,1.222800,D
173649178,EUR/USD,2005-08-02 04:07:04.000,1.222400,1.222700,D
173649186,EUR/USD,2005-08-02 04:07:09.000,1.222500,1.222800,D
173649234,EUR/USD,2005-08-02 04:07:33.000,1.222600,1.222900,D
173649245,EUR/USD,2005-08-02 04:07:36.000,1.222700,1.223000,D
173649257,EUR/USD,2005-08-02 04:07:38.000,1.222600,1.222900,D
173649258,EUR/USD,2005-08-02 04:07:39.000,1.222700,1.223000,D
173649263,EUR/USD,2005-08-02 04:07:39.000,1.222600,1.222900,D
173649286,EUR/USD,2005-08-02 04:07:45.000,1.222700,1.223000,D
173649345,EUR/USD,2005-08-02 04:08:01.000,1.222600,1.222900,D
173649369,EUR/USD,2005-08-02 04:08:08.000,1.222700,1.223000,D
173649380,EUR/USD,2005-08-02 04:08:13.000,1.222600,1.222900,D
173649399,EUR/USD,2005-08-02 04:08:27.000,1.222700,1.223000,D
173649415,EUR/USD,2005-08-02 04:08:51.000,1.222600,1.222900,D
173649458,EUR/USD,2005-08-02 04:09:11.000,1.222500,1.222800,D
173649492,EUR/USD,2005-08-02 04:09:46.000,1.222400,1.222700,D
173649498,EUR/USD,2005-08-02 04:09:49.000,1.222500,1.222800,D
173649504,EUR/USD,2005-08-02 04:09:51.000,1.222400,1.222700,D
173649521,EUR/USD,2005-08-02 04:10:02.000,1.222500,1.222800,D
173649554,EUR/USD,2005-08-02 04:10:13.000,1.222400,1.222700,D
173649563,EUR/USD,2005-08-02 04:10:15.000,1.222500,1.222800,D
173649567,EUR/USD,2005-08-02 04:10:18.000,1.222400,1.222700,D
173649617,EUR/USD,2005-08-02 04:10:46.000,1.222300,1.222600,D
173649641,EUR/USD,2005-08-02 04:10:57.000,1.222200,1.222500,D
173649680,EUR/USD,2005-08-02 04:11:13.000,1.222100,1.222400,D
173649723,EUR/USD,2005-08-02 04:11:25.000,1.222200,1.222500,D
173649815,EUR/USD,2005-08-02 04:12:08.000,1.222300,1.222600,D
173649883,EUR/USD,2005-08-02 04:12:26.000,1.222200,1.222500,D
173649962,EUR/USD,2005-08-02 04:13:29.000,1.222100,1.222400,D
173649964,EUR/USD,2005-08-02 04:13:30.000,1.222200,1.222500,D
173649969,EUR/USD,2005-08-02 04:13:33.000,1.222100,1.222400,D
173649979,EUR/USD,2005-08-02 04:13:39.000,1.222200,1.222500,D
173650007,EUR/USD,2005-08-02 04:13:47.000,1.222100,1.222400,D
173650008,EUR/USD,2005-08-02 04:13:48.000,1.222200,1.222500,D
173650010,EUR/USD,2005-08-02 04:13:48.000,1.222300,1.222600,D
173650038,EUR/USD,2005-08-02 04:13:57.000,1.222200,1.222500,D
173650097,EUR/USD,2005-08-02 04:14:44.000,1.222100,1.222400,D
173650133,EUR/USD,2005-08-02 04:15:03.000,1.222000,1.222300,D
173650160,EUR/USD,2005-08-02 04:15:15.000,1.222100,1.222400,D
173650165,EUR/USD,2005-08-02 04:15:17.000,1.222000,1.222300,D
173650194,EUR/USD,2005-08-02 04:15:34.000,1.222100,1.222400,D
173650212,EUR/USD,2005-08-02 04:15:37.000,1.222000,1.222300,D
173650217,EUR/USD,2005-08-02 04:15:37.000,1.222100,1.222400,D
173650248,EUR/USD,2005-08-02 04:15:46.000,1.222000,1.222300,D
173650263,EUR/USD,2005-08-02 04:15:49.000,1.222100,1.222400,D
173650298,EUR/USD,2005-08-02 04:15:57.000,1.222000,1.222300,D
173650330,EUR/USD,2005-08-02 04:16:20.000,1.221900,1.222200,D
173650348,EUR/USD,2005-08-02 04:16:24.000,1.222000,1.222300,D
173650373,EUR/USD,2005-08-02 04:16:33.000,1.221900,1.222200,D
173650411,EUR/USD,2005-08-02 04:17:04.000,1.221800,1.222100,D
173650416,EUR/USD,2005-08-02 04:17:06.000,1.221900,1.222200,D
173650422,EUR/USD,2005-08-02 04:17:08.000,1.221800,1.222100,D
173650489,EUR/USD,2005-08-02 04:17:32.000,1.221900,1.222200,D
173650531,EUR/USD,2005-08-02 04:17:38.000,1.221800,1.222100,D
173650612,EUR/USD,2005-08-02 04:18:09.000,1.221700,1.222000,D
173650620,EUR/USD,2005-08-02 04:18:13.000,1.221800,1.222100,D
173650625,EUR/USD,2005-08-02 04:18:14.000,1.221700,1.222000,D
173650645,EUR/USD,2005-08-02 04:18:38.000,1.221600,1.221900,D
173650652,EUR/USD,2005-08-02 04:18:45.000,1.221700,1.222000,D
173650680,EUR/USD,2005-08-02 04:18:59.000,1.221800,1.222100,D
173650726,EUR/USD,2005-08-02 04:19:13.000,1.221900,1.222200,D
173650756,EUR/USD,2005-08-02 04:19:33.000,1.221800,1.222100,D
173650770,EUR/USD,2005-08-02 04:19:39.000,1.221700,1.222000,D
173650796,EUR/USD,2005-08-02 04:19:51.000,1.221800,1.222100,D
173650822,EUR/USD,2005-08-02 04:20:00.000,1.221700,1.222000,D
173650828,EUR/USD,2005-08-02 04:20:02.000,1.221800,1.222100,D
173650831,EUR/USD,2005-08-02 04:20:02.000,1.221700,1.222000,D
173650834,EUR/USD,2005-08-02 04:20:03.000,1.221800,1.222100,D
173650854,EUR/USD,2005-08-02 04:20:13.000,1.221700,1.222000,D
173650883,EUR/USD,2005-08-02 04:20:32.000,1.221600,1.221900,D
173650896,EUR/USD,2005-08-02 04:20:35.000,1.221700,1.222000,D
173650901,EUR/USD,2005-08-02 04:20:36.000,1.221600,1.221900,D
173650918,EUR/USD,2005-08-02 04:20:54.000,1.221700,1.222000,D
173650939,EUR/USD,2005-08-02 04:21:02.000,1.221800,1.222100,D
173650972,EUR/USD,2005-08-02 04:21:17.000,1.221900,1.222200,D
173651026,EUR/USD,2005-08-02 04:21:40.000,1.222000,1.222300,D
173651044,EUR/USD,2005-08-02 04:21:44.000,1.222100,1.222400,D
173651065,EUR/USD,2005-08-02 04:21:51.000,1.222200,1.222500,D
173651071,EUR/USD,2005-08-02 04:21:52.000,1.222100,1.222400,D
173651085,EUR/USD,2005-08-02 04:21:57.000,1.222200,1.222500,D
173651092,EUR/USD,2005-08-02 04:21:59.000,1.222300,1.222600,D
173651095,EUR/USD,2005-08-02 04:22:00.000,1.222200,1.222500,D
173651103,EUR/USD,2005-08-02 04:22:01.000,1.222300,1.222600,D
173651125,EUR/USD,2005-08-02 04:22:09.000,1.222400,1.222700,D
173651143,EUR/USD,2005-08-02 04:22:12.000,1.222300,1.222600,D
173651145,EUR/USD,2005-08-02 04:22:14.000,1.222400,1.222700,D
173651172,EUR/USD,2005-08-02 04:22:21.000,1.222300,1.222600,D
173651175,EUR/USD,2005-08-02 04:22:24.000,1.222400,1.222700,D
173651179,EUR/USD,2005-08-02 04:22:25.000,1.222300,1.222600,D
173651198,EUR/USD,2005-08-02 04:22:38.000,1.222400,1.222700,D
173651216,EUR/USD,2005-08-02 04:22:40.000,1.222300,1.222600,D
173651251,EUR/USD,2005-08-02 04:23:02.000,1.222400,1.222700,D
173651270,EUR/USD,2005-08-02 04:23:08.000,1.222500,1.222800,D
173651282,EUR/USD,2005-08-02 04:23:11.000,1.222400,1.222700,D
173651288,EUR/USD,2005-08-02 04:23:12.000,1.222500,1.222800,D
173651327,EUR/USD,2005-08-02 04:23:28.000,1.222600,1.222900,D
173651331,EUR/USD,2005-08-02 04:23:29.000,1.222500,1.222800,D
173651339,EUR/USD,2005-08-02 04:23:30.000,1.222600,1.222900,D
173651362,EUR/USD,2005-08-02 04:23:37.000,1.222700,1.223000,D
173651373,EUR/USD,2005-08-02 04:23:38.000,1.222600,1.222900,D
173651384,EUR/USD,2005-08-02 04:23:41.000,1.222700,1.223000,D
173651394,EUR/USD,2005-08-02 04:23:42.000,1.222500,1.222800,D
173651408,EUR/USD,2005-08-02 04:23:46.000,1.222600,1.222900,D
173651419,EUR/USD,2005-08-02 04:23:49.000,1.222500,1.222800,D
173651424,EUR/USD,2005-08-02 04:23:50.000,1.222600,1.222900,D
173651429,EUR/USD,2005-08-02 04:23:50.000,1.222500,1.222800,D
173651436,EUR/USD,2005-08-02 04:23:51.000,1.222600,1.222900,D
173651439,EUR/USD,2005-08-02 04:23:52.000,1.222500,1.222800,D
173651451,EUR/USD,2005-08-02 04:24:02.000,1.222400,1.222700,D
173651484,EUR/USD,2005-08-02 04:24:12.000,1.222300,1.222600,D
173651511,EUR/USD,2005-08-02 04:24:22.000,1.222200,1.222500,D
173651523,EUR/USD,2005-08-02 04:24:23.000,1.222300,1.222600,D
173651531,EUR/USD,2005-08-02 04:24:25.000,1.222400,1.222700,D
173651539,EUR/USD,2005-08-02 04:24:26.000,1.222300,1.222600,D
173651560,EUR/USD,2005-08-02 04:24:28.000,1.222400,1.222700,D
173651571,EUR/USD,2005-08-02 04:24:29.000,1.222500,1.222800,D
173651598,EUR/USD,2005-08-02 04:24:35.000,1.222600,1.222900,D
173651603,EUR/USD,2005-08-02 04:24:35.000,1.222500,1.222800,D
173651606,EUR/USD,2005-08-02 04:24:36.000,1.222600,1.222900,D
173651630,EUR/USD,2005-08-02 04:24:39.000,1.222700,1.223000,D
173651658,EUR/USD,2005-08-02 04:24:45.000,1.222800,1.223100,D
173651668,EUR/USD,2005-08-02 04:24:48.000,1.222900,1.223200,D
173651683,EUR/USD,2005-08-02 04:24:50.000,1.222800,1.223100,D
173651689,EUR/USD,2005-08-02 04:24:51.000,1.223000,1.223300,D
173651730,EUR/USD,2005-08-02 04:24:55.000,1.222900,1.223200,D
173651732,EUR/USD,2005-08-02 04:24:55.000,1.223000,1.223300,D
173651756,EUR/USD,2005-08-02 04:25:06.000,1.222900,1.223200,D
173651762,EUR/USD,2005-08-02 04:25:07.000,1.223000,1.223300,D
173651777,EUR/USD,2005-08-02 04:25:09.000,1.223100,1.223400,D
173651795,EUR/USD,2005-08-02 04:25:12.000,1.223200,1.223500,D
173651807,EUR/USD,2005-08-02 04:25:14.000,1.223100,1.223400,D
173651817,EUR/USD,2005-08-02 04:25:15.000,1.223200,1.223500,D
173651882,EUR/USD,2005-08-02 04:25:24.000,1.223100,1.223400,D
173651922,EUR/USD,2005-08-02 04:25:30.000,1.223000,1.223300,D
173651928,EUR/USD,2005-08-02 04:25:31.000,1.223100,1.223400,D
173651934,EUR/USD,2005-08-02 04:25:32.000,1.223000,1.223300,D
173651947,EUR/USD,2005-08-02 04:25:34.000,1.223100,1.223400,D
173651963,EUR/USD,2005-08-02 04:25:37.000,1.223000,1.223300,D
173651992,EUR/USD,2005-08-02 04:25:45.000,1.222900,1.223200,D
173652013,EUR/USD,2005-08-02 04:25:53.000,1.222800,1.223100,D
173652052,EUR/USD,2005-08-02 04:26:07.000,1.222900,1.223200,D
173652054,EUR/USD,2005-08-02 04:26:08.000,1.223000,1.223300,D
173652070,EUR/USD,2005-08-02 04:26:10.000,1.223100,1.223400,D
173652076,EUR/USD,2005-08-02 04:26:11.000,1.223000,1.223300,D
173652083,EUR/USD,2005-08-02 04:26:11.000,1.223100,1.223400,D
173652095,EUR/USD,2005-08-02 04:26:13.000,1.223200,1.223500,D
173652109,EUR/USD,2005-08-02 04:26:14.000,1.223100,1.223400,D
173652110,EUR/USD,2005-08-02 04:26:15.000,1.223200,1.223500,D
173652118,EUR/USD,2005-08-02 04:26:16.000,1.223300,1.223600,D
173652140,EUR/USD,2005-08-02 04:26:19.000,1.223400,1.223700,D
173652195,EUR/USD,2005-08-02 04:26:29.000,1.223300,1.223600,D
173652203,EUR/USD,2005-08-02 04:26:32.000,1.223200,1.223500,D
173652223,EUR/USD,2005-08-02 04:26:37.000,1.223100,1.223400,D
173652277,EUR/USD,2005-08-02 04:26:48.000,1.223000,1.223300,D
173652286,EUR/USD,2005-08-02 04:26:50.000,1.223100,1.223400,D
173652306,EUR/USD,2005-08-02 04:26:54.000,1.223000,1.223300,D
173652328,EUR/USD,2005-08-02 04:27:04.000,1.223100,1.223400,D
173652337,EUR/USD,2005-08-02 04:27:07.000,1.223000,1.223300,D
173652344,EUR/USD,2005-08-02 04:27:10.000,1.222900,1.223200,D
173652376,EUR/USD,2005-08-02 04:27:24.000,1.223000,1.223300,D
173652381,EUR/USD,2005-08-02 04:27:28.000,1.222900,1.223200,D
173652386,EUR/USD,2005-08-02 04:27:30.000,1.223000,1.223300,D
173652420,EUR/USD,2005-08-02 04:27:49.000,1.222900,1.223200,D
173652424,EUR/USD,2005-08-02 04:27:52.000,1.223000,1.223300,D
173652429,EUR/USD,2005-08-02 04:27:54.000,1.222900,1.223200,D
173652434,EUR/USD,2005-08-02 04:27:56.000,1.223000,1.223300,D
173652448,EUR/USD,2005-08-02 04:28:01.000,1.223100,1.223400,D
173652467,EUR/USD,2005-08-02 04:28:06.000,1.223000,1.223300,D
173652483,EUR/USD,2005-08-02 04:28:11.000,1.223100,1.223400,D
173652512,EUR/USD,2005-08-02 04:28:18.000,1.223000,1.223300,D
173652538,EUR/USD,2005-08-02 04:28:22.000,1.223100,1.223400,D
173652551,EUR/USD,2005-08-02 04:28:29.000,1.223000,1.223300,D
173652582,EUR/USD,2005-08-02 04:28:42.000,1.223100,1.223400,D
173652595,EUR/USD,2005-08-02 04:28:43.000,1.223000,1.223300,D
173652614,EUR/USD,2005-08-02 04:28:52.000,1.223100,1.223400,D
173652650,EUR/USD,2005-08-02 04:29:11.000,1.223000,1.223300,D
173652695,EUR/USD,2005-08-02 04:29:28.000,1.223100,1.223400,D
173652709,EUR/USD,2005-08-02 04:29:30.000,1.223000,1.223300,D
173652726,EUR/USD,2005-08-02 04:29:32.000,1.223100,1.223400,D
173652747,EUR/USD,2005-08-02 04:29:39.000,1.223200,1.223500,D
173652752,EUR/USD,2005-08-02 04:29:40.000,1.223100,1.223400,D
173652764,EUR/USD,2005-08-02 04:29:41.000,1.223000,1.223300,D
173652768,EUR/USD,2005-08-02 04:29:42.000,1.223100,1.223400,D
173652778,EUR/USD,2005-08-02 04:29:44.000,1.223200,1.223500,D
173652791,EUR/USD,2005-08-02 04:29:45.000,1.223100,1.223400,D
173652799,EUR/USD,2005-08-02 04:29:46.000,1.223200,1.223500,D
173652818,EUR/USD,2005-08-02 04:29:49.000,1.223300,1.223600,D
173652853,EUR/USD,2005-08-02 04:29:57.000,1.223200,1.223500,D
173652862,EUR/USD,2005-08-02 04:29:58.000,1.223300,1.223600,D
173652874,EUR/USD,2005-08-02 04:29:59.000,1.223200,1.223500,D
173652880,EUR/USD,2005-08-02 04:29:59.000,1.223300,1.223600,D
173652887,EUR/USD,2005-08-02 04:30:00.000,1.223200,1.223500,D
173652896,EUR/USD,2005-08-02 04:30:06.000,1.223300,1.223600,D
173652933,EUR/USD,2005-08-02 04:30:30.000,1.223400,1.223700,D
173652936,EUR/USD,2005-08-02 04:30:31.000,1.223300,1.223600,D
173652954,EUR/USD,2005-08-02 04:30:35.000,1.223400,1.223700,D
173652985,EUR/USD,2005-08-02 04:30:45.000,1.223300,1.223600,D
173653026,EUR/USD,2005-08-02 04:30:57.000,1.223200,1.223500,D
173653036,EUR/USD,2005-08-02 04:30:59.000,1.223300,1.223600,D
173653108,EUR/USD,2005-08-02 04:31:14.000,1.223200,1.223500,D
173653177,EUR/USD,2005-08-02 04:31:33.000,1.223100,1.223400,D
173653191,EUR/USD,2005-08-02 04:31:39.000,1.223000,1.223300,D
173653210,EUR/USD,2005-08-02 04:31:43.000,1.222900,1.223200,D
173653222,EUR/USD,2005-08-02 04:31:44.000,1.222800,1.223100,D
173653232,EUR/USD,2005-08-02 04:31:45.000,1.222900,1.223200,D
173653243,EUR/USD,2005-08-02 04:31:47.000,1.223000,1.223300,D
173653251,EUR/USD,2005-08-02 04:31:49.000,1.222900,1.223200,D
173653254,EUR/USD,2005-08-02 04:31:50.000,1.222800,1.223100,D
173653263,EUR/USD,2005-08-02 04:31:50.000,1.222900,1.223200,D
173653277,EUR/USD,2005-08-02 04:31:52.000,1.222800,1.223100,D
173653318,EUR/USD,2005-08-02 04:31:57.000,1.222700,1.223000,D
173653327,EUR/USD,2005-08-02 04:31:58.000,1.222800,1.223100,D
173653358,EUR/USD,2005-08-02 04:32:03.000,1.222900,1.223200,D
173653389,EUR/USD,2005-08-02 04:32:12.000,1.223000,1.223300,D
173653410,EUR/USD,2005-08-02 04:32:18.000,1.223100,1.223400,D
173653483,EUR/USD,2005-08-02 04:32:39.000,1.223000,1.223300,D
173653499,EUR/USD,2005-08-02 04:32:44.000,1.223100,1.223400,D
173653514,EUR/USD,2005-08-02 04:32:46.000,1.223000,1.223300,D
173653535,EUR/USD,2005-08-02 04:32:51.000,1.223100,1.223400,D
173653568,EUR/USD,2005-08-02 04:32:56.000,1.223000,1.223300,D
173653586,EUR/USD,2005-08-02 04:33:02.000,1.223100,1.223400,D
173653611,EUR/USD,2005-08-02 04:33:09.000,1.223000,1.223300,D
173653623,EUR/USD,2005-08-02 04:33:19.000,1.223100,1.223400,D
173653649,EUR/USD,2005-08-02 04:33:30.000,1.223000,1.223300,D
173653653,EUR/USD,2005-08-02 04:33:31.000,1.223100,1.223400,D
173653669,EUR/USD,2005-08-02 04:33:35.000,1.223200,1.223500,D
173653700,EUR/USD,2005-08-02 04:33:52.000,1.223300,1.223600,D
173653711,EUR/USD,2005-08-02 04:33:55.000,1.223200,1.223500,D
173653731,EUR/USD,2005-08-02 04:34:12.000,1.223100,1.223400,D
173653741,EUR/USD,2005-08-02 04:34:15.000,1.223200,1.223500,D
173653747,EUR/USD,2005-08-02 04:34:16.000,1.223100,1.223400,D
173653755,EUR/USD,2005-08-02 04:34:18.000,1.223200,1.223500,D
173653763,EUR/USD,2005-08-02 04:34:25.000,1.223300,1.223600,D
173653767,EUR/USD,2005-08-02 04:34:25.000,1.223200,1.223500,D
173653777,EUR/USD,2005-08-02 04:34:30.000,1.223300,1.223600,D
173653784,EUR/USD,2005-08-02 04:34:33.000,1.223200,1.223500,D
173653789,EUR/USD,2005-08-02 04:34:35.000,1.223300,1.223600,D
173653811,EUR/USD,2005-08-02 04:34:40.000,1.223200,1.223500,D
173653822,EUR/USD,2005-08-02 04:34:47.000,1.223300,1.223600,D
173653828,EUR/USD,2005-08-02 04:34:51.000,1.223200,1.223500,D
173653830,EUR/USD,2005-08-02 04:34:54.000,1.223300,1.223600,D
173653832,EUR/USD,2005-08-02 04:34:55.000,1.223200,1.223500,D
173653834,EUR/USD,2005-08-02 04:34:58.000,1.223300,1.223600,D
173653843,EUR/USD,2005-08-02 04:35:02.000,1.223400,1.223700,D
173653852,EUR/USD,2005-08-02 04:35:03.000,1.223300,1.223600,D
173653854,EUR/USD,2005-08-02 04:35:03.000,1.223400,1.223700,D
173653872,EUR/USD,2005-08-02 04:35:05.000,1.223500,1.223800,D
173653892,EUR/USD,2005-08-02 04:35:08.000,1.223600,1.223900,D
173653893,EUR/USD,2005-08-02 04:35:09.000,1.223500,1.223800,D
173653902,EUR/USD,2005-08-02 04:35:12.000,1.223600,1.223900,D
173653913,EUR/USD,2005-08-02 04:35:14.000,1.223500,1.223800,D
173653956,EUR/USD,2005-08-02 04:35:28.000,1.223400,1.223700,D
173653992,EUR/USD,2005-08-02 04:35:41.000,1.223300,1.223600,D
173654007,EUR/USD,2005-08-02 04:35:43.000,1.223400,1.223700,D
173654075,EUR/USD,2005-08-02 04:35:58.000,1.223300,1.223600,D
173654087,EUR/USD,2005-08-02 04:36:09.000,1.223400,1.223700,D
173654098,EUR/USD,2005-08-02 04:36:12.000,1.223500,1.223800,D
173654110,EUR/USD,2005-08-02 04:36:16.000,1.223600,1.223900,D
173654126,EUR/USD,2005-08-02 04:36:19.000,1.223500,1.223800,D
173654130,EUR/USD,2005-08-02 04:36:19.000,1.223600,1.223900,D
173654143,EUR/USD,2005-08-02 04:36:21.000,1.223500,1.223800,D
173654162,EUR/USD,2005-08-02 04:36:26.000,1.223600,1.223900,D
173654182,EUR/USD,2005-08-02 04:36:28.000,1.223500,1.223800,D
173654184,EUR/USD,2005-08-02 04:36:30.000,1.223600,1.223900,D
173654187,EUR/USD,2005-08-02 04:36:31.000,1.223500,1.223800,D
173654263,EUR/USD,2005-08-02 04:36:47.000,1.223400,1.223700,D
173654270,EUR/USD,2005-08-02 04:36:48.000,1.223500,1.223800,D
173654293,EUR/USD,2005-08-02 04:36:54.000,1.223400,1.223700,D
173654298,EUR/USD,2005-08-02 04:36:56.000,1.223500,1.223800,D
173654309,EUR/USD,2005-08-02 04:37:04.000,1.223400,1.223700,D
173654327,EUR/USD,2005-08-02 04:37:10.000,1.223500,1.223800,D
173654355,EUR/USD,2005-08-02 04:37:23.000,1.223400,1.223700,D
173654400,EUR/USD,2005-08-02 04:37:46.000,1.223500,1.223800,D
173654411,EUR/USD,2005-08-02 04:37:52.000,1.223400,1.223700,D
173654443,EUR/USD,2005-08-02 04:38:07.000,1.223300,1.223600,D
173654451,EUR/USD,2005-08-02 04:38:12.000,1.223400,1.223700,D
173654456,EUR/USD,2005-08-02 04:38:14.000,1.223300,1.223600,D
173654476,EUR/USD,2005-08-02 04:38:27.000,1.223400,1.223700,D
173654506,EUR/USD,2005-08-02 04:38:40.000,1.223300,1.223600,D
173654525,EUR/USD,2005-08-02 04:38:43.000,1.223200,1.223500,D
173654540,EUR/USD,2005-08-02 04:38:45.000,1.223300,1.223600,D
173654550,EUR/USD,2005-08-02 04:38:46.000,1.223200,1.223500,D
173654636,EUR/USD,2005-08-02 04:39:58.000,1.223100,1.223400,D
173654644,EUR/USD,2005-08-02 04:39:59.000,1.223200,1.223500,D
173654655,EUR/USD,2005-08-02 04:40:00.000,1.223100,1.223400,D
173654660,EUR/USD,2005-08-02 04:40:02.000,1.223200,1.223500,D
173654674,EUR/USD,2005-08-02 04:40:04.000,1.223100,1.223400,D
173654696,EUR/USD,2005-08-02 04:40:10.000,1.223000,1.223300,D
173654702,EUR/USD,2005-08-02 04:40:12.000,1.223100,1.223400,D
173654712,EUR/USD,2005-08-02 04:40:18.000,1.223200,1.223500,D
173654719,EUR/USD,2005-08-02 04:40:19.000,1.223100,1.223400,D
173654755,EUR/USD,2005-08-02 04:40:33.000,1.223000,1.223300,D
173654808,EUR/USD,2005-08-02 04:40:57.000,1.222900,1.223200,D
173654826,EUR/USD,2005-08-02 04:41:02.000,1.222800,1.223100,D
173654863,EUR/USD,2005-08-02 04:41:09.000,1.222700,1.223000,D
173654884,EUR/USD,2005-08-02 04:41:15.000,1.222600,1.222900,D
173654889,EUR/USD,2005-08-02 04:41:16.000,1.222700,1.223000,D
173654899,EUR/USD,2005-08-02 04:41:19.000,1.222600,1.222900,D
173654945,EUR/USD,2005-08-02 04:41:35.000,1.222700,1.223000,D
173654972,EUR/USD,2005-08-02 04:41:40.000,1.222600,1.222900,D
173654975,EUR/USD,2005-08-02 04:41:42.000,1.222700,1.223000,D
173654999,EUR/USD,2005-08-02 04:41:46.000,1.222600,1.222900,D
173655003,EUR/USD,2005-08-02 04:41:48.000,1.222700,1.223000,D
173655011,EUR/USD,2005-08-02 04:41:50.000,1.222600,1.222900,D
173655032,EUR/USD,2005-08-02 04:41:54.000,1.222700,1.223000,D
173655052,EUR/USD,2005-08-02 04:42:00.000,1.222800,1.223100,D
173655098,EUR/USD,2005-08-02 04:42:08.000,1.222700,1.223000,D
173655104,EUR/USD,2005-08-02 04:42:11.000,1.222800,1.223100,D
173655150,EUR/USD,2005-08-02 04:42:30.000,1.222700,1.223000,D
173655167,EUR/USD,2005-08-02 04:42:32.000,1.222800,1.223100,D
173655193,EUR/USD,2005-08-02 04:42:38.000,1.222700,1.223000,D
173655204,EUR/USD,2005-08-02 04:42:40.000,1.222800,1.223100,D
173655207,EUR/USD,2005-08-02 04:42:40.000,1.222900,1.223200,D
173655215,EUR/USD,2005-08-02 04:42:41.000,1.222800,1.223100,D
173655220,EUR/USD,2005-08-02 04:42:42.000,1.222900,1.223200,D
173655234,EUR/USD,2005-08-02 04:42:44.000,1.222800,1.223100,D
173655241,EUR/USD,2005-08-02 04:42:48.000,1.222900,1.223200,D
173655260,EUR/USD,2005-08-02 04:42:59.000,1.223000,1.223300,D
173655284,EUR/USD,2005-08-02 04:43:07.000,1.222900,1.223200,D
173655292,EUR/USD,2005-08-02 04:43:09.000,1.223000,1.223300,D
173655326,EUR/USD,2005-08-02 04:43:19.000,1.222900,1.223200,D
173655338,EUR/USD,2005-08-02 04:43:23.000,1.223000,1.223300,D
173655377,EUR/USD,2005-08-02 04:43:37.000,1.222900,1.223200,D
173655379,EUR/USD,2005-08-02 04:43:39.000,1.223000,1.223300,D
173655392,EUR/USD,2005-08-02 04:43:50.000,1.222900,1.223200,D
173655403,EUR/USD,2005-08-02 04:43:59.000,1.223000,1.223300,D
173655407,EUR/USD,2005-08-02 04:44:13.000,1.222900,1.223200,D
173655447,EUR/USD,2005-08-02 04:44:46.000,1.222800,1.223100,D
173655452,EUR/USD,2005-08-02 04:44:47.000,1.222900,1.223200,D
173655505,EUR/USD,2005-08-02 04:45:19.000,1.223000,1.223300,D
173655512,EUR/USD,2005-08-02 04:45:20.000,1.223100,1.223400,D
173655575,EUR/USD,2005-08-02 04:45:37.000,1.223200,1.223500,D
173655581,EUR/USD,2005-08-02 04:45:38.000,1.223100,1.223400,D
173655618,EUR/USD,2005-08-02 04:45:44.000,1.223200,1.223500,D
173655625,EUR/USD,2005-08-02 04:45:45.000,1.223100,1.223400,D
173655631,EUR/USD,2005-08-02 04:45:47.000,1.223200,1.223500,D
173655642,EUR/USD,2005-08-02 04:45:48.000,1.223100,1.223400,D
173655800,EUR/USD,2005-08-02 04:47:32.000,1.223200,1.223500,D
173655821,EUR/USD,2005-08-02 04:47:45.000,1.223100,1.223400,D
173655825,EUR/USD,2005-08-02 04:47:45.000,1.223200,1.223500,D
173655845,EUR/USD,2005-08-02 04:47:49.000,1.223100,1.223400,D
173655855,EUR/USD,2005-08-02 04:47:55.000,1.223200,1.223500,D
173655865,EUR/USD,2005-08-02 04:47:56.000,1.223100,1.223400,D
173655888,EUR/USD,2005-08-02 04:48:05.000,1.223200,1.223500,D
173655893,EUR/USD,2005-08-02 04:48:06.000,1.223100,1.223400,D
173655906,EUR/USD,2005-08-02 04:48:09.000,1.223200,1.223500,D
173655925,EUR/USD,2005-08-02 04:48:14.000,1.223100,1.223400,D
173655928,EUR/USD,2005-08-02 04:48:16.000,1.223200,1.223500,D
173655953,EUR/USD,2005-08-02 04:48:24.000,1.223100,1.223400,D
173655976,EUR/USD,2005-08-02 04:48:38.000,1.223000,1.223300,D
173656043,EUR/USD,2005-08-02 04:49:20.000,1.222900,1.223200,D
173656056,EUR/USD,2005-08-02 04:49:24.000,1.222800,1.223100,D
173656063,EUR/USD,2005-08-02 04:49:25.000,1.222900,1.223200,D
173656131,EUR/USD,2005-08-02 04:50:01.000,1.222800,1.223100,D
173656163,EUR/USD,2005-08-02 04:50:27.000,1.222700,1.223000,D
173656183,EUR/USD,2005-08-02 04:50:35.000,1.222800,1.223100,D
173656197,EUR/USD,2005-08-02 04:50:40.000,1.222700,1.223000,D
173656212,EUR/USD,2005-08-02 04:50:48.000,1.222600,1.222900,D
173656230,EUR/USD,2005-08-02 04:50:53.000,1.222500,1.222800,D
173656245,EUR/USD,2005-08-02 04:50:57.000,1.222600,1.222900,D
173656257,EUR/USD,2005-08-02 04:51:02.000,1.222500,1.222800,D
173656263,EUR/USD,2005-08-02 04:51:05.000,1.222400,1.222700,D
173656283,EUR/USD,2005-08-02 04:51:10.000,1.222300,1.222600,D
173656295,EUR/USD,2005-08-02 04:51:11.000,1.222200,1.222500,D
173656300,EUR/USD,2005-08-02 04:51:11.000,1.222300,1.222600,D
173656309,EUR/USD,2005-08-02 04:51:12.000,1.222100,1.222400,D
173656321,EUR/USD,2005-08-02 04:51:12.000,1.222200,1.222500,D
173656325,EUR/USD,2005-08-02 04:51:12.000,1.222100,1.222400,D
173656329,EUR/USD,2005-08-02 04:51:13.000,1.222000,1.222300,D
173656341,EUR/USD,2005-08-02 04:51:13.000,1.222100,1.222400,D
173656351,EUR/USD,2005-08-02 04:51:14.000,1.222000,1.222300,D
173656405,EUR/USD,2005-08-02 04:51:22.000,1.222100,1.222400,D
173656441,EUR/USD,2005-08-02 04:51:30.000,1.222000,1.222300,D
173656459,EUR/USD,2005-08-02 04:51:34.000,1.222100,1.222400,D
173656486,EUR/USD,2005-08-02 04:51:39.000,1.222200,1.222500,D
173656526,EUR/USD,2005-08-02 04:51:49.000,1.222300,1.222600,D
173656532,EUR/USD,2005-08-02 04:51:50.000,1.222200,1.222500,D
173656572,EUR/USD,2005-08-02 04:52:02.000,1.222300,1.222600,D
173656590,EUR/USD,2005-08-02 04:52:06.000,1.222200,1.222500,D
173656600,EUR/USD,2005-08-02 04:52:09.000,1.222100,1.222400,D
173656606,EUR/USD,2005-08-02 04:52:10.000,1.222200,1.222500,D
173656616,EUR/USD,2005-08-02 04:52:11.000,1.222100,1.222400,D
173656619,EUR/USD,2005-08-02 04:52:12.000,1.222200,1.222500,D
173656650,EUR/USD,2005-08-02 04:52:20.000,1.222100,1.222400,D
173656664,EUR/USD,2005-08-02 04:52:23.000,1.222200,1.222500,D
173656673,EUR/USD,2005-08-02 04:52:28.000,1.222100,1.222400,D
173656713,EUR/USD,2005-08-02 04:52:40.000,1.222200,1.222500,D
173656728,EUR/USD,2005-08-02 04:52:42.000,1.222100,1.222400,D
173656731,EUR/USD,2005-08-02 04:52:43.000,1.222200,1.222500,D
173656746,EUR/USD,2005-08-02 04:52:48.000,1.222100,1.222400,D
173656789,EUR/USD,2005-08-02 04:53:01.000,1.222200,1.222500,D
173656831,EUR/USD,2005-08-02 04:53:12.000,1.222100,1.222400,D
173656868,EUR/USD,2005-08-02 04:53:24.000,1.222000,1.222300,D
173656887,EUR/USD,2005-08-02 04:53:32.000,1.222100,1.222400,D
173656897,EUR/USD,2005-08-02 04:53:33.000,1.222000,1.222300,D
173656922,EUR/USD,2005-08-02 04:53:43.000,1.221900,1.222200,D
173656937,EUR/USD,2005-08-02 04:53:48.000,1.222000,1.222300,D
173656954,EUR/USD,2005-08-02 04:53:58.000,1.222100,1.222400,D
173656971,EUR/USD,2005-08-02 04:54:05.000,1.222200,1.222500,D
173656990,EUR/USD,2005-08-02 04:54:15.000,1.222100,1.222400,D
173656999,EUR/USD,2005-08-02 04:54:18.000,1.222200,1.222500,D
173657017,EUR/USD,2005-08-02 04:54:22.000,1.222100,1.222400,D
173657022,EUR/USD,2005-08-02 04:54:26.000,1.222200,1.222500,D
173657026,EUR/USD,2005-08-02 04:54:26.000,1.222100,1.222400,D
173657035,EUR/USD,2005-08-02 04:54:33.000,1.222200,1.222500,D
173657050,EUR/USD,2005-08-02 04:54:39.000,1.222100,1.222400,D
173657051,EUR/USD,2005-08-02 04:54:40.000,1.222200,1.222500,D
173657080,EUR/USD,2005-08-02 04:54:52.000,1.222100,1.222400,D
173657084,EUR/USD,2005-08-02 04:54:55.000,1.222200,1.222500,D
173657089,EUR/USD,2005-08-02 04:54:57.000,1.222100,1.222400,D
173657092,EUR/USD,2005-08-02 04:54:59.000,1.222200,1.222500,D
173657100,EUR/USD,2005-08-02 04:55:01.000,1.222100,1.222400,D
173657118,EUR/USD,2005-08-02 04:55:13.000,1.222200,1.222500,D
173657190,EUR/USD,2005-08-02 04:56:06.000,1.222300,1.222600,D
173657198,EUR/USD,2005-08-02 04:56:10.000,1.222400,1.222700,D
173657204,EUR/USD,2005-08-02 04:56:11.000,1.222300,1.222600,D
173657212,EUR/USD,2005-08-02 04:56:11.000,1.222200,1.222500,D
173657221,EUR/USD,2005-08-02 04:56:13.000,1.222300,1.222600,D
173657230,EUR/USD,2005-08-02 04:56:15.000,1.222400,1.222700,D
173657253,EUR/USD,2005-08-02 04:56:19.000,1.222300,1.222600,D
173657286,EUR/USD,2005-08-02 04:56:27.000,1.222400,1.222700,D
173657309,EUR/USD,2005-08-02 04:56:32.000,1.222300,1.222600,D
173657313,EUR/USD,2005-08-02 04:56:32.000,1.222400,1.222700,D
173657344,EUR/USD,2005-08-02 04:56:45.000,1.222300,1.222600,D
173657394,EUR/USD,2005-08-02 04:57:28.000,1.222200,1.222500,D
173657399,EUR/USD,2005-08-02 04:57:29.000,1.222300,1.222600,D
173657411,EUR/USD,2005-08-02 04:57:30.000,1.222200,1.222500,D
173657430,EUR/USD,2005-08-02 04:57:38.000,1.222300,1.222600,D
173657451,EUR/USD,2005-08-02 04:57:57.000,1.222400,1.222700,D
173657480,EUR/USD,2005-08-02 04:58:09.000,1.222500,1.222800,D
173657493,EUR/USD,2005-08-02 04:58:11.000,1.222400,1.222700,D
173657521,EUR/USD,2005-08-02 04:58:22.000,1.222500,1.222800,D
173657531,EUR/USD,2005-08-02 04:58:23.000,1.222600,1.222900,D
173657558,EUR/USD,2005-08-02 04:58:27.000,1.222500,1.222800,D
173657589,EUR/USD,2005-08-02 04:58:34.000,1.222400,1.222700,D
173657600,EUR/USD,2005-08-02 04:58:38.000,1.222500,1.222800,D
173657631,EUR/USD,2005-08-02 04:58:41.000,1.222400,1.222700,D
173657643,EUR/USD,2005-08-02 04:58:52.000,1.222500,1.222800,D
173657661,EUR/USD,2005-08-02 04:59:00.000,1.222600,1.222900,D
173657688,EUR/USD,2005-08-02 04:59:08.000,1.222700,1.223000,D
173657705,EUR/USD,2005-08-02 04:59:09.000,1.222600,1.222900,D
173657712,EUR/USD,2005-08-02 04:59:14.000,1.222700,1.223000,D
173657725,EUR/USD,2005-08-02 04:59:17.000,1.222600,1.222900,D
173657737,EUR/USD,2005-08-02 04:59:19.000,1.222700,1.223000,D
173657741,EUR/USD,2005-08-02 04:59:20.000,1.222600,1.222900,D
173657746,EUR/USD,2005-08-02 04:59:22.000,1.222700,1.223000,D
173657751,EUR/USD,2005-08-02 04:59:23.000,1.222600,1.222900,D
173657767,EUR/USD,2005-08-02 04:59:28.000,1.222500,1.222800,D
173657778,EUR/USD,2005-08-02 04:59:29.000,1.222600,1.222900,D
173657802,EUR/USD,2005-08-02 04:59:36.000,1.222500,1.222800,D
173657811,EUR/USD,2005-08-02 04:59:38.000,1.222600,1.222900,D
173657855,EUR/USD,2005-08-02 04:59:50.000,1.222500,1.222800,D
173657863,EUR/USD,2005-08-02 04:59:52.000,1.222600,1.222900,D
173657868,EUR/USD,2005-08-02 04:59:54.000,1.222500,1.222800,D
173657873,EUR/USD,2005-08-02 04:59:55.000,1.222600,1.222900,D
173657884,EUR/USD,2005-08-02 05:00:04.000,1.222500,1.222800,D
173657909,EUR/USD,2005-08-02 05:00:21.000,1.222600,1.222900,D
173657924,EUR/USD,2005-08-02 05:00:23.000,1.222500,1.222800,D
173657934,EUR/USD,2005-08-02 05:00:28.000,1.222600,1.222900,D
173657939,EUR/USD,2005-08-02 05:00:30.000,1.222500,1.222800,D
173657954,EUR/USD,2005-08-02 05:00:48.000,1.222600,1.222900,D
173657957,EUR/USD,2005-08-02 05:00:50.000,1.222500,1.222800,D
173658006,EUR/USD,2005-08-02 05:01:17.000,1.222400,1.222700,D
173658027,EUR/USD,2005-08-02 05:01:46.000,1.222500,1.222800,D
173658032,EUR/USD,2005-08-02 05:01:46.000,1.222400,1.222700,D
173658049,EUR/USD,2005-08-02 05:01:50.000,1.222500,1.222800,D
173658057,EUR/USD,2005-08-02 05:01:54.000,1.222400,1.222700,D
173658078,EUR/USD,2005-08-02 05:02:25.000,1.222500,1.222800,D
173658134,EUR/USD,2005-08-02 05:03:38.000,1.222400,1.222700,D
173658154,EUR/USD,2005-08-02 05:03:47.000,1.222500,1.222800,D
173658205,EUR/USD,2005-08-02 05:04:39.000,1.222400,1.222700,D
173658300,EUR/USD,2005-08-02 05:06:07.000,1.222300,1.222600,D
173658310,EUR/USD,2005-08-02 05:06:09.000,1.222400,1.222700,D
173658316,EUR/USD,2005-08-02 05:06:10.000,1.222300,1.222600,D
173658323,EUR/USD,2005-08-02 05:06:11.000,1.222400,1.222700,D
173658328,EUR/USD,2005-08-02 05:06:12.000,1.222300,1.222600,D
173658380,EUR/USD,2005-08-02 05:06:35.000,1.222400,1.222700,D
173658386,EUR/USD,2005-08-02 05:06:39.000,1.222300,1.222600,D
173658423,EUR/USD,2005-08-02 05:07:00.000,1.222400,1.222700,D
173658513,EUR/USD,2005-08-02 05:07:53.000,1.222500,1.222800,D
173658529,EUR/USD,2005-08-02 05:07:55.000,1.222400,1.222700,D
173658560,EUR/USD,2005-08-02 05:08:17.000,1.222500,1.222800,D
173658568,EUR/USD,2005-08-02 05:08:19.000,1.222400,1.222700,D
173658607,EUR/USD,2005-08-02 05:08:31.000,1.222300,1.222600,D
173658612,EUR/USD,2005-08-02 05:08:32.000,1.222400,1.222700,D
173658634,EUR/USD,2005-08-02 05:08:52.000,1.222300,1.222600,D
173658695,EUR/USD,2005-08-02 05:09:13.000,1.222400,1.222700,D
173658725,EUR/USD,2005-08-02 05:09:42.000,1.222300,1.222600,D
173658762,EUR/USD,2005-08-02 05:10:04.000,1.222400,1.222700,D
173658806,EUR/USD,2005-08-02 05:10:34.000,1.222500,1.222800,D
173658815,EUR/USD,2005-08-02 05:10:36.000,1.222600,1.222900,D
173658834,EUR/USD,2005-08-02 05:10:37.000,1.222500,1.222800,D
173658883,EUR/USD,2005-08-02 05:11:08.000,1.222400,1.222700,D
173658884,EUR/USD,2005-08-02 05:11:10.000,1.222500,1.222800,D
173658903,EUR/USD,2005-08-02 05:11:53.000,1.222400,1.222700,D
173658908,EUR/USD,2005-08-02 05:11:55.000,1.222500,1.222800,D
173658940,EUR/USD,2005-08-02 05:12:34.000,1.222400,1.222700,D
173658977,EUR/USD,2005-08-02 05:13:15.000,1.222300,1.222600,D
173658983,EUR/USD,2005-08-02 05:13:18.000,1.222400,1.222700,D
173658992,EUR/USD,2005-08-02 05:13:20.000,1.222300,1.222600,D
173659058,EUR/USD,2005-08-02 05:14:19.000,1.222200,1.222500,D
173659073,EUR/USD,2005-08-02 05:14:24.000,1.222300,1.222600,D
173659158,EUR/USD,2005-08-02 05:14:57.000,1.222400,1.222700,D
173659172,EUR/USD,2005-08-02 05:15:11.000,1.222300,1.222600,D
173659207,EUR/USD,2005-08-02 05:15:46.000,1.222400,1.222700,D
173659216,EUR/USD,2005-08-02 05:15:51.000,1.222300,1.222600,D
173659283,EUR/USD,2005-08-02 05:16:31.000,1.222200,1.222500,D
173659293,EUR/USD,2005-08-02 05:16:36.000,1.222300,1.222600,D
173659319,EUR/USD,2005-08-02 05:17:22.000,1.222200,1.222500,D
173659323,EUR/USD,2005-08-02 05:17:25.000,1.222100,1.222400,D
173659332,EUR/USD,2005-08-02 05:17:29.000,1.222200,1.222500,D
173659359,EUR/USD,2005-08-02 05:17:49.000,1.222100,1.222400,D
173659368,EUR/USD,2005-08-02 05:17:52.000,1.222200,1.222500,D
173659374,EUR/USD,2005-08-02 05:17:54.000,1.222100,1.222400,D
173659401,EUR/USD,2005-08-02 05:18:04.000,1.222200,1.222500,D
173659412,EUR/USD,2005-08-02 05:18:22.000,1.222100,1.222400,D
173659448,EUR/USD,2005-08-02 05:18:41.000,1.222000,1.222300,D
173659468,EUR/USD,2005-08-02 05:18:56.000,1.222100,1.222400,D
173659542,EUR/USD,2005-08-02 05:19:43.000,1.222200,1.222500,D
173659556,EUR/USD,2005-08-02 05:20:01.000,1.222100,1.222400,D
173659563,EUR/USD,2005-08-02 05:20:03.000,1.222200,1.222500,D
173659724,EUR/USD,2005-08-02 05:22:15.000,1.222100,1.222400,D
173659731,EUR/USD,2005-08-02 05:22:16.000,1.222200,1.222500,D
173659737,EUR/USD,2005-08-02 05:22:18.000,1.222100,1.222400,D
173659759,EUR/USD,2005-08-02 05:22:31.000,1.222000,1.222300,D
173659788,EUR/USD,2005-08-02 05:22:46.000,1.221900,1.222200,D
173659797,EUR/USD,2005-08-02 05:22:49.000,1.222000,1.222300,D
173659824,EUR/USD,2005-08-02 05:23:09.000,1.221900,1.222200,D
173659863,EUR/USD,2005-08-02 05:23:27.000,1.221800,1.222100,D
173659867,EUR/USD,2005-08-02 05:23:28.000,1.221900,1.222200,D
173659873,EUR/USD,2005-08-02 05:23:29.000,1.221700,1.222000,D
173659875,EUR/USD,2005-08-02 05:23:30.000,1.221800,1.222100,D
173659898,EUR/USD,2005-08-02 05:23:39.000,1.221700,1.222000,D
173659921,EUR/USD,2005-08-02 05:23:50.000,1.221800,1.222100,D
173659935,EUR/USD,2005-08-02 05:23:53.000,1.221700,1.222000,D
173659942,EUR/USD,2005-08-02 05:23:54.000,1.221800,1.222100,D
173659961,EUR/USD,2005-08-02 05:23:56.000,1.221700,1.222000,D
173659967,EUR/USD,2005-08-02 05:23:58.000,1.221800,1.222100,D
173659982,EUR/USD,2005-08-02 05:24:10.000,1.221700,1.222000,D
173659986,EUR/USD,2005-08-02 05:24:11.000,1.221800,1.222100,D
173659989,EUR/USD,2005-08-02 05:24:13.000,1.221700,1.222000,D
173660009,EUR/USD,2005-08-02 05:24:23.000,1.221600,1.221900,D
173660029,EUR/USD,2005-08-02 05:24:33.000,1.221500,1.221800,D
173660043,EUR/USD,2005-08-02 05:24:40.000,1.221600,1.221900,D
173660050,EUR/USD,2005-08-02 05:24:42.000,1.221500,1.221800,D
173660071,EUR/USD,2005-08-02 05:24:48.000,1.221400,1.221700,D
173660072,EUR/USD,2005-08-02 05:24:48.000,1.221500,1.221800,D
173660096,EUR/USD,2005-08-02 05:24:53.000,1.221400,1.221700,D
173660104,EUR/USD,2005-08-02 05:24:54.000,1.221500,1.221800,D
173660117,EUR/USD,2005-08-02 05:24:56.000,1.221400,1.221700,D
173660128,EUR/USD,2005-08-02 05:25:03.000,1.221300,1.221600,D
173660161,EUR/USD,2005-08-02 05:25:22.000,1.221400,1.221700,D
173660199,EUR/USD,2005-08-02 05:25:33.000,1.221300,1.221600,D
173660205,EUR/USD,2005-08-02 05:25:35.000,1.221400,1.221700,D
173660236,EUR/USD,2005-08-02 05:25:41.000,1.221300,1.221600,D
173660238,EUR/USD,2005-08-02 05:25:43.000,1.221400,1.221700,D
173660294,EUR/USD,2005-08-02 05:26:27.000,1.221500,1.221800,D
173660301,EUR/USD,2005-08-02 05:26:30.000,1.221400,1.221700,D
173660306,EUR/USD,2005-08-02 05:26:31.000,1.221500,1.221800,D
173660316,EUR/USD,2005-08-02 05:26:32.000,1.221400,1.221700,D
173660333,EUR/USD,2005-08-02 05:26:45.000,1.221300,1.221600,D
173660349,EUR/USD,2005-08-02 05:26:49.000,1.221400,1.221700,D
173660416,EUR/USD,2005-08-02 05:27:07.000,1.221500,1.221800,D
173660439,EUR/USD,2005-08-02 05:27:10.000,1.221400,1.221700,D
173660441,EUR/USD,2005-08-02 05:27:10.000,1.221500,1.221800,D
173660450,EUR/USD,2005-08-02 05:27:11.000,1.221400,1.221700,D
173660477,EUR/USD,2005-08-02 05:27:19.000,1.221500,1.221800,D
173660499,EUR/USD,2005-08-02 05:27:22.000,1.221400,1.221700,D
173660519,EUR/USD,2005-08-02 05:27:29.000,1.221500,1.221800,D
173660550,EUR/USD,2005-08-02 05:27:48.000,1.221400,1.221700,D
173660578,EUR/USD,2005-08-02 05:27:54.000,1.221500,1.221800,D
173660678,EUR/USD,2005-08-02 05:28:32.000,1.221400,1.221700,D
173660693,EUR/USD,2005-08-02 05:28:39.000,1.221500,1.221800,D
173660708,EUR/USD,2005-08-02 05:28:46.000,1.221400,1.221700,D
173660723,EUR/USD,2005-08-02 05:28:51.000,1.221500,1.221800,D
173660734,EUR/USD,2005-08-02 05:28:54.000,1.221400,1.221700,D
173660802,EUR/USD,2005-08-02 05:29:54.000,1.221300,1.221600,D
173660813,EUR/USD,2005-08-02 05:29:57.000,1.221200,1.221500,D
173660832,EUR/USD,2005-08-02 05:30:08.000,1.221100,1.221400,D
173660840,EUR/USD,2005-08-02 05:30:09.000,1.221200,1.221500,D
173660856,EUR/USD,2005-08-02 05:30:13.000,1.221100,1.221400,D
173660871,EUR/USD,2005-08-02 05:30:20.000,1.221200,1.221500,D
173660919,EUR/USD,2005-08-02 05:30:44.000,1.221100,1.221400,D
173660925,EUR/USD,2005-08-02 05:30:45.000,1.221200,1.221500,D
173660965,EUR/USD,2005-08-02 05:31:06.000,1.221300,1.221600,D
173660975,EUR/USD,2005-08-02 05:31:07.000,1.221200,1.221500,D
173661007,EUR/USD,2005-08-02 05:31:29.000,1.221300,1.221600,D
173661013,EUR/USD,2005-08-02 05:31:30.000,1.221200,1.221500,D
173661022,EUR/USD,2005-08-02 05:31:34.000,1.221300,1.221600,D
173661029,EUR/USD,2005-08-02 05:31:36.000,1.221200,1.221500,D
173661051,EUR/USD,2005-08-02 05:32:08.000,1.221300,1.221600,D
173661065,EUR/USD,2005-08-02 05:32:11.000,1.221200,1.221500,D
173661069,EUR/USD,2005-08-02 05:32:12.000,1.221300,1.221600,D
173661072,EUR/USD,2005-08-02 05:32:13.000,1.221200,1.221500,D
173661079,EUR/USD,2005-08-02 05:32:17.000,1.221300,1.221600,D
173661095,EUR/USD,2005-08-02 05:32:23.000,1.221400,1.221700,D
173661155,EUR/USD,2005-08-02 05:32:43.000,1.221500,1.221800,D
173661218,EUR/USD,2005-08-02 05:33:13.000,1.221600,1.221900,D
173661237,EUR/USD,2005-08-02 05:33:16.000,1.221700,1.222000,D
173661269,EUR/USD,2005-08-02 05:33:33.000,1.221800,1.222100,D
173661290,EUR/USD,2005-08-02 05:33:36.000,1.221700,1.222000,D
173661326,EUR/USD,2005-08-02 05:33:58.000,1.221600,1.221900,D
173661364,EUR/USD,2005-08-02 05:34:18.000,1.221700,1.222000,D
173661370,EUR/USD,2005-08-02 05:34:20.000,1.221600,1.221900,D
173661373,EUR/USD,2005-08-02 05:34:22.000,1.221700,1.222000,D
173661376,EUR/USD,2005-08-02 05:34:23.000,1.221600,1.221900,D
173661385,EUR/USD,2005-08-02 05:34:33.000,1.221700,1.222000,D
173661392,EUR/USD,2005-08-02 05:34:35.000,1.221600,1.221900,D
173661408,EUR/USD,2005-08-02 05:34:43.000,1.221700,1.222000,D
173661450,EUR/USD,2005-08-02 05:35:03.000,1.221600,1.221900,D
173661459,EUR/USD,2005-08-02 05:35:11.000,1.221700,1.222000,D
173661469,EUR/USD,2005-08-02 05:35:16.000,1.221800,1.222100,D
173661504,EUR/USD,2005-08-02 05:35:23.000,1.221700,1.222000,D
173661511,EUR/USD,2005-08-02 05:35:24.000,1.221800,1.222100,D
173661523,EUR/USD,2005-08-02 05:35:35.000,1.221900,1.222200,D
173661566,EUR/USD,2005-08-02 05:35:57.000,1.221800,1.222100,D
173661577,EUR/USD,2005-08-02 05:36:05.000,1.221900,1.222200,D
173661598,EUR/USD,2005-08-02 05:36:08.000,1.221800,1.222100,D
173661601,EUR/USD,2005-08-02 05:36:08.000,1.221900,1.222200,D
173661644,EUR/USD,2005-08-02 05:36:17.000,1.221800,1.222100,D
173661667,EUR/USD,2005-08-02 05:36:30.000,1.221900,1.222200,D
173661670,EUR/USD,2005-08-02 05:36:31.000,1.221800,1.222100,D
173661673,EUR/USD,2005-08-02 05:36:35.000,1.221900,1.222200,D
173661683,EUR/USD,2005-08-02 05:36:38.000,1.221800,1.222100,D
173661692,EUR/USD,2005-08-02 05:36:42.000,1.221900,1.222200,D
173661699,EUR/USD,2005-08-02 05:36:42.000,1.221800,1.222100,D
173661705,EUR/USD,2005-08-02 05:36:46.000,1.221900,1.222200,D
173661716,EUR/USD,2005-08-02 05:36:56.000,1.221800,1.222100,D
173661731,EUR/USD,2005-08-02 05:37:04.000,1.221900,1.222200,D
173661808,EUR/USD,2005-08-02 05:37:46.000,1.221800,1.222100,D
173661822,EUR/USD,2005-08-02 05:37:52.000,1.221900,1.222200,D
173661850,EUR/USD,2005-08-02 05:38:02.000,1.222000,1.222300,D
173661869,EUR/USD,2005-08-02 05:38:07.000,1.221900,1.222200,D
173661931,EUR/USD,2005-08-02 05:39:33.000,1.221800,1.222100,D
173661984,EUR/USD,2005-08-02 05:39:48.000,1.221900,1.222200,D
173662061,EUR/USD,2005-08-02 05:41:37.000,1.221800,1.222100,D
173662104,EUR/USD,2005-08-02 05:42:12.000,1.221700,1.222000,D
173662173,EUR/USD,2005-08-02 05:42:34.000,1.221600,1.221900,D
173662176,EUR/USD,2005-08-02 05:42:35.000,1.221700,1.222000,D
173662241,EUR/USD,2005-08-02 05:42:57.000,1.221600,1.221900,D
173662243,EUR/USD,2005-08-02 05:42:58.000,1.221700,1.222000,D
173662294,EUR/USD,2005-08-02 05:43:25.000,1.221600,1.221900,D
173662303,EUR/USD,2005-08-02 05:43:27.000,1.221700,1.222000,D
173662325,EUR/USD,2005-08-02 05:43:29.000,1.221600,1.221900,D
173662331,EUR/USD,2005-08-02 05:43:32.000,1.221700,1.222000,D
173662360,EUR/USD,2005-08-02 05:43:38.000,1.221600,1.221900,D
173662363,EUR/USD,2005-08-02 05:43:39.000,1.221700,1.222000,D
173662418,EUR/USD,2005-08-02 05:43:52.000,1.221800,1.222100,D
173662452,EUR/USD,2005-08-02 05:43:57.000,1.221700,1.222000,D
173662486,EUR/USD,2005-08-02 05:44:03.000,1.221800,1.222100,D
173662510,EUR/USD,2005-08-02 05:44:10.000,1.221700,1.222000,D
173662519,EUR/USD,2005-08-02 05:44:11.000,1.221800,1.222100,D
173662554,EUR/USD,2005-08-02 05:44:20.000,1.221700,1.222000,D
173662591,EUR/USD,2005-08-02 05:44:28.000,1.221800,1.222100,D
173662600,EUR/USD,2005-08-02 05:44:30.000,1.221700,1.222000,D
173662628,EUR/USD,2005-08-02 05:44:37.000,1.221800,1.222100,D
173662688,EUR/USD,2005-08-02 05:45:06.000,1.221900,1.222200,D
173662768,EUR/USD,2005-08-02 05:45:21.000,1.221800,1.222100,D
173662778,EUR/USD,2005-08-02 05:45:24.000,1.221900,1.222200,D
173662785,EUR/USD,2005-08-02 05:45:26.000,1.221800,1.222100,D
173662804,EUR/USD,2005-08-02 05:45:38.000,1.221900,1.222200,D
173662813,EUR/USD,2005-08-02 05:45:40.000,1.222000,1.222300,D
173662822,EUR/USD,2005-08-02 05:45:41.000,1.221900,1.222200,D
173662827,EUR/USD,2005-08-02 05:45:42.000,1.222000,1.222300,D
173662841,EUR/USD,2005-08-02 05:45:45.000,1.221900,1.222200,D
173662843,EUR/USD,2005-08-02 05:45:45.000,1.222000,1.222300,D
173662853,EUR/USD,2005-08-02 05:45:45.000,1.222100,1.222400,D
173662862,EUR/USD,2005-08-02 05:45:47.000,1.222000,1.222300,D
173662876,EUR/USD,2005-08-02 05:45:50.000,1.222100,1.222400,D
173662881,EUR/USD,2005-08-02 05:45:50.000,1.222000,1.222300,D
173662885,EUR/USD,2005-08-02 05:45:52.000,1.222100,1.222400,D
173662892,EUR/USD,2005-08-02 05:45:53.000,1.222000,1.222300,D
173662910,EUR/USD,2005-08-02 05:46:04.000,1.222100,1.222400,D
173662936,EUR/USD,2005-08-02 05:46:12.000,1.222200,1.222500,D
173662941,EUR/USD,2005-08-02 05:46:15.000,1.222100,1.222400,D
173662971,EUR/USD,2005-08-02 05:46:31.000,1.222200,1.222500,D
173663005,EUR/USD,2005-08-02 05:46:50.000,1.222300,1.222600,D
173663024,EUR/USD,2005-08-02 05:46:54.000,1.222400,1.222700,D
173663038,EUR/USD,2005-08-02 05:46:56.000,1.222300,1.222600,D
173663050,EUR/USD,2005-08-02 05:46:57.000,1.222400,1.222700,D
173663063,EUR/USD,2005-08-02 05:47:00.000,1.222500,1.222800,D
173663080,EUR/USD,2005-08-02 05:47:03.000,1.222400,1.222700,D
173663093,EUR/USD,2005-08-02 05:47:06.000,1.222500,1.222800,D
173663126,EUR/USD,2005-08-02 05:47:18.000,1.222400,1.222700,D
173663131,EUR/USD,2005-08-02 05:47:22.000,1.222500,1.222800,D
173663139,EUR/USD,2005-08-02 05:47:23.000,1.222400,1.222700,D
173663153,EUR/USD,2005-08-02 05:47:35.000,1.222300,1.222600,D
173663155,EUR/USD,2005-08-02 05:47:36.000,1.222400,1.222700,D
173663184,EUR/USD,2005-08-02 05:47:45.000,1.222300,1.222600,D
173663191,EUR/USD,2005-08-02 05:47:46.000,1.222200,1.222500,D
173663207,EUR/USD,2005-08-02 05:47:48.000,1.222100,1.222400,D
173663224,EUR/USD,2005-08-02 05:47:54.000,1.222000,1.222300,D
173663234,EUR/USD,2005-08-02 05:47:56.000,1.221900,1.222200,D
173663239,EUR/USD,2005-08-02 05:47:56.000,1.222000,1.222300,D
173663250,EUR/USD,2005-08-02 05:47:59.000,1.222100,1.222400,D
173663254,EUR/USD,2005-08-02 05:48:00.000,1.222000,1.222300,D
173663296,EUR/USD,2005-08-02 05:48:05.000,1.221900,1.222200,D
173663321,EUR/USD,2005-08-02 05:48:14.000,1.222000,1.222300,D
173663341,EUR/USD,2005-08-02 05:48:20.000,1.221900,1.222200,D
173663388,EUR/USD,2005-08-02 05:48:43.000,1.222000,1.222300,D
173663411,EUR/USD,2005-08-02 05:48:52.000,1.221900,1.222200,D
173663429,EUR/USD,2005-08-02 05:48:56.000,1.221800,1.222100,D
173663431,EUR/USD,2005-08-02 05:48:56.000,1.221900,1.222200,D
173663450,EUR/USD,2005-08-02 05:48:59.000,1.221800,1.222100,D
173663476,EUR/USD,2005-08-02 05:49:02.000,1.221600,1.221900,D
173663531,EUR/USD,2005-08-02 05:49:15.000,1.221500,1.221800,D
173663538,EUR/USD,2005-08-02 05:49:16.000,1.221600,1.221900,D
173663549,EUR/USD,2005-08-02 05:49:18.000,1.221500,1.221800,D
173663566,EUR/USD,2005-08-02 05:49:22.000,1.221400,1.221700,D
173663574,EUR/USD,2005-08-02 05:49:23.000,1.221300,1.221600,D
173663594,EUR/USD,2005-08-02 05:49:25.000,1.221400,1.221700,D
173663682,EUR/USD,2005-08-02 05:49:37.000,1.221300,1.221600,D
173663696,EUR/USD,2005-08-02 05:49:41.000,1.221400,1.221700,D
173663745,EUR/USD,2005-08-02 05:49:55.000,1.221500,1.221800,D
173663752,EUR/USD,2005-08-02 05:49:57.000,1.221400,1.221700,D
173663763,EUR/USD,2005-08-02 05:49:58.000,1.221300,1.221600,D
173663768,EUR/USD,2005-08-02 05:49:59.000,1.221400,1.221700,D
173663774,EUR/USD,2005-08-02 05:49:59.000,1.221500,1.221800,D
173663791,EUR/USD,2005-08-02 05:50:02.000,1.221400,1.221700,D
173663825,EUR/USD,2005-08-02 05:50:07.000,1.221300,1.221600,D
173663828,EUR/USD,2005-08-02 05:50:07.000,1.221400,1.221700,D
173663844,EUR/USD,2005-08-02 05:50:09.000,1.221300,1.221600,D
173663936,EUR/USD,2005-08-02 05:50:41.000,1.221200,1.221500,D
173663967,EUR/USD,2005-08-02 05:50:49.000,1.221300,1.221600,D
173663973,EUR/USD,2005-08-02 05:50:50.000,1.221400,1.221700,D
173664016,EUR/USD,2005-08-02 05:51:07.000,1.221500,1.221800,D
173664069,EUR/USD,2005-08-02 05:51:34.000,1.221600,1.221900,D
173664081,EUR/USD,2005-08-02 05:51:38.000,1.221700,1.222000,D
173664118,EUR/USD,2005-08-02 05:51:49.000,1.221800,1.222100,D
173664133,EUR/USD,2005-08-02 05:51:50.000,1.221700,1.222000,D
173664135,EUR/USD,2005-08-02 05:51:50.000,1.221800,1.222100,D
173664172,EUR/USD,2005-08-02 05:51:56.000,1.221700,1.222000,D
173664191,EUR/USD,2005-08-02 05:52:00.000,1.221600,1.221900,D
173664194,EUR/USD,2005-08-02 05:52:00.000,1.221700,1.222000,D
173664285,EUR/USD,2005-08-02 05:52:59.000,1.221600,1.221900,D
173664331,EUR/USD,2005-08-02 05:53:40.000,1.221500,1.221800,D
173664332,EUR/USD,2005-08-02 05:53:41.000,1.221600,1.221900,D
173664346,EUR/USD,2005-08-02 05:54:00.000,1.221500,1.221800,D
173664373,EUR/USD,2005-08-02 05:54:12.000,1.221600,1.221900,D
173664404,EUR/USD,2005-08-02 05:54:30.000,1.221500,1.221800,D
173664414,EUR/USD,2005-08-02 05:54:37.000,1.221400,1.221700,D
173664457,EUR/USD,2005-08-02 05:54:43.000,1.221300,1.221600,D
173664460,EUR/USD,2005-08-02 05:54:44.000,1.221400,1.221700,D
173664463,EUR/USD,2005-08-02 05:54:44.000,1.221300,1.221600,D
173664515,EUR/USD,2005-08-02 05:54:57.000,1.221400,1.221700,D
173664530,EUR/USD,2005-08-02 05:54:59.000,1.221300,1.221600,D
173664535,EUR/USD,2005-08-02 05:55:00.000,1.221400,1.221700,D
173664548,EUR/USD,2005-08-02 05:55:02.000,1.221300,1.221600,D
173664561,EUR/USD,2005-08-02 05:55:03.000,1.221400,1.221700,D
173664609,EUR/USD,2005-08-02 05:55:25.000,1.221500,1.221800,D
173664635,EUR/USD,2005-08-02 05:55:40.000,1.221600,1.221900,D
173664654,EUR/USD,2005-08-02 05:55:43.000,1.221500,1.221800,D
173664713,EUR/USD,2005-08-02 05:56:16.000,1.221600,1.221900,D
173664764,EUR/USD,2005-08-02 05:56:41.000,1.221500,1.221800,D
173664794,EUR/USD,2005-08-02 05:57:25.000,1.221600,1.221900,D
173664846,EUR/USD,2005-08-02 05:57:41.000,1.221500,1.221800,D
173664874,EUR/USD,2005-08-02 05:58:09.000,1.221600,1.221900,D
173664953,EUR/USD,2005-08-02 05:58:50.000,1.221700,1.222000,D
173664956,EUR/USD,2005-08-02 05:58:52.000,1.221600,1.221900,D
173664957,EUR/USD,2005-08-02 05:58:52.000,1.221700,1.222000,D
173665152,EUR/USD,2005-08-02 06:00:44.000,1.221800,1.222100,D
173665172,EUR/USD,2005-08-02 06:00:54.000,1.221900,1.222200,D
173665181,EUR/USD,2005-08-02 06:00:56.000,1.221800,1.222100,D
173665192,EUR/USD,2005-08-02 06:00:59.000,1.221900,1.222200,D
173665195,EUR/USD,2005-08-02 06:01:00.000,1.221800,1.222100,D
173665205,EUR/USD,2005-08-02 06:01:05.000,1.221900,1.222200,D
173665212,EUR/USD,2005-08-02 06:01:06.000,1.221800,1.222100,D
173665219,EUR/USD,2005-08-02 06:01:09.000,1.221900,1.222200,D
173665289,EUR/USD,2005-08-02 06:01:47.000,1.222000,1.222300,D
173665293,EUR/USD,2005-08-02 06:01:48.000,1.221900,1.222200,D
173665297,EUR/USD,2005-08-02 06:01:49.000,1.222000,1.222300,D
173665345,EUR/USD,2005-08-02 06:02:13.000,1.221900,1.222200,D
173665358,EUR/USD,2005-08-02 06:02:20.000,1.222000,1.222300,D
173665362,EUR/USD,2005-08-02 06:02:23.000,1.221900,1.222200,D
173665375,EUR/USD,2005-08-02 06:02:36.000,1.221800,1.222100,D
173665412,EUR/USD,2005-08-02 06:02:58.000,1.221900,1.222200,D
173665420,EUR/USD,2005-08-02 06:02:59.000,1.221800,1.222100,D
173665469,EUR/USD,2005-08-02 06:03:48.000,1.221900,1.222200,D
173665474,EUR/USD,2005-08-02 06:03:51.000,1.221800,1.222100,D
173665484,EUR/USD,2005-08-02 06:04:03.000,1.221900,1.222200,D
173665491,EUR/USD,2005-08-02 06:04:05.000,1.221800,1.222100,D
173665502,EUR/USD,2005-08-02 06:04:18.000,1.221900,1.222200,D
173665510,EUR/USD,2005-08-02 06:04:21.000,1.221800,1.222100,D
173665516,EUR/USD,2005-08-02 06:04:23.000,1.221900,1.222200,D
173665534,EUR/USD,2005-08-02 06:04:39.000,1.221800,1.222100,D
173665537,EUR/USD,2005-08-02 06:04:39.000,1.221900,1.222200,D
173665587,EUR/USD,2005-08-02 06:05:15.000,1.221800,1.222100,D
173665625,EUR/USD,2005-08-02 06:05:51.000,1.221700,1.222000,D
173665766,EUR/USD,2005-08-02 06:07:17.000,1.221600,1.221900,D
173665778,EUR/USD,2005-08-02 06:07:23.000,1.221500,1.221800,D
173665809,EUR/USD,2005-08-02 06:07:50.000,1.221600,1.221900,D
173665811,EUR/USD,2005-08-02 06:07:51.000,1.221500,1.221800,D
173665816,EUR/USD,2005-08-02 06:07:51.000,1.221400,1.221700,D
173665827,EUR/USD,2005-08-02 06:07:54.000,1.221500,1.221800,D
173665837,EUR/USD,2005-08-02 06:07:55.000,1.221600,1.221900,D
173665842,EUR/USD,2005-08-02 06:07:56.000,1.221700,1.222000,D
173665861,EUR/USD,2005-08-02 06:07:58.000,1.221600,1.221900,D
173665865,EUR/USD,2005-08-02 06:08:00.000,1.221700,1.222000,D
173665886,EUR/USD,2005-08-02 06:08:11.000,1.221600,1.221900,D
173665904,EUR/USD,2005-08-02 06:08:14.000,1.221700,1.222000,D
173665912,EUR/USD,2005-08-02 06:08:16.000,1.221800,1.222100,D
173665934,EUR/USD,2005-08-02 06:08:20.000,1.221900,1.222200,D
173665952,EUR/USD,2005-08-02 06:08:23.000,1.221800,1.222100,D
173666012,EUR/USD,2005-08-02 06:08:39.000,1.221900,1.222200,D
173666037,EUR/USD,2005-08-02 06:08:47.000,1.221800,1.222100,D
173666073,EUR/USD,2005-08-02 06:09:06.000,1.221700,1.222000,D
173666079,EUR/USD,2005-08-02 06:09:07.000,1.221600,1.221900,D
173666084,EUR/USD,2005-08-02 06:09:07.000,1.221700,1.222000,D
173666150,EUR/USD,2005-08-02 06:09:32.000,1.221800,1.222100,D
173666156,EUR/USD,2005-08-02 06:09:34.000,1.221700,1.222000,D
173666215,EUR/USD,2005-08-02 06:09:53.000,1.221600,1.221900,D
173666216,EUR/USD,2005-08-02 06:09:54.000,1.221700,1.222000,D
173666251,EUR/USD,2005-08-02 06:10:05.000,1.221600,1.221900,D
173666263,EUR/USD,2005-08-02 06:10:09.000,1.221700,1.222000,D
173666317,EUR/USD,2005-08-02 06:10:36.000,1.221800,1.222100,D
173666327,EUR/USD,2005-08-02 06:10:38.000,1.221700,1.222000,D
173666331,EUR/USD,2005-08-02 06:10:38.000,1.221800,1.222100,D
173666343,EUR/USD,2005-08-02 06:10:40.000,1.221700,1.222000,D
173666353,EUR/USD,2005-08-02 06:10:47.000,1.221800,1.222100,D
173666373,EUR/USD,2005-08-02 06:10:54.000,1.221700,1.222000,D
173666383,EUR/USD,2005-08-02 06:11:01.000,1.221800,1.222100,D
173666389,EUR/USD,2005-08-02 06:11:04.000,1.221700,1.222000,D
173666404,EUR/USD,2005-08-02 06:11:12.000,1.221600,1.221900,D
173666424,EUR/USD,2005-08-02 06:11:32.000,1.221700,1.222000,D
173666432,EUR/USD,2005-08-02 06:11:42.000,1.221600,1.221900,D
173666440,EUR/USD,2005-08-02 06:12:02.000,1.221700,1.222000,D
173666487,EUR/USD,2005-08-02 06:12:21.000,1.221600,1.221900,D
173666506,EUR/USD,2005-08-02 06:12:33.000,1.221500,1.221800,D
173666527,EUR/USD,2005-08-02 06:12:38.000,1.221600,1.221900,D
173666542,EUR/USD,2005-08-02 06:12:45.000,1.221500,1.221800,D
173666550,EUR/USD,2005-08-02 06:12:48.000,1.221600,1.221900,D
173666557,EUR/USD,2005-08-02 06:12:49.000,1.221700,1.222000,D
173666578,EUR/USD,2005-08-02 06:12:59.000,1.221600,1.221900,D
173666588,EUR/USD,2005-08-02 06:13:08.000,1.221500,1.221800,D
173666599,EUR/USD,2005-08-02 06:13:15.000,1.221400,1.221700,D
173666619,EUR/USD,2005-08-02 06:13:22.000,1.221500,1.221800,D
173666631,EUR/USD,2005-08-02 06:13:28.000,1.221600,1.221900,D
173666640,EUR/USD,2005-08-02 06:13:29.000,1.221500,1.221800,D
173666656,EUR/USD,2005-08-02 06:13:36.000,1.221600,1.221900,D
173666692,EUR/USD,2005-08-02 06:14:03.000,1.221700,1.222000,D
173666712,EUR/USD,2005-08-02 06:14:08.000,1.221600,1.221900,D
173666733,EUR/USD,2005-08-02 06:14:18.000,1.221700,1.222000,D
173666749,EUR/USD,2005-08-02 06:14:22.000,1.221600,1.221900,D
173666815,EUR/USD,2005-08-02 06:15:21.000,1.221700,1.222000,D
173666897,EUR/USD,2005-08-02 06:16:24.000,1.221800,1.222100,D
173666923,EUR/USD,2005-08-02 06:16:33.000,1.221700,1.222000,D
173666928,EUR/USD,2005-08-02 06:16:38.000,1.221800,1.222100,D
173666934,EUR/USD,2005-08-02 06:16:42.000,1.221700,1.222000,D
173666976,EUR/USD,2005-08-02 06:17:18.000,1.221800,1.222100,D
173666987,EUR/USD,2005-08-02 06:17:20.000,1.221700,1.222000,D
173667017,EUR/USD,2005-08-02 06:17:46.000,1.221800,1.222100,D
173667024,EUR/USD,2005-08-02 06:17:48.000,1.221700,1.222000,D
173667029,EUR/USD,2005-08-02 06:17:48.000,1.221800,1.222100,D
173667046,EUR/USD,2005-08-02 06:17:58.000,1.221900,1.222200,D
173667066,EUR/USD,2005-08-02 06:18:04.000,1.221800,1.222100,D
173667074,EUR/USD,2005-08-02 06:18:06.000,1.221900,1.222200,D
173667097,EUR/USD,2005-08-02 06:18:08.000,1.222000,1.222300,D
173667108,EUR/USD,2005-08-02 06:18:10.000,1.221900,1.222200,D
173667116,EUR/USD,2005-08-02 06:18:12.000,1.222000,1.222300,D
173667126,EUR/USD,2005-08-02 06:18:13.000,1.221900,1.222200,D
173667209,EUR/USD,2005-08-02 06:18:56.000,1.222000,1.222300,D
173667215,EUR/USD,2005-08-02 06:18:57.000,1.221900,1.222200,D
173667285,EUR/USD,2005-08-02 06:19:40.000,1.221800,1.222100,D
173667299,EUR/USD,2005-08-02 06:19:44.000,1.221700,1.222000,D
173667307,EUR/USD,2005-08-02 06:19:45.000,1.221800,1.222100,D
173667316,EUR/USD,2005-08-02 06:19:46.000,1.221700,1.222000,D
173667337,EUR/USD,2005-08-02 06:19:57.000,1.221800,1.222100,D
173667341,EUR/USD,2005-08-02 06:19:58.000,1.221700,1.222000,D
173667351,EUR/USD,2005-08-02 06:20:02.000,1.221600,1.221900,D
173667365,EUR/USD,2005-08-02 06:20:09.000,1.221500,1.221800,D
173667387,EUR/USD,2005-08-02 06:20:14.000,1.221600,1.221900,D
173667419,EUR/USD,2005-08-02 06:20:28.000,1.221500,1.221800,D
173667422,EUR/USD,2005-08-02 06:20:29.000,1.221600,1.221900,D
173667434,EUR/USD,2005-08-02 06:20:43.000,1.221700,1.222000,D
173667451,EUR/USD,2005-08-02 06:20:52.000,1.221800,1.222100,D
173667455,EUR/USD,2005-08-02 06:20:53.000,1.221700,1.222000,D
173667462,EUR/USD,2005-08-02 06:20:55.000,1.221600,1.221900,D
173667471,EUR/USD,2005-08-02 06:20:58.000,1.221500,1.221800,D
173667500,EUR/USD,2005-08-02 06:21:07.000,1.221600,1.221900,D
173667510,EUR/USD,2005-08-02 06:21:09.000,1.221500,1.221800,D
173667519,EUR/USD,2005-08-02 06:21:10.000,1.221600,1.221900,D
173667526,EUR/USD,2005-08-02 06:21:10.000,1.221500,1.221800,D
173667544,EUR/USD,2005-08-02 06:21:17.000,1.221600,1.221900,D
173667561,EUR/USD,2005-08-02 06:21:26.000,1.221500,1.221800,D
173667567,EUR/USD,2005-08-02 06:21:27.000,1.221600,1.221900,D
173667574,EUR/USD,2005-08-02 06:21:29.000,1.221500,1.221800,D
173667581,EUR/USD,2005-08-02 06:21:31.000,1.221600,1.221900,D
173667597,EUR/USD,2005-08-02 06:21:50.000,1.221500,1.221800,D
173667621,EUR/USD,2005-08-02 06:22:18.000,1.221400,1.221700,D
173667624,EUR/USD,2005-08-02 06:22:19.000,1.221500,1.221800,D
173667660,EUR/USD,2005-08-02 06:22:43.000,1.221400,1.221700,D
173667679,EUR/USD,2005-08-02 06:22:48.000,1.221500,1.221800,D
173667692,EUR/USD,2005-08-02 06:22:50.000,1.221400,1.221700,D
173667696,EUR/USD,2005-08-02 06:22:50.000,1.221500,1.221800,D
173667743,EUR/USD,2005-08-02 06:23:06.000,1.221400,1.221700,D
173667745,EUR/USD,2005-08-02 06:23:10.000,1.221500,1.221800,D
173667765,EUR/USD,2005-08-02 06:23:25.000,1.221600,1.221900,D
173667784,EUR/USD,2005-08-02 06:23:54.000,1.221500,1.221800,D
173667802,EUR/USD,2005-08-02 06:24:08.000,1.221400,1.221700,D
173667815,EUR/USD,2005-08-02 06:24:11.000,1.221500,1.221800,D
173667857,EUR/USD,2005-08-02 06:24:44.000,1.221600,1.221900,D
173667874,EUR/USD,2005-08-02 06:24:58.000,1.221500,1.221800,D
173667886,EUR/USD,2005-08-02 06:25:08.000,1.221600,1.221900,D
173667890,EUR/USD,2005-08-02 06:25:09.000,1.221500,1.221800,D
173667898,EUR/USD,2005-08-02 06:25:15.000,1.221600,1.221900,D
173667918,EUR/USD,2005-08-02 06:25:31.000,1.221700,1.222000,D
173667945,EUR/USD,2005-08-02 06:25:40.000,1.221600,1.221900,D
173667949,EUR/USD,2005-08-02 06:25:44.000,1.221700,1.222000,D
173667985,EUR/USD,2005-08-02 06:26:16.000,1.221800,1.222100,D
173667993,EUR/USD,2005-08-02 06:26:18.000,1.221700,1.222000,D
173668106,EUR/USD,2005-08-02 06:27:58.000,1.221800,1.222100,D
173668113,EUR/USD,2005-08-02 06:28:01.000,1.221700,1.222000,D
173668125,EUR/USD,2005-08-02 06:28:15.000,1.221800,1.222100,D
173668144,EUR/USD,2005-08-02 06:28:19.000,1.221700,1.222000,D
173668169,EUR/USD,2005-08-02 06:28:41.000,1.221600,1.221900,D
173668172,EUR/USD,2005-08-02 06:28:42.000,1.221700,1.222000,D
173668195,EUR/USD,2005-08-02 06:29:04.000,1.221600,1.221900,D
173668213,EUR/USD,2005-08-02 06:29:09.000,1.221700,1.222000,D
173668222,EUR/USD,2005-08-02 06:29:10.000,1.221600,1.221900,D
173668275,EUR/USD,2005-08-02 06:29:37.000,1.221700,1.222000,D
173668281,EUR/USD,2005-08-02 06:29:38.000,1.221600,1.221900,D
173668293,EUR/USD,2005-08-02 06:29:41.000,1.221700,1.222000,D
173668303,EUR/USD,2005-08-02 06:29:43.000,1.221600,1.221900,D
173668323,EUR/USD,2005-08-02 06:29:52.000,1.221700,1.222000,D
173668344,EUR/USD,2005-08-02 06:29:59.000,1.221600,1.221900,D
173668346,EUR/USD,2005-08-02 06:30:00.000,1.221700,1.222000,D
173668348,EUR/USD,2005-08-02 06:30:05.000,1.221600,1.221900,D
173668381,EUR/USD,2005-08-02 06:30:25.000,1.221500,1.221800,D
173668388,EUR/USD,2005-08-02 06:30:26.000,1.221600,1.221900,D
173668395,EUR/USD,2005-08-02 06:30:29.000,1.221500,1.221800,D
173668433,EUR/USD,2005-08-02 06:30:38.000,1.221600,1.221900,D
173668462,EUR/USD,2005-08-02 06:30:49.000,1.221500,1.221800,D
173668467,EUR/USD,2005-08-02 06:30:53.000,1.221600,1.221900,D
173668481,EUR/USD,2005-08-02 06:31:01.000,1.221700,1.222000,D
173668493,EUR/USD,2005-08-02 06:31:07.000,1.221800,1.222100,D
173668503,EUR/USD,2005-08-02 06:31:09.000,1.221700,1.222000,D
173668510,EUR/USD,2005-08-02 06:31:09.000,1.221800,1.222100,D
173668516,EUR/USD,2005-08-02 06:31:11.000,1.221700,1.222000,D
173668525,EUR/USD,2005-08-02 06:31:12.000,1.221800,1.222100,D
173668564,EUR/USD,2005-08-02 06:31:26.000,1.221700,1.222000,D
173668569,EUR/USD,2005-08-02 06:31:28.000,1.221800,1.222100,D
173668582,EUR/USD,2005-08-02 06:31:37.000,1.221900,1.222200,D
173668591,EUR/USD,2005-08-02 06:31:42.000,1.221800,1.222100,D
173668605,EUR/USD,2005-08-02 06:32:02.000,1.221900,1.222200,D
173668632,EUR/USD,2005-08-02 06:32:27.000,1.222000,1.222300,D
173668645,EUR/USD,2005-08-02 06:32:32.000,1.222100,1.222400,D
173668650,EUR/USD,2005-08-02 06:32:33.000,1.222000,1.222300,D
173668688,EUR/USD,2005-08-02 06:33:18.000,1.222100,1.222400,D
173668697,EUR/USD,2005-08-02 06:33:25.000,1.222000,1.222300,D
173668703,EUR/USD,2005-08-02 06:33:26.000,1.222100,1.222400,D
173668723,EUR/USD,2005-08-02 06:33:41.000,1.222200,1.222500,D
173668730,EUR/USD,2005-08-02 06:33:42.000,1.222100,1.222400,D
173668757,EUR/USD,2005-08-02 06:33:49.000,1.222000,1.222300,D
173668766,EUR/USD,2005-08-02 06:33:56.000,1.222100,1.222400,D
173668769,EUR/USD,2005-08-02 06:34:03.000,1.222000,1.222300,D
173668780,EUR/USD,2005-08-02 06:34:14.000,1.222100,1.222400,D
173668819,EUR/USD,2005-08-02 06:35:22.000,1.222000,1.222300,D
173668832,EUR/USD,2005-08-02 06:35:33.000,1.222100,1.222400,D
173668897,EUR/USD,2005-08-02 06:36:09.000,1.222200,1.222500,D
173668898,EUR/USD,2005-08-02 06:36:09.000,1.222100,1.222400,D
173668947,EUR/USD,2005-08-02 06:37:10.000,1.222200,1.222500,D
173668979,EUR/USD,2005-08-02 06:37:19.000,1.222100,1.222400,D
173668994,EUR/USD,2005-08-02 06:37:35.000,1.222200,1.222500,D
173669028,EUR/USD,2005-08-02 06:38:10.000,1.222100,1.222400,D
173669033,EUR/USD,2005-08-02 06:38:18.000,1.222200,1.222500,D
173669043,EUR/USD,2005-08-02 06:38:22.000,1.222100,1.222400,D
173669048,EUR/USD,2005-08-02 06:38:23.000,1.222200,1.222500,D
173669063,EUR/USD,2005-08-02 06:38:36.000,1.222100,1.222400,D
173669089,EUR/USD,2005-08-02 06:39:09.000,1.222000,1.222300,D
173669092,EUR/USD,2005-08-02 06:39:11.000,1.222100,1.222400,D
173669098,EUR/USD,2005-08-02 06:39:15.000,1.222000,1.222300,D
173669106,EUR/USD,2005-08-02 06:39:16.000,1.222100,1.222400,D
173669111,EUR/USD,2005-08-02 06:39:19.000,1.222000,1.222300,D
173669119,EUR/USD,2005-08-02 06:39:26.000,1.221900,1.222200,D
173669130,EUR/USD,2005-08-02 06:39:30.000,1.222000,1.222300,D
173669137,EUR/USD,2005-08-02 06:39:36.000,1.221900,1.222200,D
173669148,EUR/USD,2005-08-02 06:39:38.000,1.222000,1.222300,D
173669151,EUR/USD,2005-08-02 06:39:39.000,1.221900,1.222200,D
173669190,EUR/USD,2005-08-02 06:40:01.000,1.222000,1.222300,D
173669214,EUR/USD,2005-08-02 06:40:18.000,1.222100,1.222400,D
173669232,EUR/USD,2005-08-02 06:40:26.000,1.222000,1.222300,D
173669381,EUR/USD,2005-08-02 06:41:48.000,1.222100,1.222400,D
173669394,EUR/USD,2005-08-02 06:41:55.000,1.222000,1.222300,D
173669404,EUR/USD,2005-08-02 06:42:00.000,1.222100,1.222400,D
173669421,EUR/USD,2005-08-02 06:42:11.000,1.222000,1.222300,D
173669436,EUR/USD,2005-08-02 06:42:16.000,1.222100,1.222400,D
173669446,EUR/USD,2005-08-02 06:42:29.000,1.222200,1.222500,D
173669456,EUR/USD,2005-08-02 06:42:32.000,1.222100,1.222400,D
173669498,EUR/USD,2005-08-02 06:43:30.000,1.222000,1.222300,D
173669529,EUR/USD,2005-08-02 06:43:42.000,1.222100,1.222400,D
173669594,EUR/USD,2005-08-02 06:44:05.000,1.222200,1.222500,D
173669610,EUR/USD,2005-08-02 06:44:07.000,1.222100,1.222400,D
173669636,EUR/USD,2005-08-02 06:44:28.000,1.222200,1.222500,D
173669722,EUR/USD,2005-08-02 06:45:23.000,1.222100,1.222400,D
173669734,EUR/USD,2005-08-02 06:45:27.000,1.222000,1.222300,D
173669748,EUR/USD,2005-08-02 06:45:31.000,1.222100,1.222400,D
173669769,EUR/USD,2005-08-02 06:45:41.000,1.222200,1.222500,D
173669773,EUR/USD,2005-08-02 06:45:43.000,1.222100,1.222400,D
173669790,EUR/USD,2005-08-02 06:45:49.000,1.222000,1.222300,D
173669842,EUR/USD,2005-08-02 06:46:12.000,1.222100,1.222400,D
173669851,EUR/USD,2005-08-02 06:46:14.000,1.222000,1.222300,D
173669855,EUR/USD,2005-08-02 06:46:16.000,1.222100,1.222400,D
173669857,EUR/USD,2005-08-02 06:46:18.000,1.222000,1.222300,D
173669862,EUR/USD,2005-08-02 06:46:21.000,1.222100,1.222400,D
173669887,EUR/USD,2005-08-02 06:46:40.000,1.222200,1.222500,D
173669892,EUR/USD,2005-08-02 06:46:41.000,1.222100,1.222400,D
173669899,EUR/USD,2005-08-02 06:46:42.000,1.222200,1.222500,D
173669903,EUR/USD,2005-08-02 06:46:42.000,1.222100,1.222400,D
173669907,EUR/USD,2005-08-02 06:46:45.000,1.222200,1.222500,D
173669915,EUR/USD,2005-08-02 06:46:51.000,1.222100,1.222400,D
173669920,EUR/USD,2005-08-02 06:46:52.000,1.222200,1.222500,D
173669925,EUR/USD,2005-08-02 06:46:54.000,1.222100,1.222400,D
173669967,EUR/USD,2005-08-02 06:47:12.000,1.222000,1.222300,D
173670017,EUR/USD,2005-08-02 06:47:38.000,1.222100,1.222400,D
173670035,EUR/USD,2005-08-02 06:47:43.000,1.222000,1.222300,D
173670038,EUR/USD,2005-08-02 06:47:44.000,1.222100,1.222400,D
173670053,EUR/USD,2005-08-02 06:47:51.000,1.222000,1.222300,D
173670064,EUR/USD,2005-08-02 06:47:54.000,1.222100,1.222400,D
173670067,EUR/USD,2005-08-02 06:47:55.000,1.222000,1.222300,D
173670068,EUR/USD,2005-08-02 06:47:56.000,1.222100,1.222400,D
173670073,EUR/USD,2005-08-02 06:48:05.000,1.222000,1.222300,D
173670120,EUR/USD,2005-08-02 06:48:47.000,1.221900,1.222200,D
173670128,EUR/USD,2005-08-02 06:48:50.000,1.222000,1.222300,D
173670139,EUR/USD,2005-08-02 06:48:53.000,1.221900,1.222200,D
173670144,EUR/USD,2005-08-02 06:48:54.000,1.222000,1.222300,D
173670149,EUR/USD,2005-08-02 06:48:58.000,1.221900,1.222200,D
173670157,EUR/USD,2005-08-02 06:49:00.000,1.222000,1.222300,D
173670196,EUR/USD,2005-08-02 06:49:13.000,1.222100,1.222400,D
173670217,EUR/USD,2005-08-02 06:49:16.000,1.222000,1.222300,D
173670236,EUR/USD,2005-08-02 06:49:21.000,1.222100,1.222400,D
173670315,EUR/USD,2005-08-02 06:49:52.000,1.222000,1.222300,D
173670324,EUR/USD,2005-08-02 06:49:58.000,1.222100,1.222400,D
173670342,EUR/USD,2005-08-02 06:50:03.000,1.222000,1.222300,D
173670348,EUR/USD,2005-08-02 06:50:04.000,1.222100,1.222400,D
173670354,EUR/USD,2005-08-02 06:50:07.000,1.222000,1.222300,D
173670399,EUR/USD,2005-08-02 06:50:45.000,1.221900,1.222200,D
173670492,EUR/USD,2005-08-02 06:51:25.000,1.221800,1.222100,D
173670495,EUR/USD,2005-08-02 06:51:25.000,1.221900,1.222200,D
173670538,EUR/USD,2005-08-02 06:52:08.000,1.221800,1.222100,D
173670543,EUR/USD,2005-08-02 06:52:11.000,1.221900,1.222200,D
173670565,EUR/USD,2005-08-02 06:52:16.000,1.221800,1.222100,D
173670632,EUR/USD,2005-08-02 06:52:59.000,1.221900,1.222200,D
173670674,EUR/USD,2005-08-02 06:53:13.000,1.221800,1.222100,D
173670680,EUR/USD,2005-08-02 06:53:18.000,1.221900,1.222200,D
173670691,EUR/USD,2005-08-02 06:53:20.000,1.221800,1.222100,D
173670697,EUR/USD,2005-08-02 06:53:21.000,1.221900,1.222200,D
173670714,EUR/USD,2005-08-02 06:53:22.000,1.221800,1.222100,D
173670730,EUR/USD,2005-08-02 06:53:29.000,1.221900,1.222200,D
173670778,EUR/USD,2005-08-02 06:53:45.000,1.221800,1.222100,D
173670784,EUR/USD,2005-08-02 06:53:47.000,1.221900,1.222200,D
173670794,EUR/USD,2005-08-02 06:53:51.000,1.221800,1.222100,D
173670810,EUR/USD,2005-08-02 06:54:06.000,1.221900,1.222200,D
173670816,EUR/USD,2005-08-02 06:54:08.000,1.221800,1.222100,D
173670822,EUR/USD,2005-08-02 06:54:10.000,1.221900,1.222200,D
173670837,EUR/USD,2005-08-02 06:54:15.000,1.221800,1.222100,D
173670871,EUR/USD,2005-08-02 06:54:30.000,1.221700,1.222000,D
173670902,EUR/USD,2005-08-02 06:54:37.000,1.221600,1.221900,D
173670922,EUR/USD,2005-08-02 06:54:47.000,1.221500,1.221800,D
173670936,EUR/USD,2005-08-02 06:54:51.000,1.221600,1.221900,D
173670950,EUR/USD,2005-08-02 06:54:53.000,1.221500,1.221800,D
173671012,EUR/USD,2005-08-02 06:55:43.000,1.221600,1.221900,D
173671020,EUR/USD,2005-08-02 06:55:49.000,1.221500,1.221800,D
173671045,EUR/USD,2005-08-02 06:56:05.000,1.221600,1.221900,D
173671049,EUR/USD,2005-08-02 06:56:11.000,1.221500,1.221800,D
173671051,EUR/USD,2005-08-02 06:56:13.000,1.221600,1.221900,D
173671058,EUR/USD,2005-08-02 06:56:16.000,1.221500,1.221800,D
173671066,EUR/USD,2005-08-02 06:56:17.000,1.221600,1.221900,D
173671088,EUR/USD,2005-08-02 06:56:32.000,1.221500,1.221800,D
173671173,EUR/USD,2005-08-02 06:57:44.000,1.221400,1.221700,D
173671193,EUR/USD,2005-08-02 06:57:51.000,1.221300,1.221600,D
173671196,EUR/USD,2005-08-02 06:57:52.000,1.221400,1.221700,D
173671202,EUR/USD,2005-08-02 06:57:55.000,1.221300,1.221600,D
173671211,EUR/USD,2005-08-02 06:57:59.000,1.221400,1.221700,D
173671268,EUR/USD,2005-08-02 06:58:41.000,1.221500,1.221800,D
173671305,EUR/USD,2005-08-02 06:58:58.000,1.221600,1.221900,D
173671309,EUR/USD,2005-08-02 06:58:59.000,1.221500,1.221800,D
173671325,EUR/USD,2005-08-02 06:59:12.000,1.221600,1.221900,D
173671333,EUR/USD,2005-08-02 06:59:16.000,1.221700,1.222000,D
173671340,EUR/USD,2005-08-02 06:59:17.000,1.221600,1.221900,D
173671343,EUR/USD,2005-08-02 06:59:17.000,1.221700,1.222000,D
173671347,EUR/USD,2005-08-02 06:59:18.000,1.221600,1.221900,D
173671349,EUR/USD,2005-08-02 06:59:19.000,1.221700,1.222000,D
173671353,EUR/USD,2005-08-02 06:59:19.000,1.221800,1.222100,D
173671365,EUR/USD,2005-08-02 06:59:20.000,1.221600,1.221900,D
173671370,EUR/USD,2005-08-02 06:59:21.000,1.221700,1.222000,D
173671374,EUR/USD,2005-08-02 06:59:21.000,1.221800,1.222100,D
173671388,EUR/USD,2005-08-02 06:59:24.000,1.221900,1.222200,D
173671425,EUR/USD,2005-08-02 06:59:33.000,1.222000,1.222300,D
173671451,EUR/USD,2005-08-02 06:59:36.000,1.221900,1.222200,D
173671452,EUR/USD,2005-08-02 06:59:36.000,1.222000,1.222300,D
173671457,EUR/USD,2005-08-02 06:59:38.000,1.221900,1.222200,D
173671473,EUR/USD,2005-08-02 06:59:46.000,1.221800,1.222100,D
173671482,EUR/USD,2005-08-02 06:59:48.000,1.221700,1.222000,D
173671502,EUR/USD,2005-08-02 06:59:50.000,1.221800,1.222100,D
173671511,EUR/USD,2005-08-02 06:59:53.000,1.221900,1.222200,D
173671529,EUR/USD,2005-08-02 06:59:57.000,1.221800,1.222100,D
173671533,EUR/USD,2005-08-02 06:59:58.000,1.221900,1.222200,D
173671536,EUR/USD,2005-08-02 06:59:58.000,1.221800,1.222100,D
173671539,EUR/USD,2005-08-02 06:59:59.000,1.221900,1.222200,D
173671545,EUR/USD,2005-08-02 07:00:00.000,1.221800,1.222100,D
173671548,EUR/USD,2005-08-02 07:00:01.000,1.221900,1.222200,D
173671583,EUR/USD,2005-08-02 07:00:11.000,1.221800,1.222100,D
173671590,EUR/USD,2005-08-02 07:00:16.000,1.221700,1.222000,D
173671604,EUR/USD,2005-08-02 07:00:24.000,1.221800,1.222100,D
173671615,EUR/USD,2005-08-02 07:00:27.000,1.221700,1.222000,D
173671617,EUR/USD,2005-08-02 07:00:28.000,1.221800,1.222100,D
173671630,EUR/USD,2005-08-02 07:00:34.000,1.221700,1.222000,D
173671641,EUR/USD,2005-08-02 07:00:38.000,1.221800,1.222100,D
173671657,EUR/USD,2005-08-02 07:00:49.000,1.221900,1.222200,D
173671670,EUR/USD,2005-08-02 07:00:51.000,1.221800,1.222100,D
173671677,EUR/USD,2005-08-02 07:00:52.000,1.221900,1.222200,D
173671713,EUR/USD,2005-08-02 07:01:03.000,1.221800,1.222100,D
173671718,EUR/USD,2005-08-02 07:01:06.000,1.221900,1.222200,D
173671721,EUR/USD,2005-08-02 07:01:06.000,1.221800,1.222100,D
173671731,EUR/USD,2005-08-02 07:01:08.000,1.221900,1.222200,D
173671734,EUR/USD,2005-08-02 07:01:08.000,1.221800,1.222100,D
173671738,EUR/USD,2005-08-02 07:01:09.000,1.221900,1.222200,D
173671748,EUR/USD,2005-08-02 07:01:22.000,1.221800,1.222100,D
173671767,EUR/USD,2005-08-02 07:01:27.000,1.221700,1.222000,D
173671774,EUR/USD,2005-08-02 07:01:28.000,1.221800,1.222100,D
173671828,EUR/USD,2005-08-02 07:02:15.000,1.221700,1.222000,D
173671832,EUR/USD,2005-08-02 07:02:16.000,1.221800,1.222100,D
173671840,EUR/USD,2005-08-02 07:02:23.000,1.221900,1.222200,D
173671865,EUR/USD,2005-08-02 07:02:37.000,1.221800,1.222100,D
173671894,EUR/USD,2005-08-02 07:03:10.000,1.221900,1.222200,D
173671920,EUR/USD,2005-08-02 07:03:34.000,1.222000,1.222300,D
173671925,EUR/USD,2005-08-02 07:03:36.000,1.221900,1.222200,D
173671931,EUR/USD,2005-08-02 07:03:38.000,1.222000,1.222300,D
173671951,EUR/USD,2005-08-02 07:03:47.000,1.221900,1.222200,D
173671959,EUR/USD,2005-08-02 07:03:49.000,1.222000,1.222300,D
173672008,EUR/USD,2005-08-02 07:04:02.000,1.222100,1.222400,D
173672011,EUR/USD,2005-08-02 07:04:04.000,1.222000,1.222300,D
173672048,EUR/USD,2005-08-02 07:04:25.000,1.221900,1.222200,D
173672061,EUR/USD,2005-08-02 07:04:29.000,1.221800,1.222100,D
173672065,EUR/USD,2005-08-02 07:04:30.000,1.221900,1.222200,D
173672124,EUR/USD,2005-08-02 07:05:07.000,1.221800,1.222100,D
173672131,EUR/USD,2005-08-02 07:05:15.000,1.221900,1.222200,D
173672161,EUR/USD,2005-08-02 07:05:37.000,1.222000,1.222300,D
173672178,EUR/USD,2005-08-02 07:05:40.000,1.222100,1.222400,D
173672185,EUR/USD,2005-08-02 07:05:41.000,1.222000,1.222300,D
173672197,EUR/USD,2005-08-02 07:05:43.000,1.222100,1.222400,D
173672231,EUR/USD,2005-08-02 07:05:53.000,1.222000,1.222300,D
173672241,EUR/USD,2005-08-02 07:05:54.000,1.222100,1.222400,D
173672266,EUR/USD,2005-08-02 07:06:07.000,1.222200,1.222500,D
173672284,EUR/USD,2005-08-02 07:06:09.000,1.222100,1.222400,D
173672293,EUR/USD,2005-08-02 07:06:10.000,1.222200,1.222500,D
173672324,EUR/USD,2005-08-02 07:06:21.000,1.222100,1.222400,D
173672327,EUR/USD,2005-08-02 07:06:21.000,1.222200,1.222500,D
173672345,EUR/USD,2005-08-02 07:06:26.000,1.222100,1.222400,D
173672355,EUR/USD,2005-08-02 07:06:35.000,1.222200,1.222500,D
173672380,EUR/USD,2005-08-02 07:06:42.000,1.222300,1.222600,D
173672385,EUR/USD,2005-08-02 07:06:42.000,1.222200,1.222500,D
173672394,EUR/USD,2005-08-02 07:06:45.000,1.222300,1.222600,D
173672417,EUR/USD,2005-08-02 07:06:56.000,1.222400,1.222700,D
173672429,EUR/USD,2005-08-02 07:06:58.000,1.222300,1.222600,D
173672441,EUR/USD,2005-08-02 07:06:59.000,1.222400,1.222700,D
173672448,EUR/USD,2005-08-02 07:07:00.000,1.222500,1.222800,D
173672456,EUR/USD,2005-08-02 07:07:01.000,1.222400,1.222700,D
173672502,EUR/USD,2005-08-02 07:07:12.000,1.222300,1.222600,D
173672543,EUR/USD,2005-08-02 07:07:27.000,1.222200,1.222500,D
173672563,EUR/USD,2005-08-02 07:07:37.000,1.222100,1.222400,D
173672586,EUR/USD,2005-08-02 07:07:57.000,1.222000,1.222300,D
173672589,EUR/USD,2005-08-02 07:08:01.000,1.222100,1.222400,D
173672597,EUR/USD,2005-08-02 07:08:06.000,1.222200,1.222500,D
173672604,EUR/USD,2005-08-02 07:08:10.000,1.222100,1.222400,D
173672609,EUR/USD,2005-08-02 07:08:12.000,1.222200,1.222500,D
173672612,EUR/USD,2005-08-02 07:08:13.000,1.222100,1.222400,D
173672619,EUR/USD,2005-08-02 07:08:17.000,1.222000,1.222300,D
173672623,EUR/USD,2005-08-02 07:08:18.000,1.222100,1.222400,D
173672624,EUR/USD,2005-08-02 07:08:19.000,1.222000,1.222300,D
173672627,EUR/USD,2005-08-02 07:08:20.000,1.222100,1.222400,D
173672644,EUR/USD,2005-08-02 07:08:24.000,1.222000,1.222300,D
173672665,EUR/USD,2005-08-02 07:08:29.000,1.221900,1.222200,D
173672690,EUR/USD,2005-08-02 07:08:37.000,1.222000,1.222300,D
173672721,EUR/USD,2005-08-02 07:08:51.000,1.221900,1.222200,D
173672734,EUR/USD,2005-08-02 07:08:58.000,1.222000,1.222300,D
173672741,EUR/USD,2005-08-02 07:09:00.000,1.222100,1.222400,D
173672794,EUR/USD,2005-08-02 07:09:17.000,1.222000,1.222300,D
173672798,EUR/USD,2005-08-02 07:09:19.000,1.222100,1.222400,D
173672817,EUR/USD,2005-08-02 07:09:27.000,1.222000,1.222300,D
173672819,EUR/USD,2005-08-02 07:09:27.000,1.222100,1.222400,D
173672857,EUR/USD,2005-08-02 07:09:52.000,1.222000,1.222300,D
173672934,EUR/USD,2005-08-02 07:10:39.000,1.222100,1.222400,D
173672938,EUR/USD,2005-08-02 07:10:39.000,1.222000,1.222300,D
173672946,EUR/USD,2005-08-02 07:10:41.000,1.222100,1.222400,D
173672971,EUR/USD,2005-08-02 07:10:58.000,1.222000,1.222300,D
173672981,EUR/USD,2005-08-02 07:11:06.000,1.222100,1.222400,D
173672987,EUR/USD,2005-08-02 07:11:07.000,1.222000,1.222300,D
173672994,EUR/USD,2005-08-02 07:11:09.000,1.222100,1.222400,D
173673013,EUR/USD,2005-08-02 07:11:12.000,1.222000,1.222300,D
173673016,EUR/USD,2005-08-02 07:11:13.000,1.222100,1.222400,D
173673034,EUR/USD,2005-08-02 07:11:21.000,1.222200,1.222500,D
173673062,EUR/USD,2005-08-02 07:11:29.000,1.222100,1.222400,D
173673069,EUR/USD,2005-08-02 07:11:30.000,1.222200,1.222500,D
173673139,EUR/USD,2005-08-02 07:12:06.000,1.222100,1.222400,D
173673145,EUR/USD,2005-08-02 07:12:08.000,1.222200,1.222500,D
173673153,EUR/USD,2005-08-02 07:12:10.000,1.222100,1.222400,D
173673330,EUR/USD,2005-08-02 07:14:36.000,1.222200,1.222500,D
173673413,EUR/USD,2005-08-02 07:15:11.000,1.222100,1.222400,D
173673418,EUR/USD,2005-08-02 07:15:12.000,1.222200,1.222500,D
173673423,EUR/USD,2005-08-02 07:15:14.000,1.222100,1.222400,D
173673431,EUR/USD,2005-08-02 07:15:16.000,1.222200,1.222500,D
173673434,EUR/USD,2005-08-02 07:15:17.000,1.222100,1.222400,D
173673454,EUR/USD,2005-08-02 07:15:36.000,1.222000,1.222300,D
173673543,EUR/USD,2005-08-02 07:17:33.000,1.221900,1.222200,D
173673545,EUR/USD,2005-08-02 07:17:35.000,1.222000,1.222300,D
173673555,EUR/USD,2005-08-02 07:17:43.000,1.222100,1.222400,D
173673585,EUR/USD,2005-08-02 07:18:24.000,1.222000,1.222300,D
173673591,EUR/USD,2005-08-02 07:18:33.000,1.222100,1.222400,D
173673633,EUR/USD,2005-08-02 07:18:56.000,1.222000,1.222300,D
173673639,EUR/USD,2005-08-02 07:18:57.000,1.222100,1.222400,D
173673644,EUR/USD,2005-08-02 07:18:58.000,1.222000,1.222300,D
173673660,EUR/USD,2005-08-02 07:19:09.000,1.222100,1.222400,D
173673669,EUR/USD,2005-08-02 07:19:12.000,1.222000,1.222300,D
173673672,EUR/USD,2005-08-02 07:19:15.000,1.222100,1.222400,D
173673673,EUR/USD,2005-08-02 07:19:16.000,1.222000,1.222300,D
173673677,EUR/USD,2005-08-02 07:19:18.000,1.222100,1.222400,D
173673697,EUR/USD,2005-08-02 07:19:29.000,1.222000,1.222300,D
173673708,EUR/USD,2005-08-02 07:19:40.000,1.222100,1.222400,D
173673730,EUR/USD,2005-08-02 07:19:52.000,1.222000,1.222300,D
173673732,EUR/USD,2005-08-02 07:19:52.000,1.222100,1.222400,D
173673759,EUR/USD,2005-08-02 07:20:15.000,1.222000,1.222300,D
173673765,EUR/USD,2005-08-02 07:20:18.000,1.222100,1.222400,D
173673768,EUR/USD,2005-08-02 07:20:18.000,1.222000,1.222300,D
173673771,EUR/USD,2005-08-02 07:20:20.000,1.222100,1.222400,D
173673774,EUR/USD,2005-08-02 07:20:21.000,1.222000,1.222300,D
173673845,EUR/USD,2005-08-02 07:21:30.000,1.221900,1.222200,D
173673849,EUR/USD,2005-08-02 07:21:33.000,1.222000,1.222300,D
173673852,EUR/USD,2005-08-02 07:21:40.000,1.221900,1.222200,D
173673934,EUR/USD,2005-08-02 07:22:20.000,1.221800,1.222100,D
173673964,EUR/USD,2005-08-02 07:22:38.000,1.221900,1.222200,D
173674065,EUR/USD,2005-08-02 07:23:42.000,1.221800,1.222100,D
173674076,EUR/USD,2005-08-02 07:23:44.000,1.221900,1.222200,D
173674103,EUR/USD,2005-08-02 07:24:05.000,1.222000,1.222300,D
173674127,EUR/USD,2005-08-02 07:24:18.000,1.221900,1.222200,D
173674136,EUR/USD,2005-08-02 07:24:21.000,1.222000,1.222300,D
173674143,EUR/USD,2005-08-02 07:24:23.000,1.221900,1.222200,D
173674159,EUR/USD,2005-08-02 07:24:34.000,1.221800,1.222100,D
173674192,EUR/USD,2005-08-02 07:24:56.000,1.221900,1.222200,D
173674209,EUR/USD,2005-08-02 07:25:01.000,1.221800,1.222100,D
173674217,EUR/USD,2005-08-02 07:25:03.000,1.221900,1.222200,D
173674229,EUR/USD,2005-08-02 07:25:07.000,1.221800,1.222100,D
173674319,EUR/USD,2005-08-02 07:26:08.000,1.221900,1.222200,D
173674364,EUR/USD,2005-08-02 07:26:48.000,1.221800,1.222100,D
173674383,EUR/USD,2005-08-02 07:26:56.000,1.221700,1.222000,D
173674387,EUR/USD,2005-08-02 07:26:56.000,1.221600,1.221900,D
173674397,EUR/USD,2005-08-02 07:26:58.000,1.221500,1.221800,D
173674418,EUR/USD,2005-08-02 07:27:02.000,1.221400,1.221700,D
173674424,EUR/USD,2005-08-02 07:27:03.000,1.221500,1.221800,D
173674439,EUR/USD,2005-08-02 07:27:09.000,1.221600,1.221900,D
173674450,EUR/USD,2005-08-02 07:27:11.000,1.221500,1.221800,D
173674476,EUR/USD,2005-08-02 07:27:34.000,1.221400,1.221700,D
173674480,EUR/USD,2005-08-02 07:27:34.000,1.221500,1.221800,D
173674491,EUR/USD,2005-08-02 07:27:37.000,1.221400,1.221700,D
173674495,EUR/USD,2005-08-02 07:27:37.000,1.221300,1.221600,D
173674509,EUR/USD,2005-08-02 07:27:38.000,1.221400,1.221700,D
173674516,EUR/USD,2005-08-02 07:27:39.000,1.221500,1.221800,D
173674601,EUR/USD,2005-08-02 07:28:18.000,1.221600,1.221900,D
173674608,EUR/USD,2005-08-02 07:28:21.000,1.221500,1.221800,D
173674620,EUR/USD,2005-08-02 07:28:24.000,1.221600,1.221900,D
173674633,EUR/USD,2005-08-02 07:28:28.000,1.221500,1.221800,D
173674638,EUR/USD,2005-08-02 07:28:31.000,1.221600,1.221900,D
173674652,EUR/USD,2005-08-02 07:28:37.000,1.221700,1.222000,D
173674682,EUR/USD,2005-08-02 07:28:51.000,1.221600,1.221900,D
173674704,EUR/USD,2005-08-02 07:28:57.000,1.221700,1.222000,D
173674714,EUR/USD,2005-08-02 07:29:00.000,1.221600,1.221900,D
173674722,EUR/USD,2005-08-02 07:29:04.000,1.221700,1.222000,D
173674749,EUR/USD,2005-08-02 07:29:18.000,1.221800,1.222100,D
173674762,EUR/USD,2005-08-02 07:29:31.000,1.221700,1.222000,D
173674793,EUR/USD,2005-08-02 07:30:05.000,1.221800,1.222100,D
173674801,EUR/USD,2005-08-02 07:30:08.000,1.221900,1.222200,D
173674808,EUR/USD,2005-08-02 07:30:09.000,1.221800,1.222100,D
173674818,EUR/USD,2005-08-02 07:30:21.000,1.221700,1.222000,D
173674826,EUR/USD,2005-08-02 07:30:22.000,1.221800,1.222100,D
173674845,EUR/USD,2005-08-02 07:30:25.000,1.221700,1.222000,D
173674850,EUR/USD,2005-08-02 07:30:25.000,1.221800,1.222100,D
173674882,EUR/USD,2005-08-02 07:30:40.000,1.221700,1.222000,D
173674886,EUR/USD,2005-08-02 07:30:41.000,1.221600,1.221900,D
173674904,EUR/USD,2005-08-02 07:30:44.000,1.221700,1.222000,D
173674938,EUR/USD,2005-08-02 07:31:06.000,1.221800,1.222100,D
173674939,EUR/USD,2005-08-02 07:31:06.000,1.221700,1.222000,D
173674990,EUR/USD,2005-08-02 07:32:08.000,1.221800,1.222100,D
173675001,EUR/USD,2005-08-02 07:32:13.000,1.221700,1.222000,D
173675029,EUR/USD,2005-08-02 07:32:34.000,1.221800,1.222100,D
173675141,EUR/USD,2005-08-02 07:33:27.000,1.221900,1.222200,D
173675270,EUR/USD,2005-08-02 07:34:44.000,1.221800,1.222100,D
173675308,EUR/USD,2005-08-02 07:35:16.000,1.221900,1.222200,D
173675370,EUR/USD,2005-08-02 07:36:00.000,1.222000,1.222300,D
173675392,EUR/USD,2005-08-02 07:36:06.000,1.221900,1.222200,D
173675403,EUR/USD,2005-08-02 07:36:10.000,1.222000,1.222300,D
173675429,EUR/USD,2005-08-02 07:36:16.000,1.221900,1.222200,D
173675442,EUR/USD,2005-08-02 07:36:16.000,1.222000,1.222300,D
173675457,EUR/USD,2005-08-02 07:36:18.000,1.221900,1.222200,D
173675507,EUR/USD,2005-08-02 07:36:36.000,1.221800,1.222100,D
173675524,EUR/USD,2005-08-02 07:36:44.000,1.221900,1.222200,D
173675537,EUR/USD,2005-08-02 07:37:03.000,1.222000,1.222300,D
173675541,EUR/USD,2005-08-02 07:37:06.000,1.221900,1.222200,D
173675544,EUR/USD,2005-08-02 07:37:08.000,1.222000,1.222300,D
173675610,EUR/USD,2005-08-02 07:37:38.000,1.221900,1.222200,D
173675640,EUR/USD,2005-08-02 07:37:53.000,1.221800,1.222100,D
173675671,EUR/USD,2005-08-02 07:38:00.000,1.221700,1.222000,D
173675677,EUR/USD,2005-08-02 07:38:02.000,1.221800,1.222100,D
173675708,EUR/USD,2005-08-02 07:38:23.000,1.221700,1.222000,D
173675773,EUR/USD,2005-08-02 07:40:03.000,1.221600,1.221900,D
173675774,EUR/USD,2005-08-02 07:40:03.000,1.221700,1.222000,D
173675790,EUR/USD,2005-08-02 07:40:24.000,1.221600,1.221900,D
173675820,EUR/USD,2005-08-02 07:40:31.000,1.221700,1.222000,D
173675836,EUR/USD,2005-08-02 07:40:33.000,1.221600,1.221900,D
173675846,EUR/USD,2005-08-02 07:40:34.000,1.221700,1.222000,D
173675854,EUR/USD,2005-08-02 07:40:38.000,1.221600,1.221900,D
173675857,EUR/USD,2005-08-02 07:40:40.000,1.221700,1.222000,D
173675865,EUR/USD,2005-08-02 07:40:41.000,1.221600,1.221900,D
173676008,EUR/USD,2005-08-02 07:42:26.000,1.221700,1.222000,D
173676017,EUR/USD,2005-08-02 07:42:27.000,1.221600,1.221900,D
173676055,EUR/USD,2005-08-02 07:42:52.000,1.221700,1.222000,D
173676067,EUR/USD,2005-08-02 07:43:00.000,1.221800,1.222100,D
173676079,EUR/USD,2005-08-02 07:43:04.000,1.221700,1.222000,D
173676086,EUR/USD,2005-08-02 07:43:07.000,1.221800,1.222100,D
173676094,EUR/USD,2005-08-02 07:43:10.000,1.221900,1.222200,D
173676135,EUR/USD,2005-08-02 07:43:34.000,1.222000,1.222300,D
173676158,EUR/USD,2005-08-02 07:43:55.000,1.222100,1.222400,D
173676180,EUR/USD,2005-08-02 07:44:01.000,1.222000,1.222300,D
173676201,EUR/USD,2005-08-02 07:44:07.000,1.222100,1.222400,D
173676211,EUR/USD,2005-08-02 07:44:09.000,1.222000,1.222300,D
173676219,EUR/USD,2005-08-02 07:44:10.000,1.222100,1.222400,D
173676223,EUR/USD,2005-08-02 07:44:10.000,1.222000,1.222300,D
173676232,EUR/USD,2005-08-02 07:44:14.000,1.222100,1.222400,D
173676244,EUR/USD,2005-08-02 07:44:16.000,1.222000,1.222300,D
173676330,EUR/USD,2005-08-02 07:44:57.000,1.221900,1.222200,D
173676377,EUR/USD,2005-08-02 07:45:24.000,1.221800,1.222100,D
173676388,EUR/USD,2005-08-02 07:45:40.000,1.221900,1.222200,D
173676407,EUR/USD,2005-08-02 07:45:51.000,1.222000,1.222300,D
173676450,EUR/USD,2005-08-02 07:46:16.000,1.221900,1.222200,D
173676454,EUR/USD,2005-08-02 07:46:17.000,1.222000,1.222300,D
173676459,EUR/USD,2005-08-02 07:46:18.000,1.221900,1.222200,D
173676518,EUR/USD,2005-08-02 07:46:36.000,1.221800,1.222100,D
173676521,EUR/USD,2005-08-02 07:46:37.000,1.221900,1.222200,D
173676666,EUR/USD,2005-08-02 07:49:06.000,1.222000,1.222300,D
173676692,EUR/USD,2005-08-02 07:49:15.000,1.221900,1.222200,D
173676707,EUR/USD,2005-08-02 07:49:21.000,1.222000,1.222300,D
173676785,EUR/USD,2005-08-02 07:50:19.000,1.221900,1.222200,D
173676790,EUR/USD,2005-08-02 07:50:23.000,1.221800,1.222100,D
173676805,EUR/USD,2005-08-02 07:50:30.000,1.221700,1.222000,D
173676837,EUR/USD,2005-08-02 07:50:50.000,1.221800,1.222100,D
173676869,EUR/USD,2005-08-02 07:51:10.000,1.221700,1.222000,D
173676875,EUR/USD,2005-08-02 07:51:12.000,1.221800,1.222100,D
173676905,EUR/USD,2005-08-02 07:51:20.000,1.221700,1.222000,D
173676914,EUR/USD,2005-08-02 07:51:24.000,1.221800,1.222100,D
173676920,EUR/USD,2005-08-02 07:51:26.000,1.221900,1.222200,D
173676969,EUR/USD,2005-08-02 07:51:43.000,1.222000,1.222300,D
173676984,EUR/USD,2005-08-02 07:51:47.000,1.222100,1.222400,D
173677001,EUR/USD,2005-08-02 07:51:50.000,1.222000,1.222300,D
173677011,EUR/USD,2005-08-02 07:51:52.000,1.222100,1.222400,D
173677019,EUR/USD,2005-08-02 07:51:53.000,1.222000,1.222300,D
173677036,EUR/USD,2005-08-02 07:51:57.000,1.221900,1.222200,D
173677046,EUR/USD,2005-08-02 07:51:59.000,1.222000,1.222300,D
173677077,EUR/USD,2005-08-02 07:52:10.000,1.221900,1.222200,D
173677080,EUR/USD,2005-08-02 07:52:11.000,1.222000,1.222300,D
173677147,EUR/USD,2005-08-02 07:52:50.000,1.221900,1.222200,D
173677150,EUR/USD,2005-08-02 07:52:52.000,1.222000,1.222300,D
173677204,EUR/USD,2005-08-02 07:53:23.000,1.222100,1.222400,D
173677216,EUR/USD,2005-08-02 07:53:34.000,1.222200,1.222500,D
173677232,EUR/USD,2005-08-02 07:53:42.000,1.222300,1.222600,D
173677253,EUR/USD,2005-08-02 07:53:46.000,1.222200,1.222500,D
173677262,EUR/USD,2005-08-02 07:53:47.000,1.222300,1.222600,D
173677281,EUR/USD,2005-08-02 07:53:50.000,1.222400,1.222700,D
173677297,EUR/USD,2005-08-02 07:53:52.000,1.222300,1.222600,D
173677311,EUR/USD,2005-08-02 07:54:02.000,1.222200,1.222500,D
173677319,EUR/USD,2005-08-02 07:54:04.000,1.222300,1.222600,D
173677334,EUR/USD,2005-08-02 07:54:07.000,1.222400,1.222700,D
173677365,EUR/USD,2005-08-02 07:54:12.000,1.222500,1.222800,D
173677382,EUR/USD,2005-08-02 07:54:15.000,1.222400,1.222700,D
173677393,EUR/USD,2005-08-02 07:54:17.000,1.222500,1.222800,D
173677423,EUR/USD,2005-08-02 07:54:23.000,1.222400,1.222700,D
173677468,EUR/USD,2005-08-02 07:54:42.000,1.222500,1.222800,D
173677487,EUR/USD,2005-08-02 07:54:49.000,1.222400,1.222700,D
173677502,EUR/USD,2005-08-02 07:54:52.000,1.222500,1.222800,D
173677509,EUR/USD,2005-08-02 07:54:55.000,1.222400,1.222700,D
173677548,EUR/USD,2005-08-02 07:55:36.000,1.222300,1.222600,D
173677553,EUR/USD,2005-08-02 07:55:37.000,1.222400,1.222700,D
173677560,EUR/USD,2005-08-02 07:55:39.000,1.222300,1.222600,D
173677574,EUR/USD,2005-08-02 07:55:45.000,1.222400,1.222700,D
173677579,EUR/USD,2005-08-02 07:55:47.000,1.222300,1.222600,D
173677587,EUR/USD,2005-08-02 07:55:50.000,1.222400,1.222700,D
173677595,EUR/USD,2005-08-02 07:55:53.000,1.222300,1.222600,D
173677608,EUR/USD,2005-08-02 07:56:00.000,1.222200,1.222500,D
173677628,EUR/USD,2005-08-02 07:56:04.000,1.222100,1.222400,D
173677645,EUR/USD,2005-08-02 07:56:11.000,1.222200,1.222500,D
173677669,EUR/USD,2005-08-02 07:56:21.000,1.222300,1.222600,D
173677679,EUR/USD,2005-08-02 07:56:23.000,1.222200,1.222500,D
173677686,EUR/USD,2005-08-02 07:56:31.000,1.222100,1.222400,D
173677701,EUR/USD,2005-08-02 07:56:40.000,1.222200,1.222500,D
173677711,EUR/USD,2005-08-02 07:56:43.000,1.222100,1.222400,D
173677717,EUR/USD,2005-08-02 07:56:45.000,1.222200,1.222500,D
173677744,EUR/USD,2005-08-02 07:57:08.000,1.222100,1.222400,D
173677771,EUR/USD,2005-08-02 07:57:51.000,1.222200,1.222500,D
173677777,EUR/USD,2005-08-02 07:57:52.000,1.222100,1.222400,D
173677793,EUR/USD,2005-08-02 07:58:49.000,1.222000,1.222300,D
173677811,EUR/USD,2005-08-02 07:58:58.000,1.221900,1.222200,D
173677815,EUR/USD,2005-08-02 07:59:00.000,1.222000,1.222300,D
173677817,EUR/USD,2005-08-02 07:59:01.000,1.221900,1.222200,D
173677826,EUR/USD,2005-08-02 07:59:03.000,1.222000,1.222300,D
173677881,EUR/USD,2005-08-02 07:59:31.000,1.221900,1.222200,D
173677886,EUR/USD,2005-08-02 07:59:32.000,1.222000,1.222300,D
173677894,EUR/USD,2005-08-02 07:59:35.000,1.221900,1.222200,D
173677907,EUR/USD,2005-08-02 07:59:46.000,1.222000,1.222300,D
173677935,EUR/USD,2005-08-02 07:59:59.000,1.221900,1.222200,D
173677936,EUR/USD,2005-08-02 08:00:00.000,1.222000,1.222300,D
173677957,EUR/USD,2005-08-02 08:00:23.000,1.221900,1.222200,D
173677959,EUR/USD,2005-08-02 08:00:23.000,1.222000,1.222300,D
173677969,EUR/USD,2005-08-02 08:00:25.000,1.222100,1.222400,D
173677975,EUR/USD,2005-08-02 08:00:26.000,1.222000,1.222300,D
173677988,EUR/USD,2005-08-02 08:00:30.000,1.221900,1.222200,D
173677991,EUR/USD,2005-08-02 08:00:31.000,1.222000,1.222300,D
173678019,EUR/USD,2005-08-02 08:01:00.000,1.222100,1.222400,D
173678025,EUR/USD,2005-08-02 08:01:03.000,1.222000,1.222300,D
173678031,EUR/USD,2005-08-02 08:01:05.000,1.222100,1.222400,D
173678036,EUR/USD,2005-08-02 08:01:08.000,1.222000,1.222300,D
173678039,EUR/USD,2005-08-02 08:01:11.000,1.221900,1.222200,D
173678049,EUR/USD,2005-08-02 08:01:15.000,1.222000,1.222300,D
173678066,EUR/USD,2005-08-02 08:01:37.000,1.222100,1.222400,D
173678085,EUR/USD,2005-08-02 08:01:48.000,1.222000,1.222300,D
173678096,EUR/USD,2005-08-02 08:02:00.000,1.222100,1.222400,D
173678099,EUR/USD,2005-08-02 08:02:02.000,1.222000,1.222300,D
173678168,EUR/USD,2005-08-02 08:03:28.000,1.221900,1.222200,D
173678192,EUR/USD,2005-08-02 08:03:52.000,1.222000,1.222300,D
173678220,EUR/USD,2005-08-02 08:04:09.000,1.221900,1.222200,D
173678311,EUR/USD,2005-08-02 08:05:26.000,1.221800,1.222100,D
173678320,EUR/USD,2005-08-02 08:05:32.000,1.221700,1.222000,D
173678323,EUR/USD,2005-08-02 08:05:33.000,1.221800,1.222100,D
173678326,EUR/USD,2005-08-02 08:05:34.000,1.221700,1.222000,D
173678343,EUR/USD,2005-08-02 08:05:40.000,1.221800,1.222100,D
173678346,EUR/USD,2005-08-02 08:05:41.000,1.221700,1.222000,D
173678351,EUR/USD,2005-08-02 08:05:45.000,1.221600,1.221900,D
173678358,EUR/USD,2005-08-02 08:05:47.000,1.221700,1.222000,D
173678417,EUR/USD,2005-08-02 08:06:02.000,1.221600,1.221900,D
173678425,EUR/USD,2005-08-02 08:06:04.000,1.221700,1.222000,D
173678469,EUR/USD,2005-08-02 08:06:14.000,1.221600,1.221900,D
173678477,EUR/USD,2005-08-02 08:06:16.000,1.221700,1.222000,D
173678492,EUR/USD,2005-08-02 08:06:24.000,1.221600,1.221900,D
173678605,EUR/USD,2005-08-02 08:07:39.000,1.221500,1.221800,D
173678640,EUR/USD,2005-08-02 08:07:51.000,1.221600,1.221900,D
173678700,EUR/USD,2005-08-02 08:08:13.000,1.221500,1.221800,D
173678706,EUR/USD,2005-08-02 08:08:14.000,1.221600,1.221900,D
173678742,EUR/USD,2005-08-02 08:08:57.000,1.221700,1.222000,D
173678754,EUR/USD,2005-08-02 08:09:00.000,1.221800,1.222100,D
173678784,EUR/USD,2005-08-02 08:09:20.000,1.221900,1.222200,D
173678812,EUR/USD,2005-08-02 08:09:36.000,1.221800,1.222100,D
173679003,EUR/USD,2005-08-02 08:11:53.000,1.221700,1.222000,D
173679048,EUR/USD,2005-08-02 08:12:43.000,1.221800,1.222100,D
173679074,EUR/USD,2005-08-02 08:12:51.000,1.221700,1.222000,D
173679088,EUR/USD,2005-08-02 08:12:59.000,1.221800,1.222100,D
173679098,EUR/USD,2005-08-02 08:13:01.000,1.221700,1.222000,D
173679109,EUR/USD,2005-08-02 08:13:05.000,1.221800,1.222100,D
173679122,EUR/USD,2005-08-02 08:13:10.000,1.221700,1.222000,D
173679126,EUR/USD,2005-08-02 08:13:11.000,1.221800,1.222100,D
173679150,EUR/USD,2005-08-02 08:13:20.000,1.221700,1.222000,D
173679167,EUR/USD,2005-08-02 08:13:25.000,1.221800,1.222100,D
173679233,EUR/USD,2005-08-02 08:14:12.000,1.221700,1.222000,D
173679265,EUR/USD,2005-08-02 08:14:27.000,1.221800,1.222100,D
173679278,EUR/USD,2005-08-02 08:14:30.000,1.221700,1.222000,D
173679283,EUR/USD,2005-08-02 08:14:31.000,1.221800,1.222100,D
173679292,EUR/USD,2005-08-02 08:14:34.000,1.221700,1.222000,D
173679349,EUR/USD,2005-08-02 08:14:56.000,1.221600,1.221900,D
173679363,EUR/USD,2005-08-02 08:14:58.000,1.221500,1.221800,D
173679395,EUR/USD,2005-08-02 08:15:08.000,1.221600,1.221900,D
173679477,EUR/USD,2005-08-02 08:16:01.000,1.221700,1.222000,D
173679561,EUR/USD,2005-08-02 08:16:25.000,1.221800,1.222100,D
173679577,EUR/USD,2005-08-02 08:16:28.000,1.221700,1.222000,D
173679586,EUR/USD,2005-08-02 08:16:29.000,1.221800,1.222100,D
173679675,EUR/USD,2005-08-02 08:16:51.000,1.221900,1.222200,D
173679705,EUR/USD,2005-08-02 08:16:59.000,1.222000,1.222300,D
173679712,EUR/USD,2005-08-02 08:17:00.000,1.221900,1.222200,D
173679724,EUR/USD,2005-08-02 08:17:02.000,1.221800,1.222100,D
173679726,EUR/USD,2005-08-02 08:17:02.000,1.221900,1.222200,D
173679743,EUR/USD,2005-08-02 08:17:06.000,1.222000,1.222300,D
173679766,EUR/USD,2005-08-02 08:17:15.000,1.222100,1.222400,D
173679774,EUR/USD,2005-08-02 08:17:18.000,1.222200,1.222500,D
173679778,EUR/USD,2005-08-02 08:17:19.000,1.222100,1.222400,D
173679792,EUR/USD,2005-08-02 08:17:20.000,1.222000,1.222300,D
173679796,EUR/USD,2005-08-02 08:17:21.000,1.222100,1.222400,D
173679799,EUR/USD,2005-08-02 08:17:21.000,1.222200,1.222500,D
173679803,EUR/USD,2005-08-02 08:17:22.000,1.222100,1.222400,D
173679813,EUR/USD,2005-08-02 08:17:25.000,1.222200,1.222500,D
173679831,EUR/USD,2005-08-02 08:17:29.000,1.222100,1.222400,D
173679837,EUR/USD,2005-08-02 08:17:29.000,1.222200,1.222500,D
173679866,EUR/USD,2005-08-02 08:17:34.000,1.222100,1.222400,D
173679876,EUR/USD,2005-08-02 08:17:37.000,1.222200,1.222500,D
173679924,EUR/USD,2005-08-02 08:17:55.000,1.222100,1.222400,D
173679955,EUR/USD,2005-08-02 08:18:15.000,1.222000,1.222300,D
173679959,EUR/USD,2005-08-02 08:18:16.000,1.222100,1.222400,D
173679969,EUR/USD,2005-08-02 08:18:19.000,1.222000,1.222300,D
173679988,EUR/USD,2005-08-02 08:18:23.000,1.222100,1.222400,D
173679998,EUR/USD,2005-08-02 08:18:27.000,1.222000,1.222300,D
173680003,EUR/USD,2005-08-02 08:18:30.000,1.222100,1.222400,D
173680033,EUR/USD,2005-08-02 08:18:38.000,1.222200,1.222500,D
173680044,EUR/USD,2005-08-02 08:18:39.000,1.222100,1.222400,D
173680050,EUR/USD,2005-08-02 08:18:41.000,1.222200,1.222500,D
173680066,EUR/USD,2005-08-02 08:18:45.000,1.222100,1.222400,D
173680077,EUR/USD,2005-08-02 08:18:49.000,1.222000,1.222300,D
173680086,EUR/USD,2005-08-02 08:18:50.000,1.222100,1.222400,D
173680116,EUR/USD,2005-08-02 08:19:02.000,1.222000,1.222300,D
173680128,EUR/USD,2005-08-02 08:19:05.000,1.222100,1.222400,D
173680140,EUR/USD,2005-08-02 08:19:09.000,1.222000,1.222300,D
173680144,EUR/USD,2005-08-02 08:19:12.000,1.222100,1.222400,D
173680148,EUR/USD,2005-08-02 08:19:14.000,1.222000,1.222300,D
173680161,EUR/USD,2005-08-02 08:19:19.000,1.222100,1.222400,D
173680200,EUR/USD,2005-08-02 08:19:31.000,1.222000,1.222300,D
173680214,EUR/USD,2005-08-02 08:19:35.000,1.221900,1.222200,D
173680221,EUR/USD,2005-08-02 08:19:36.000,1.222000,1.222300,D
173680228,EUR/USD,2005-08-02 08:19:39.000,1.221900,1.222200,D
173680236,EUR/USD,2005-08-02 08:19:42.000,1.221800,1.222100,D
173680266,EUR/USD,2005-08-02 08:19:49.000,1.221700,1.222000,D
173680273,EUR/USD,2005-08-02 08:19:51.000,1.221600,1.221900,D
173680286,EUR/USD,2005-08-02 08:19:52.000,1.221700,1.222000,D
173680309,EUR/USD,2005-08-02 08:19:56.000,1.221600,1.221900,D
173680314,EUR/USD,2005-08-02 08:19:58.000,1.221700,1.222000,D
173680315,EUR/USD,2005-08-02 08:19:58.000,1.221600,1.221900,D
173680345,EUR/USD,2005-08-02 08:20:14.000,1.221700,1.222000,D
173680382,EUR/USD,2005-08-02 08:20:23.000,1.221800,1.222100,D
173680395,EUR/USD,2005-08-02 08:20:25.000,1.221900,1.222200,D
173680408,EUR/USD,2005-08-02 08:20:26.000,1.221800,1.222100,D
173680412,EUR/USD,2005-08-02 08:20:27.000,1.221900,1.222200,D
173680418,EUR/USD,2005-08-02 08:20:28.000,1.221800,1.222100,D
173680420,EUR/USD,2005-08-02 08:20:28.000,1.221900,1.222200,D
173680459,EUR/USD,2005-08-02 08:20:34.000,1.221800,1.222100,D
173680461,EUR/USD,2005-08-02 08:20:35.000,1.221900,1.222200,D
173680536,EUR/USD,2005-08-02 08:20:58.000,1.222000,1.222300,D
173680549,EUR/USD,2005-08-02 08:21:00.000,1.221900,1.222200,D
173680557,EUR/USD,2005-08-02 08:21:02.000,1.222000,1.222300,D
173680564,EUR/USD,2005-08-02 08:21:04.000,1.221900,1.222200,D
173680598,EUR/USD,2005-08-02 08:21:21.000,1.222000,1.222300,D
173680625,EUR/USD,2005-08-02 08:21:27.000,1.221900,1.222200,D
173680628,EUR/USD,2005-08-02 08:21:28.000,1.222000,1.222300,D
173680633,EUR/USD,2005-08-02 08:21:29.000,1.221900,1.222200,D
173680651,EUR/USD,2005-08-02 08:21:36.000,1.221800,1.222100,D
173680682,EUR/USD,2005-08-02 08:21:52.000,1.221900,1.222200,D
173680686,EUR/USD,2005-08-02 08:21:53.000,1.221800,1.222100,D
173680703,EUR/USD,2005-08-02 08:21:58.000,1.221900,1.222200,D
173680763,EUR/USD,2005-08-02 08:22:21.000,1.222000,1.222300,D
173680811,EUR/USD,2005-08-02 08:22:27.000,1.221900,1.222200,D
173680819,EUR/USD,2005-08-02 08:22:29.000,1.222000,1.222300,D
173680833,EUR/USD,2005-08-02 08:22:31.000,1.221900,1.222200,D
173680874,EUR/USD,2005-08-02 08:22:37.000,1.221800,1.222100,D
173680891,EUR/USD,2005-08-02 08:22:39.000,1.221700,1.222000,D
173680916,EUR/USD,2005-08-02 08:22:42.000,1.221600,1.221900,D
173680919,EUR/USD,2005-08-02 08:22:43.000,1.221700,1.222000,D
173680951,EUR/USD,2005-08-02 08:22:49.000,1.221600,1.221900,D
173680959,EUR/USD,2005-08-02 08:22:51.000,1.221700,1.222000,D
173680972,EUR/USD,2005-08-02 08:22:54.000,1.221600,1.221900,D
173680983,EUR/USD,2005-08-02 08:22:56.000,1.221700,1.222000,D
173680996,EUR/USD,2005-08-02 08:22:59.000,1.221600,1.221900,D
173681028,EUR/USD,2005-08-02 08:23:06.000,1.221500,1.221800,D
173681035,EUR/USD,2005-08-02 08:23:08.000,1.221600,1.221900,D
173681052,EUR/USD,2005-08-02 08:23:12.000,1.221700,1.222000,D
173681067,EUR/USD,2005-08-02 08:23:13.000,1.221600,1.221900,D
173681073,EUR/USD,2005-08-02 08:23:14.000,1.221700,1.222000,D
173681079,EUR/USD,2005-08-02 08:23:15.000,1.221600,1.221900,D
173681086,EUR/USD,2005-08-02 08:23:16.000,1.221700,1.222000,D
173681103,EUR/USD,2005-08-02 08:23:17.000,1.221600,1.221900,D
173681126,EUR/USD,2005-08-02 08:23:20.000,1.221700,1.222000,D
173681138,EUR/USD,2005-08-02 08:23:21.000,1.221600,1.221900,D
173681167,EUR/USD,2005-08-02 08:23:28.000,1.221500,1.221800,D
173681176,EUR/USD,2005-08-02 08:23:29.000,1.221600,1.221900,D
173681187,EUR/USD,2005-08-02 08:23:31.000,1.221500,1.221800,D
173681193,EUR/USD,2005-08-02 08:23:32.000,1.221600,1.221900,D
173681230,EUR/USD,2005-08-02 08:23:40.000,1.221500,1.221800,D
173681254,EUR/USD,2005-08-02 08:23:46.000,1.221600,1.221900,D
173681285,EUR/USD,2005-08-02 08:23:58.000,1.221700,1.222000,D
173681324,EUR/USD,2005-08-02 08:24:08.000,1.221800,1.222100,D
173681349,EUR/USD,2005-08-02 08:24:14.000,1.221700,1.222000,D
173681356,EUR/USD,2005-08-02 08:24:15.000,1.221800,1.222100,D
173681396,EUR/USD,2005-08-02 08:24:33.000,1.221900,1.222200,D
173681403,EUR/USD,2005-08-02 08:24:35.000,1.221800,1.222100,D
173681438,EUR/USD,2005-08-02 08:24:48.000,1.221700,1.222000,D
173681450,EUR/USD,2005-08-02 08:24:50.000,1.221800,1.222100,D
173681500,EUR/USD,2005-08-02 08:25:02.000,1.221900,1.222200,D
173681559,EUR/USD,2005-08-02 08:25:21.000,1.221800,1.222100,D
173681615,EUR/USD,2005-08-02 08:25:44.000,1.221700,1.222000,D
173681649,EUR/USD,2005-08-02 08:26:09.000,1.221600,1.221900,D
173681653,EUR/USD,2005-08-02 08:26:10.000,1.221500,1.221800,D
173681670,EUR/USD,2005-08-02 08:26:12.000,1.221600,1.221900,D
173681704,EUR/USD,2005-08-02 08:26:28.000,1.221500,1.221800,D
173681713,EUR/USD,2005-08-02 08:26:30.000,1.221400,1.221700,D
173681720,EUR/USD,2005-08-02 08:26:30.000,1.221300,1.221600,D
173681759,EUR/USD,2005-08-02 08:26:37.000,1.221200,1.221500,D
173681769,EUR/USD,2005-08-02 08:26:38.000,1.221100,1.221400,D
173681778,EUR/USD,2005-08-02 08:26:39.000,1.221200,1.221500,D
173681832,EUR/USD,2005-08-02 08:26:52.000,1.221300,1.221600,D
173681839,EUR/USD,2005-08-02 08:26:55.000,1.221200,1.221500,D
173681844,EUR/USD,2005-08-02 08:26:57.000,1.221300,1.221600,D
173681871,EUR/USD,2005-08-02 08:27:01.000,1.221200,1.221500,D
173681897,EUR/USD,2005-08-02 08:27:05.000,1.221100,1.221400,D
173681904,EUR/USD,2005-08-02 08:27:07.000,1.221000,1.221300,D
173681922,EUR/USD,2005-08-02 08:27:10.000,1.220900,1.221200,D
173681938,EUR/USD,2005-08-02 08:27:12.000,1.221000,1.221300,D
173681956,EUR/USD,2005-08-02 08:27:15.000,1.221100,1.221400,D
173681988,EUR/USD,2005-08-02 08:27:27.000,1.221000,1.221300,D
173682009,EUR/USD,2005-08-02 08:27:34.000,1.221100,1.221400,D
173682017,EUR/USD,2005-08-02 08:27:39.000,1.221200,1.221500,D
173682040,EUR/USD,2005-08-02 08:27:43.000,1.221300,1.221600,D
173682048,EUR/USD,2005-08-02 08:27:44.000,1.221200,1.221500,D
173682053,EUR/USD,2005-08-02 08:27:45.000,1.221300,1.221600,D
173682064,EUR/USD,2005-08-02 08:27:49.000,1.221200,1.221500,D
173682137,EUR/USD,2005-08-02 08:28:20.000,1.221100,1.221400,D
173682145,EUR/USD,2005-08-02 08:28:28.000,1.221200,1.221500,D
173682148,EUR/USD,2005-08-02 08:28:29.000,1.221100,1.221400,D
173682191,EUR/USD,2005-08-02 08:28:47.000,1.221000,1.221300,D
173682217,EUR/USD,2005-08-02 08:28:54.000,1.220900,1.221200,D
173682219,EUR/USD,2005-08-02 08:28:54.000,1.221000,1.221300,D
173682231,EUR/USD,2005-08-02 08:28:58.000,1.220900,1.221200,D
173682251,EUR/USD,2005-08-02 08:29:01.000,1.221000,1.221300,D
173682259,EUR/USD,2005-08-02 08:29:02.000,1.220900,1.221200,D
173682268,EUR/USD,2005-08-02 08:29:03.000,1.221000,1.221300,D
173682290,EUR/USD,2005-08-02 08:29:06.000,1.221100,1.221400,D
173682323,EUR/USD,2005-08-02 08:29:17.000,1.221000,1.221300,D
173682337,EUR/USD,2005-08-02 08:29:24.000,1.221100,1.221400,D
173682366,EUR/USD,2005-08-02 08:29:30.000,1.221000,1.221300,D
173682374,EUR/USD,2005-08-02 08:29:31.000,1.221100,1.221400,D
173682425,EUR/USD,2005-08-02 08:29:45.000,1.221200,1.221500,D
173682439,EUR/USD,2005-08-02 08:29:54.000,1.221100,1.221400,D
173682454,EUR/USD,2005-08-02 08:29:58.000,1.221200,1.221500,D
173682459,EUR/USD,2005-08-02 08:29:59.000,1.221100,1.221400,D
173682462,EUR/USD,2005-08-02 08:30:02.000,1.221200,1.221500,D
173682470,EUR/USD,2005-08-02 08:30:02.000,1.221300,1.221600,D
173682488,EUR/USD,2005-08-02 08:30:07.000,1.221200,1.221500,D
173682513,EUR/USD,2005-08-02 08:30:09.000,1.221100,1.221400,D
173682524,EUR/USD,2005-08-02 08:30:10.000,1.221000,1.221300,D
173682527,EUR/USD,2005-08-02 08:30:11.000,1.220900,1.221200,D
173682530,EUR/USD,2005-08-02 08:30:11.000,1.220800,1.221100,D
173682547,EUR/USD,2005-08-02 08:30:12.000,1.220700,1.221000,D
173682553,EUR/USD,2005-08-02 08:30:12.000,1.220800,1.221100,D
173682560,EUR/USD,2005-08-02 08:30:13.000,1.220500,1.220800,D
173682569,EUR/USD,2005-08-02 08:30:14.000,1.220700,1.221000,D
173682576,EUR/USD,2005-08-02 08:30:14.000,1.220600,1.220900,D
173682594,EUR/USD,2005-08-02 08:30:16.000,1.220700,1.221000,D
173682609,EUR/USD,2005-08-02 08:30:17.000,1.220800,1.221100,D
173682633,EUR/USD,2005-08-02 08:30:19.000,1.221000,1.221300,D
173682659,EUR/USD,2005-08-02 08:30:21.000,1.220900,1.221200,D
173682683,EUR/USD,2005-08-02 08:30:24.000,1.220800,1.221100,D
173682695,EUR/USD,2005-08-02 08:30:26.000,1.220700,1.221000,D
173682709,EUR/USD,2005-08-02 08:30:28.000,1.220600,1.220900,D
173682731,EUR/USD,2005-08-02 08:30:30.000,1.220500,1.220800,D
173682738,EUR/USD,2005-08-02 08:30:31.000,1.220600,1.220900,D
173682740,EUR/USD,2005-08-02 08:30:31.000,1.220500,1.220800,D
173682751,EUR/USD,2005-08-02 08:30:32.000,1.220400,1.220700,D
173682763,EUR/USD,2005-08-02 08:30:34.000,1.220300,1.220600,D
173682775,EUR/USD,2005-08-02 08:30:35.000,1.220400,1.220700,D
173682794,EUR/USD,2005-08-02 08:30:37.000,1.220300,1.220600,D
173682800,EUR/USD,2005-08-02 08:30:38.000,1.220400,1.220700,D
173682813,EUR/USD,2005-08-02 08:30:40.000,1.220300,1.220600,D
173682826,EUR/USD,2005-08-02 08:30:43.000,1.220400,1.220700,D
173682850,EUR/USD,2005-08-02 08:30:46.000,1.220300,1.220600,D
173682855,EUR/USD,2005-08-02 08:30:47.000,1.220400,1.220700,D
173682856,EUR/USD,2005-08-02 08:30:48.000,1.220300,1.220600,D
173682868,EUR/USD,2005-08-02 08:30:50.000,1.220200,1.220500,D
173682892,EUR/USD,2005-08-02 08:30:55.000,1.220300,1.220600,D
173682907,EUR/USD,2005-08-02 08:30:58.000,1.220400,1.220700,D
173682927,EUR/USD,2005-08-02 08:31:00.000,1.220500,1.220800,D
173682937,EUR/USD,2005-08-02 08:31:01.000,1.220600,1.220900,D
173682956,EUR/USD,2005-08-02 08:31:03.000,1.220700,1.221000,D
173682982,EUR/USD,2005-08-02 08:31:07.000,1.220600,1.220900,D
173682985,EUR/USD,2005-08-02 08:31:07.000,1.220700,1.221000,D
173682991,EUR/USD,2005-08-02 08:31:08.000,1.220600,1.220900,D
173683015,EUR/USD,2005-08-02 08:31:11.000,1.220700,1.221000,D
173683028,EUR/USD,2005-08-02 08:31:13.000,1.220600,1.220900,D
173683041,EUR/USD,2005-08-02 08:31:15.000,1.220500,1.220800,D
173683060,EUR/USD,2005-08-02 08:31:19.000,1.220600,1.220900,D
173683088,EUR/USD,2005-08-02 08:31:22.000,1.220700,1.221000,D
173683104,EUR/USD,2005-08-02 08:31:24.000,1.220800,1.221100,D
173683124,EUR/USD,2005-08-02 08:31:28.000,1.220900,1.221200,D
173683158,EUR/USD,2005-08-02 08:31:35.000,1.220800,1.221100,D
173683178,EUR/USD,2005-08-02 08:31:36.000,1.220900,1.221200,D
173683184,EUR/USD,2005-08-02 08:31:36.000,1.220800,1.221100,D
173683190,EUR/USD,2005-08-02 08:31:37.000,1.220900,1.221200,D
173683200,EUR/USD,2005-08-02 08:31:38.000,1.221000,1.221300,D
173683216,EUR/USD,2005-08-02 08:31:40.000,1.221100,1.221400,D
173683253,EUR/USD,2005-08-02 08:31:45.000,1.221200,1.221500,D
173683264,EUR/USD,2005-08-02 08:31:47.000,1.221100,1.221400,D
173683269,EUR/USD,2005-08-02 08:31:48.000,1.221200,1.221500,D
173683282,EUR/USD,2005-08-02 08:31:53.000,1.221100,1.221400,D
173683302,EUR/USD,2005-08-02 08:31:57.000,1.221000,1.221300,D
173683320,EUR/USD,2005-08-02 08:32:01.000,1.221100,1.221400,D
173683364,EUR/USD,2005-08-02 08:32:20.000,1.221000,1.221300,D
173683366,EUR/USD,2005-08-02 08:32:20.000,1.221100,1.221400,D
173683375,EUR/USD,2005-08-02 08:32:24.000,1.221000,1.221300,D
173683379,EUR/USD,2005-08-02 08:32:25.000,1.221100,1.221400,D
173683391,EUR/USD,2005-08-02 08:32:29.000,1.221000,1.221300,D
173683397,EUR/USD,2005-08-02 08:32:30.000,1.221100,1.221400,D
173683402,EUR/USD,2005-08-02 08:32:34.000,1.221200,1.221500,D
173683413,EUR/USD,2005-08-02 08:32:36.000,1.221300,1.221600,D
173683426,EUR/USD,2005-08-02 08:32:38.000,1.221500,1.221800,D
173683451,EUR/USD,2005-08-02 08:32:41.000,1.221600,1.221900,D
173683462,EUR/USD,2005-08-02 08:32:42.000,1.221500,1.221800,D
173683471,EUR/USD,2005-08-02 08:32:42.000,1.221600,1.221900,D
173683485,EUR/USD,2005-08-02 08:32:44.000,1.221500,1.221800,D
173683499,EUR/USD,2005-08-02 08:32:46.000,1.221400,1.221700,D
173683515,EUR/USD,2005-08-02 08:32:48.000,1.221300,1.221600,D
173683544,EUR/USD,2005-08-02 08:32:53.000,1.221400,1.221700,D
173683546,EUR/USD,2005-08-02 08:32:54.000,1.221300,1.221600,D
173683556,EUR/USD,2005-08-02 08:32:55.000,1.221200,1.221500,D
173683565,EUR/USD,2005-08-02 08:32:57.000,1.221300,1.221600,D
173683603,EUR/USD,2005-08-02 08:33:04.000,1.221200,1.221500,D
173683648,EUR/USD,2005-08-02 08:33:13.000,1.221100,1.221400,D
173683653,EUR/USD,2005-08-02 08:33:14.000,1.221200,1.221500,D
173683689,EUR/USD,2005-08-02 08:33:18.000,1.221300,1.221600,D
173683711,EUR/USD,2005-08-02 08:33:23.000,1.221400,1.221700,D
173683753,EUR/USD,2005-08-02 08:33:33.000,1.221500,1.221800,D
173683781,EUR/USD,2005-08-02 08:33:43.000,1.221400,1.221700,D
173683802,EUR/USD,2005-08-02 08:33:47.000,1.221300,1.221600,D
173683865,EUR/USD,2005-08-02 08:34:06.000,1.221400,1.221700,D
173683875,EUR/USD,2005-08-02 08:34:12.000,1.221500,1.221800,D
173683899,EUR/USD,2005-08-02 08:34:18.000,1.221600,1.221900,D
173683901,EUR/USD,2005-08-02 08:34:18.000,1.221700,1.222000,D
173683925,EUR/USD,2005-08-02 08:34:20.000,1.221800,1.222100,D
173683939,EUR/USD,2005-08-02 08:34:21.000,1.221900,1.222200,D
173683951,EUR/USD,2005-08-02 08:34:23.000,1.222000,1.222300,D
173683971,EUR/USD,2005-08-02 08:34:25.000,1.221900,1.222200,D
173683988,EUR/USD,2005-08-02 08:34:28.000,1.222000,1.222300,D
173683991,EUR/USD,2005-08-02 08:34:28.000,1.221900,1.222200,D
173683998,EUR/USD,2005-08-02 08:34:29.000,1.222000,1.222300,D
173684004,EUR/USD,2005-08-02 08:34:30.000,1.221900,1.222200,D
173684025,EUR/USD,2005-08-02 08:34:32.000,1.221800,1.222100,D
173684034,EUR/USD,2005-08-02 08:34:33.000,1.221900,1.222200,D
173684058,EUR/USD,2005-08-02 08:34:37.000,1.222000,1.222300,D
173684064,EUR/USD,2005-08-02 08:34:37.000,1.221900,1.222200,D
173684091,EUR/USD,2005-08-02 08:34:44.000,1.222000,1.222300,D
173684114,EUR/USD,2005-08-02 08:34:49.000,1.221900,1.222200,D
173684141,EUR/USD,2005-08-02 08:34:55.000,1.221800,1.222100,D
173684151,EUR/USD,2005-08-02 08:34:56.000,1.221900,1.222200,D
173684165,EUR/USD,2005-08-02 08:34:57.000,1.221800,1.222100,D
173684197,EUR/USD,2005-08-02 08:35:14.000,1.221700,1.222000,D
173684204,EUR/USD,2005-08-02 08:35:16.000,1.221800,1.222100,D
173684210,EUR/USD,2005-08-02 08:35:17.000,1.221700,1.222000,D
173684224,EUR/USD,2005-08-02 08:35:22.000,1.221800,1.222100,D
173684237,EUR/USD,2005-08-02 08:35:28.000,1.221900,1.222200,D
173684286,EUR/USD,2005-08-02 08:35:37.000,1.222000,1.222300,D
173684298,EUR/USD,2005-08-02 08:35:40.000,1.222100,1.222400,D
173684308,EUR/USD,2005-08-02 08:35:41.000,1.222200,1.222500,D
173684330,EUR/USD,2005-08-02 08:35:47.000,1.222300,1.222600,D
173684349,EUR/USD,2005-08-02 08:35:50.000,1.222200,1.222500,D
173684362,EUR/USD,2005-08-02 08:35:53.000,1.222100,1.222400,D
173684431,EUR/USD,2005-08-02 08:36:07.000,1.222200,1.222500,D
173684443,EUR/USD,2005-08-02 08:36:08.000,1.222100,1.222400,D
173684449,EUR/USD,2005-08-02 08:36:09.000,1.222000,1.222300,D
173684454,EUR/USD,2005-08-02 08:36:10.000,1.222100,1.222400,D
173684496,EUR/USD,2005-08-02 08:36:22.000,1.222200,1.222500,D
173684524,EUR/USD,2005-08-02 08:36:32.000,1.222100,1.222400,D
173684537,EUR/USD,2005-08-02 08:36:36.000,1.222200,1.222500,D
173684553,EUR/USD,2005-08-02 08:36:38.000,1.222100,1.222400,D
173684564,EUR/USD,2005-08-02 08:36:39.000,1.222200,1.222500,D
173684588,EUR/USD,2005-08-02 08:36:47.000,1.222300,1.222600,D
173684610,EUR/USD,2005-08-02 08:36:53.000,1.222200,1.222500,D
173684619,EUR/USD,2005-08-02 08:36:54.000,1.222300,1.222600,D
173684626,EUR/USD,2005-08-02 08:36:55.000,1.222200,1.222500,D
173684638,EUR/USD,2005-08-02 08:36:58.000,1.222100,1.222400,D
173684651,EUR/USD,2005-08-02 08:36:59.000,1.222200,1.222500,D
173684668,EUR/USD,2005-08-02 08:37:01.000,1.222100,1.222400,D
173684684,EUR/USD,2005-08-02 08:37:08.000,1.222200,1.222500,D
173684700,EUR/USD,2005-08-02 08:37:09.000,1.222100,1.222400,D
173684709,EUR/USD,2005-08-02 08:37:20.000,1.222200,1.222500,D
173684726,EUR/USD,2005-08-02 08:37:24.000,1.222300,1.222600,D
173684734,EUR/USD,2005-08-02 08:37:25.000,1.222200,1.222500,D
173684747,EUR/USD,2005-08-02 08:37:33.000,1.222300,1.222600,D
173684755,EUR/USD,2005-08-02 08:37:34.000,1.222200,1.222500,D
173684767,EUR/USD,2005-08-02 08:37:39.000,1.222100,1.222400,D
173684789,EUR/USD,2005-08-02 08:37:43.000,1.222000,1.222300,D
173684800,EUR/USD,2005-08-02 08:37:47.000,1.221900,1.222200,D
173684807,EUR/USD,2005-08-02 08:37:48.000,1.222000,1.222300,D
173684822,EUR/USD,2005-08-02 08:37:51.000,1.221900,1.222200,D
173684886,EUR/USD,2005-08-02 08:37:59.000,1.221800,1.222100,D
173684900,EUR/USD,2005-08-02 08:38:02.000,1.221700,1.222000,D
173684902,EUR/USD,2005-08-02 08:38:03.000,1.221800,1.222100,D
173684934,EUR/USD,2005-08-02 08:38:10.000,1.221700,1.222000,D
173684979,EUR/USD,2005-08-02 08:38:20.000,1.221800,1.222100,D
173684999,EUR/USD,2005-08-02 08:38:26.000,1.221900,1.222200,D
173685028,EUR/USD,2005-08-02 08:38:37.000,1.222000,1.222300,D
173685060,EUR/USD,2005-08-02 08:38:48.000,1.221900,1.222200,D
173685077,EUR/USD,2005-08-02 08:38:53.000,1.221800,1.222100,D
173685097,EUR/USD,2005-08-02 08:38:59.000,1.221900,1.222200,D
173685115,EUR/USD,2005-08-02 08:39:05.000,1.222000,1.222300,D
173685121,EUR/USD,2005-08-02 08:39:07.000,1.222100,1.222400,D
173685134,EUR/USD,2005-08-02 08:39:09.000,1.222200,1.222500,D
173685164,EUR/USD,2005-08-02 08:39:15.000,1.222100,1.222400,D
173685175,EUR/USD,2005-08-02 08:39:22.000,1.222000,1.222300,D
173685185,EUR/USD,2005-08-02 08:39:23.000,1.222100,1.222400,D
173685269,EUR/USD,2005-08-02 08:40:16.000,1.222200,1.222500,D
173685283,EUR/USD,2005-08-02 08:40:17.000,1.222100,1.222400,D
173685288,EUR/USD,2005-08-02 08:40:18.000,1.222200,1.222500,D
173685299,EUR/USD,2005-08-02 08:40:19.000,1.222100,1.222400,D
173685337,EUR/USD,2005-08-02 08:40:33.000,1.222200,1.222500,D
173685364,EUR/USD,2005-08-02 08:40:46.000,1.222300,1.222600,D
173685373,EUR/USD,2005-08-02 08:40:47.000,1.222200,1.222500,D
173685381,EUR/USD,2005-08-02 08:40:48.000,1.222300,1.222600,D
173685396,EUR/USD,2005-08-02 08:40:50.000,1.222200,1.222500,D
173685402,EUR/USD,2005-08-02 08:40:53.000,1.222300,1.222600,D
173685414,EUR/USD,2005-08-02 08:40:54.000,1.222200,1.222500,D
173685434,EUR/USD,2005-08-02 08:41:02.000,1.222300,1.222600,D
173685440,EUR/USD,2005-08-02 08:41:03.000,1.222200,1.222500,D
173685449,EUR/USD,2005-08-02 08:41:03.000,1.222300,1.222600,D
173685465,EUR/USD,2005-08-02 08:41:08.000,1.222200,1.222500,D
173685492,EUR/USD,2005-08-02 08:41:12.000,1.222100,1.222400,D
173685518,EUR/USD,2005-08-02 08:41:18.000,1.222300,1.222600,D
173685544,EUR/USD,2005-08-02 08:41:21.000,1.222400,1.222700,D
173685556,EUR/USD,2005-08-02 08:41:23.000,1.222500,1.222800,D
173685579,EUR/USD,2005-08-02 08:41:25.000,1.222600,1.222900,D
173685593,EUR/USD,2005-08-02 08:41:26.000,1.222700,1.223000,D
173685599,EUR/USD,2005-08-02 08:41:26.000,1.222600,1.222900,D
173685606,EUR/USD,2005-08-02 08:41:27.000,1.222800,1.223100,D
173685641,EUR/USD,2005-08-02 08:41:30.000,1.222900,1.223200,D
173685644,EUR/USD,2005-08-02 08:41:30.000,1.223000,1.223300,D
173685683,EUR/USD,2005-08-02 08:41:34.000,1.222900,1.223200,D
173685701,EUR/USD,2005-08-02 08:41:35.000,1.222800,1.223100,D
173685766,EUR/USD,2005-08-02 08:41:43.000,1.222900,1.223200,D
173685782,EUR/USD,2005-08-02 08:41:45.000,1.222800,1.223100,D
173685796,EUR/USD,2005-08-02 08:41:47.000,1.222700,1.223000,D
173685807,EUR/USD,2005-08-02 08:41:49.000,1.222800,1.223100,D
173685814,EUR/USD,2005-08-02 08:41:50.000,1.222700,1.223000,D
173685872,EUR/USD,2005-08-02 08:42:05.000,1.222800,1.223100,D
173685888,EUR/USD,2005-08-02 08:42:09.000,1.222900,1.223200,D
173685898,EUR/USD,2005-08-02 08:42:10.000,1.222800,1.223100,D
173685901,EUR/USD,2005-08-02 08:42:10.000,1.222900,1.223200,D
173685921,EUR/USD,2005-08-02 08:42:14.000,1.222800,1.223100,D
173685944,EUR/USD,2005-08-02 08:42:16.000,1.222700,1.223000,D
173685948,EUR/USD,2005-08-02 08:42:17.000,1.222800,1.223100,D
173685964,EUR/USD,2005-08-02 08:42:18.000,1.222700,1.223000,D
173685983,EUR/USD,2005-08-02 08:42:22.000,1.222600,1.222900,D
173686014,EUR/USD,2005-08-02 08:42:27.000,1.222500,1.222800,D
173686061,EUR/USD,2005-08-02 08:42:35.000,1.222600,1.222900,D
173686097,EUR/USD,2005-08-02 08:42:42.000,1.222500,1.222800,D
173686148,EUR/USD,2005-08-02 08:43:02.000,1.222400,1.222700,D
173686158,EUR/USD,2005-08-02 08:43:05.000,1.222500,1.222800,D
173686194,EUR/USD,2005-08-02 08:43:14.000,1.222600,1.222900,D
173686236,EUR/USD,2005-08-02 08:43:21.000,1.222700,1.223000,D
173686240,EUR/USD,2005-08-02 08:43:21.000,1.222600,1.222900,D
173686289,EUR/USD,2005-08-02 08:43:29.000,1.222700,1.223000,D
173686310,EUR/USD,2005-08-02 08:43:38.000,1.222800,1.223100,D
173686334,EUR/USD,2005-08-02 08:43:45.000,1.222700,1.223000,D
173686390,EUR/USD,2005-08-02 08:44:03.000,1.222600,1.222900,D
173686406,EUR/USD,2005-08-02 08:44:07.000,1.222700,1.223000,D
173686415,EUR/USD,2005-08-02 08:44:08.000,1.222600,1.222900,D
173686420,EUR/USD,2005-08-02 08:44:09.000,1.222700,1.223000,D
173686428,EUR/USD,2005-08-02 08:44:11.000,1.222800,1.223100,D
173686446,EUR/USD,2005-08-02 08:44:15.000,1.222700,1.223000,D
173686459,EUR/USD,2005-08-02 08:44:19.000,1.222600,1.222900,D
173686468,EUR/USD,2005-08-02 08:44:20.000,1.222700,1.223000,D
173686508,EUR/USD,2005-08-02 08:44:30.000,1.222800,1.223100,D
173686517,EUR/USD,2005-08-02 08:44:33.000,1.222700,1.223000,D
173686520,EUR/USD,2005-08-02 08:44:33.000,1.222800,1.223100,D
173686525,EUR/USD,2005-08-02 08:44:35.000,1.222700,1.223000,D
173686543,EUR/USD,2005-08-02 08:44:45.000,1.222600,1.222900,D
173686555,EUR/USD,2005-08-02 08:44:49.000,1.222700,1.223000,D
173686575,EUR/USD,2005-08-02 08:44:59.000,1.222800,1.223100,D
173686580,EUR/USD,2005-08-02 08:45:00.000,1.222700,1.223000,D
173686610,EUR/USD,2005-08-02 08:45:04.000,1.222800,1.223100,D
173686616,EUR/USD,2005-08-02 08:45:07.000,1.222700,1.223000,D
173686624,EUR/USD,2005-08-02 08:45:10.000,1.222600,1.222900,D
173686633,EUR/USD,2005-08-02 08:45:11.000,1.222700,1.223000,D
173686671,EUR/USD,2005-08-02 08:45:41.000,1.222600,1.222900,D
173686682,EUR/USD,2005-08-02 08:45:43.000,1.222700,1.223000,D
173686693,EUR/USD,2005-08-02 08:45:45.000,1.222600,1.222900,D
173686711,EUR/USD,2005-08-02 08:45:54.000,1.222700,1.223000,D
173686717,EUR/USD,2005-08-02 08:45:55.000,1.222600,1.222900,D
173686724,EUR/USD,2005-08-02 08:45:56.000,1.222700,1.223000,D
173686745,EUR/USD,2005-08-02 08:46:23.000,1.222800,1.223100,D
173686749,EUR/USD,2005-08-02 08:46:24.000,1.222600,1.222900,D
173686757,EUR/USD,2005-08-02 08:46:25.000,1.222800,1.223100,D
173686768,EUR/USD,2005-08-02 08:46:26.000,1.222700,1.223000,D
173686796,EUR/USD,2005-08-02 08:46:38.000,1.222600,1.222900,D
173686800,EUR/USD,2005-08-02 08:46:43.000,1.222700,1.223000,D
173686809,EUR/USD,2005-08-02 08:46:46.000,1.222600,1.222900,D
173686817,EUR/USD,2005-08-02 08:46:47.000,1.222700,1.223000,D
173686824,EUR/USD,2005-08-02 08:46:48.000,1.222600,1.222900,D
173686832,EUR/USD,2005-08-02 08:46:49.000,1.222700,1.223000,D
173686847,EUR/USD,2005-08-02 08:46:53.000,1.222800,1.223100,D
173686862,EUR/USD,2005-08-02 08:46:56.000,1.222900,1.223200,D
173686870,EUR/USD,2005-08-02 08:46:58.000,1.223000,1.223300,D
173686890,EUR/USD,2005-08-02 08:47:00.000,1.223100,1.223400,D
173686898,EUR/USD,2005-08-02 08:47:00.000,1.223200,1.223500,D
173686910,EUR/USD,2005-08-02 08:47:01.000,1.223100,1.223400,D
173686921,EUR/USD,2005-08-02 08:47:02.000,1.223200,1.223500,D
173686931,EUR/USD,2005-08-02 08:47:04.000,1.223100,1.223400,D
173686943,EUR/USD,2005-08-02 08:47:05.000,1.223200,1.223500,D
173686948,EUR/USD,2005-08-02 08:47:06.000,1.223300,1.223600,D
173686976,EUR/USD,2005-08-02 08:47:09.000,1.223400,1.223700,D
173686997,EUR/USD,2005-08-02 08:47:11.000,1.223500,1.223800,D
173687008,EUR/USD,2005-08-02 08:47:13.000,1.223400,1.223700,D
173687038,EUR/USD,2005-08-02 08:47:19.000,1.223500,1.223800,D
173687052,EUR/USD,2005-08-02 08:47:20.000,1.223400,1.223700,D
173687056,EUR/USD,2005-08-02 08:47:21.000,1.223500,1.223800,D
173687092,EUR/USD,2005-08-02 08:47:28.000,1.223400,1.223700,D
173687098,EUR/USD,2005-08-02 08:47:29.000,1.223500,1.223800,D
173687111,EUR/USD,2005-08-02 08:47:31.000,1.223400,1.223700,D
173687117,EUR/USD,2005-08-02 08:47:33.000,1.223500,1.223800,D
173687142,EUR/USD,2005-08-02 08:47:38.000,1.223400,1.223700,D
173687144,EUR/USD,2005-08-02 08:47:39.000,1.223500,1.223800,D
173687147,EUR/USD,2005-08-02 08:47:39.000,1.223400,1.223700,D
173687212,EUR/USD,2005-08-02 08:47:51.000,1.223500,1.223800,D
173687226,EUR/USD,2005-08-02 08:47:53.000,1.223600,1.223900,D
173687250,EUR/USD,2005-08-02 08:47:58.000,1.223500,1.223800,D
173687269,EUR/USD,2005-08-02 08:48:01.000,1.223600,1.223900,D
173687283,EUR/USD,2005-08-02 08:48:04.000,1.223700,1.224000,D
173687302,EUR/USD,2005-08-02 08:48:07.000,1.223600,1.223900,D
173687312,EUR/USD,2005-08-02 08:48:08.000,1.223700,1.224000,D
173687329,EUR/USD,2005-08-02 08:48:10.000,1.223600,1.223900,D
173687343,EUR/USD,2005-08-02 08:48:13.000,1.223700,1.224000,D
173687352,EUR/USD,2005-08-02 08:48:15.000,1.223600,1.223900,D
173687364,EUR/USD,2005-08-02 08:48:19.000,1.223700,1.224000,D
173687369,EUR/USD,2005-08-02 08:48:19.000,1.223600,1.223900,D
173687388,EUR/USD,2005-08-02 08:48:22.000,1.223700,1.224000,D
173687410,EUR/USD,2005-08-02 08:48:25.000,1.223800,1.224100,D
173687421,EUR/USD,2005-08-02 08:48:27.000,1.223700,1.224000,D
173687430,EUR/USD,2005-08-02 08:48:27.000,1.223600,1.223900,D
173687444,EUR/USD,2005-08-02 08:48:28.000,1.223700,1.224000,D
173687453,EUR/USD,2005-08-02 08:48:30.000,1.223600,1.223900,D
173687462,EUR/USD,2005-08-02 08:48:32.000,1.223500,1.223800,D
173687490,EUR/USD,2005-08-02 08:48:40.000,1.223400,1.223700,D
173687506,EUR/USD,2005-08-02 08:48:45.000,1.223500,1.223800,D
173687523,EUR/USD,2005-08-02 08:48:48.000,1.223400,1.223700,D
173687551,EUR/USD,2005-08-02 08:48:53.000,1.223300,1.223600,D
173687604,EUR/USD,2005-08-02 08:49:01.000,1.223200,1.223500,D
173687609,EUR/USD,2005-08-02 08:49:02.000,1.223300,1.223600,D
173687619,EUR/USD,2005-08-02 08:49:03.000,1.223100,1.223400,D
173687626,EUR/USD,2005-08-02 08:49:03.000,1.223200,1.223500,D
173687638,EUR/USD,2005-08-02 08:49:05.000,1.223100,1.223400,D
173687654,EUR/USD,2005-08-02 08:49:07.000,1.223200,1.223500,D
173687694,EUR/USD,2005-08-02 08:49:14.000,1.223300,1.223600,D
173687713,EUR/USD,2005-08-02 08:49:18.000,1.223200,1.223500,D
173687716,EUR/USD,2005-08-02 08:49:19.000,1.223300,1.223600,D
173687728,EUR/USD,2005-08-02 08:49:23.000,1.223400,1.223700,D
173687734,EUR/USD,2005-08-02 08:49:24.000,1.223300,1.223600,D
173687743,EUR/USD,2005-08-02 08:49:26.000,1.223200,1.223500,D
173687779,EUR/USD,2005-08-02 08:49:39.000,1.223100,1.223400,D
173687790,EUR/USD,2005-08-02 08:49:40.000,1.223200,1.223500,D
173687807,EUR/USD,2005-08-02 08:49:43.000,1.223300,1.223600,D
173687820,EUR/USD,2005-08-02 08:49:47.000,1.223200,1.223500,D
173687846,EUR/USD,2005-08-02 08:49:58.000,1.223100,1.223400,D
173687855,EUR/USD,2005-08-02 08:49:59.000,1.223200,1.223500,D
173687873,EUR/USD,2005-08-02 08:50:05.000,1.223300,1.223600,D
173687893,EUR/USD,2005-08-02 08:50:07.000,1.223400,1.223700,D
173687913,EUR/USD,2005-08-02 08:50:11.000,1.223500,1.223800,D
173687936,EUR/USD,2005-08-02 08:50:13.000,1.223600,1.223900,D
173687967,EUR/USD,2005-08-02 08:50:17.000,1.223700,1.224000,D
173687981,EUR/USD,2005-08-02 08:50:19.000,1.223800,1.224100,D
173688004,EUR/USD,2005-08-02 08:50:21.000,1.223900,1.224200,D
173688008,EUR/USD,2005-08-02 08:50:22.000,1.223800,1.224100,D
173688015,EUR/USD,2005-08-02 08:50:22.000,1.223900,1.224200,D
173688029,EUR/USD,2005-08-02 08:50:23.000,1.223800,1.224100,D
173688057,EUR/USD,2005-08-02 08:50:26.000,1.223700,1.224000,D
173688096,EUR/USD,2005-08-02 08:50:29.000,1.223800,1.224100,D
173688101,EUR/USD,2005-08-02 08:50:30.000,1.223700,1.224000,D
173688107,EUR/USD,2005-08-02 08:50:30.000,1.223800,1.224100,D
173688115,EUR/USD,2005-08-02 08:50:31.000,1.223600,1.223900,D
173688164,EUR/USD,2005-08-02 08:50:39.000,1.223700,1.224000,D
173688167,EUR/USD,2005-08-02 08:50:40.000,1.223600,1.223900,D
173688192,EUR/USD,2005-08-02 08:50:45.000,1.223500,1.223800,D
173688207,EUR/USD,2005-08-02 08:50:49.000,1.223600,1.223900,D
173688220,EUR/USD,2005-08-02 08:50:50.000,1.223500,1.223800,D
173688244,EUR/USD,2005-08-02 08:50:54.000,1.223600,1.223900,D
173688256,EUR/USD,2005-08-02 08:50:55.000,1.223500,1.223800,D
173688259,EUR/USD,2005-08-02 08:50:56.000,1.223600,1.223900,D
173688273,EUR/USD,2005-08-02 08:50:59.000,1.223700,1.224000,D
173688287,EUR/USD,2005-08-02 08:51:02.000,1.223800,1.224100,D
173688299,EUR/USD,2005-08-02 08:51:03.000,1.223900,1.224200,D
173688323,EUR/USD,2005-08-02 08:51:05.000,1.224000,1.224300,D
173688347,EUR/USD,2005-08-02 08:51:07.000,1.224100,1.224400,D
173688382,EUR/USD,2005-08-02 08:51:10.000,1.224000,1.224300,D
173688407,EUR/USD,2005-08-02 08:51:12.000,1.224100,1.224400,D
173688423,EUR/USD,2005-08-02 08:51:15.000,1.224200,1.224500,D
173688436,EUR/USD,2005-08-02 08:51:17.000,1.224300,1.224600,D
173688446,EUR/USD,2005-08-02 08:51:18.000,1.224400,1.224700,D
173688457,EUR/USD,2005-08-02 08:51:19.000,1.224500,1.224800,D
173688488,EUR/USD,2005-08-02 08:51:22.000,1.224400,1.224700,D
173688493,EUR/USD,2005-08-02 08:51:22.000,1.224500,1.224800,D
173688498,EUR/USD,2005-08-02 08:51:22.000,1.224600,1.224900,D
173688511,EUR/USD,2005-08-02 08:51:23.000,1.224500,1.224800,D
173688515,EUR/USD,2005-08-02 08:51:23.000,1.224400,1.224700,D
173688523,EUR/USD,2005-08-02 08:51:23.000,1.224500,1.224800,D
173688531,EUR/USD,2005-08-02 08:51:24.000,1.224600,1.224900,D
173688544,EUR/USD,2005-08-02 08:51:25.000,1.224700,1.225000,D
173688553,EUR/USD,2005-08-02 08:51:26.000,1.224500,1.224800,D
173688580,EUR/USD,2005-08-02 08:51:28.000,1.224400,1.224700,D
173688605,EUR/USD,2005-08-02 08:51:30.000,1.224300,1.224600,D
173688633,EUR/USD,2005-08-02 08:51:33.000,1.224200,1.224500,D
173688655,EUR/USD,2005-08-02 08:51:36.000,1.224100,1.224400,D
173688701,EUR/USD,2005-08-02 08:51:41.000,1.224200,1.224500,D
173688710,EUR/USD,2005-08-02 08:51:42.000,1.224300,1.224600,D
173688731,EUR/USD,2005-08-02 08:51:44.000,1.224200,1.224500,D
173688806,EUR/USD,2005-08-02 08:51:53.000,1.224100,1.224400,D
173688818,EUR/USD,2005-08-02 08:51:55.000,1.224000,1.224300,D
173688849,EUR/USD,2005-08-02 08:51:59.000,1.223900,1.224200,D
173688872,EUR/USD,2005-08-02 08:52:02.000,1.224000,1.224300,D
173688873,EUR/USD,2005-08-02 08:52:03.000,1.223900,1.224200,D
173688878,EUR/USD,2005-08-02 08:52:03.000,1.224000,1.224300,D
173688884,EUR/USD,2005-08-02 08:52:05.000,1.224100,1.224400,D
173688929,EUR/USD,2005-08-02 08:52:09.000,1.224200,1.224500,D
173688940,EUR/USD,2005-08-02 08:52:11.000,1.224100,1.224400,D
173688949,EUR/USD,2005-08-02 08:52:12.000,1.224200,1.224500,D
173688994,EUR/USD,2005-08-02 08:52:18.000,1.224100,1.224400,D
173689005,EUR/USD,2005-08-02 08:52:18.000,1.224200,1.224500,D
173689008,EUR/USD,2005-08-02 08:52:19.000,1.224100,1.224400,D
173689018,EUR/USD,2005-08-02 08:52:22.000,1.224200,1.224500,D
173689035,EUR/USD,2005-08-02 08:52:23.000,1.224300,1.224600,D
173689048,EUR/USD,2005-08-02 08:52:26.000,1.224400,1.224700,D
173689059,EUR/USD,2005-08-02 08:52:27.000,1.224500,1.224800,D
173689073,EUR/USD,2005-08-02 08:52:28.000,1.224600,1.224900,D
173689079,EUR/USD,2005-08-02 08:52:29.000,1.224500,1.224800,D
173689085,EUR/USD,2005-08-02 08:52:29.000,1.224700,1.225000,D
173689097,EUR/USD,2005-08-02 08:52:31.000,1.224600,1.224900,D
173689102,EUR/USD,2005-08-02 08:52:31.000,1.224800,1.225100,D
173689125,EUR/USD,2005-08-02 08:52:34.000,1.224900,1.225200,D
173689136,EUR/USD,2005-08-02 08:52:34.000,1.224700,1.225000,D
173689146,EUR/USD,2005-08-02 08:52:35.000,1.224800,1.225100,D
173689149,EUR/USD,2005-08-02 08:52:35.000,1.224900,1.225200,D
173689156,EUR/USD,2005-08-02 08:52:36.000,1.224600,1.224900,D
173689169,EUR/USD,2005-08-02 08:52:36.000,1.224700,1.225000,D
173689179,EUR/USD,2005-08-02 08:52:37.000,1.224500,1.224800,D
173689199,EUR/USD,2005-08-02 08:52:38.000,1.224600,1.224900,D
173689203,EUR/USD,2005-08-02 08:52:38.000,1.224700,1.225000,D
173689208,EUR/USD,2005-08-02 08:52:39.000,1.224400,1.224700,D
173689219,EUR/USD,2005-08-02 08:52:40.000,1.224500,1.224800,D
173689226,EUR/USD,2005-08-02 08:52:40.000,1.224400,1.224700,D
173689250,EUR/USD,2005-08-02 08:52:42.000,1.224200,1.224500,D
173689258,EUR/USD,2005-08-02 08:52:43.000,1.224300,1.224600,D
173689263,EUR/USD,2005-08-02 08:52:43.000,1.224200,1.224500,D
173689282,EUR/USD,2005-08-02 08:52:45.000,1.224100,1.224400,D
173689331,EUR/USD,2005-08-02 08:52:53.000,1.224200,1.224500,D
173689344,EUR/USD,2005-08-02 08:52:57.000,1.224100,1.224400,D
173689348,EUR/USD,2005-08-02 08:52:57.000,1.224200,1.224500,D
173689373,EUR/USD,2005-08-02 08:53:01.000,1.224100,1.224400,D
173689390,EUR/USD,2005-08-02 08:53:05.000,1.224000,1.224300,D
173689402,EUR/USD,2005-08-02 08:53:07.000,1.223900,1.224200,D
173689416,EUR/USD,2005-08-02 08:53:09.000,1.223800,1.224100,D
173689433,EUR/USD,2005-08-02 08:53:11.000,1.223700,1.224000,D
173689456,EUR/USD,2005-08-02 08:53:14.000,1.223600,1.223900,D
173689468,EUR/USD,2005-08-02 08:53:15.000,1.223500,1.223800,D
173689488,EUR/USD,2005-08-02 08:53:17.000,1.223400,1.223700,D
173689514,EUR/USD,2005-08-02 08:53:20.000,1.223200,1.223500,D
173689548,EUR/USD,2005-08-02 08:53:24.000,1.223100,1.223400,D
173689552,EUR/USD,2005-08-02 08:53:24.000,1.223200,1.223500,D
173689567,EUR/USD,2005-08-02 08:53:26.000,1.223300,1.223600,D
173689588,EUR/USD,2005-08-02 08:53:29.000,1.223400,1.223700,D
173689611,EUR/USD,2005-08-02 08:53:31.000,1.223500,1.223800,D
173689624,EUR/USD,2005-08-02 08:53:33.000,1.223400,1.223700,D
173689635,EUR/USD,2005-08-02 08:53:34.000,1.223500,1.223800,D
173689652,EUR/USD,2005-08-02 08:53:36.000,1.223600,1.223900,D
173689673,EUR/USD,2005-08-02 08:53:38.000,1.223500,1.223800,D
173689710,EUR/USD,2005-08-02 08:53:42.000,1.223600,1.223900,D
173689727,EUR/USD,2005-08-02 08:53:45.000,1.223700,1.224000,D
173689747,EUR/USD,2005-08-02 08:53:48.000,1.223600,1.223900,D
173689750,EUR/USD,2005-08-02 08:53:49.000,1.223700,1.224000,D
173689761,EUR/USD,2005-08-02 08:53:49.000,1.223600,1.223900,D
173689767,EUR/USD,2005-08-02 08:53:50.000,1.223700,1.224000,D
173689803,EUR/USD,2005-08-02 08:53:54.000,1.223800,1.224100,D
173689815,EUR/USD,2005-08-02 08:53:56.000,1.223700,1.224000,D
173689845,EUR/USD,2005-08-02 08:54:01.000,1.223600,1.223900,D
173689848,EUR/USD,2005-08-02 08:54:01.000,1.223500,1.223800,D
173689863,EUR/USD,2005-08-02 08:54:02.000,1.223600,1.223900,D
173689877,EUR/USD,2005-08-02 08:54:05.000,1.223700,1.224000,D
173689911,EUR/USD,2005-08-02 08:54:12.000,1.223600,1.223900,D
173689927,EUR/USD,2005-08-02 08:54:13.000,1.223500,1.223800,D
173689939,EUR/USD,2005-08-02 08:54:16.000,1.223600,1.223900,D
173689971,EUR/USD,2005-08-02 08:54:19.000,1.223700,1.224000,D
173690003,EUR/USD,2005-08-02 08:54:26.000,1.223800,1.224100,D
173690018,EUR/USD,2005-08-02 08:54:31.000,1.223700,1.224000,D
173690021,EUR/USD,2005-08-02 08:54:32.000,1.223800,1.224100,D
173690024,EUR/USD,2005-08-02 08:54:33.000,1.223700,1.224000,D
173690027,EUR/USD,2005-08-02 08:54:34.000,1.223800,1.224100,D
173690036,EUR/USD,2005-08-02 08:54:36.000,1.223900,1.224200,D
173690050,EUR/USD,2005-08-02 08:54:38.000,1.224000,1.224300,D
173690078,EUR/USD,2005-08-02 08:54:43.000,1.223900,1.224200,D
173690085,EUR/USD,2005-08-02 08:54:45.000,1.224000,1.224300,D
173690094,EUR/USD,2005-08-02 08:54:47.000,1.224100,1.224400,D
173690103,EUR/USD,2005-08-02 08:54:48.000,1.224200,1.224500,D
173690126,EUR/USD,2005-08-02 08:54:50.000,1.224300,1.224600,D
173690139,EUR/USD,2005-08-02 08:54:51.000,1.224400,1.224700,D
173690143,EUR/USD,2005-08-02 08:54:51.000,1.224500,1.224800,D
173690175,EUR/USD,2005-08-02 08:54:54.000,1.224700,1.225000,D
173690180,EUR/USD,2005-08-02 08:54:54.000,1.224900,1.225200,D
173690212,EUR/USD,2005-08-02 08:54:56.000,1.225000,1.225300,D
173690223,EUR/USD,2005-08-02 08:54:57.000,1.225100,1.225400,D
173690228,EUR/USD,2005-08-02 08:54:57.000,1.225200,1.225500,D
173690236,EUR/USD,2005-08-02 08:54:57.000,1.225100,1.225400,D
173690247,EUR/USD,2005-08-02 08:54:58.000,1.224900,1.225200,D
173690255,EUR/USD,2005-08-02 08:54:58.000,1.225200,1.225500,D
173690264,EUR/USD,2005-08-02 08:54:59.000,1.224900,1.225200,D
173690273,EUR/USD,2005-08-02 08:54:59.000,1.224900,1.225000,D
173690276,EUR/USD,2005-08-02 08:55:00.000,1.224700,1.225000,D
173690282,EUR/USD,2005-08-02 08:55:00.000,1.225000,1.225300,D
173690290,EUR/USD,2005-08-02 08:55:00.000,1.224700,1.225000,D
173690295,EUR/USD,2005-08-02 08:55:00.000,1.224600,1.224900,D
173690317,EUR/USD,2005-08-02 08:55:02.000,1.224500,1.224800,D
173690323,EUR/USD,2005-08-02 08:55:02.000,1.224400,1.224700,D
173690336,EUR/USD,2005-08-02 08:55:03.000,1.224500,1.224800,D
173690347,EUR/USD,2005-08-02 08:55:03.000,1.224600,1.224900,D
173690354,EUR/USD,2005-08-02 08:55:04.000,1.224500,1.224800,D
173690367,EUR/USD,2005-08-02 08:55:04.000,1.224300,1.224600,D
173690370,EUR/USD,2005-08-02 08:55:05.000,1.224500,1.224800,D
173690378,EUR/USD,2005-08-02 08:55:05.000,1.224800,1.225100,D
173690403,EUR/USD,2005-08-02 08:55:06.000,1.224400,1.224700,D
173690430,EUR/USD,2005-08-02 08:55:07.000,1.224300,1.224500,D
173690439,EUR/USD,2005-08-02 08:55:07.000,1.224400,1.224700,D
173690449,EUR/USD,2005-08-02 08:55:08.000,1.224300,1.224600,D
173690456,EUR/USD,2005-08-02 08:55:08.000,1.224200,1.224500,D
173690470,EUR/USD,2005-08-02 08:55:09.000,1.224100,1.224400,D
173690478,EUR/USD,2005-08-02 08:55:10.000,1.224200,1.224500,D
173690483,EUR/USD,2005-08-02 08:55:10.000,1.224100,1.224400,D
173690496,EUR/USD,2005-08-02 08:55:12.000,1.224000,1.224300,D
173690510,EUR/USD,2005-08-02 08:55:13.000,1.223900,1.224200,D
173690520,EUR/USD,2005-08-02 08:55:14.000,1.223800,1.224100,D
173690527,EUR/USD,2005-08-02 08:55:15.000,1.223700,1.224000,D
173690549,EUR/USD,2005-08-02 08:55:16.000,1.223600,1.223900,D
173690552,EUR/USD,2005-08-02 08:55:16.000,1.223500,1.223800,D
173690564,EUR/USD,2005-08-02 08:55:17.000,1.223600,1.223900,D
173690570,EUR/USD,2005-08-02 08:55:18.000,1.223500,1.223800,D
173690577,EUR/USD,2005-08-02 08:55:18.000,1.223400,1.223700,D
173690584,EUR/USD,2005-08-02 08:55:19.000,1.223600,1.223900,D
173690597,EUR/USD,2005-08-02 08:55:19.000,1.223500,1.223800,D
173690604,EUR/USD,2005-08-02 08:55:20.000,1.223400,1.223700,D
173690609,EUR/USD,2005-08-02 08:55:21.000,1.223600,1.223900,D
173690615,EUR/USD,2005-08-02 08:55:21.000,1.223500,1.223800,D
173690620,EUR/USD,2005-08-02 08:55:22.000,1.223600,1.223900,D
173690652,EUR/USD,2005-08-02 08:55:24.000,1.223700,1.224000,D
173690669,EUR/USD,2005-08-02 08:55:25.000,1.223800,1.224100,D
173690679,EUR/USD,2005-08-02 08:55:26.000,1.223900,1.224200,D
173690686,EUR/USD,2005-08-02 08:55:26.000,1.224000,1.224300,D
173690695,EUR/USD,2005-08-02 08:55:27.000,1.224100,1.224400,D
173690707,EUR/USD,2005-08-02 08:55:27.000,1.224000,1.224300,D
173690725,EUR/USD,2005-08-02 08:55:29.000,1.224100,1.224400,D
173690732,EUR/USD,2005-08-02 08:55:30.000,1.223900,1.224200,D
173690737,EUR/USD,2005-08-02 08:55:30.000,1.223800,1.224100,D
173690768,EUR/USD,2005-08-02 08:55:33.000,1.223700,1.224000,D
173690778,EUR/USD,2005-08-02 08:55:34.000,1.223600,1.223900,D
173690787,EUR/USD,2005-08-02 08:55:35.000,1.223500,1.223800,D
173690804,EUR/USD,2005-08-02 08:55:36.000,1.223400,1.223700,D
173690823,EUR/USD,2005-08-02 08:55:37.000,1.223300,1.223600,D
173690844,EUR/USD,2005-08-02 08:55:40.000,1.223200,1.223500,D
173690859,EUR/USD,2005-08-02 08:55:42.000,1.223100,1.223400,D
173690871,EUR/USD,2005-08-02 08:55:43.000,1.223000,1.223300,D
173690882,EUR/USD,2005-08-02 08:55:44.000,1.222800,1.223100,D
173690911,EUR/USD,2005-08-02 08:55:47.000,1.222900,1.223200,D
173690917,EUR/USD,2005-08-02 08:55:47.000,1.222800,1.223100,D
173690936,EUR/USD,2005-08-02 08:55:49.000,1.222700,1.223000,D
173690944,EUR/USD,2005-08-02 08:55:50.000,1.222800,1.223100,D
173690959,EUR/USD,2005-08-02 08:55:51.000,1.222900,1.223200,D
173690963,EUR/USD,2005-08-02 08:55:51.000,1.222800,1.223100,D
173690976,EUR/USD,2005-08-02 08:55:53.000,1.222900,1.223200,D
173690993,EUR/USD,2005-08-02 08:55:56.000,1.223000,1.223300,D
173691013,EUR/USD,2005-08-02 08:55:57.000,1.223100,1.223400,D
173691040,EUR/USD,2005-08-02 08:56:00.000,1.223200,1.223500,D
173691051,EUR/USD,2005-08-02 08:56:02.000,1.223300,1.223600,D
173691065,EUR/USD,2005-08-02 08:56:05.000,1.223400,1.223700,D
173691095,EUR/USD,2005-08-02 08:56:08.000,1.223500,1.223800,D
173691145,EUR/USD,2005-08-02 08:56:14.000,1.223300,1.223600,D
173691165,EUR/USD,2005-08-02 08:56:16.000,1.223200,1.223500,D
173691184,EUR/USD,2005-08-02 08:56:18.000,1.223100,1.223400,D
173691200,EUR/USD,2005-08-02 08:56:20.000,1.223000,1.223300,D
173691218,EUR/USD,2005-08-02 08:56:21.000,1.222900,1.223200,D
173691226,EUR/USD,2005-08-02 08:56:22.000,1.223000,1.223300,D
173691235,EUR/USD,2005-08-02 08:56:23.000,1.222900,1.223200,D
173691239,EUR/USD,2005-08-02 08:56:23.000,1.222800,1.223100,D
173691254,EUR/USD,2005-08-02 08:56:25.000,1.222900,1.223200,D
173691274,EUR/USD,2005-08-02 08:56:26.000,1.223000,1.223300,D
173691283,EUR/USD,2005-08-02 08:56:27.000,1.223100,1.223400,D
173691288,EUR/USD,2005-08-02 08:56:28.000,1.223200,1.223500,D
173691304,EUR/USD,2005-08-02 08:56:29.000,1.223300,1.223600,D
173691308,EUR/USD,2005-08-02 08:56:30.000,1.223400,1.223700,D
173691313,EUR/USD,2005-08-02 08:56:30.000,1.223300,1.223600,D
173691326,EUR/USD,2005-08-02 08:56:32.000,1.223400,1.223700,D
173691341,EUR/USD,2005-08-02 08:56:33.000,1.223500,1.223800,D
173691350,EUR/USD,2005-08-02 08:56:34.000,1.223400,1.223700,D
173691355,EUR/USD,2005-08-02 08:56:34.000,1.223500,1.223800,D
173691371,EUR/USD,2005-08-02 08:56:35.000,1.223600,1.223900,D
173691385,EUR/USD,2005-08-02 08:56:37.000,1.223500,1.223800,D
173691401,EUR/USD,2005-08-02 08:56:39.000,1.223600,1.223900,D
173691412,EUR/USD,2005-08-02 08:56:40.000,1.223500,1.223800,D
173691424,EUR/USD,2005-08-02 08:56:40.000,1.223400,1.223700,D
173691438,EUR/USD,2005-08-02 08:56:41.000,1.223500,1.223800,D
173691444,EUR/USD,2005-08-02 08:56:42.000,1.223300,1.223600,D
173691468,EUR/USD,2005-08-02 08:56:46.000,1.223400,1.223700,D
173691481,EUR/USD,2005-08-02 08:56:48.000,1.223500,1.223800,D
173691503,EUR/USD,2005-08-02 08:56:50.000,1.223600,1.223900,D
173691523,EUR/USD,2005-08-02 08:56:52.000,1.223700,1.224000,D
173691542,EUR/USD,2005-08-02 08:56:54.000,1.223800,1.224100,D
173691561,EUR/USD,2005-08-02 08:56:55.000,1.223700,1.224000,D
173691568,EUR/USD,2005-08-02 08:56:55.000,1.223800,1.224100,D
173691585,EUR/USD,2005-08-02 08:56:57.000,1.223700,1.224000,D
173691587,EUR/USD,2005-08-02 08:56:58.000,1.223800,1.224100,D
173691601,EUR/USD,2005-08-02 08:56:59.000,1.223700,1.224000,D
173691617,EUR/USD,2005-08-02 08:57:01.000,1.223600,1.223900,D
173691636,EUR/USD,2005-08-02 08:57:03.000,1.223500,1.223800,D
173691652,EUR/USD,2005-08-02 08:57:05.000,1.223400,1.223700,D
173691673,EUR/USD,2005-08-02 08:57:07.000,1.223500,1.223800,D
173691702,EUR/USD,2005-08-02 08:57:13.000,1.223600,1.223900,D
173691721,EUR/USD,2005-08-02 08:57:15.000,1.223500,1.223800,D
173691725,EUR/USD,2005-08-02 08:57:15.000,1.223600,1.223900,D
173691727,EUR/USD,2005-08-02 08:57:16.000,1.223500,1.223800,D
173691734,EUR/USD,2005-08-02 08:57:17.000,1.223400,1.223700,D
173691740,EUR/USD,2005-08-02 08:57:18.000,1.223300,1.223600,D
173691746,EUR/USD,2005-08-02 08:57:19.000,1.223400,1.223700,D
173691749,EUR/USD,2005-08-02 08:57:19.000,1.223300,1.223600,D
173691761,EUR/USD,2005-08-02 08:57:20.000,1.223200,1.223500,D
173691776,EUR/USD,2005-08-02 08:57:22.000,1.223300,1.223600,D
173691797,EUR/USD,2005-08-02 08:57:24.000,1.223200,1.223500,D
173691814,EUR/USD,2005-08-02 08:57:24.000,1.223300,1.223600,D
173691820,EUR/USD,2005-08-02 08:57:25.000,1.223200,1.223500,D
173691837,EUR/USD,2005-08-02 08:57:26.000,1.223100,1.223400,D
173691876,EUR/USD,2005-08-02 08:57:32.000,1.223200,1.223500,D
173691885,EUR/USD,2005-08-02 08:57:33.000,1.223300,1.223600,D
173691915,EUR/USD,2005-08-02 08:57:37.000,1.223400,1.223700,D
173691943,EUR/USD,2005-08-02 08:57:39.000,1.223500,1.223800,D
173691964,EUR/USD,2005-08-02 08:57:42.000,1.223400,1.223700,D
173691981,EUR/USD,2005-08-02 08:57:44.000,1.223300,1.223600,D
173692016,EUR/USD,2005-08-02 08:57:48.000,1.223200,1.223500,D
173692034,EUR/USD,2005-08-02 08:57:52.000,1.223100,1.223400,D
173692043,EUR/USD,2005-08-02 08:57:53.000,1.223000,1.223300,D
173692045,EUR/USD,2005-08-02 08:57:53.000,1.222900,1.223200,D
173692119,EUR/USD,2005-08-02 08:57:59.000,1.223000,1.223300,D
173692132,EUR/USD,2005-08-02 08:58:00.000,1.223100,1.223400,D
173692150,EUR/USD,2005-08-02 08:58:02.000,1.223200,1.223500,D
173692168,EUR/USD,2005-08-02 08:58:04.000,1.223300,1.223600,D
173692182,EUR/USD,2005-08-02 08:58:05.000,1.223200,1.223500,D
173692185,EUR/USD,2005-08-02 08:58:05.000,1.223300,1.223600,D
173692206,EUR/USD,2005-08-02 08:58:09.000,1.223400,1.223700,D
173692224,EUR/USD,2005-08-02 08:58:13.000,1.223300,1.223600,D
173692239,EUR/USD,2005-08-02 08:58:15.000,1.223200,1.223500,D
173692252,EUR/USD,2005-08-02 08:58:18.000,1.223100,1.223400,D
173692260,EUR/USD,2005-08-02 08:58:19.000,1.223000,1.223300,D
173692267,EUR/USD,2005-08-02 08:58:20.000,1.223100,1.223400,D
173692293,EUR/USD,2005-08-02 08:58:22.000,1.223000,1.223300,D
173692299,EUR/USD,2005-08-02 08:58:22.000,1.223200,1.223500,D
173692331,EUR/USD,2005-08-02 08:58:28.000,1.223300,1.223600,D
173692340,EUR/USD,2005-08-02 08:58:30.000,1.223400,1.223700,D
173692355,EUR/USD,2005-08-02 08:58:34.000,1.223300,1.223600,D
173692381,EUR/USD,2005-08-02 08:58:37.000,1.223200,1.223500,D
173692400,EUR/USD,2005-08-02 08:58:39.000,1.223100,1.223400,D
173692434,EUR/USD,2005-08-02 08:58:46.000,1.223000,1.223300,D
173692439,EUR/USD,2005-08-02 08:58:47.000,1.223100,1.223400,D
173692459,EUR/USD,2005-08-02 08:58:54.000,1.223200,1.223500,D
173692476,EUR/USD,2005-08-02 08:58:57.000,1.223300,1.223600,D
173692516,EUR/USD,2005-08-02 08:59:03.000,1.223400,1.223700,D
173692525,EUR/USD,2005-08-02 08:59:05.000,1.223200,1.223500,D
173692530,EUR/USD,2005-08-02 08:59:07.000,1.223300,1.223600,D
173692545,EUR/USD,2005-08-02 08:59:08.000,1.223200,1.223500,D
173692552,EUR/USD,2005-08-02 08:59:08.000,1.223100,1.223400,D
173692567,EUR/USD,2005-08-02 08:59:10.000,1.223000,1.223300,D
173692587,EUR/USD,2005-08-02 08:59:12.000,1.222900,1.223200,D
173692601,EUR/USD,2005-08-02 08:59:13.000,1.222800,1.223100,D
173692612,EUR/USD,2005-08-02 08:59:16.000,1.222700,1.223000,D
173692631,EUR/USD,2005-08-02 08:59:18.000,1.222600,1.222900,D
173692651,EUR/USD,2005-08-02 08:59:21.000,1.222500,1.222800,D
173692669,EUR/USD,2005-08-02 08:59:23.000,1.222400,1.222700,D
173692680,EUR/USD,2005-08-02 08:59:25.000,1.222600,1.222900,D
173692728,EUR/USD,2005-08-02 08:59:29.000,1.222700,1.223000,D
173692732,EUR/USD,2005-08-02 08:59:30.000,1.222800,1.223100,D
173692742,EUR/USD,2005-08-02 08:59:30.000,1.222700,1.223000,D
173692755,EUR/USD,2005-08-02 08:59:31.000,1.222800,1.223100,D
173692773,EUR/USD,2005-08-02 08:59:33.000,1.222900,1.223200,D
173692801,EUR/USD,2005-08-02 08:59:38.000,1.223000,1.223300,D
173692856,EUR/USD,2005-08-02 08:59:46.000,1.223100,1.223400,D
173692876,EUR/USD,2005-08-02 08:59:50.000,1.223200,1.223500,D
173692886,EUR/USD,2005-08-02 08:59:51.000,1.223300,1.223600,D
173692912,EUR/USD,2005-08-02 08:59:56.000,1.223200,1.223500,D
173692926,EUR/USD,2005-08-02 08:59:57.000,1.223100,1.223400,D
173692933,EUR/USD,2005-08-02 08:59:58.000,1.223000,1.223300,D
173692949,EUR/USD,2005-08-02 09:00:01.000,1.223100,1.223400,D
173692953,EUR/USD,2005-08-02 09:00:01.000,1.223000,1.223300,D
173692970,EUR/USD,2005-08-02 09:00:03.000,1.222900,1.223200,D
173692988,EUR/USD,2005-08-02 09:00:06.000,1.222800,1.223100,D
173692998,EUR/USD,2005-08-02 09:00:07.000,1.222900,1.223200,D
173693010,EUR/USD,2005-08-02 09:00:08.000,1.222800,1.223100,D
173693032,EUR/USD,2005-08-02 09:00:10.000,1.222900,1.223200,D
173693046,EUR/USD,2005-08-02 09:00:12.000,1.223000,1.223300,D
173693065,EUR/USD,2005-08-02 09:00:14.000,1.223100,1.223400,D
173693073,EUR/USD,2005-08-02 09:00:15.000,1.223000,1.223300,D
173693106,EUR/USD,2005-08-02 09:00:21.000,1.223100,1.223400,D
173693120,EUR/USD,2005-08-02 09:00:23.000,1.223200,1.223500,D
173693126,EUR/USD,2005-08-02 09:00:25.000,1.223100,1.223400,D
173693133,EUR/USD,2005-08-02 09:00:26.000,1.223200,1.223500,D
173693148,EUR/USD,2005-08-02 09:00:27.000,1.223100,1.223400,D
173693160,EUR/USD,2005-08-02 09:00:30.000,1.223000,1.223300,D
173693164,EUR/USD,2005-08-02 09:00:30.000,1.223100,1.223400,D
173693168,EUR/USD,2005-08-02 09:00:31.000,1.223000,1.223300,D
173693175,EUR/USD,2005-08-02 09:00:32.000,1.223100,1.223400,D
173693181,EUR/USD,2005-08-02 09:00:33.000,1.223000,1.223300,D
173693190,EUR/USD,2005-08-02 09:00:34.000,1.222900,1.223200,D
173693198,EUR/USD,2005-08-02 09:00:37.000,1.222800,1.223100,D
173693206,EUR/USD,2005-08-02 09:00:38.000,1.222900,1.223200,D
173693208,EUR/USD,2005-08-02 09:00:38.000,1.222800,1.223100,D
173693214,EUR/USD,2005-08-02 09:00:38.000,1.222700,1.223000,D
173693236,EUR/USD,2005-08-02 09:00:41.000,1.222600,1.222900,D
173693252,EUR/USD,2005-08-02 09:00:43.000,1.222700,1.223000,D
173693260,EUR/USD,2005-08-02 09:00:44.000,1.222800,1.223100,D
173693272,EUR/USD,2005-08-02 09:00:45.000,1.222900,1.223200,D
173693275,EUR/USD,2005-08-02 09:00:45.000,1.222800,1.223100,D
173693315,EUR/USD,2005-08-02 09:00:52.000,1.222900,1.223200,D
173693330,EUR/USD,2005-08-02 09:00:55.000,1.223000,1.223300,D
173693346,EUR/USD,2005-08-02 09:00:57.000,1.223100,1.223400,D
173693377,EUR/USD,2005-08-02 09:01:00.000,1.223000,1.223300,D
173693387,EUR/USD,2005-08-02 09:01:03.000,1.222900,1.223200,D
173693403,EUR/USD,2005-08-02 09:01:10.000,1.222800,1.223100,D
173693428,EUR/USD,2005-08-02 09:01:16.000,1.222700,1.223000,D
173693432,EUR/USD,2005-08-02 09:01:18.000,1.222800,1.223100,D
173693439,EUR/USD,2005-08-02 09:01:19.000,1.222700,1.223000,D
173693456,EUR/USD,2005-08-02 09:01:21.000,1.222600,1.222900,D
173693462,EUR/USD,2005-08-02 09:01:21.000,1.222500,1.222800,D
173693482,EUR/USD,2005-08-02 09:01:24.000,1.222400,1.222700,D
173693495,EUR/USD,2005-08-02 09:01:25.000,1.222300,1.222600,D
173693502,EUR/USD,2005-08-02 09:01:26.000,1.222400,1.222700,D
173693539,EUR/USD,2005-08-02 09:01:32.000,1.222500,1.222800,D
173693550,EUR/USD,2005-08-02 09:01:34.000,1.222600,1.222900,D
173693584,EUR/USD,2005-08-02 09:01:38.000,1.222700,1.223000,D
173693593,EUR/USD,2005-08-02 09:01:40.000,1.222800,1.223100,D
173693613,EUR/USD,2005-08-02 09:01:43.000,1.222900,1.223200,D
173693640,EUR/USD,2005-08-02 09:01:46.000,1.222800,1.223100,D
173693651,EUR/USD,2005-08-02 09:01:47.000,1.222700,1.223000,D
173693677,EUR/USD,2005-08-02 09:01:50.000,1.222800,1.223100,D
173693693,EUR/USD,2005-08-02 09:01:53.000,1.222900,1.223200,D
173693717,EUR/USD,2005-08-02 09:01:58.000,1.223000,1.223300,D
173693733,EUR/USD,2005-08-02 09:02:03.000,1.223100,1.223400,D
173693758,EUR/USD,2005-08-02 09:02:06.000,1.223000,1.223300,D
173693784,EUR/USD,2005-08-02 09:02:09.000,1.222900,1.223200,D
173693805,EUR/USD,2005-08-02 09:02:13.000,1.222800,1.223100,D
173693828,EUR/USD,2005-08-02 09:02:16.000,1.222900,1.223200,D
173693866,EUR/USD,2005-08-02 09:02:21.000,1.222800,1.223100,D
173693878,EUR/USD,2005-08-02 09:02:23.000,1.222700,1.223000,D
173693882,EUR/USD,2005-08-02 09:02:24.000,1.222800,1.223100,D
173693897,EUR/USD,2005-08-02 09:02:26.000,1.222700,1.223000,D
173693927,EUR/USD,2005-08-02 09:02:33.000,1.222800,1.223100,D
173693939,EUR/USD,2005-08-02 09:02:35.000,1.222900,1.223200,D
173693953,EUR/USD,2005-08-02 09:02:37.000,1.223000,1.223300,D
173693969,EUR/USD,2005-08-02 09:02:39.000,1.223100,1.223400,D
173693988,EUR/USD,2005-08-02 09:02:43.000,1.223000,1.223300,D
173694000,EUR/USD,2005-08-02 09:02:44.000,1.223200,1.223500,D
173694013,EUR/USD,2005-08-02 09:02:45.000,1.223000,1.223300,D
173694021,EUR/USD,2005-08-02 09:02:46.000,1.223100,1.223400,D
173694037,EUR/USD,2005-08-02 09:02:48.000,1.223000,1.223300,D
173694047,EUR/USD,2005-08-02 09:02:50.000,1.222900,1.223200,D
173694069,EUR/USD,2005-08-02 09:02:53.000,1.222800,1.223100,D
173694087,EUR/USD,2005-08-02 09:02:55.000,1.222700,1.223000,D
173694100,EUR/USD,2005-08-02 09:02:58.000,1.222800,1.223100,D
173694104,EUR/USD,2005-08-02 09:02:58.000,1.222700,1.223000,D
173694118,EUR/USD,2005-08-02 09:03:01.000,1.222800,1.223100,D
173694126,EUR/USD,2005-08-02 09:03:02.000,1.222900,1.223200,D
173694140,EUR/USD,2005-08-02 09:03:05.000,1.223000,1.223300,D
173694151,EUR/USD,2005-08-02 09:03:06.000,1.223100,1.223400,D
173694165,EUR/USD,2005-08-02 09:03:07.000,1.223000,1.223300,D
173694177,EUR/USD,2005-08-02 09:03:09.000,1.223100,1.223400,D
173694197,EUR/USD,2005-08-02 09:03:12.000,1.223000,1.223300,D
173694207,EUR/USD,2005-08-02 09:03:15.000,1.222900,1.223200,D
173694219,EUR/USD,2005-08-02 09:03:18.000,1.222800,1.223100,D
173694226,EUR/USD,2005-08-02 09:03:19.000,1.222900,1.223200,D
173694249,EUR/USD,2005-08-02 09:03:23.000,1.223000,1.223300,D
173694265,EUR/USD,2005-08-02 09:03:28.000,1.222900,1.223200,D
173694271,EUR/USD,2005-08-02 09:03:32.000,1.222800,1.223100,D
173694298,EUR/USD,2005-08-02 09:03:41.000,1.222700,1.223000,D
173694302,EUR/USD,2005-08-02 09:03:42.000,1.222800,1.223100,D
173694305,EUR/USD,2005-08-02 09:03:42.000,1.222900,1.223200,D
173694317,EUR/USD,2005-08-02 09:03:43.000,1.223000,1.223300,D
173694327,EUR/USD,2005-08-02 09:03:45.000,1.223100,1.223400,D
173694332,EUR/USD,2005-08-02 09:03:46.000,1.222900,1.223200,D
173694348,EUR/USD,2005-08-02 09:03:48.000,1.223000,1.223300,D
173694363,EUR/USD,2005-08-02 09:03:54.000,1.222900,1.223200,D
173694408,EUR/USD,2005-08-02 09:04:05.000,1.222800,1.223100,D
173694410,EUR/USD,2005-08-02 09:04:07.000,1.222900,1.223200,D
173694421,EUR/USD,2005-08-02 09:04:11.000,1.222800,1.223100,D
173694426,EUR/USD,2005-08-02 09:04:12.000,1.222900,1.223200,D
173694451,EUR/USD,2005-08-02 09:04:15.000,1.222800,1.223100,D
173694467,EUR/USD,2005-08-02 09:04:17.000,1.222700,1.223000,D
173694496,EUR/USD,2005-08-02 09:04:20.000,1.222600,1.222900,D
173694497,EUR/USD,2005-08-02 09:04:21.000,1.222700,1.223000,D
173694505,EUR/USD,2005-08-02 09:04:22.000,1.222600,1.222900,D
173694522,EUR/USD,2005-08-02 09:04:25.000,1.222500,1.222800,D
173694541,EUR/USD,2005-08-02 09:04:27.000,1.222400,1.222700,D
173694553,EUR/USD,2005-08-02 09:04:29.000,1.222300,1.222600,D
173694560,EUR/USD,2005-08-02 09:04:30.000,1.222200,1.222500,D
173694607,EUR/USD,2005-08-02 09:04:35.000,1.222300,1.222600,D
173694621,EUR/USD,2005-08-02 09:04:37.000,1.222400,1.222700,D
173694647,EUR/USD,2005-08-02 09:04:40.000,1.222500,1.222800,D
173694666,EUR/USD,2005-08-02 09:04:43.000,1.222600,1.222900,D
173694681,EUR/USD,2005-08-02 09:04:44.000,1.222500,1.222800,D
173694712,EUR/USD,2005-08-02 09:04:50.000,1.222400,1.222700,D
173694723,EUR/USD,2005-08-02 09:04:52.000,1.222300,1.222600,D
173694733,EUR/USD,2005-08-02 09:04:54.000,1.222200,1.222500,D
173694739,EUR/USD,2005-08-02 09:04:55.000,1.222300,1.222600,D
173694746,EUR/USD,2005-08-02 09:04:56.000,1.222200,1.222500,D
173694751,EUR/USD,2005-08-02 09:04:57.000,1.222100,1.222400,D
173694765,EUR/USD,2005-08-02 09:04:59.000,1.222000,1.222300,D
173694774,EUR/USD,2005-08-02 09:05:00.000,1.221900,1.222200,D
173694784,EUR/USD,2005-08-02 09:05:01.000,1.222000,1.222300,D
173694788,EUR/USD,2005-08-02 09:05:02.000,1.221900,1.222200,D
173694790,EUR/USD,2005-08-02 09:05:02.000,1.221900,1.222000,D
173694793,EUR/USD,2005-08-02 09:05:02.000,1.221600,1.221900,D
173694812,EUR/USD,2005-08-02 09:05:03.000,1.221700,1.222000,D
173694819,EUR/USD,2005-08-02 09:05:04.000,1.221600,1.221900,D
173694826,EUR/USD,2005-08-02 09:05:04.000,1.221700,1.222000,D
173694850,EUR/USD,2005-08-02 09:05:07.000,1.221800,1.222100,D
173694865,EUR/USD,2005-08-02 09:05:10.000,1.221900,1.222200,D
173694895,EUR/USD,2005-08-02 09:05:14.000,1.221800,1.222100,D
173694909,EUR/USD,2005-08-02 09:05:16.000,1.221900,1.222200,D
173694912,EUR/USD,2005-08-02 09:05:16.000,1.221800,1.222100,D
173694918,EUR/USD,2005-08-02 09:05:18.000,1.221900,1.222200,D
173694936,EUR/USD,2005-08-02 09:05:21.000,1.221700,1.222000,D
173694943,EUR/USD,2005-08-02 09:05:21.000,1.221800,1.222100,D
173694955,EUR/USD,2005-08-02 09:05:22.000,1.221700,1.222000,D
173695004,EUR/USD,2005-08-02 09:05:28.000,1.221600,1.221900,D
173695022,EUR/USD,2005-08-02 09:05:29.000,1.221700,1.222000,D
173695027,EUR/USD,2005-08-02 09:05:30.000,1.221800,1.222100,D
173695031,EUR/USD,2005-08-02 09:05:31.000,1.221900,1.222200,D
173695035,EUR/USD,2005-08-02 09:05:31.000,1.221800,1.222100,D
173695039,EUR/USD,2005-08-02 09:05:32.000,1.221700,1.222000,D
173695044,EUR/USD,2005-08-02 09:05:32.000,1.221800,1.222100,D
173695053,EUR/USD,2005-08-02 09:05:34.000,1.221700,1.222000,D
173695073,EUR/USD,2005-08-02 09:05:36.000,1.221600,1.221900,D
173695077,EUR/USD,2005-08-02 09:05:37.000,1.221700,1.222000,D
173695083,EUR/USD,2005-08-02 09:05:38.000,1.221600,1.221900,D
173695093,EUR/USD,2005-08-02 09:05:39.000,1.221500,1.221800,D
173695108,EUR/USD,2005-08-02 09:05:40.000,1.221600,1.221900,D
173695126,EUR/USD,2005-08-02 09:05:44.000,1.221700,1.222000,D
173695167,EUR/USD,2005-08-02 09:05:50.000,1.221600,1.221900,D
173695190,EUR/USD,2005-08-02 09:05:53.000,1.221700,1.222000,D
173695214,EUR/USD,2005-08-02 09:05:55.000,1.221600,1.221900,D
173695238,EUR/USD,2005-08-02 09:05:59.000,1.221400,1.221700,D
173695244,EUR/USD,2005-08-02 09:06:00.000,1.221500,1.221800,D
173695263,EUR/USD,2005-08-02 09:06:02.000,1.221400,1.221700,D
173695273,EUR/USD,2005-08-02 09:06:03.000,1.221300,1.221600,D
173695283,EUR/USD,2005-08-02 09:06:04.000,1.221200,1.221500,D
173695292,EUR/USD,2005-08-02 09:06:05.000,1.221300,1.221600,D
173695313,EUR/USD,2005-08-02 09:06:08.000,1.221400,1.221700,D
173695339,EUR/USD,2005-08-02 09:06:12.000,1.221500,1.221800,D
173695368,EUR/USD,2005-08-02 09:06:17.000,1.221600,1.221900,D
173695405,EUR/USD,2005-08-02 09:06:22.000,1.221700,1.222000,D
173695417,EUR/USD,2005-08-02 09:06:24.000,1.221600,1.221900,D
173695440,EUR/USD,2005-08-02 09:06:27.000,1.221700,1.222000,D
173695454,EUR/USD,2005-08-02 09:06:29.000,1.221600,1.221900,D
173695460,EUR/USD,2005-08-02 09:06:30.000,1.221700,1.222000,D
173695478,EUR/USD,2005-08-02 09:06:32.000,1.221600,1.221900,D
173695500,EUR/USD,2005-08-02 09:06:35.000,1.221500,1.221800,D
173695528,EUR/USD,2005-08-02 09:06:39.000,1.221400,1.221700,D
173695538,EUR/USD,2005-08-02 09:06:41.000,1.221300,1.221600,D
173695549,EUR/USD,2005-08-02 09:06:44.000,1.221400,1.221700,D
173695554,EUR/USD,2005-08-02 09:06:45.000,1.221300,1.221600,D
173695567,EUR/USD,2005-08-02 09:06:46.000,1.221400,1.221700,D
173695573,EUR/USD,2005-08-02 09:06:47.000,1.221300,1.221600,D
173695588,EUR/USD,2005-08-02 09:06:48.000,1.221400,1.221700,D
173695599,EUR/USD,2005-08-02 09:06:48.000,1.221300,1.221600,D
173695605,EUR/USD,2005-08-02 09:06:49.000,1.221400,1.221700,D
173695635,EUR/USD,2005-08-02 09:06:50.000,1.221300,1.221600,D
173695649,EUR/USD,2005-08-02 09:06:51.000,1.221400,1.221700,D
173695707,EUR/USD,2005-08-02 09:06:58.000,1.221500,1.221800,D
173695720,EUR/USD,2005-08-02 09:07:03.000,1.221600,1.221900,D
173695737,EUR/USD,2005-08-02 09:07:05.000,1.221700,1.222000,D
173695771,EUR/USD,2005-08-02 09:07:09.000,1.221800,1.222100,D
173695782,EUR/USD,2005-08-02 09:07:11.000,1.221900,1.222200,D
173695794,EUR/USD,2005-08-02 09:07:12.000,1.221800,1.222100,D
173695799,EUR/USD,2005-08-02 09:07:12.000,1.221900,1.222200,D
173695808,EUR/USD,2005-08-02 09:07:13.000,1.221800,1.222100,D
173695847,EUR/USD,2005-08-02 09:07:19.000,1.221900,1.222200,D
173695851,EUR/USD,2005-08-02 09:07:20.000,1.221800,1.222100,D
173695860,EUR/USD,2005-08-02 09:07:22.000,1.221900,1.222200,D
173695876,EUR/USD,2005-08-02 09:07:25.000,1.222000,1.222300,D
173695888,EUR/USD,2005-08-02 09:07:27.000,1.221900,1.222200,D
173695892,EUR/USD,2005-08-02 09:07:28.000,1.222000,1.222300,D
173695922,EUR/USD,2005-08-02 09:07:32.000,1.222100,1.222400,D
173695935,EUR/USD,2005-08-02 09:07:34.000,1.222000,1.222300,D
173695961,EUR/USD,2005-08-02 09:07:37.000,1.221900,1.222200,D
173695980,EUR/USD,2005-08-02 09:07:40.000,1.221800,1.222100,D
173695990,EUR/USD,2005-08-02 09:07:42.000,1.221900,1.222200,D
173696003,EUR/USD,2005-08-02 09:07:46.000,1.222000,1.222300,D
173696018,EUR/USD,2005-08-02 09:07:49.000,1.222100,1.222400,D
173696022,EUR/USD,2005-08-02 09:07:49.000,1.222000,1.222300,D
173696025,EUR/USD,2005-08-02 09:07:51.000,1.222100,1.222400,D
173696061,EUR/USD,2005-08-02 09:08:00.000,1.222000,1.222300,D
173696066,EUR/USD,2005-08-02 09:08:00.000,1.222100,1.222400,D
173696086,EUR/USD,2005-08-02 09:08:05.000,1.222000,1.222300,D
173696087,EUR/USD,2005-08-02 09:08:05.000,1.222100,1.222400,D
173696089,EUR/USD,2005-08-02 09:08:06.000,1.222000,1.222300,D
173696095,EUR/USD,2005-08-02 09:08:06.000,1.222100,1.222400,D
173696109,EUR/USD,2005-08-02 09:08:10.000,1.222200,1.222500,D
173696111,EUR/USD,2005-08-02 09:08:10.000,1.222100,1.222400,D
173696130,EUR/USD,2005-08-02 09:08:18.000,1.222200,1.222500,D
173696143,EUR/USD,2005-08-02 09:08:22.000,1.222300,1.222600,D
173696174,EUR/USD,2005-08-02 09:08:25.000,1.222200,1.222500,D
173696196,EUR/USD,2005-08-02 09:08:27.000,1.222300,1.222600,D
173696202,EUR/USD,2005-08-02 09:08:28.000,1.222400,1.222700,D
173696215,EUR/USD,2005-08-02 09:08:29.000,1.222300,1.222600,D
173696242,EUR/USD,2005-08-02 09:08:31.000,1.222400,1.222700,D
173696252,EUR/USD,2005-08-02 09:08:33.000,1.222300,1.222600,D
173696257,EUR/USD,2005-08-02 09:08:34.000,1.222400,1.222700,D
173696291,EUR/USD,2005-08-02 09:08:42.000,1.222500,1.222800,D
173696306,EUR/USD,2005-08-02 09:08:45.000,1.222600,1.222900,D
173696311,EUR/USD,2005-08-02 09:08:45.000,1.222500,1.222800,D
173696321,EUR/USD,2005-08-02 09:08:50.000,1.222600,1.222900,D
173696338,EUR/USD,2005-08-02 09:08:52.000,1.222500,1.222800,D
173696362,EUR/USD,2005-08-02 09:08:56.000,1.222400,1.222700,D
173696376,EUR/USD,2005-08-02 09:09:02.000,1.222500,1.222800,D
173696383,EUR/USD,2005-08-02 09:09:03.000,1.222400,1.222700,D
173696411,EUR/USD,2005-08-02 09:09:14.000,1.222300,1.222600,D
173696419,EUR/USD,2005-08-02 09:09:15.000,1.222400,1.222700,D
173696432,EUR/USD,2005-08-02 09:09:17.000,1.222500,1.222800,D
173696438,EUR/USD,2005-08-02 09:09:18.000,1.222400,1.222700,D
173696442,EUR/USD,2005-08-02 09:09:20.000,1.222500,1.222800,D
173696455,EUR/USD,2005-08-02 09:09:23.000,1.222600,1.222900,D
173696472,EUR/USD,2005-08-02 09:09:26.000,1.222700,1.223000,D
173696497,EUR/USD,2005-08-02 09:09:30.000,1.222600,1.222900,D
173696503,EUR/USD,2005-08-02 09:09:30.000,1.222700,1.223000,D
173696506,EUR/USD,2005-08-02 09:09:31.000,1.222800,1.223100,D
173696526,EUR/USD,2005-08-02 09:09:33.000,1.222900,1.223200,D
173696533,EUR/USD,2005-08-02 09:09:34.000,1.223000,1.223300,D
173696551,EUR/USD,2005-08-02 09:09:36.000,1.223100,1.223400,D
173696577,EUR/USD,2005-08-02 09:09:38.000,1.223000,1.223300,D
173696587,EUR/USD,2005-08-02 09:09:38.000,1.223100,1.223400,D
173696624,EUR/USD,2005-08-02 09:09:43.000,1.223000,1.223300,D
173696628,EUR/USD,2005-08-02 09:09:44.000,1.223100,1.223400,D
173696669,EUR/USD,2005-08-02 09:09:54.000,1.223200,1.223500,D
173696701,EUR/USD,2005-08-02 09:09:59.000,1.223100,1.223400,D
173696725,EUR/USD,2005-08-02 09:10:03.000,1.223000,1.223300,D
173696727,EUR/USD,2005-08-02 09:10:03.000,1.223100,1.223400,D
173696735,EUR/USD,2005-08-02 09:10:04.000,1.223000,1.223300,D
173696760,EUR/USD,2005-08-02 09:10:09.000,1.222900,1.223200,D
173696790,EUR/USD,2005-08-02 09:10:14.000,1.222800,1.223100,D
173696797,EUR/USD,2005-08-02 09:10:14.000,1.222900,1.223200,D
173696803,EUR/USD,2005-08-02 09:10:15.000,1.222800,1.223100,D
173696829,EUR/USD,2005-08-02 09:10:18.000,1.222900,1.223200,D
173696833,EUR/USD,2005-08-02 09:10:19.000,1.222800,1.223100,D
173696845,EUR/USD,2005-08-02 09:10:20.000,1.222900,1.223200,D
173696850,EUR/USD,2005-08-02 09:10:20.000,1.223000,1.223300,D
173696881,EUR/USD,2005-08-02 09:10:24.000,1.223100,1.223400,D
173696890,EUR/USD,2005-08-02 09:10:25.000,1.223000,1.223300,D
173696921,EUR/USD,2005-08-02 09:10:30.000,1.223100,1.223400,D
173696938,EUR/USD,2005-08-02 09:10:32.000,1.223000,1.223300,D
173696946,EUR/USD,2005-08-02 09:10:32.000,1.223100,1.223400,D
173696949,EUR/USD,2005-08-02 09:10:32.000,1.223200,1.223500,D
173696970,EUR/USD,2005-08-02 09:10:33.000,1.223100,1.223400,D
173696978,EUR/USD,2005-08-02 09:10:34.000,1.223000,1.223300,D
173696985,EUR/USD,2005-08-02 09:10:35.000,1.223200,1.223500,D
173696999,EUR/USD,2005-08-02 09:10:36.000,1.223000,1.223300,D
173697012,EUR/USD,2005-08-02 09:10:37.000,1.223100,1.223400,D
173697026,EUR/USD,2005-08-02 09:10:40.000,1.223000,1.223300,D
173697037,EUR/USD,2005-08-02 09:10:44.000,1.222900,1.223200,D
173697067,EUR/USD,2005-08-02 09:10:47.000,1.222800,1.223100,D
173697075,EUR/USD,2005-08-02 09:10:48.000,1.222700,1.223000,D
173697083,EUR/USD,2005-08-02 09:10:50.000,1.222600,1.222900,D
173697101,EUR/USD,2005-08-02 09:10:53.000,1.222500,1.222800,D
173697132,EUR/USD,2005-08-02 09:10:55.000,1.222400,1.222700,D
173697149,EUR/USD,2005-08-02 09:10:58.000,1.222300,1.222600,D
173697193,EUR/USD,2005-08-02 09:11:02.000,1.222200,1.222500,D
173697199,EUR/USD,2005-08-02 09:11:02.000,1.222300,1.222600,D
173697211,EUR/USD,2005-08-02 09:11:04.000,1.222400,1.222700,D
173697244,EUR/USD,2005-08-02 09:11:07.000,1.222300,1.222600,D
173697262,EUR/USD,2005-08-02 09:11:10.000,1.222200,1.222500,D
173697270,EUR/USD,2005-08-02 09:11:11.000,1.222300,1.222600,D
173697284,EUR/USD,2005-08-02 09:11:15.000,1.222400,1.222700,D
173697291,EUR/USD,2005-08-02 09:11:16.000,1.222300,1.222600,D
173697304,EUR/USD,2005-08-02 09:11:19.000,1.222400,1.222700,D
173697311,EUR/USD,2005-08-02 09:11:20.000,1.222300,1.222600,D
173697315,EUR/USD,2005-08-02 09:11:21.000,1.222400,1.222700,D
173697344,EUR/USD,2005-08-02 09:11:27.000,1.222300,1.222600,D
173697365,EUR/USD,2005-08-02 09:11:30.000,1.222200,1.222500,D
173697389,EUR/USD,2005-08-02 09:11:34.000,1.222300,1.222600,D
173697405,EUR/USD,2005-08-02 09:11:37.000,1.222400,1.222700,D
173697422,EUR/USD,2005-08-02 09:11:39.000,1.222500,1.222800,D
173697454,EUR/USD,2005-08-02 09:11:45.000,1.222400,1.222700,D
173697468,EUR/USD,2005-08-02 09:11:48.000,1.222500,1.222800,D
173697480,EUR/USD,2005-08-02 09:11:50.000,1.222400,1.222700,D
173697500,EUR/USD,2005-08-02 09:11:55.000,1.222500,1.222800,D
173697511,EUR/USD,2005-08-02 09:11:58.000,1.222600,1.222900,D
173697527,EUR/USD,2005-08-02 09:12:00.000,1.222700,1.223000,D
173697555,EUR/USD,2005-08-02 09:12:05.000,1.222800,1.223100,D
173697564,EUR/USD,2005-08-02 09:12:06.000,1.222900,1.223200,D
173697586,EUR/USD,2005-08-02 09:12:08.000,1.222800,1.223100,D
173697593,EUR/USD,2005-08-02 09:12:09.000,1.222900,1.223200,D
173697598,EUR/USD,2005-08-02 09:12:11.000,1.222800,1.223100,D
173697606,EUR/USD,2005-08-02 09:12:13.000,1.222700,1.223000,D
173697632,EUR/USD,2005-08-02 09:12:23.000,1.222800,1.223100,D
173697642,EUR/USD,2005-08-02 09:12:26.000,1.222700,1.223000,D
173697647,EUR/USD,2005-08-02 09:12:27.000,1.222900,1.223200,D
173697653,EUR/USD,2005-08-02 09:12:27.000,1.222800,1.223100,D
173697695,EUR/USD,2005-08-02 09:12:39.000,1.222900,1.223200,D
173697702,EUR/USD,2005-08-02 09:12:40.000,1.222800,1.223100,D
173697741,EUR/USD,2005-08-02 09:12:52.000,1.222900,1.223200,D
173697758,EUR/USD,2005-08-02 09:12:55.000,1.222800,1.223100,D
173697765,EUR/USD,2005-08-02 09:12:57.000,1.222900,1.223200,D
173697768,EUR/USD,2005-08-02 09:12:57.000,1.222800,1.223100,D
173697771,EUR/USD,2005-08-02 09:12:58.000,1.222900,1.223200,D
173697783,EUR/USD,2005-08-02 09:13:03.000,1.222800,1.223100,D
173697785,EUR/USD,2005-08-02 09:13:03.000,1.222900,1.223200,D
173697815,EUR/USD,2005-08-02 09:13:13.000,1.223000,1.223300,D
173697821,EUR/USD,2005-08-02 09:13:14.000,1.222900,1.223200,D
173697828,EUR/USD,2005-08-02 09:13:16.000,1.223000,1.223300,D
173697840,EUR/USD,2005-08-02 09:13:18.000,1.222900,1.223200,D
173697857,EUR/USD,2005-08-02 09:13:26.000,1.222800,1.223100,D
173697861,EUR/USD,2005-08-02 09:13:26.000,1.222900,1.223200,D
173697865,EUR/USD,2005-08-02 09:13:27.000,1.222800,1.223100,D
173697870,EUR/USD,2005-08-02 09:13:30.000,1.222700,1.223000,D
173697882,EUR/USD,2005-08-02 09:13:34.000,1.222600,1.222900,D
173697885,EUR/USD,2005-08-02 09:13:35.000,1.222700,1.223000,D
173697901,EUR/USD,2005-08-02 09:13:39.000,1.222800,1.223100,D
173697908,EUR/USD,2005-08-02 09:13:40.000,1.222700,1.223000,D
173697915,EUR/USD,2005-08-02 09:13:41.000,1.222800,1.223100,D
173697922,EUR/USD,2005-08-02 09:13:42.000,1.222700,1.223000,D
173697924,EUR/USD,2005-08-02 09:13:49.000,1.222600,1.222900,D
173697939,EUR/USD,2005-08-02 09:13:54.000,1.222500,1.222800,D
173697943,EUR/USD,2005-08-02 09:13:55.000,1.222600,1.222900,D
173697958,EUR/USD,2005-08-02 09:13:59.000,1.222700,1.223000,D
173697963,EUR/USD,2005-08-02 09:14:00.000,1.222600,1.222900,D
173697990,EUR/USD,2005-08-02 09:14:03.000,1.222700,1.223000,D
173697998,EUR/USD,2005-08-02 09:14:06.000,1.222600,1.222900,D
173698005,EUR/USD,2005-08-02 09:14:07.000,1.222700,1.223000,D
173698010,EUR/USD,2005-08-02 09:14:10.000,1.222800,1.223100,D
173698027,EUR/USD,2005-08-02 09:14:12.000,1.222700,1.223000,D
173698038,EUR/USD,2005-08-02 09:14:14.000,1.222800,1.223100,D
173698045,EUR/USD,2005-08-02 09:14:17.000,1.222700,1.223000,D
173698068,EUR/USD,2005-08-02 09:14:30.000,1.222600,1.222900,D
173698080,EUR/USD,2005-08-02 09:14:34.000,1.222500,1.222800,D
173698105,EUR/USD,2005-08-02 09:14:44.000,1.222600,1.222900,D
173698148,EUR/USD,2005-08-02 09:14:56.000,1.222500,1.222800,D
173698154,EUR/USD,2005-08-02 09:14:56.000,1.222600,1.222900,D
173698167,EUR/USD,2005-08-02 09:14:58.000,1.222500,1.222800,D
173698202,EUR/USD,2005-08-02 09:15:10.000,1.222400,1.222700,D
173698208,EUR/USD,2005-08-02 09:15:11.000,1.222500,1.222800,D
173698226,EUR/USD,2005-08-02 09:15:14.000,1.222400,1.222700,D
173698234,EUR/USD,2005-08-02 09:15:15.000,1.222500,1.222800,D
173698255,EUR/USD,2005-08-02 09:15:19.000,1.222600,1.222900,D
173698269,EUR/USD,2005-08-02 09:15:22.000,1.222700,1.223000,D
173698281,EUR/USD,2005-08-02 09:15:27.000,1.222600,1.222900,D
173698307,EUR/USD,2005-08-02 09:15:35.000,1.222500,1.222800,D
173698335,EUR/USD,2005-08-02 09:15:37.000,1.222400,1.222700,D
173698343,EUR/USD,2005-08-02 09:15:38.000,1.222300,1.222600,D
173698349,EUR/USD,2005-08-02 09:15:39.000,1.222400,1.222700,D
173698357,EUR/USD,2005-08-02 09:15:40.000,1.222300,1.222600,D
173698370,EUR/USD,2005-08-02 09:15:43.000,1.222400,1.222700,D
173698393,EUR/USD,2005-08-02 09:15:46.000,1.222500,1.222800,D
173698431,EUR/USD,2005-08-02 09:15:55.000,1.222600,1.222900,D
173698445,EUR/USD,2005-08-02 09:15:59.000,1.222700,1.223000,D
173698483,EUR/USD,2005-08-02 09:16:07.000,1.222600,1.222900,D
173698488,EUR/USD,2005-08-02 09:16:08.000,1.222700,1.223000,D
173698492,EUR/USD,2005-08-02 09:16:08.000,1.222600,1.222900,D
173698501,EUR/USD,2005-08-02 09:16:10.000,1.222500,1.222800,D
173698505,EUR/USD,2005-08-02 09:16:11.000,1.222600,1.222900,D
173698524,EUR/USD,2005-08-02 09:16:15.000,1.222700,1.223000,D
173698534,EUR/USD,2005-08-02 09:16:17.000,1.222800,1.223100,D
173698538,EUR/USD,2005-08-02 09:16:17.000,1.222700,1.223000,D
173698542,EUR/USD,2005-08-02 09:16:18.000,1.222800,1.223100,D
173698546,EUR/USD,2005-08-02 09:16:19.000,1.222700,1.223000,D
173698562,EUR/USD,2005-08-02 09:16:22.000,1.222600,1.222900,D
173698567,EUR/USD,2005-08-02 09:16:23.000,1.222700,1.223000,D
173698578,EUR/USD,2005-08-02 09:16:26.000,1.222600,1.222900,D
173698582,EUR/USD,2005-08-02 09:16:29.000,1.222500,1.222800,D
173698587,EUR/USD,2005-08-02 09:16:30.000,1.222600,1.222900,D
173698596,EUR/USD,2005-08-02 09:16:32.000,1.222500,1.222800,D
173698620,EUR/USD,2005-08-02 09:16:38.000,1.222400,1.222700,D
173698635,EUR/USD,2005-08-02 09:16:42.000,1.222500,1.222800,D
173698637,EUR/USD,2005-08-02 09:16:42.000,1.222400,1.222700,D
173698644,EUR/USD,2005-08-02 09:16:43.000,1.222500,1.222800,D
173698663,EUR/USD,2005-08-02 09:16:52.000,1.222600,1.222900,D
173698700,EUR/USD,2005-08-02 09:17:02.000,1.222700,1.223000,D
173698724,EUR/USD,2005-08-02 09:17:04.000,1.222600,1.222900,D
173698754,EUR/USD,2005-08-02 09:17:11.000,1.222500,1.222800,D
173698761,EUR/USD,2005-08-02 09:17:13.000,1.222600,1.222900,D
173698769,EUR/USD,2005-08-02 09:17:16.000,1.222500,1.222800,D
173698785,EUR/USD,2005-08-02 09:17:19.000,1.222600,1.222900,D
173698789,EUR/USD,2005-08-02 09:17:20.000,1.222500,1.222800,D
173698794,EUR/USD,2005-08-02 09:17:21.000,1.222400,1.222700,D
173698802,EUR/USD,2005-08-02 09:17:25.000,1.222500,1.222800,D
173698812,EUR/USD,2005-08-02 09:17:29.000,1.222400,1.222700,D
173698825,EUR/USD,2005-08-02 09:17:34.000,1.222500,1.222800,D
173698838,EUR/USD,2005-08-02 09:17:36.000,1.222400,1.222700,D
173698850,EUR/USD,2005-08-02 09:17:38.000,1.222500,1.222800,D
173698858,EUR/USD,2005-08-02 09:17:39.000,1.222400,1.222700,D
173698879,EUR/USD,2005-08-02 09:17:49.000,1.222500,1.222800,D
173698905,EUR/USD,2005-08-02 09:17:56.000,1.222600,1.222900,D
173698916,EUR/USD,2005-08-02 09:17:58.000,1.222500,1.222800,D
173698927,EUR/USD,2005-08-02 09:18:08.000,1.222400,1.222700,D
173698950,EUR/USD,2005-08-02 09:18:15.000,1.222300,1.222600,D
173698962,EUR/USD,2005-08-02 09:18:16.000,1.222400,1.222700,D
173698975,EUR/USD,2005-08-02 09:18:22.000,1.222500,1.222800,D
173698985,EUR/USD,2005-08-02 09:18:24.000,1.222400,1.222700,D
173698990,EUR/USD,2005-08-02 09:18:24.000,1.222500,1.222800,D
173698994,EUR/USD,2005-08-02 09:18:25.000,1.222400,1.222700,D
173698997,EUR/USD,2005-08-02 09:18:27.000,1.222500,1.222800,D
173699032,EUR/USD,2005-08-02 09:18:33.000,1.222600,1.222900,D
173699048,EUR/USD,2005-08-02 09:18:38.000,1.222700,1.223000,D
173699060,EUR/USD,2005-08-02 09:18:39.000,1.222600,1.222900,D
173699068,EUR/USD,2005-08-02 09:18:41.000,1.222700,1.223000,D
173699078,EUR/USD,2005-08-02 09:18:44.000,1.222600,1.222900,D
173699103,EUR/USD,2005-08-02 09:18:50.000,1.222400,1.222700,D
173699115,EUR/USD,2005-08-02 09:18:51.000,1.222500,1.222800,D
173699120,EUR/USD,2005-08-02 09:18:54.000,1.222400,1.222700,D
173699134,EUR/USD,2005-08-02 09:18:56.000,1.222300,1.222600,D
173699139,EUR/USD,2005-08-02 09:18:57.000,1.222400,1.222700,D
173699169,EUR/USD,2005-08-02 09:19:08.000,1.222300,1.222600,D
173699203,EUR/USD,2005-08-02 09:19:15.000,1.222200,1.222500,D
173699219,EUR/USD,2005-08-02 09:19:19.000,1.222300,1.222600,D
173699242,EUR/USD,2005-08-02 09:19:22.000,1.222200,1.222500,D
173699253,EUR/USD,2005-08-02 09:19:24.000,1.222300,1.222600,D
173699298,EUR/USD,2005-08-02 09:19:37.000,1.222200,1.222500,D
173699309,EUR/USD,2005-08-02 09:19:39.000,1.222100,1.222400,D
173699331,EUR/USD,2005-08-02 09:19:41.000,1.222000,1.222300,D
173699343,EUR/USD,2005-08-02 09:19:42.000,1.221900,1.222200,D
173699355,EUR/USD,2005-08-02 09:19:44.000,1.221800,1.222100,D
173699410,EUR/USD,2005-08-02 09:19:49.000,1.221900,1.222200,D
173699426,EUR/USD,2005-08-02 09:19:51.000,1.222000,1.222300,D
173699449,EUR/USD,2005-08-02 09:19:57.000,1.221900,1.222200,D
173699476,EUR/USD,2005-08-02 09:20:00.000,1.221800,1.222100,D
173699512,EUR/USD,2005-08-02 09:20:04.000,1.221900,1.222200,D
173699518,EUR/USD,2005-08-02 09:20:06.000,1.221800,1.222100,D
173699523,EUR/USD,2005-08-02 09:20:07.000,1.221900,1.222200,D
173699533,EUR/USD,2005-08-02 09:20:08.000,1.221800,1.222100,D
173699540,EUR/USD,2005-08-02 09:20:11.000,1.221700,1.222000,D
173699552,EUR/USD,2005-08-02 09:20:12.000,1.221800,1.222100,D
173699560,EUR/USD,2005-08-02 09:20:12.000,1.221600,1.221900,D
173699569,EUR/USD,2005-08-02 09:20:13.000,1.221700,1.222000,D
173699587,EUR/USD,2005-08-02 09:20:14.000,1.221600,1.221900,D
173699596,EUR/USD,2005-08-02 09:20:15.000,1.221500,1.221800,D
173699616,EUR/USD,2005-08-02 09:20:18.000,1.221600,1.221900,D
173699635,EUR/USD,2005-08-02 09:20:21.000,1.221700,1.222000,D
173699660,EUR/USD,2005-08-02 09:20:25.000,1.221800,1.222100,D
173699686,EUR/USD,2005-08-02 09:20:29.000,1.221900,1.222200,D
173699702,EUR/USD,2005-08-02 09:20:30.000,1.221800,1.222100,D
173699709,EUR/USD,2005-08-02 09:20:31.000,1.221900,1.222200,D
173699722,EUR/USD,2005-08-02 09:20:36.000,1.221800,1.222100,D
173699729,EUR/USD,2005-08-02 09:20:38.000,1.221900,1.222200,D
173699739,EUR/USD,2005-08-02 09:20:39.000,1.221800,1.222100,D
173699745,EUR/USD,2005-08-02 09:20:40.000,1.221900,1.222200,D
173699763,EUR/USD,2005-08-02 09:20:44.000,1.222000,1.222300,D
173699783,EUR/USD,2005-08-02 09:20:46.000,1.221900,1.222200,D
173699795,EUR/USD,2005-08-02 09:20:47.000,1.222000,1.222300,D
173699813,EUR/USD,2005-08-02 09:20:52.000,1.222100,1.222400,D
173699822,EUR/USD,2005-08-02 09:20:53.000,1.222000,1.222300,D
173699836,EUR/USD,2005-08-02 09:20:56.000,1.222100,1.222400,D
173699849,EUR/USD,2005-08-02 09:20:59.000,1.222000,1.222300,D
173699854,EUR/USD,2005-08-02 09:20:59.000,1.222100,1.222400,D
173699872,EUR/USD,2005-08-02 09:21:02.000,1.222200,1.222500,D
173699898,EUR/USD,2005-08-02 09:21:12.000,1.222300,1.222600,D
173699902,EUR/USD,2005-08-02 09:21:13.000,1.222200,1.222500,D
173699905,EUR/USD,2005-08-02 09:21:14.000,1.222300,1.222600,D
173699913,EUR/USD,2005-08-02 09:21:15.000,1.222200,1.222500,D
173699918,EUR/USD,2005-08-02 09:21:15.000,1.222100,1.222400,D
173699931,EUR/USD,2005-08-02 09:21:17.000,1.222200,1.222500,D
173699958,EUR/USD,2005-08-02 09:21:20.000,1.222300,1.222600,D
173699973,EUR/USD,2005-08-02 09:21:25.000,1.222400,1.222700,D
173700001,EUR/USD,2005-08-02 09:21:31.000,1.222500,1.222800,D
173700008,EUR/USD,2005-08-02 09:21:32.000,1.222400,1.222700,D
173700038,EUR/USD,2005-08-02 09:21:36.000,1.222300,1.222600,D
173700069,EUR/USD,2005-08-02 09:21:42.000,1.222400,1.222700,D
173700075,EUR/USD,2005-08-02 09:21:44.000,1.222300,1.222600,D
173700083,EUR/USD,2005-08-02 09:21:45.000,1.222400,1.222700,D
173700087,EUR/USD,2005-08-02 09:21:47.000,1.222300,1.222600,D
173700113,EUR/USD,2005-08-02 09:21:53.000,1.222400,1.222700,D
173700147,EUR/USD,2005-08-02 09:22:00.000,1.222500,1.222800,D
173700177,EUR/USD,2005-08-02 09:22:06.000,1.222600,1.222900,D
173700234,EUR/USD,2005-08-02 09:22:19.000,1.222500,1.222800,D
173700240,EUR/USD,2005-08-02 09:22:21.000,1.222400,1.222700,D
173700259,EUR/USD,2005-08-02 09:22:23.000,1.222300,1.222600,D
173700282,EUR/USD,2005-08-02 09:22:27.000,1.222200,1.222500,D
173700296,EUR/USD,2005-08-02 09:22:30.000,1.222100,1.222400,D
173700306,EUR/USD,2005-08-02 09:22:34.000,1.222000,1.222300,D
173700318,EUR/USD,2005-08-02 09:22:36.000,1.222100,1.222400,D
173700323,EUR/USD,2005-08-02 09:22:36.000,1.222000,1.222300,D
173700341,EUR/USD,2005-08-02 09:22:38.000,1.221900,1.222200,D
173700355,EUR/USD,2005-08-02 09:22:40.000,1.222000,1.222300,D
173700373,EUR/USD,2005-08-02 09:22:43.000,1.222100,1.222400,D
173700410,EUR/USD,2005-08-02 09:22:51.000,1.222200,1.222500,D
173700426,EUR/USD,2005-08-02 09:22:52.000,1.222100,1.222400,D
173700437,EUR/USD,2005-08-02 09:22:55.000,1.222200,1.222500,D
173700456,EUR/USD,2005-08-02 09:23:01.000,1.222300,1.222600,D
173700461,EUR/USD,2005-08-02 09:23:03.000,1.222200,1.222500,D
173700477,EUR/USD,2005-08-02 09:23:09.000,1.222100,1.222400,D
173700486,EUR/USD,2005-08-02 09:23:11.000,1.222000,1.222300,D
173700495,EUR/USD,2005-08-02 09:23:14.000,1.221900,1.222200,D
173700512,EUR/USD,2005-08-02 09:23:20.000,1.221800,1.222100,D
173700535,EUR/USD,2005-08-02 09:23:27.000,1.221900,1.222200,D
173700546,EUR/USD,2005-08-02 09:23:29.000,1.222000,1.222300,D
173700557,EUR/USD,2005-08-02 09:23:31.000,1.222100,1.222400,D
173700567,EUR/USD,2005-08-02 09:23:32.000,1.222200,1.222500,D
173700586,EUR/USD,2005-08-02 09:23:35.000,1.222300,1.222600,D
173700620,EUR/USD,2005-08-02 09:23:46.000,1.222400,1.222700,D
173700649,EUR/USD,2005-08-02 09:23:54.000,1.222500,1.222800,D
173700680,EUR/USD,2005-08-02 09:24:03.000,1.222600,1.222900,D
173700707,EUR/USD,2005-08-02 09:24:08.000,1.222500,1.222800,D
173700719,EUR/USD,2005-08-02 09:24:11.000,1.222400,1.222700,D
173700736,EUR/USD,2005-08-02 09:24:17.000,1.222300,1.222600,D
173700766,EUR/USD,2005-08-02 09:24:22.000,1.222200,1.222500,D
173700771,EUR/USD,2005-08-02 09:24:23.000,1.222300,1.222600,D
173700781,EUR/USD,2005-08-02 09:24:26.000,1.222400,1.222700,D
173700788,EUR/USD,2005-08-02 09:24:27.000,1.222300,1.222600,D
173700797,EUR/USD,2005-08-02 09:24:28.000,1.222200,1.222500,D
173700802,EUR/USD,2005-08-02 09:24:29.000,1.222100,1.222400,D
173700808,EUR/USD,2005-08-02 09:24:29.000,1.222200,1.222500,D
173700811,EUR/USD,2005-08-02 09:24:30.000,1.222100,1.222400,D
173700819,EUR/USD,2005-08-02 09:24:32.000,1.222200,1.222500,D
173700829,EUR/USD,2005-08-02 09:24:34.000,1.222300,1.222600,D
173700881,EUR/USD,2005-08-02 09:24:52.000,1.222200,1.222500,D
173700886,EUR/USD,2005-08-02 09:24:53.000,1.222300,1.222600,D
173700887,EUR/USD,2005-08-02 09:24:54.000,1.222200,1.222500,D
173700903,EUR/USD,2005-08-02 09:25:01.000,1.222100,1.222400,D
173700910,EUR/USD,2005-08-02 09:25:02.000,1.222200,1.222500,D
173700931,EUR/USD,2005-08-02 09:25:32.000,1.222100,1.222400,D
173700945,EUR/USD,2005-08-02 09:25:36.000,1.222000,1.222300,D
173700949,EUR/USD,2005-08-02 09:25:37.000,1.222100,1.222400,D
173700963,EUR/USD,2005-08-02 09:25:52.000,1.222000,1.222300,D
173700970,EUR/USD,2005-08-02 09:25:52.000,1.221900,1.222200,D
173701004,EUR/USD,2005-08-02 09:26:02.000,1.222000,1.222300,D
173701032,EUR/USD,2005-08-02 09:26:07.000,1.222100,1.222400,D
173701046,EUR/USD,2005-08-02 09:26:11.000,1.222000,1.222300,D
173701066,EUR/USD,2005-08-02 09:26:20.000,1.222100,1.222400,D
173701080,EUR/USD,2005-08-02 09:26:24.000,1.222200,1.222500,D
173701101,EUR/USD,2005-08-02 09:26:29.000,1.222300,1.222600,D
173701122,EUR/USD,2005-08-02 09:26:36.000,1.222200,1.222500,D
173701133,EUR/USD,2005-08-02 09:26:38.000,1.222100,1.222400,D
173701138,EUR/USD,2005-08-02 09:26:39.000,1.222200,1.222500,D
173701143,EUR/USD,2005-08-02 09:26:39.000,1.222100,1.222400,D
173701148,EUR/USD,2005-08-02 09:26:41.000,1.222000,1.222300,D
173701167,EUR/USD,2005-08-02 09:26:44.000,1.222100,1.222400,D
173701179,EUR/USD,2005-08-02 09:26:49.000,1.222000,1.222300,D
173701189,EUR/USD,2005-08-02 09:26:50.000,1.221900,1.222200,D
173701212,EUR/USD,2005-08-02 09:26:57.000,1.222000,1.222300,D
173701243,EUR/USD,2005-08-02 09:27:01.000,1.222100,1.222400,D
173701255,EUR/USD,2005-08-02 09:27:03.000,1.222200,1.222500,D
173701280,EUR/USD,2005-08-02 09:27:05.000,1.222300,1.222600,D
173701284,EUR/USD,2005-08-02 09:27:06.000,1.222200,1.222500,D
173701310,EUR/USD,2005-08-02 09:27:11.000,1.222300,1.222600,D
173701332,EUR/USD,2005-08-02 09:27:14.000,1.222200,1.222500,D
173701345,EUR/USD,2005-08-02 09:27:16.000,1.222300,1.222600,D
173701362,EUR/USD,2005-08-02 09:27:19.000,1.222400,1.222700,D
173701390,EUR/USD,2005-08-02 09:27:24.000,1.222500,1.222800,D
173701401,EUR/USD,2005-08-02 09:27:25.000,1.222400,1.222700,D
173701409,EUR/USD,2005-08-02 09:27:30.000,1.222500,1.222800,D
173701412,EUR/USD,2005-08-02 09:27:30.000,1.222400,1.222700,D
173701418,EUR/USD,2005-08-02 09:27:32.000,1.222500,1.222800,D
173701460,EUR/USD,2005-08-02 09:27:44.000,1.222600,1.222900,D
173701480,EUR/USD,2005-08-02 09:27:47.000,1.222500,1.222800,D
173701501,EUR/USD,2005-08-02 09:27:50.000,1.222600,1.222900,D
173701512,EUR/USD,2005-08-02 09:27:51.000,1.222500,1.222800,D
173701515,EUR/USD,2005-08-02 09:27:54.000,1.222600,1.222900,D
173701532,EUR/USD,2005-08-02 09:27:59.000,1.222700,1.223000,D
173701552,EUR/USD,2005-08-02 09:28:05.000,1.222600,1.222900,D
173701560,EUR/USD,2005-08-02 09:28:08.000,1.222500,1.222800,D
173701571,EUR/USD,2005-08-02 09:28:12.000,1.222400,1.222700,D
173701604,EUR/USD,2005-08-02 09:28:22.000,1.222500,1.222800,D
173701633,EUR/USD,2005-08-02 09:28:34.000,1.222600,1.222900,D
173701646,EUR/USD,2005-08-02 09:28:36.000,1.222500,1.222800,D
173701662,EUR/USD,2005-08-02 09:28:38.000,1.222600,1.222900,D
173701664,EUR/USD,2005-08-02 09:28:39.000,1.222500,1.222800,D
173701671,EUR/USD,2005-08-02 09:28:39.000,1.222600,1.222900,D
173701675,EUR/USD,2005-08-02 09:28:40.000,1.222500,1.222800,D
173701702,EUR/USD,2005-08-02 09:28:50.000,1.222400,1.222700,D
173701751,EUR/USD,2005-08-02 09:29:03.000,1.222300,1.222600,D
173701761,EUR/USD,2005-08-02 09:29:05.000,1.222200,1.222500,D
173701768,EUR/USD,2005-08-02 09:29:05.000,1.222300,1.222600,D
173701777,EUR/USD,2005-08-02 09:29:06.000,1.222200,1.222500,D
173701803,EUR/USD,2005-08-02 09:29:09.000,1.222100,1.222400,D
173701837,EUR/USD,2005-08-02 09:29:14.000,1.222000,1.222300,D
173701851,EUR/USD,2005-08-02 09:29:16.000,1.222100,1.222400,D
173701865,EUR/USD,2005-08-02 09:29:17.000,1.222000,1.222300,D
173701896,EUR/USD,2005-08-02 09:29:22.000,1.222100,1.222400,D
173701924,EUR/USD,2005-08-02 09:29:27.000,1.222000,1.222300,D
173701934,EUR/USD,2005-08-02 09:29:32.000,1.222100,1.222400,D
173701966,EUR/USD,2005-08-02 09:29:41.000,1.222200,1.222500,D
173701970,EUR/USD,2005-08-02 09:29:41.000,1.222300,1.222600,D
173701983,EUR/USD,2005-08-02 09:29:44.000,1.222200,1.222500,D
173702005,EUR/USD,2005-08-02 09:29:50.000,1.222100,1.222400,D
173702012,EUR/USD,2005-08-02 09:29:50.000,1.222200,1.222500,D
173702029,EUR/USD,2005-08-02 09:29:55.000,1.222100,1.222400,D
173702064,EUR/USD,2005-08-02 09:30:12.000,1.222200,1.222500,D
173702117,EUR/USD,2005-08-02 09:30:32.000,1.222100,1.222400,D
173702121,EUR/USD,2005-08-02 09:30:33.000,1.222200,1.222500,D
173702166,EUR/USD,2005-08-02 09:30:46.000,1.222100,1.222400,D
173702169,EUR/USD,2005-08-02 09:30:47.000,1.222200,1.222500,D
173702188,EUR/USD,2005-08-02 09:30:55.000,1.222100,1.222400,D
173702205,EUR/USD,2005-08-02 09:30:59.000,1.222200,1.222500,D
173702214,EUR/USD,2005-08-02 09:31:00.000,1.222100,1.222400,D
173702228,EUR/USD,2005-08-02 09:31:04.000,1.222200,1.222500,D
173702242,EUR/USD,2005-08-02 09:31:09.000,1.222300,1.222600,D
173702246,EUR/USD,2005-08-02 09:31:11.000,1.222400,1.222700,D
173702261,EUR/USD,2005-08-02 09:31:14.000,1.222500,1.222800,D
173702269,EUR/USD,2005-08-02 09:31:15.000,1.222400,1.222700,D
173702276,EUR/USD,2005-08-02 09:31:16.000,1.222500,1.222800,D
173702283,EUR/USD,2005-08-02 09:31:17.000,1.222600,1.222900,D
173702314,EUR/USD,2005-08-02 09:31:25.000,1.222500,1.222800,D
173702327,EUR/USD,2005-08-02 09:31:27.000,1.222400,1.222700,D
173702349,EUR/USD,2005-08-02 09:31:40.000,1.222500,1.222800,D
173702359,EUR/USD,2005-08-02 09:31:42.000,1.222400,1.222700,D
173702363,EUR/USD,2005-08-02 09:31:42.000,1.222500,1.222800,D
173702381,EUR/USD,2005-08-02 09:31:47.000,1.222600,1.222900,D
173702390,EUR/USD,2005-08-02 09:31:49.000,1.222500,1.222800,D
173702402,EUR/USD,2005-08-02 09:31:52.000,1.222600,1.222900,D
173702410,EUR/USD,2005-08-02 09:31:53.000,1.222500,1.222800,D
173702414,EUR/USD,2005-08-02 09:31:53.000,1.222400,1.222700,D
173702421,EUR/USD,2005-08-02 09:31:54.000,1.222500,1.222800,D
173702426,EUR/USD,2005-08-02 09:31:55.000,1.222600,1.222900,D
173702431,EUR/USD,2005-08-02 09:31:55.000,1.222500,1.222800,D
173702472,EUR/USD,2005-08-02 09:32:13.000,1.222400,1.222700,D
173702485,EUR/USD,2005-08-02 09:32:16.000,1.222300,1.222600,D
173702500,EUR/USD,2005-08-02 09:32:22.000,1.222400,1.222700,D
173702530,EUR/USD,2005-08-02 09:32:30.000,1.222500,1.222800,D
173702537,EUR/USD,2005-08-02 09:32:31.000,1.222400,1.222700,D
173702546,EUR/USD,2005-08-02 09:32:34.000,1.222500,1.222800,D
173702571,EUR/USD,2005-08-02 09:32:43.000,1.222400,1.222700,D
173702586,EUR/USD,2005-08-02 09:32:45.000,1.222500,1.222800,D
173702614,EUR/USD,2005-08-02 09:32:54.000,1.222600,1.222900,D
173702640,EUR/USD,2005-08-02 09:32:58.000,1.222500,1.222800,D
173702655,EUR/USD,2005-08-02 09:32:59.000,1.222400,1.222700,D
173702692,EUR/USD,2005-08-02 09:33:05.000,1.222300,1.222600,D
173702705,EUR/USD,2005-08-02 09:33:07.000,1.222400,1.222700,D
173702723,EUR/USD,2005-08-02 09:33:11.000,1.222500,1.222800,D
173702767,EUR/USD,2005-08-02 09:33:29.000,1.222400,1.222700,D
173702789,EUR/USD,2005-08-02 09:33:36.000,1.222300,1.222600,D
173702815,EUR/USD,2005-08-02 09:33:44.000,1.222400,1.222700,D
173702841,EUR/USD,2005-08-02 09:33:52.000,1.222300,1.222600,D
173702889,EUR/USD,2005-08-02 09:34:14.000,1.222200,1.222500,D
173702912,EUR/USD,2005-08-02 09:34:21.000,1.222300,1.222600,D
173702915,EUR/USD,2005-08-02 09:34:23.000,1.222200,1.222500,D
173702939,EUR/USD,2005-08-02 09:34:32.000,1.222100,1.222400,D
173702945,EUR/USD,2005-08-02 09:34:35.000,1.222000,1.222300,D
173702951,EUR/USD,2005-08-02 09:34:35.000,1.222100,1.222400,D
173702956,EUR/USD,2005-08-02 09:34:36.000,1.222000,1.222300,D
173702971,EUR/USD,2005-08-02 09:34:38.000,1.222100,1.222400,D
173702977,EUR/USD,2005-08-02 09:34:38.000,1.222000,1.222300,D
173702986,EUR/USD,2005-08-02 09:34:39.000,1.222100,1.222400,D
173702994,EUR/USD,2005-08-02 09:34:40.000,1.221900,1.222200,D
173703009,EUR/USD,2005-08-02 09:34:42.000,1.222000,1.222300,D
173703024,EUR/USD,2005-08-02 09:34:44.000,1.222100,1.222400,D
173703038,EUR/USD,2005-08-02 09:34:46.000,1.222000,1.222300,D
173703053,EUR/USD,2005-08-02 09:34:52.000,1.222100,1.222400,D
173703060,EUR/USD,2005-08-02 09:34:55.000,1.222200,1.222500,D
173703075,EUR/USD,2005-08-02 09:34:58.000,1.222300,1.222600,D
173703095,EUR/USD,2005-08-02 09:35:01.000,1.222200,1.222500,D
173703150,EUR/USD,2005-08-02 09:35:26.000,1.222100,1.222400,D
173703163,EUR/USD,2005-08-02 09:35:28.000,1.222000,1.222300,D
173703167,EUR/USD,2005-08-02 09:35:29.000,1.222100,1.222400,D
173703225,EUR/USD,2005-08-02 09:35:46.000,1.222200,1.222500,D
173703256,EUR/USD,2005-08-02 09:36:06.000,1.222100,1.222400,D
173703269,EUR/USD,2005-08-02 09:36:15.000,1.222200,1.222500,D
173703272,EUR/USD,2005-08-02 09:36:16.000,1.222100,1.222400,D
173703275,EUR/USD,2005-08-02 09:36:18.000,1.222200,1.222500,D
173703282,EUR/USD,2005-08-02 09:36:20.000,1.222100,1.222400,D
173703306,EUR/USD,2005-08-02 09:36:28.000,1.222000,1.222300,D
173703320,EUR/USD,2005-08-02 09:36:32.000,1.222100,1.222400,D
173703333,EUR/USD,2005-08-02 09:36:36.000,1.222000,1.222300,D
173703348,EUR/USD,2005-08-02 09:36:42.000,1.222100,1.222400,D
173703355,EUR/USD,2005-08-02 09:36:44.000,1.222000,1.222300,D
173703383,EUR/USD,2005-08-02 09:36:56.000,1.221900,1.222200,D
173703509,EUR/USD,2005-08-02 09:37:46.000,1.221800,1.222100,D
173703516,EUR/USD,2005-08-02 09:37:48.000,1.221900,1.222200,D
173703530,EUR/USD,2005-08-02 09:37:50.000,1.221800,1.222100,D
173703545,EUR/USD,2005-08-02 09:37:55.000,1.221700,1.222000,D
173703565,EUR/USD,2005-08-02 09:38:00.000,1.221600,1.221900,D
173703573,EUR/USD,2005-08-02 09:38:01.000,1.221500,1.221800,D
173703587,EUR/USD,2005-08-02 09:38:04.000,1.221400,1.221700,D
173703604,EUR/USD,2005-08-02 09:38:07.000,1.221500,1.221800,D
173703626,EUR/USD,2005-08-02 09:38:09.000,1.221600,1.221900,D
173703636,EUR/USD,2005-08-02 09:38:12.000,1.221700,1.222000,D
173703639,EUR/USD,2005-08-02 09:38:12.000,1.221600,1.221900,D
173703640,EUR/USD,2005-08-02 09:38:13.000,1.221700,1.222000,D
173703672,EUR/USD,2005-08-02 09:38:17.000,1.221600,1.221900,D
173703682,EUR/USD,2005-08-02 09:38:18.000,1.221500,1.221800,D
173703686,EUR/USD,2005-08-02 09:38:19.000,1.221600,1.221900,D
173703691,EUR/USD,2005-08-02 09:38:20.000,1.221500,1.221800,D
173703694,EUR/USD,2005-08-02 09:38:21.000,1.221600,1.221900,D
173703699,EUR/USD,2005-08-02 09:38:24.000,1.221700,1.222000,D
173703714,EUR/USD,2005-08-02 09:38:27.000,1.221800,1.222100,D
173703737,EUR/USD,2005-08-02 09:38:37.000,1.221900,1.222200,D
173703751,EUR/USD,2005-08-02 09:38:40.000,1.222000,1.222300,D
173703754,EUR/USD,2005-08-02 09:38:40.000,1.221900,1.222200,D
173703757,EUR/USD,2005-08-02 09:38:41.000,1.222000,1.222300,D
173703765,EUR/USD,2005-08-02 09:38:41.000,1.222100,1.222400,D
173703793,EUR/USD,2005-08-02 09:38:46.000,1.222000,1.222300,D
173703805,EUR/USD,2005-08-02 09:38:47.000,1.222100,1.222400,D
173703830,EUR/USD,2005-08-02 09:38:50.000,1.222000,1.222300,D
173703840,EUR/USD,2005-08-02 09:38:53.000,1.222100,1.222400,D
173703851,EUR/USD,2005-08-02 09:38:55.000,1.222000,1.222300,D
173703872,EUR/USD,2005-08-02 09:39:06.000,1.222100,1.222400,D
173703884,EUR/USD,2005-08-02 09:39:15.000,1.222000,1.222300,D
173703901,EUR/USD,2005-08-02 09:39:21.000,1.222100,1.222400,D
173703913,EUR/USD,2005-08-02 09:39:24.000,1.222000,1.222300,D
173703931,EUR/USD,2005-08-02 09:39:36.000,1.221900,1.222200,D
173703937,EUR/USD,2005-08-02 09:39:37.000,1.221800,1.222100,D
173703976,EUR/USD,2005-08-02 09:39:48.000,1.221700,1.222000,D
173703997,EUR/USD,2005-08-02 09:39:55.000,1.221600,1.221900,D
173704007,EUR/USD,2005-08-02 09:40:00.000,1.221700,1.222000,D
173704028,EUR/USD,2005-08-02 09:40:06.000,1.221600,1.221900,D
173704033,EUR/USD,2005-08-02 09:40:07.000,1.221700,1.222000,D
173704044,EUR/USD,2005-08-02 09:40:09.000,1.221600,1.221900,D
173704059,EUR/USD,2005-08-02 09:40:17.000,1.221700,1.222000,D
173704083,EUR/USD,2005-08-02 09:40:35.000,1.221800,1.222100,D
173704121,EUR/USD,2005-08-02 09:40:50.000,1.221700,1.222000,D
173704144,EUR/USD,2005-08-02 09:41:02.000,1.221600,1.221900,D
173704148,EUR/USD,2005-08-02 09:41:04.000,1.221700,1.222000,D
173704162,EUR/USD,2005-08-02 09:41:14.000,1.221800,1.222100,D
173704177,EUR/USD,2005-08-02 09:41:17.000,1.221900,1.222200,D
173704207,EUR/USD,2005-08-02 09:41:30.000,1.221800,1.222100,D
173704208,EUR/USD,2005-08-02 09:41:31.000,1.221900,1.222200,D
173704215,EUR/USD,2005-08-02 09:41:33.000,1.222000,1.222300,D
173704222,EUR/USD,2005-08-02 09:41:33.000,1.221900,1.222200,D
173704233,EUR/USD,2005-08-02 09:41:35.000,1.222000,1.222300,D
173704238,EUR/USD,2005-08-02 09:41:36.000,1.221900,1.222200,D
173704244,EUR/USD,2005-08-02 09:41:38.000,1.222000,1.222300,D
173704248,EUR/USD,2005-08-02 09:41:39.000,1.221900,1.222200,D
173704266,EUR/USD,2005-08-02 09:41:47.000,1.221800,1.222100,D
173704278,EUR/USD,2005-08-02 09:41:51.000,1.221700,1.222000,D
173704297,EUR/USD,2005-08-02 09:41:54.000,1.221800,1.222100,D
173704301,EUR/USD,2005-08-02 09:41:54.000,1.221900,1.222200,D
173704311,EUR/USD,2005-08-02 09:41:55.000,1.221800,1.222100,D
173704323,EUR/USD,2005-08-02 09:42:05.000,1.221700,1.222000,D
173704337,EUR/USD,2005-08-02 09:42:13.000,1.221800,1.222100,D
173704356,EUR/USD,2005-08-02 09:42:23.000,1.221900,1.222200,D
173704363,EUR/USD,2005-08-02 09:42:27.000,1.222000,1.222300,D
173704402,EUR/USD,2005-08-02 09:42:41.000,1.221900,1.222200,D
173704407,EUR/USD,2005-08-02 09:42:42.000,1.222000,1.222300,D
173704417,EUR/USD,2005-08-02 09:42:44.000,1.221900,1.222200,D
173704434,EUR/USD,2005-08-02 09:43:01.000,1.221800,1.222100,D
173704476,EUR/USD,2005-08-02 09:43:19.000,1.221700,1.222000,D
173704495,EUR/USD,2005-08-02 09:43:32.000,1.221800,1.222100,D
173704505,EUR/USD,2005-08-02 09:43:36.000,1.221700,1.222000,D
173704525,EUR/USD,2005-08-02 09:44:03.000,1.221600,1.221900,D
173704568,EUR/USD,2005-08-02 09:44:14.000,1.221700,1.222000,D
173704576,EUR/USD,2005-08-02 09:44:16.000,1.221600,1.221900,D
173704580,EUR/USD,2005-08-02 09:44:16.000,1.221700,1.222000,D
173704613,EUR/USD,2005-08-02 09:44:40.000,1.221800,1.222100,D
173704619,EUR/USD,2005-08-02 09:44:42.000,1.221700,1.222000,D
173704621,EUR/USD,2005-08-02 09:44:43.000,1.221800,1.222100,D
173704624,EUR/USD,2005-08-02 09:44:43.000,1.221700,1.222000,D
173704647,EUR/USD,2005-08-02 09:44:57.000,1.221800,1.222100,D
173704659,EUR/USD,2005-08-02 09:44:59.000,1.221700,1.222000,D
173704672,EUR/USD,2005-08-02 09:45:03.000,1.221800,1.222100,D
173704686,EUR/USD,2005-08-02 09:45:05.000,1.221700,1.222000,D
173704703,EUR/USD,2005-08-02 09:45:08.000,1.221600,1.221900,D
173704713,EUR/USD,2005-08-02 09:45:12.000,1.221700,1.222000,D
173704722,EUR/USD,2005-08-02 09:45:12.000,1.221800,1.222100,D
173704727,EUR/USD,2005-08-02 09:45:14.000,1.221700,1.222000,D
173704774,EUR/USD,2005-08-02 09:45:37.000,1.221800,1.222100,D
173704815,EUR/USD,2005-08-02 09:45:56.000,1.221700,1.222000,D
173704851,EUR/USD,2005-08-02 09:46:17.000,1.221600,1.221900,D
173704859,EUR/USD,2005-08-02 09:46:18.000,1.221500,1.221800,D
173704864,EUR/USD,2005-08-02 09:46:19.000,1.221400,1.221700,D
173704894,EUR/USD,2005-08-02 09:46:23.000,1.221300,1.221600,D
173704897,EUR/USD,2005-08-02 09:46:23.000,1.221400,1.221700,D
173704900,EUR/USD,2005-08-02 09:46:24.000,1.221300,1.221600,D
173704905,EUR/USD,2005-08-02 09:46:25.000,1.221400,1.221700,D
173704922,EUR/USD,2005-08-02 09:46:28.000,1.221500,1.221800,D
173704937,EUR/USD,2005-08-02 09:46:31.000,1.221600,1.221900,D
173704949,EUR/USD,2005-08-02 09:46:31.000,1.221400,1.221700,D
173704955,EUR/USD,2005-08-02 09:46:32.000,1.221600,1.221900,D
173704966,EUR/USD,2005-08-02 09:46:32.000,1.221500,1.221800,D
173704983,EUR/USD,2005-08-02 09:46:36.000,1.221400,1.221700,D
173704986,EUR/USD,2005-08-02 09:46:37.000,1.221500,1.221800,D
173704994,EUR/USD,2005-08-02 09:46:37.000,1.221400,1.221700,D
173705002,EUR/USD,2005-08-02 09:46:38.000,1.221500,1.221800,D
173705009,EUR/USD,2005-08-02 09:46:38.000,1.221400,1.221700,D
173705041,EUR/USD,2005-08-02 09:46:50.000,1.221500,1.221800,D
173705054,EUR/USD,2005-08-02 09:46:52.000,1.221400,1.221700,D
173705061,EUR/USD,2005-08-02 09:46:53.000,1.221500,1.221800,D
173705067,EUR/USD,2005-08-02 09:46:54.000,1.221400,1.221700,D
173705082,EUR/USD,2005-08-02 09:46:56.000,1.221500,1.221800,D
173705100,EUR/USD,2005-08-02 09:47:02.000,1.221400,1.221700,D
173705130,EUR/USD,2005-08-02 09:47:06.000,1.221300,1.221600,D
173705141,EUR/USD,2005-08-02 09:47:07.000,1.221400,1.221700,D
173705193,EUR/USD,2005-08-02 09:47:21.000,1.221500,1.221800,D
173705228,EUR/USD,2005-08-02 09:47:24.000,1.221400,1.221700,D
173705241,EUR/USD,2005-08-02 09:47:27.000,1.221500,1.221800,D
173705259,EUR/USD,2005-08-02 09:47:31.000,1.221400,1.221700,D
173705265,EUR/USD,2005-08-02 09:47:32.000,1.221500,1.221800,D
173705315,EUR/USD,2005-08-02 09:47:46.000,1.221600,1.221900,D
173705327,EUR/USD,2005-08-02 09:47:48.000,1.221700,1.222000,D
173705348,EUR/USD,2005-08-02 09:47:51.000,1.221800,1.222100,D
173705355,EUR/USD,2005-08-02 09:47:53.000,1.221700,1.222000,D
173705363,EUR/USD,2005-08-02 09:47:55.000,1.221800,1.222100,D
173705374,EUR/USD,2005-08-02 09:47:57.000,1.221900,1.222200,D
173705389,EUR/USD,2005-08-02 09:47:59.000,1.221800,1.222100,D
173705399,EUR/USD,2005-08-02 09:48:00.000,1.221900,1.222200,D
173705409,EUR/USD,2005-08-02 09:48:02.000,1.222000,1.222300,D
173705414,EUR/USD,2005-08-02 09:48:02.000,1.221900,1.222200,D
173705422,EUR/USD,2005-08-02 09:48:07.000,1.222000,1.222300,D
173705428,EUR/USD,2005-08-02 09:48:08.000,1.222100,1.222400,D
173705488,EUR/USD,2005-08-02 09:48:17.000,1.222000,1.222300,D
173705494,EUR/USD,2005-08-02 09:48:17.000,1.222100,1.222400,D
173705503,EUR/USD,2005-08-02 09:48:19.000,1.222000,1.222300,D
173705523,EUR/USD,2005-08-02 09:48:24.000,1.222100,1.222400,D
173705540,EUR/USD,2005-08-02 09:48:27.000,1.222000,1.222300,D
173705546,EUR/USD,2005-08-02 09:48:29.000,1.221900,1.222200,D
173705568,EUR/USD,2005-08-02 09:48:32.000,1.221800,1.222100,D
173705576,EUR/USD,2005-08-02 09:48:33.000,1.221700,1.222000,D
173705607,EUR/USD,2005-08-02 09:48:38.000,1.221600,1.221900,D
173705623,EUR/USD,2005-08-02 09:48:40.000,1.221700,1.222000,D
173705631,EUR/USD,2005-08-02 09:48:40.000,1.221600,1.221900,D
173705637,EUR/USD,2005-08-02 09:48:41.000,1.221500,1.221800,D
173705654,EUR/USD,2005-08-02 09:48:44.000,1.221600,1.221900,D
173705662,EUR/USD,2005-08-02 09:48:46.000,1.221500,1.221800,D
173705707,EUR/USD,2005-08-02 09:48:51.000,1.221600,1.221900,D
173705711,EUR/USD,2005-08-02 09:48:52.000,1.221500,1.221800,D
173705723,EUR/USD,2005-08-02 09:48:54.000,1.221600,1.221900,D
173705728,EUR/USD,2005-08-02 09:48:55.000,1.221500,1.221800,D
173705750,EUR/USD,2005-08-02 09:49:04.000,1.221400,1.221700,D
173705775,EUR/USD,2005-08-02 09:49:08.000,1.221500,1.221800,D
173705795,EUR/USD,2005-08-02 09:49:11.000,1.221600,1.221900,D
173705808,EUR/USD,2005-08-02 09:49:13.000,1.221500,1.221800,D
173705866,EUR/USD,2005-08-02 09:49:26.000,1.221400,1.221700,D
173705890,EUR/USD,2005-08-02 09:49:36.000,1.221300,1.221600,D
173705913,EUR/USD,2005-08-02 09:49:45.000,1.221400,1.221700,D
173705919,EUR/USD,2005-08-02 09:49:47.000,1.221300,1.221600,D
173705942,EUR/USD,2005-08-02 09:49:53.000,1.221400,1.221700,D
173705950,EUR/USD,2005-08-02 09:49:54.000,1.221200,1.221500,D
173705970,EUR/USD,2005-08-02 09:49:57.000,1.221100,1.221400,D
173705976,EUR/USD,2005-08-02 09:49:58.000,1.221200,1.221500,D
173706004,EUR/USD,2005-08-02 09:50:04.000,1.221100,1.221400,D
173706007,EUR/USD,2005-08-02 09:50:04.000,1.221200,1.221500,D
173706027,EUR/USD,2005-08-02 09:50:08.000,1.221300,1.221600,D
173706043,EUR/USD,2005-08-02 09:50:12.000,1.221400,1.221700,D
173706053,EUR/USD,2005-08-02 09:50:14.000,1.221500,1.221800,D
173706097,EUR/USD,2005-08-02 09:50:28.000,1.221400,1.221700,D
173706169,EUR/USD,2005-08-02 09:50:53.000,1.221300,1.221600,D
173706189,EUR/USD,2005-08-02 09:51:00.000,1.221400,1.221700,D
173706194,EUR/USD,2005-08-02 09:51:00.000,1.221300,1.221600,D
173706200,EUR/USD,2005-08-02 09:51:03.000,1.221400,1.221700,D
173706208,EUR/USD,2005-08-02 09:51:08.000,1.221500,1.221800,D
173706240,EUR/USD,2005-08-02 09:51:12.000,1.221600,1.221900,D
173706277,EUR/USD,2005-08-02 09:51:24.000,1.221500,1.221800,D
173706284,EUR/USD,2005-08-02 09:51:24.000,1.221600,1.221900,D
173706292,EUR/USD,2005-08-02 09:51:26.000,1.221500,1.221800,D
173706321,EUR/USD,2005-08-02 09:51:43.000,1.221400,1.221700,D
173706325,EUR/USD,2005-08-02 09:51:43.000,1.221500,1.221800,D
173706378,EUR/USD,2005-08-02 09:52:05.000,1.221600,1.221900,D
173706395,EUR/USD,2005-08-02 09:52:10.000,1.221500,1.221800,D
173706422,EUR/USD,2005-08-02 09:52:28.000,1.221600,1.221900,D
173706432,EUR/USD,2005-08-02 09:52:33.000,1.221500,1.221800,D
173706456,EUR/USD,2005-08-02 09:52:38.000,1.221400,1.221700,D
173706536,EUR/USD,2005-08-02 09:52:58.000,1.221500,1.221800,D
173706544,EUR/USD,2005-08-02 09:52:59.000,1.221400,1.221700,D
173706589,EUR/USD,2005-08-02 09:53:06.000,1.221500,1.221800,D
173706618,EUR/USD,2005-08-02 09:53:18.000,1.221600,1.221900,D
173706633,EUR/USD,2005-08-02 09:53:22.000,1.221700,1.222000,D
173706640,EUR/USD,2005-08-02 09:53:24.000,1.221600,1.221900,D
173706659,EUR/USD,2005-08-02 09:53:26.000,1.221500,1.221800,D
173706664,EUR/USD,2005-08-02 09:53:27.000,1.221600,1.221900,D
173706675,EUR/USD,2005-08-02 09:53:28.000,1.221500,1.221800,D
173706683,EUR/USD,2005-08-02 09:53:29.000,1.221600,1.221900,D
173706700,EUR/USD,2005-08-02 09:53:31.000,1.221500,1.221800,D
173706805,EUR/USD,2005-08-02 09:54:18.000,1.221600,1.221900,D
173706826,EUR/USD,2005-08-02 09:54:26.000,1.221500,1.221800,D
173706835,EUR/USD,2005-08-02 09:54:27.000,1.221400,1.221700,D
173706849,EUR/USD,2005-08-02 09:54:30.000,1.221500,1.221800,D
173706851,EUR/USD,2005-08-02 09:54:30.000,1.221400,1.221700,D
173706858,EUR/USD,2005-08-02 09:54:30.000,1.221500,1.221800,D
173706876,EUR/USD,2005-08-02 09:54:33.000,1.221400,1.221700,D
173706891,EUR/USD,2005-08-02 09:54:37.000,1.221500,1.221800,D
173706914,EUR/USD,2005-08-02 09:54:43.000,1.221600,1.221900,D
173706933,EUR/USD,2005-08-02 09:54:49.000,1.221700,1.222000,D
173706954,EUR/USD,2005-08-02 09:54:55.000,1.221800,1.222100,D
173706965,EUR/USD,2005-08-02 09:54:57.000,1.221700,1.222000,D
173706976,EUR/USD,2005-08-02 09:55:03.000,1.221800,1.222100,D
173706987,EUR/USD,2005-08-02 09:55:07.000,1.221700,1.222000,D
173706993,EUR/USD,2005-08-02 09:55:09.000,1.221800,1.222100,D
173707000,EUR/USD,2005-08-02 09:55:10.000,1.221700,1.222000,D
173707055,EUR/USD,2005-08-02 09:55:37.000,1.221800,1.222100,D
173707068,EUR/USD,2005-08-02 09:55:44.000,1.221700,1.222000,D
173707080,EUR/USD,2005-08-02 09:55:50.000,1.221600,1.221900,D
173707094,EUR/USD,2005-08-02 09:55:54.000,1.221700,1.222000,D
173707113,EUR/USD,2005-08-02 09:56:15.000,1.221600,1.221900,D
173707114,EUR/USD,2005-08-02 09:56:16.000,1.221700,1.222000,D
173707129,EUR/USD,2005-08-02 09:56:23.000,1.221600,1.221900,D
173707149,EUR/USD,2005-08-02 09:56:40.000,1.221700,1.222000,D
173707163,EUR/USD,2005-08-02 09:56:44.000,1.221800,1.222100,D
173707172,EUR/USD,2005-08-02 09:56:46.000,1.221700,1.222000,D
173707272,EUR/USD,2005-08-02 09:57:38.000,1.221600,1.221900,D
173707276,EUR/USD,2005-08-02 09:57:39.000,1.221700,1.222000,D
173707296,EUR/USD,2005-08-02 09:57:42.000,1.221600,1.221900,D
173707318,EUR/USD,2005-08-02 09:57:49.000,1.221500,1.221800,D
173707325,EUR/USD,2005-08-02 09:57:52.000,1.221400,1.221700,D
173707334,EUR/USD,2005-08-02 09:57:53.000,1.221500,1.221800,D
173707347,EUR/USD,2005-08-02 09:57:54.000,1.221400,1.221700,D
173707370,EUR/USD,2005-08-02 09:58:01.000,1.221500,1.221800,D
173707376,EUR/USD,2005-08-02 09:58:02.000,1.221400,1.221700,D
173707383,EUR/USD,2005-08-02 09:58:05.000,1.221500,1.221800,D
173707390,EUR/USD,2005-08-02 09:58:07.000,1.221400,1.221700,D
173707400,EUR/USD,2005-08-02 09:58:08.000,1.221500,1.221800,D
173707420,EUR/USD,2005-08-02 09:58:15.000,1.221600,1.221900,D
173707440,EUR/USD,2005-08-02 09:58:22.000,1.221700,1.222000,D
173707454,EUR/USD,2005-08-02 09:58:25.000,1.221600,1.221900,D
173707516,EUR/USD,2005-08-02 09:58:52.000,1.221500,1.221800,D
173707532,EUR/USD,2005-08-02 09:59:02.000,1.221600,1.221900,D
173707539,EUR/USD,2005-08-02 09:59:02.000,1.221500,1.221800,D
173707554,EUR/USD,2005-08-02 09:59:07.000,1.221600,1.221900,D
173707559,EUR/USD,2005-08-02 09:59:08.000,1.221500,1.221800,D
173707620,EUR/USD,2005-08-02 09:59:38.000,1.221600,1.221900,D
173707649,EUR/USD,2005-08-02 09:59:50.000,1.221500,1.221800,D
173707682,EUR/USD,2005-08-02 09:59:59.000,1.221600,1.221900,D
173707727,EUR/USD,2005-08-02 10:00:06.000,1.221500,1.221800,D
173707738,EUR/USD,2005-08-02 10:00:07.000,1.221600,1.221900,D
173707744,EUR/USD,2005-08-02 10:00:08.000,1.221500,1.221800,D
173707761,EUR/USD,2005-08-02 10:00:11.000,1.221400,1.221700,D
173707767,EUR/USD,2005-08-02 10:00:13.000,1.221300,1.221600,D
173707787,EUR/USD,2005-08-02 10:00:15.000,1.221200,1.221500,D
173707796,EUR/USD,2005-08-02 10:00:15.000,1.221100,1.221400,D
173707818,EUR/USD,2005-08-02 10:00:18.000,1.221200,1.221500,D
173707834,EUR/USD,2005-08-02 10:00:20.000,1.221300,1.221600,D
173707846,EUR/USD,2005-08-02 10:00:21.000,1.221200,1.221500,D
173707853,EUR/USD,2005-08-02 10:00:21.000,1.221300,1.221600,D
173707862,EUR/USD,2005-08-02 10:00:22.000,1.221400,1.221700,D
173707893,EUR/USD,2005-08-02 10:00:25.000,1.221500,1.221800,D
173707909,EUR/USD,2005-08-02 10:00:29.000,1.221400,1.221700,D
173707919,EUR/USD,2005-08-02 10:00:30.000,1.221300,1.221600,D
173707931,EUR/USD,2005-08-02 10:00:32.000,1.221400,1.221700,D
173707933,EUR/USD,2005-08-02 10:00:32.000,1.221300,1.221600,D
173707947,EUR/USD,2005-08-02 10:00:33.000,1.221400,1.221700,D
173707953,EUR/USD,2005-08-02 10:00:33.000,1.221300,1.221600,D
173707964,EUR/USD,2005-08-02 10:00:36.000,1.221400,1.221700,D
173707966,EUR/USD,2005-08-02 10:00:36.000,1.221300,1.221600,D
173707975,EUR/USD,2005-08-02 10:00:38.000,1.221400,1.221700,D
173707994,EUR/USD,2005-08-02 10:00:42.000,1.221500,1.221800,D
173708028,EUR/USD,2005-08-02 10:00:49.000,1.221400,1.221700,D
173708036,EUR/USD,2005-08-02 10:00:50.000,1.221500,1.221800,D
173708042,EUR/USD,2005-08-02 10:00:51.000,1.221400,1.221700,D
173708044,EUR/USD,2005-08-02 10:00:51.000,1.221300,1.221600,D
173708051,EUR/USD,2005-08-02 10:00:51.000,1.221400,1.221700,D
173708059,EUR/USD,2005-08-02 10:00:52.000,1.221300,1.221600,D
173708074,EUR/USD,2005-08-02 10:00:55.000,1.221200,1.221500,D
173708079,EUR/USD,2005-08-02 10:00:56.000,1.221100,1.221400,D
173708085,EUR/USD,2005-08-02 10:00:58.000,1.221000,1.221300,D
173708103,EUR/USD,2005-08-02 10:01:01.000,1.221100,1.221400,D
173708122,EUR/USD,2005-08-02 10:01:02.000,1.221200,1.221500,D
173708137,EUR/USD,2005-08-02 10:01:04.000,1.221300,1.221600,D
173708153,EUR/USD,2005-08-02 10:01:05.000,1.221200,1.221500,D
173708168,EUR/USD,2005-08-02 10:01:07.000,1.221300,1.221600,D
173708181,EUR/USD,2005-08-02 10:01:07.000,1.221200,1.221500,D
173708189,EUR/USD,2005-08-02 10:01:10.000,1.221100,1.221400,D
173708212,EUR/USD,2005-08-02 10:01:14.000,1.221200,1.221500,D
173708251,EUR/USD,2005-08-02 10:01:21.000,1.221300,1.221600,D
173708268,EUR/USD,2005-08-02 10:01:25.000,1.221400,1.221700,D
173708272,EUR/USD,2005-08-02 10:01:26.000,1.221300,1.221600,D
173708294,EUR/USD,2005-08-02 10:01:33.000,1.221400,1.221700,D
173708299,EUR/USD,2005-08-02 10:01:34.000,1.221300,1.221600,D
173708304,EUR/USD,2005-08-02 10:01:35.000,1.221400,1.221700,D
173708310,EUR/USD,2005-08-02 10:01:37.000,1.221300,1.221600,D
173708323,EUR/USD,2005-08-02 10:01:41.000,1.221200,1.221500,D
173708331,EUR/USD,2005-08-02 10:01:43.000,1.221300,1.221600,D
173708339,EUR/USD,2005-08-02 10:01:44.000,1.221200,1.221500,D
173708343,EUR/USD,2005-08-02 10:01:44.000,1.221100,1.221400,D
173708357,EUR/USD,2005-08-02 10:01:46.000,1.221000,1.221300,D
173708367,EUR/USD,2005-08-02 10:01:47.000,1.221200,1.221500,D
173708379,EUR/USD,2005-08-02 10:01:47.000,1.221100,1.221400,D
173708440,EUR/USD,2005-08-02 10:01:59.000,1.221200,1.221500,D
173708453,EUR/USD,2005-08-02 10:02:02.000,1.221300,1.221600,D
173708519,EUR/USD,2005-08-02 10:02:16.000,1.221200,1.221500,D
173708532,EUR/USD,2005-08-02 10:02:23.000,1.221300,1.221600,D
173708536,EUR/USD,2005-08-02 10:02:24.000,1.221200,1.221500,D
173708559,EUR/USD,2005-08-02 10:02:33.000,1.221100,1.221400,D
173708587,EUR/USD,2005-08-02 10:02:40.000,1.221000,1.221300,D
173708595,EUR/USD,2005-08-02 10:02:40.000,1.220900,1.221200,D
173708615,EUR/USD,2005-08-02 10:02:42.000,1.220800,1.221100,D
173708632,EUR/USD,2005-08-02 10:02:43.000,1.220700,1.221000,D
173708665,EUR/USD,2005-08-02 10:02:47.000,1.220600,1.220900,D
173708687,EUR/USD,2005-08-02 10:02:49.000,1.220700,1.221000,D
173708696,EUR/USD,2005-08-02 10:02:50.000,1.220600,1.220900,D
173708703,EUR/USD,2005-08-02 10:02:51.000,1.220500,1.220800,D
173708709,EUR/USD,2005-08-02 10:02:52.000,1.220400,1.220700,D
173708729,EUR/USD,2005-08-02 10:02:54.000,1.220300,1.220600,D
173708733,EUR/USD,2005-08-02 10:02:55.000,1.220200,1.220500,D
173708750,EUR/USD,2005-08-02 10:02:55.000,1.220300,1.220600,D
173708757,EUR/USD,2005-08-02 10:02:56.000,1.220200,1.220500,D
173708772,EUR/USD,2005-08-02 10:02:57.000,1.220100,1.220400,D
173708778,EUR/USD,2005-08-02 10:02:57.000,1.220300,1.220600,D
173708794,EUR/USD,2005-08-02 10:02:58.000,1.220200,1.220500,D
173708800,EUR/USD,2005-08-02 10:02:59.000,1.220100,1.220400,D
173708823,EUR/USD,2005-08-02 10:03:01.000,1.220000,1.220300,D
173708837,EUR/USD,2005-08-02 10:03:01.000,1.219900,1.220200,D
173708864,EUR/USD,2005-08-02 10:03:04.000,1.219800,1.220100,D
173708884,EUR/USD,2005-08-02 10:03:07.000,1.219900,1.220200,D
173708895,EUR/USD,2005-08-02 10:03:08.000,1.219800,1.220100,D
173708899,EUR/USD,2005-08-02 10:03:09.000,1.219700,1.220000,D
173708918,EUR/USD,2005-08-02 10:03:10.000,1.219600,1.219900,D
173708933,EUR/USD,2005-08-02 10:03:12.000,1.219500,1.219800,D
173708940,EUR/USD,2005-08-02 10:03:13.000,1.219400,1.219700,D
173708957,EUR/USD,2005-08-02 10:03:14.000,1.219300,1.219600,D
173708970,EUR/USD,2005-08-02 10:03:15.000,1.219200,1.219500,D
173708971,EUR/USD,2005-08-02 10:03:16.000,1.219100,1.219400,D
173708978,EUR/USD,2005-08-02 10:03:16.000,1.219200,1.219500,D
173708983,EUR/USD,2005-08-02 10:03:17.000,1.219300,1.219600,D
173708989,EUR/USD,2005-08-02 10:03:17.000,1.219200,1.219500,D
173708992,EUR/USD,2005-08-02 10:03:17.000,1.219300,1.219600,D
173708999,EUR/USD,2005-08-02 10:03:18.000,1.219400,1.219700,D
173709023,EUR/USD,2005-08-02 10:03:20.000,1.219500,1.219800,D
173709046,EUR/USD,2005-08-02 10:03:23.000,1.219600,1.219900,D
173709054,EUR/USD,2005-08-02 10:03:24.000,1.219500,1.219800,D
173709065,EUR/USD,2005-08-02 10:03:25.000,1.219400,1.219700,D
173709076,EUR/USD,2005-08-02 10:03:26.000,1.219300,1.219600,D
173709087,EUR/USD,2005-08-02 10:03:27.000,1.219400,1.219700,D
173709091,EUR/USD,2005-08-02 10:03:28.000,1.219300,1.219600,D
173709102,EUR/USD,2005-08-02 10:03:29.000,1.219200,1.219500,D
173709112,EUR/USD,2005-08-02 10:03:29.000,1.219300,1.219600,D
173709142,EUR/USD,2005-08-02 10:03:32.000,1.219400,1.219700,D
173709151,EUR/USD,2005-08-02 10:03:35.000,1.219500,1.219800,D
173709190,EUR/USD,2005-08-02 10:03:41.000,1.219600,1.219900,D
173709210,EUR/USD,2005-08-02 10:03:44.000,1.219500,1.219800,D
173709256,EUR/USD,2005-08-02 10:03:49.000,1.219600,1.219900,D
173709280,EUR/USD,2005-08-02 10:03:53.000,1.219700,1.220000,D
173709292,EUR/USD,2005-08-02 10:03:55.000,1.219600,1.219900,D
173709295,EUR/USD,2005-08-02 10:03:55.000,1.219700,1.220000,D
173709297,EUR/USD,2005-08-02 10:03:56.000,1.219600,1.219900,D
173709306,EUR/USD,2005-08-02 10:03:57.000,1.219700,1.220000,D
173709332,EUR/USD,2005-08-02 10:03:58.000,1.219600,1.219900,D
173709345,EUR/USD,2005-08-02 10:04:00.000,1.219700,1.220000,D
173709379,EUR/USD,2005-08-02 10:04:03.000,1.219800,1.220100,D
173709407,EUR/USD,2005-08-02 10:04:07.000,1.219700,1.220000,D
173709448,EUR/USD,2005-08-02 10:04:11.000,1.219800,1.220100,D
173709453,EUR/USD,2005-08-02 10:04:12.000,1.219600,1.219900,D
173709463,EUR/USD,2005-08-02 10:04:13.000,1.219700,1.220000,D
173709468,EUR/USD,2005-08-02 10:04:14.000,1.219800,1.220100,D
173709469,EUR/USD,2005-08-02 10:04:14.000,1.219700,1.220000,D
173709478,EUR/USD,2005-08-02 10:04:15.000,1.219600,1.219900,D
173709501,EUR/USD,2005-08-02 10:04:16.000,1.219700,1.220000,D
173709514,EUR/USD,2005-08-02 10:04:17.000,1.219800,1.220100,D
173709524,EUR/USD,2005-08-02 10:04:18.000,1.219700,1.220000,D
173709535,EUR/USD,2005-08-02 10:04:19.000,1.219800,1.220100,D
173709538,EUR/USD,2005-08-02 10:04:19.000,1.219700,1.220000,D
173709547,EUR/USD,2005-08-02 10:04:20.000,1.219800,1.220100,D
173709556,EUR/USD,2005-08-02 10:04:21.000,1.219700,1.220000,D
173709565,EUR/USD,2005-08-02 10:04:22.000,1.219800,1.220100,D
173709572,EUR/USD,2005-08-02 10:04:23.000,1.219700,1.220000,D
173709582,EUR/USD,2005-08-02 10:04:24.000,1.219800,1.220100,D
173709589,EUR/USD,2005-08-02 10:04:25.000,1.219900,1.220200,D
173709592,EUR/USD,2005-08-02 10:04:26.000,1.219800,1.220100,D
173709612,EUR/USD,2005-08-02 10:04:27.000,1.219900,1.220200,D
173709614,EUR/USD,2005-08-02 10:04:27.000,1.220000,1.220300,D
173709658,EUR/USD,2005-08-02 10:04:33.000,1.220100,1.220400,D
173709670,EUR/USD,2005-08-02 10:04:35.000,1.220200,1.220500,D
173709689,EUR/USD,2005-08-02 10:04:37.000,1.220300,1.220600,D
173709694,EUR/USD,2005-08-02 10:04:37.000,1.220200,1.220500,D
173709700,EUR/USD,2005-08-02 10:04:38.000,1.220300,1.220600,D
173709719,EUR/USD,2005-08-02 10:04:40.000,1.220400,1.220700,D
173709728,EUR/USD,2005-08-02 10:04:41.000,1.220300,1.220600,D
173709730,EUR/USD,2005-08-02 10:04:41.000,1.220200,1.220500,D
173709741,EUR/USD,2005-08-02 10:04:43.000,1.220300,1.220600,D
173709747,EUR/USD,2005-08-02 10:04:45.000,1.220200,1.220500,D
173709767,EUR/USD,2005-08-02 10:04:47.000,1.220100,1.220400,D
173709772,EUR/USD,2005-08-02 10:04:51.000,1.220200,1.220500,D
173709816,EUR/USD,2005-08-02 10:04:57.000,1.220100,1.220400,D
173709838,EUR/USD,2005-08-02 10:05:03.000,1.220000,1.220300,D
173709849,EUR/USD,2005-08-02 10:05:04.000,1.220100,1.220400,D
173709863,EUR/USD,2005-08-02 10:05:06.000,1.220200,1.220500,D
173709866,EUR/USD,2005-08-02 10:05:07.000,1.220100,1.220400,D
173709872,EUR/USD,2005-08-02 10:05:08.000,1.220200,1.220500,D
173709879,EUR/USD,2005-08-02 10:05:09.000,1.220100,1.220400,D
173709901,EUR/USD,2005-08-02 10:05:15.000,1.220200,1.220500,D
173709902,EUR/USD,2005-08-02 10:05:16.000,1.220300,1.220600,D
173709923,EUR/USD,2005-08-02 10:05:19.000,1.220200,1.220500,D
173709952,EUR/USD,2005-08-02 10:05:27.000,1.220300,1.220600,D
173709960,EUR/USD,2005-08-02 10:05:28.000,1.220200,1.220500,D
173709970,EUR/USD,2005-08-02 10:05:29.000,1.220300,1.220600,D
173709976,EUR/USD,2005-08-02 10:05:29.000,1.220200,1.220500,D
173709983,EUR/USD,2005-08-02 10:05:31.000,1.220100,1.220400,D
173709986,EUR/USD,2005-08-02 10:05:32.000,1.220000,1.220300,D
173709996,EUR/USD,2005-08-02 10:05:34.000,1.220100,1.220400,D
173710012,EUR/USD,2005-08-02 10:05:36.000,1.220000,1.220300,D
173710019,EUR/USD,2005-08-02 10:05:37.000,1.220100,1.220400,D
173710044,EUR/USD,2005-08-02 10:05:43.000,1.220200,1.220500,D
173710061,EUR/USD,2005-08-02 10:05:49.000,1.220300,1.220600,D
173710072,EUR/USD,2005-08-02 10:05:51.000,1.220200,1.220500,D
173710112,EUR/USD,2005-08-02 10:05:58.000,1.220300,1.220600,D
173710115,EUR/USD,2005-08-02 10:05:58.000,1.220200,1.220500,D
173710123,EUR/USD,2005-08-02 10:06:00.000,1.220300,1.220600,D
173710131,EUR/USD,2005-08-02 10:06:03.000,1.220400,1.220700,D
173710141,EUR/USD,2005-08-02 10:06:04.000,1.220300,1.220600,D
173710151,EUR/USD,2005-08-02 10:06:05.000,1.220400,1.220700,D
173710157,EUR/USD,2005-08-02 10:06:06.000,1.220600,1.220900,D
173710169,EUR/USD,2005-08-02 10:06:07.000,1.220500,1.220800,D
173710172,EUR/USD,2005-08-02 10:06:07.000,1.220400,1.220700,D
173710177,EUR/USD,2005-08-02 10:06:08.000,1.220500,1.220800,D
173710199,EUR/USD,2005-08-02 10:06:10.000,1.220600,1.220900,D
173710215,EUR/USD,2005-08-02 10:06:12.000,1.220700,1.221000,D
173710219,EUR/USD,2005-08-02 10:06:13.000,1.220800,1.221100,D
173710221,EUR/USD,2005-08-02 10:06:13.000,1.220700,1.221000,D
173710268,EUR/USD,2005-08-02 10:06:19.000,1.220600,1.220900,D
173710273,EUR/USD,2005-08-02 10:06:19.000,1.220500,1.220800,D
173710279,EUR/USD,2005-08-02 10:06:20.000,1.220600,1.220900,D
173710280,EUR/USD,2005-08-02 10:06:21.000,1.220500,1.220800,D
173710292,EUR/USD,2005-08-02 10:06:22.000,1.220600,1.220900,D
173710300,EUR/USD,2005-08-02 10:06:24.000,1.220400,1.220700,D
173710314,EUR/USD,2005-08-02 10:06:25.000,1.220500,1.220800,D
173710323,EUR/USD,2005-08-02 10:06:26.000,1.220400,1.220700,D
173710335,EUR/USD,2005-08-02 10:06:29.000,1.220500,1.220800,D
173710343,EUR/USD,2005-08-02 10:06:31.000,1.220400,1.220700,D
173710358,EUR/USD,2005-08-02 10:06:32.000,1.220500,1.220800,D
173710362,EUR/USD,2005-08-02 10:06:33.000,1.220400,1.220700,D
173710385,EUR/USD,2005-08-02 10:06:42.000,1.220500,1.220800,D
173710390,EUR/USD,2005-08-02 10:06:42.000,1.220400,1.220700,D
173710396,EUR/USD,2005-08-02 10:06:43.000,1.220500,1.220800,D
173710397,EUR/USD,2005-08-02 10:06:43.000,1.220400,1.220700,D
173710412,EUR/USD,2005-08-02 10:06:47.000,1.220500,1.220800,D
173710437,EUR/USD,2005-08-02 10:06:50.000,1.220600,1.220900,D
173710451,EUR/USD,2005-08-02 10:06:51.000,1.220700,1.221000,D
173710476,EUR/USD,2005-08-02 10:06:57.000,1.220600,1.220900,D
173710478,EUR/USD,2005-08-02 10:06:57.000,1.220500,1.220800,D
173710499,EUR/USD,2005-08-02 10:07:02.000,1.220400,1.220700,D
173710502,EUR/USD,2005-08-02 10:07:03.000,1.220500,1.220800,D
173710511,EUR/USD,2005-08-02 10:07:09.000,1.220400,1.220700,D
173710514,EUR/USD,2005-08-02 10:07:10.000,1.220500,1.220800,D
173710520,EUR/USD,2005-08-02 10:07:13.000,1.220600,1.220900,D
173710524,EUR/USD,2005-08-02 10:07:14.000,1.220500,1.220800,D
173710527,EUR/USD,2005-08-02 10:07:14.000,1.220400,1.220700,D
173710546,EUR/USD,2005-08-02 10:07:19.000,1.220500,1.220800,D
173710565,EUR/USD,2005-08-02 10:07:29.000,1.220600,1.220900,D
173710567,EUR/USD,2005-08-02 10:07:30.000,1.220500,1.220800,D
173710578,EUR/USD,2005-08-02 10:07:32.000,1.220400,1.220700,D
173710590,EUR/USD,2005-08-02 10:07:33.000,1.220600,1.220900,D
173710595,EUR/USD,2005-08-02 10:07:35.000,1.220700,1.221000,D
173710617,EUR/USD,2005-08-02 10:07:37.000,1.220800,1.221100,D
173710625,EUR/USD,2005-08-02 10:07:38.000,1.220700,1.221000,D
173710634,EUR/USD,2005-08-02 10:07:40.000,1.220600,1.220900,D
173710640,EUR/USD,2005-08-02 10:07:41.000,1.220700,1.221000,D
173710643,EUR/USD,2005-08-02 10:07:41.000,1.220800,1.221100,D
173710657,EUR/USD,2005-08-02 10:07:43.000,1.220700,1.221000,D
173710659,EUR/USD,2005-08-02 10:07:43.000,1.220600,1.220900,D
173710727,EUR/USD,2005-08-02 10:08:01.000,1.220700,1.221000,D
173710735,EUR/USD,2005-08-02 10:08:02.000,1.220600,1.220900,D
173710751,EUR/USD,2005-08-02 10:08:05.000,1.220700,1.221000,D
173710752,EUR/USD,2005-08-02 10:08:06.000,1.220600,1.220900,D
173710757,EUR/USD,2005-08-02 10:08:06.000,1.220700,1.221000,D
173710766,EUR/USD,2005-08-02 10:08:07.000,1.220600,1.220900,D
173710804,EUR/USD,2005-08-02 10:08:13.000,1.220700,1.221000,D
173710813,EUR/USD,2005-08-02 10:08:14.000,1.220600,1.220900,D
173710824,EUR/USD,2005-08-02 10:08:15.000,1.220700,1.221000,D
173710836,EUR/USD,2005-08-02 10:08:17.000,1.220800,1.221100,D
173710849,EUR/USD,2005-08-02 10:08:19.000,1.220900,1.221200,D
173710855,EUR/USD,2005-08-02 10:08:19.000,1.220800,1.221100,D
173710867,EUR/USD,2005-08-02 10:08:20.000,1.220900,1.221200,D
173710875,EUR/USD,2005-08-02 10:08:21.000,1.220800,1.221100,D
173710884,EUR/USD,2005-08-02 10:08:23.000,1.220900,1.221200,D
173710907,EUR/USD,2005-08-02 10:08:26.000,1.220800,1.221100,D
173710930,EUR/USD,2005-08-02 10:08:29.000,1.220900,1.221200,D
173710949,EUR/USD,2005-08-02 10:08:32.000,1.220800,1.221100,D
173710957,EUR/USD,2005-08-02 10:08:36.000,1.220900,1.221200,D
173710961,EUR/USD,2005-08-02 10:08:38.000,1.220800,1.221100,D
173710962,EUR/USD,2005-08-02 10:08:39.000,1.220900,1.221200,D
173710964,EUR/USD,2005-08-02 10:08:39.000,1.220800,1.221100,D
173710969,EUR/USD,2005-08-02 10:08:40.000,1.220700,1.221000,D
173710973,EUR/USD,2005-08-02 10:08:41.000,1.220800,1.221100,D
173710978,EUR/USD,2005-08-02 10:08:42.000,1.220700,1.221000,D
173710987,EUR/USD,2005-08-02 10:08:43.000,1.220800,1.221100,D
173710996,EUR/USD,2005-08-02 10:08:45.000,1.220700,1.221000,D
173711024,EUR/USD,2005-08-02 10:08:50.000,1.220800,1.221100,D
173711031,EUR/USD,2005-08-02 10:08:51.000,1.220700,1.221000,D
173711055,EUR/USD,2005-08-02 10:09:07.000,1.220800,1.221100,D
173711060,EUR/USD,2005-08-02 10:09:07.000,1.220700,1.221000,D
173711079,EUR/USD,2005-08-02 10:09:11.000,1.220600,1.220900,D
173711082,EUR/USD,2005-08-02 10:09:13.000,1.220500,1.220800,D
173711088,EUR/USD,2005-08-02 10:09:14.000,1.220600,1.220900,D
173711099,EUR/USD,2005-08-02 10:09:16.000,1.220500,1.220800,D
173711104,EUR/USD,2005-08-02 10:09:16.000,1.220400,1.220700,D
173711113,EUR/USD,2005-08-02 10:09:18.000,1.220500,1.220800,D
173711155,EUR/USD,2005-08-02 10:09:30.000,1.220400,1.220700,D
173711187,EUR/USD,2005-08-02 10:09:39.000,1.220300,1.220600,D
173711203,EUR/USD,2005-08-02 10:09:41.000,1.220200,1.220500,D
173711221,EUR/USD,2005-08-02 10:09:45.000,1.220300,1.220600,D
173711245,EUR/USD,2005-08-02 10:09:50.000,1.220400,1.220700,D
173711258,EUR/USD,2005-08-02 10:09:51.000,1.220300,1.220600,D
173711264,EUR/USD,2005-08-02 10:09:52.000,1.220400,1.220700,D
173711296,EUR/USD,2005-08-02 10:09:58.000,1.220500,1.220800,D
173711311,EUR/USD,2005-08-02 10:10:01.000,1.220600,1.220900,D
173711320,EUR/USD,2005-08-02 10:10:02.000,1.220500,1.220800,D
173711369,EUR/USD,2005-08-02 10:10:10.000,1.220600,1.220900,D
173711386,EUR/USD,2005-08-02 10:10:12.000,1.220500,1.220800,D
173711394,EUR/USD,2005-08-02 10:10:13.000,1.220600,1.220900,D
173711414,EUR/USD,2005-08-02 10:10:20.000,1.220500,1.220800,D
173711420,EUR/USD,2005-08-02 10:10:22.000,1.220400,1.220700,D
173711440,EUR/USD,2005-08-02 10:10:26.000,1.220500,1.220800,D
173711463,EUR/USD,2005-08-02 10:10:38.000,1.220600,1.220900,D
173711471,EUR/USD,2005-08-02 10:10:39.000,1.220500,1.220800,D
173711477,EUR/USD,2005-08-02 10:10:40.000,1.220600,1.220900,D
173711487,EUR/USD,2005-08-02 10:10:40.000,1.220500,1.220800,D
173711495,EUR/USD,2005-08-02 10:10:44.000,1.220600,1.220900,D
173711505,EUR/USD,2005-08-02 10:10:45.000,1.220500,1.220800,D
173711516,EUR/USD,2005-08-02 10:10:47.000,1.220600,1.220900,D
173711544,EUR/USD,2005-08-02 10:10:52.000,1.220700,1.221000,D
173711556,EUR/USD,2005-08-02 10:10:54.000,1.220800,1.221100,D
173711570,EUR/USD,2005-08-02 10:10:57.000,1.220900,1.221200,D
173711589,EUR/USD,2005-08-02 10:11:00.000,1.221000,1.221300,D
173711597,EUR/USD,2005-08-02 10:11:01.000,1.220900,1.221200,D
173711601,EUR/USD,2005-08-02 10:11:02.000,1.221000,1.221300,D
173711605,EUR/USD,2005-08-02 10:11:02.000,1.220900,1.221200,D
173711635,EUR/USD,2005-08-02 10:11:11.000,1.221000,1.221300,D
173711638,EUR/USD,2005-08-02 10:11:11.000,1.220900,1.221200,D
173711642,EUR/USD,2005-08-02 10:11:11.000,1.221000,1.221300,D
173711685,EUR/USD,2005-08-02 10:11:17.000,1.221100,1.221400,D
173711701,EUR/USD,2005-08-02 10:11:17.000,1.221200,1.221500,D
173711727,EUR/USD,2005-08-02 10:11:21.000,1.221300,1.221600,D
173711734,EUR/USD,2005-08-02 10:11:22.000,1.221200,1.221500,D
173711759,EUR/USD,2005-08-02 10:11:26.000,1.221100,1.221400,D
173711766,EUR/USD,2005-08-02 10:11:27.000,1.221200,1.221500,D
173711793,EUR/USD,2005-08-02 10:11:38.000,1.221300,1.221600,D
173711798,EUR/USD,2005-08-02 10:11:39.000,1.221200,1.221500,D
173711815,EUR/USD,2005-08-02 10:11:41.000,1.221300,1.221600,D
173711824,EUR/USD,2005-08-02 10:11:43.000,1.221200,1.221500,D
173711827,EUR/USD,2005-08-02 10:11:43.000,1.221300,1.221600,D
173711840,EUR/USD,2005-08-02 10:11:45.000,1.221200,1.221500,D
173711869,EUR/USD,2005-08-02 10:11:50.000,1.221100,1.221400,D
173711881,EUR/USD,2005-08-02 10:11:52.000,1.221200,1.221500,D
173711882,EUR/USD,2005-08-02 10:11:52.000,1.221100,1.221400,D
173711889,EUR/USD,2005-08-02 10:11:53.000,1.221000,1.221300,D
173711897,EUR/USD,2005-08-02 10:11:53.000,1.221100,1.221400,D
173711913,EUR/USD,2005-08-02 10:11:58.000,1.221200,1.221500,D
173711918,EUR/USD,2005-08-02 10:11:59.000,1.221300,1.221600,D
173711928,EUR/USD,2005-08-02 10:12:02.000,1.221400,1.221700,D
173711935,EUR/USD,2005-08-02 10:12:02.000,1.221300,1.221600,D
173711977,EUR/USD,2005-08-02 10:12:15.000,1.221200,1.221500,D
173712024,EUR/USD,2005-08-02 10:12:31.000,1.221100,1.221400,D
173712030,EUR/USD,2005-08-02 10:12:33.000,1.221200,1.221500,D
173712059,EUR/USD,2005-08-02 10:12:45.000,1.221300,1.221600,D
173712071,EUR/USD,2005-08-02 10:12:47.000,1.221200,1.221500,D
173712084,EUR/USD,2005-08-02 10:12:50.000,1.221100,1.221400,D
173712095,EUR/USD,2005-08-02 10:12:52.000,1.221200,1.221500,D
173712116,EUR/USD,2005-08-02 10:12:55.000,1.221100,1.221400,D
173712123,EUR/USD,2005-08-02 10:12:55.000,1.221000,1.221300,D
173712154,EUR/USD,2005-08-02 10:13:01.000,1.221100,1.221400,D
173712173,EUR/USD,2005-08-02 10:13:05.000,1.221000,1.221300,D
173712180,EUR/USD,2005-08-02 10:13:08.000,1.221100,1.221400,D
173712195,EUR/USD,2005-08-02 10:13:13.000,1.221200,1.221500,D
173712312,EUR/USD,2005-08-02 10:13:44.000,1.221100,1.221400,D
173712356,EUR/USD,2005-08-02 10:13:54.000,1.221000,1.221300,D
173712384,EUR/USD,2005-08-02 10:13:58.000,1.220900,1.221200,D
173712411,EUR/USD,2005-08-02 10:14:01.000,1.221000,1.221300,D
173712475,EUR/USD,2005-08-02 10:14:12.000,1.221100,1.221400,D
173712481,EUR/USD,2005-08-02 10:14:13.000,1.221000,1.221300,D
173712534,EUR/USD,2005-08-02 10:14:23.000,1.221100,1.221400,D
173712548,EUR/USD,2005-08-02 10:14:24.000,1.221000,1.221300,D
173712568,EUR/USD,2005-08-02 10:14:25.000,1.221100,1.221400,D
173712573,EUR/USD,2005-08-02 10:14:26.000,1.221000,1.221300,D
173712583,EUR/USD,2005-08-02 10:14:27.000,1.221100,1.221400,D
173712599,EUR/USD,2005-08-02 10:14:29.000,1.221200,1.221500,D
173712621,EUR/USD,2005-08-02 10:14:33.000,1.221300,1.221600,D
173712641,EUR/USD,2005-08-02 10:14:37.000,1.221400,1.221700,D
173712656,EUR/USD,2005-08-02 10:14:38.000,1.221300,1.221600,D
173712674,EUR/USD,2005-08-02 10:14:43.000,1.221200,1.221500,D
173712763,EUR/USD,2005-08-02 10:15:08.000,1.221100,1.221400,D
173712774,EUR/USD,2005-08-02 10:15:09.000,1.221200,1.221500,D
173712797,EUR/USD,2005-08-02 10:15:12.000,1.221100,1.221400,D
173712811,EUR/USD,2005-08-02 10:15:15.000,1.221000,1.221300,D
173712832,EUR/USD,2005-08-02 10:15:18.000,1.220900,1.221200,D
173712858,EUR/USD,2005-08-02 10:15:21.000,1.220800,1.221100,D
173712865,EUR/USD,2005-08-02 10:15:23.000,1.220700,1.221000,D
173712912,EUR/USD,2005-08-02 10:15:29.000,1.220600,1.220900,D
173712920,EUR/USD,2005-08-02 10:15:33.000,1.220700,1.221000,D
173712939,EUR/USD,2005-08-02 10:15:34.000,1.220600,1.220900,D
173712966,EUR/USD,2005-08-02 10:15:41.000,1.220500,1.220800,D
173712980,EUR/USD,2005-08-02 10:15:45.000,1.220400,1.220700,D
173713012,EUR/USD,2005-08-02 10:15:57.000,1.220500,1.220800,D
173713018,EUR/USD,2005-08-02 10:16:02.000,1.220600,1.220900,D
173713104,EUR/USD,2005-08-02 10:16:14.000,1.220700,1.221000,D
173713115,EUR/USD,2005-08-02 10:16:17.000,1.220800,1.221100,D
173713145,EUR/USD,2005-08-02 10:16:22.000,1.220700,1.221000,D
173713152,EUR/USD,2005-08-02 10:16:24.000,1.220600,1.220900,D
173713175,EUR/USD,2005-08-02 10:16:36.000,1.220700,1.221000,D
173713190,EUR/USD,2005-08-02 10:16:39.000,1.220800,1.221100,D
173713217,EUR/USD,2005-08-02 10:16:42.000,1.220900,1.221200,D
173713252,EUR/USD,2005-08-02 10:16:49.000,1.221000,1.221300,D
173713259,EUR/USD,2005-08-02 10:16:50.000,1.221100,1.221400,D
173713296,EUR/USD,2005-08-02 10:16:53.000,1.221200,1.221500,D
173713319,EUR/USD,2005-08-02 10:16:57.000,1.221100,1.221400,D
173713342,EUR/USD,2005-08-02 10:17:01.000,1.221000,1.221300,D
173713346,EUR/USD,2005-08-02 10:17:01.000,1.221100,1.221400,D
173713375,EUR/USD,2005-08-02 10:17:04.000,1.221000,1.221300,D
173713408,EUR/USD,2005-08-02 10:17:10.000,1.221100,1.221400,D
173713419,EUR/USD,2005-08-02 10:17:12.000,1.221000,1.221300,D
173713439,EUR/USD,2005-08-02 10:17:16.000,1.220900,1.221200,D
173713469,EUR/USD,2005-08-02 10:17:23.000,1.221000,1.221300,D
173713477,EUR/USD,2005-08-02 10:17:25.000,1.220900,1.221200,D
173713512,EUR/USD,2005-08-02 10:17:36.000,1.220800,1.221100,D
173713523,EUR/USD,2005-08-02 10:17:39.000,1.220700,1.221000,D
173713569,EUR/USD,2005-08-02 10:17:47.000,1.220600,1.220900,D
173713607,EUR/USD,2005-08-02 10:17:53.000,1.220500,1.220800,D
173713614,EUR/USD,2005-08-02 10:17:54.000,1.220600,1.220900,D
173713639,EUR/USD,2005-08-02 10:17:58.000,1.220500,1.220800,D
173713704,EUR/USD,2005-08-02 10:18:24.000,1.220400,1.220700,D
173713748,EUR/USD,2005-08-02 10:18:40.000,1.220500,1.220800,D
173713758,EUR/USD,2005-08-02 10:18:41.000,1.220400,1.220700,D
173713760,EUR/USD,2005-08-02 10:18:44.000,1.220500,1.220800,D
173713802,EUR/USD,2005-08-02 10:19:09.000,1.220600,1.220900,D
173713851,EUR/USD,2005-08-02 10:19:28.000,1.220700,1.221000,D
173713864,EUR/USD,2005-08-02 10:19:31.000,1.220600,1.220900,D
173713872,EUR/USD,2005-08-02 10:19:36.000,1.220500,1.220800,D
173713880,EUR/USD,2005-08-02 10:19:37.000,1.220400,1.220700,D
173713898,EUR/USD,2005-08-02 10:19:42.000,1.220300,1.220600,D
173713903,EUR/USD,2005-08-02 10:19:43.000,1.220400,1.220700,D
173713921,EUR/USD,2005-08-02 10:19:45.000,1.220300,1.220600,D
173713933,EUR/USD,2005-08-02 10:19:48.000,1.220400,1.220700,D
173713938,EUR/USD,2005-08-02 10:19:49.000,1.220300,1.220600,D
173713941,EUR/USD,2005-08-02 10:19:51.000,1.220400,1.220700,D
173713945,EUR/USD,2005-08-02 10:19:53.000,1.220300,1.220600,D
173713967,EUR/USD,2005-08-02 10:19:57.000,1.220200,1.220500,D
173713970,EUR/USD,2005-08-02 10:19:57.000,1.220300,1.220600,D
173713978,EUR/USD,2005-08-02 10:19:58.000,1.220200,1.220500,D
173714012,EUR/USD,2005-08-02 10:20:08.000,1.220300,1.220600,D
173714068,EUR/USD,2005-08-02 10:20:43.000,1.220400,1.220700,D
173714073,EUR/USD,2005-08-02 10:20:44.000,1.220300,1.220600,D
173714080,EUR/USD,2005-08-02 10:20:45.000,1.220400,1.220700,D
173714113,EUR/USD,2005-08-02 10:20:51.000,1.220300,1.220600,D
173714122,EUR/USD,2005-08-02 10:20:55.000,1.220200,1.220500,D
173714134,EUR/USD,2005-08-02 10:20:56.000,1.220100,1.220400,D
173714152,EUR/USD,2005-08-02 10:20:58.000,1.220000,1.220300,D
173714191,EUR/USD,2005-08-02 10:21:05.000,1.219900,1.220200,D
173714208,EUR/USD,2005-08-02 10:21:07.000,1.220000,1.220300,D
173714229,EUR/USD,2005-08-02 10:21:10.000,1.220100,1.220400,D
173714247,EUR/USD,2005-08-02 10:21:16.000,1.220000,1.220300,D
173714269,EUR/USD,2005-08-02 10:21:21.000,1.219900,1.220200,D
173714278,EUR/USD,2005-08-02 10:21:24.000,1.219800,1.220100,D
173714283,EUR/USD,2005-08-02 10:21:27.000,1.219700,1.220000,D
173714293,EUR/USD,2005-08-02 10:21:28.000,1.219800,1.220100,D
173714301,EUR/USD,2005-08-02 10:21:29.000,1.219700,1.220000,D
173714305,EUR/USD,2005-08-02 10:21:30.000,1.219800,1.220100,D
173714314,EUR/USD,2005-08-02 10:21:31.000,1.219700,1.220000,D
173714319,EUR/USD,2005-08-02 10:21:32.000,1.219800,1.220100,D
173714339,EUR/USD,2005-08-02 10:21:36.000,1.219900,1.220200,D
173714380,EUR/USD,2005-08-02 10:21:41.000,1.220000,1.220300,D
173714386,EUR/USD,2005-08-02 10:21:42.000,1.219900,1.220200,D
173714392,EUR/USD,2005-08-02 10:21:43.000,1.220000,1.220300,D
173714397,EUR/USD,2005-08-02 10:21:43.000,1.220100,1.220400,D
173714411,EUR/USD,2005-08-02 10:21:45.000,1.220000,1.220300,D
173714415,EUR/USD,2005-08-02 10:21:45.000,1.220100,1.220400,D
173714428,EUR/USD,2005-08-02 10:21:47.000,1.220000,1.220300,D
173714453,EUR/USD,2005-08-02 10:21:53.000,1.219900,1.220200,D
173714494,EUR/USD,2005-08-02 10:21:58.000,1.220000,1.220300,D
173714536,EUR/USD,2005-08-02 10:22:16.000,1.219900,1.220200,D
173714551,EUR/USD,2005-08-02 10:22:21.000,1.219800,1.220100,D
173714554,EUR/USD,2005-08-02 10:22:21.000,1.219900,1.220200,D
173714559,EUR/USD,2005-08-02 10:22:22.000,1.219800,1.220100,D
173714579,EUR/USD,2005-08-02 10:22:26.000,1.219700,1.220000,D
173714589,EUR/USD,2005-08-02 10:22:30.000,1.219800,1.220100,D
173714597,EUR/USD,2005-08-02 10:22:33.000,1.219900,1.220200,D
173714607,EUR/USD,2005-08-02 10:22:36.000,1.220000,1.220300,D
173714622,EUR/USD,2005-08-02 10:22:41.000,1.220100,1.220400,D
173714632,EUR/USD,2005-08-02 10:22:42.000,1.220000,1.220300,D
173714664,EUR/USD,2005-08-02 10:22:48.000,1.219900,1.220200,D
173714674,EUR/USD,2005-08-02 10:22:51.000,1.219800,1.220100,D
173714676,EUR/USD,2005-08-02 10:22:53.000,1.219900,1.220200,D
173714693,EUR/USD,2005-08-02 10:22:58.000,1.219800,1.220100,D
173714699,EUR/USD,2005-08-02 10:23:03.000,1.219900,1.220200,D
173714704,EUR/USD,2005-08-02 10:23:04.000,1.219800,1.220100,D
173714706,EUR/USD,2005-08-02 10:23:06.000,1.219900,1.220200,D
173714710,EUR/USD,2005-08-02 10:23:06.000,1.219800,1.220100,D
173714721,EUR/USD,2005-08-02 10:23:09.000,1.219700,1.220000,D
173714728,EUR/USD,2005-08-02 10:23:11.000,1.219800,1.220100,D
173714735,EUR/USD,2005-08-02 10:23:11.000,1.219700,1.220000,D
173714744,EUR/USD,2005-08-02 10:23:12.000,1.219800,1.220100,D
173714753,EUR/USD,2005-08-02 10:23:13.000,1.219900,1.220200,D
173714757,EUR/USD,2005-08-02 10:23:14.000,1.219800,1.220100,D
173714760,EUR/USD,2005-08-02 10:23:14.000,1.219900,1.220200,D
173714772,EUR/USD,2005-08-02 10:23:20.000,1.220000,1.220300,D
173714777,EUR/USD,2005-08-02 10:23:21.000,1.219900,1.220200,D
173714780,EUR/USD,2005-08-02 10:23:21.000,1.220000,1.220300,D
173714803,EUR/USD,2005-08-02 10:23:26.000,1.220100,1.220400,D
173714841,EUR/USD,2005-08-02 10:23:30.000,1.220200,1.220500,D
173714860,EUR/USD,2005-08-02 10:23:32.000,1.220100,1.220400,D
173714897,EUR/USD,2005-08-02 10:23:39.000,1.220000,1.220300,D
173714920,EUR/USD,2005-08-02 10:23:42.000,1.220100,1.220400,D
173714924,EUR/USD,2005-08-02 10:23:42.000,1.220000,1.220300,D
173714929,EUR/USD,2005-08-02 10:23:43.000,1.220100,1.220400,D
173714950,EUR/USD,2005-08-02 10:23:46.000,1.220200,1.220500,D
173714956,EUR/USD,2005-08-02 10:23:47.000,1.220100,1.220400,D
173715056,EUR/USD,2005-08-02 10:24:06.000,1.220000,1.220300,D
173715070,EUR/USD,2005-08-02 10:24:14.000,1.219900,1.220200,D
173715090,EUR/USD,2005-08-02 10:24:17.000,1.219800,1.220100,D
173715097,EUR/USD,2005-08-02 10:24:20.000,1.219900,1.220200,D
173715192,EUR/USD,2005-08-02 10:24:46.000,1.219800,1.220100,D
173715197,EUR/USD,2005-08-02 10:24:47.000,1.219900,1.220200,D
173715203,EUR/USD,2005-08-02 10:24:49.000,1.219800,1.220100,D
173715206,EUR/USD,2005-08-02 10:24:50.000,1.219900,1.220200,D
173715214,EUR/USD,2005-08-02 10:24:54.000,1.220000,1.220300,D
173715216,EUR/USD,2005-08-02 10:24:55.000,1.219900,1.220200,D
173715223,EUR/USD,2005-08-02 10:24:56.000,1.220000,1.220300,D
173715228,EUR/USD,2005-08-02 10:24:58.000,1.220100,1.220400,D
173715237,EUR/USD,2005-08-02 10:24:59.000,1.220000,1.220300,D
173715259,EUR/USD,2005-08-02 10:25:02.000,1.220100,1.220400,D
173715322,EUR/USD,2005-08-02 10:25:16.000,1.220200,1.220500,D
173715337,EUR/USD,2005-08-02 10:25:22.000,1.220300,1.220600,D
173715343,EUR/USD,2005-08-02 10:25:23.000,1.220200,1.220500,D
173715362,EUR/USD,2005-08-02 10:25:32.000,1.220300,1.220600,D
173715385,EUR/USD,2005-08-02 10:25:44.000,1.220200,1.220500,D
173715390,EUR/USD,2005-08-02 10:25:44.000,1.220300,1.220600,D
173715434,EUR/USD,2005-08-02 10:25:53.000,1.220200,1.220500,D
173715505,EUR/USD,2005-08-02 10:26:34.000,1.220100,1.220400,D
173715544,EUR/USD,2005-08-02 10:26:44.000,1.220000,1.220300,D
173715564,EUR/USD,2005-08-02 10:26:53.000,1.220100,1.220400,D
173715569,EUR/USD,2005-08-02 10:26:53.000,1.220000,1.220300,D
173715580,EUR/USD,2005-08-02 10:26:57.000,1.220100,1.220400,D
173715608,EUR/USD,2005-08-02 10:27:05.000,1.220200,1.220500,D
173715628,EUR/USD,2005-08-02 10:27:08.000,1.220300,1.220600,D
173715632,EUR/USD,2005-08-02 10:27:09.000,1.220200,1.220500,D
173715644,EUR/USD,2005-08-02 10:27:14.000,1.220300,1.220600,D
173715734,EUR/USD,2005-08-02 10:27:42.000,1.220400,1.220700,D
173715751,EUR/USD,2005-08-02 10:27:47.000,1.220500,1.220800,D
173715775,EUR/USD,2005-08-02 10:27:51.000,1.220600,1.220900,D
173715821,EUR/USD,2005-08-02 10:28:01.000,1.220700,1.221000,D
173715837,EUR/USD,2005-08-02 10:28:04.000,1.220800,1.221100,D
173715841,EUR/USD,2005-08-02 10:28:04.000,1.220900,1.221200,D
173715877,EUR/USD,2005-08-02 10:28:10.000,1.220800,1.221100,D
173715905,EUR/USD,2005-08-02 10:28:18.000,1.220700,1.221000,D
173715936,EUR/USD,2005-08-02 10:28:23.000,1.220600,1.220900,D
173715956,EUR/USD,2005-08-02 10:28:26.000,1.220500,1.220800,D
173715966,EUR/USD,2005-08-02 10:28:29.000,1.220400,1.220700,D
173715972,EUR/USD,2005-08-02 10:28:30.000,1.220500,1.220800,D
173715979,EUR/USD,2005-08-02 10:28:31.000,1.220400,1.220700,D
173716000,EUR/USD,2005-08-02 10:28:41.000,1.220300,1.220600,D
173716012,EUR/USD,2005-08-02 10:28:45.000,1.220400,1.220700,D
173716021,EUR/USD,2005-08-02 10:28:51.000,1.220300,1.220600,D
173716049,EUR/USD,2005-08-02 10:29:14.000,1.220400,1.220700,D
173716062,EUR/USD,2005-08-02 10:29:20.000,1.220300,1.220600,D
173716162,EUR/USD,2005-08-02 10:29:43.000,1.220200,1.220500,D
173716221,EUR/USD,2005-08-02 10:30:06.000,1.220300,1.220600,D
173716234,EUR/USD,2005-08-02 10:30:14.000,1.220400,1.220700,D
173716237,EUR/USD,2005-08-02 10:30:15.000,1.220300,1.220600,D
173716242,EUR/USD,2005-08-02 10:30:16.000,1.220400,1.220700,D
173716248,EUR/USD,2005-08-02 10:30:17.000,1.220300,1.220600,D
173716265,EUR/USD,2005-08-02 10:30:22.000,1.220400,1.220700,D
173716272,EUR/USD,2005-08-02 10:30:24.000,1.220300,1.220600,D
173716296,EUR/USD,2005-08-02 10:30:27.000,1.220200,1.220500,D
173716316,EUR/USD,2005-08-02 10:30:39.000,1.220100,1.220400,D
173716359,EUR/USD,2005-08-02 10:31:14.000,1.220000,1.220300,D
173716373,EUR/USD,2005-08-02 10:31:18.000,1.219900,1.220200,D
173716390,EUR/USD,2005-08-02 10:31:22.000,1.220000,1.220300,D
173716401,EUR/USD,2005-08-02 10:31:26.000,1.220100,1.220400,D
173716412,EUR/USD,2005-08-02 10:31:28.000,1.220000,1.220300,D
173716463,EUR/USD,2005-08-02 10:31:44.000,1.219900,1.220200,D
173716485,EUR/USD,2005-08-02 10:31:49.000,1.220000,1.220300,D
173716503,EUR/USD,2005-08-02 10:31:50.000,1.219900,1.220200,D
173716511,EUR/USD,2005-08-02 10:31:51.000,1.220000,1.220300,D
173716546,EUR/USD,2005-08-02 10:32:00.000,1.220100,1.220400,D
173716561,EUR/USD,2005-08-02 10:32:02.000,1.220000,1.220300,D
173716568,EUR/USD,2005-08-02 10:32:03.000,1.220100,1.220400,D
173716602,EUR/USD,2005-08-02 10:32:09.000,1.220200,1.220500,D
173716617,EUR/USD,2005-08-02 10:32:10.000,1.220100,1.220400,D
173716629,EUR/USD,2005-08-02 10:32:15.000,1.220200,1.220500,D
173716701,EUR/USD,2005-08-02 10:32:30.000,1.220100,1.220400,D
173716712,EUR/USD,2005-08-02 10:32:34.000,1.220200,1.220500,D
173716727,EUR/USD,2005-08-02 10:32:37.000,1.220100,1.220400,D
173716741,EUR/USD,2005-08-02 10:32:39.000,1.220200,1.220500,D
173716781,EUR/USD,2005-08-02 10:32:57.000,1.220100,1.220400,D
173716830,EUR/USD,2005-08-02 10:33:22.000,1.220200,1.220500,D
173716840,EUR/USD,2005-08-02 10:33:25.000,1.220100,1.220400,D
173716864,EUR/USD,2005-08-02 10:33:34.000,1.220200,1.220500,D
173716881,EUR/USD,2005-08-02 10:33:41.000,1.220100,1.220400,D
173716892,EUR/USD,2005-08-02 10:33:43.000,1.220200,1.220500,D
173716903,EUR/USD,2005-08-02 10:33:46.000,1.220100,1.220400,D
173716917,EUR/USD,2005-08-02 10:33:55.000,1.220000,1.220300,D
173716919,EUR/USD,2005-08-02 10:33:55.000,1.220100,1.220400,D
173716935,EUR/USD,2005-08-02 10:33:58.000,1.220000,1.220300,D
173716964,EUR/USD,2005-08-02 10:34:06.000,1.219900,1.220200,D
173716994,EUR/USD,2005-08-02 10:34:18.000,1.219800,1.220100,D
173717012,EUR/USD,2005-08-02 10:34:20.000,1.219900,1.220200,D
173717037,EUR/USD,2005-08-02 10:34:25.000,1.219800,1.220100,D
173717041,EUR/USD,2005-08-02 10:34:26.000,1.219900,1.220200,D
173717053,EUR/USD,2005-08-02 10:34:28.000,1.219800,1.220100,D
173717058,EUR/USD,2005-08-02 10:34:29.000,1.219900,1.220200,D
173717078,EUR/USD,2005-08-02 10:34:37.000,1.219800,1.220100,D
173717081,EUR/USD,2005-08-02 10:34:37.000,1.219900,1.220200,D
173717106,EUR/USD,2005-08-02 10:34:45.000,1.219800,1.220100,D
173717124,EUR/USD,2005-08-02 10:34:59.000,1.219900,1.220200,D
173717141,EUR/USD,2005-08-02 10:35:03.000,1.220000,1.220300,D
173717163,EUR/USD,2005-08-02 10:35:06.000,1.219900,1.220200,D
173717180,EUR/USD,2005-08-02 10:35:09.000,1.220000,1.220300,D
173717195,EUR/USD,2005-08-02 10:35:17.000,1.220100,1.220400,D
173717197,EUR/USD,2005-08-02 10:35:17.000,1.220000,1.220300,D
173717199,EUR/USD,2005-08-02 10:35:18.000,1.220100,1.220400,D
173717225,EUR/USD,2005-08-02 10:35:26.000,1.220000,1.220300,D
173717255,EUR/USD,2005-08-02 10:35:40.000,1.219900,1.220200,D
173717265,EUR/USD,2005-08-02 10:35:41.000,1.220000,1.220300,D
173717269,EUR/USD,2005-08-02 10:35:42.000,1.219900,1.220200,D
173717283,EUR/USD,2005-08-02 10:35:49.000,1.220000,1.220300,D
173717291,EUR/USD,2005-08-02 10:36:00.000,1.220100,1.220400,D
173717314,EUR/USD,2005-08-02 10:36:08.000,1.220000,1.220300,D
173717336,EUR/USD,2005-08-02 10:36:24.000,1.220100,1.220400,D
173717362,EUR/USD,2005-08-02 10:36:33.000,1.220000,1.220300,D
173717380,EUR/USD,2005-08-02 10:36:39.000,1.219900,1.220200,D
173717396,EUR/USD,2005-08-02 10:36:46.000,1.220000,1.220300,D
173717424,EUR/USD,2005-08-02 10:36:53.000,1.220100,1.220400,D
173717482,EUR/USD,2005-08-02 10:37:22.000,1.220200,1.220500,D
173717503,EUR/USD,2005-08-02 10:37:25.000,1.220300,1.220600,D
173717510,EUR/USD,2005-08-02 10:37:27.000,1.220200,1.220500,D
173717529,EUR/USD,2005-08-02 10:37:32.000,1.220100,1.220400,D
173717545,EUR/USD,2005-08-02 10:37:37.000,1.220200,1.220500,D
173717558,EUR/USD,2005-08-02 10:37:39.000,1.220100,1.220400,D
173717562,EUR/USD,2005-08-02 10:37:40.000,1.220200,1.220500,D
173717567,EUR/USD,2005-08-02 10:37:41.000,1.220100,1.220400,D
173717571,EUR/USD,2005-08-02 10:37:42.000,1.220200,1.220500,D
173717577,EUR/USD,2005-08-02 10:37:43.000,1.220100,1.220400,D
173717599,EUR/USD,2005-08-02 10:37:56.000,1.220000,1.220300,D
173717614,EUR/USD,2005-08-02 10:38:08.000,1.220100,1.220400,D
173717626,EUR/USD,2005-08-02 10:38:19.000,1.220200,1.220500,D
173717642,EUR/USD,2005-08-02 10:38:41.000,1.220300,1.220600,D
173717678,EUR/USD,2005-08-02 10:38:49.000,1.220200,1.220500,D
173717684,EUR/USD,2005-08-02 10:38:51.000,1.220300,1.220600,D
173717718,EUR/USD,2005-08-02 10:39:02.000,1.220200,1.220500,D
173717727,EUR/USD,2005-08-02 10:39:03.000,1.220300,1.220600,D
173717736,EUR/USD,2005-08-02 10:39:06.000,1.220200,1.220500,D
173717772,EUR/USD,2005-08-02 10:39:23.000,1.220300,1.220600,D
173717773,EUR/USD,2005-08-02 10:39:24.000,1.220200,1.220500,D
173717790,EUR/USD,2005-08-02 10:39:41.000,1.220300,1.220600,D
173717806,EUR/USD,2005-08-02 10:39:53.000,1.220200,1.220500,D
173717821,EUR/USD,2005-08-02 10:39:55.000,1.220300,1.220600,D
173717906,EUR/USD,2005-08-02 10:40:35.000,1.220400,1.220700,D
173717920,EUR/USD,2005-08-02 10:40:37.000,1.220300,1.220600,D
173717931,EUR/USD,2005-08-02 10:40:40.000,1.220400,1.220700,D
173717934,EUR/USD,2005-08-02 10:40:43.000,1.220300,1.220600,D
173717945,EUR/USD,2005-08-02 10:40:45.000,1.220400,1.220700,D
173717971,EUR/USD,2005-08-02 10:40:53.000,1.220500,1.220800,D
173717986,EUR/USD,2005-08-02 10:40:59.000,1.220400,1.220700,D
173717992,EUR/USD,2005-08-02 10:41:00.000,1.220500,1.220800,D
173718008,EUR/USD,2005-08-02 10:41:03.000,1.220400,1.220700,D
173718024,EUR/USD,2005-08-02 10:41:06.000,1.220500,1.220800,D
173718029,EUR/USD,2005-08-02 10:41:09.000,1.220400,1.220700,D
173718031,EUR/USD,2005-08-02 10:41:09.000,1.220500,1.220800,D
173718035,EUR/USD,2005-08-02 10:41:10.000,1.220400,1.220700,D
173718047,EUR/USD,2005-08-02 10:41:16.000,1.220500,1.220800,D
173718053,EUR/USD,2005-08-02 10:41:17.000,1.220400,1.220700,D
173718063,EUR/USD,2005-08-02 10:41:18.000,1.220500,1.220800,D
173718075,EUR/USD,2005-08-02 10:41:22.000,1.220600,1.220900,D
173718086,EUR/USD,2005-08-02 10:41:23.000,1.220700,1.221000,D
173718091,EUR/USD,2005-08-02 10:41:24.000,1.220600,1.220900,D
173718123,EUR/USD,2005-08-02 10:41:33.000,1.220500,1.220800,D
173718143,EUR/USD,2005-08-02 10:41:40.000,1.220600,1.220900,D
173718162,EUR/USD,2005-08-02 10:41:56.000,1.220700,1.221000,D
173718180,EUR/USD,2005-08-02 10:42:03.000,1.220600,1.220900,D
173718188,EUR/USD,2005-08-02 10:42:05.000,1.220700,1.221000,D
173718203,EUR/USD,2005-08-02 10:42:10.000,1.220600,1.220900,D
173718206,EUR/USD,2005-08-02 10:42:11.000,1.220700,1.221000,D
173718220,EUR/USD,2005-08-02 10:42:13.000,1.220600,1.220900,D
173718228,EUR/USD,2005-08-02 10:42:16.000,1.220700,1.221000,D
173718237,EUR/USD,2005-08-02 10:42:18.000,1.220600,1.220900,D
173718245,EUR/USD,2005-08-02 10:42:20.000,1.220700,1.221000,D
173718292,EUR/USD,2005-08-02 10:42:51.000,1.220600,1.220900,D
173718295,EUR/USD,2005-08-02 10:42:53.000,1.220700,1.221000,D
173718303,EUR/USD,2005-08-02 10:42:56.000,1.220600,1.220900,D
173718313,EUR/USD,2005-08-02 10:42:59.000,1.220700,1.221000,D
173718317,EUR/USD,2005-08-02 10:42:59.000,1.220600,1.220900,D
173718324,EUR/USD,2005-08-02 10:43:00.000,1.220500,1.220800,D
173718330,EUR/USD,2005-08-02 10:43:01.000,1.220600,1.220900,D
173718345,EUR/USD,2005-08-02 10:43:09.000,1.220500,1.220800,D
173718347,EUR/USD,2005-08-02 10:43:10.000,1.220600,1.220900,D
173718354,EUR/USD,2005-08-02 10:43:12.000,1.220500,1.220800,D
173718357,EUR/USD,2005-08-02 10:43:13.000,1.220600,1.220900,D
173718384,EUR/USD,2005-08-02 10:43:21.000,1.220500,1.220800,D
173718443,EUR/USD,2005-08-02 10:43:52.000,1.220400,1.220700,D
173718445,EUR/USD,2005-08-02 10:43:52.000,1.220500,1.220800,D
173718447,EUR/USD,2005-08-02 10:43:53.000,1.220400,1.220700,D
173718481,EUR/USD,2005-08-02 10:44:01.000,1.220500,1.220800,D
173718484,EUR/USD,2005-08-02 10:44:02.000,1.220400,1.220700,D
173718494,EUR/USD,2005-08-02 10:44:05.000,1.220500,1.220800,D
173718501,EUR/USD,2005-08-02 10:44:08.000,1.220400,1.220700,D
173718508,EUR/USD,2005-08-02 10:44:13.000,1.220500,1.220800,D
173718520,EUR/USD,2005-08-02 10:44:16.000,1.220400,1.220700,D
173718532,EUR/USD,2005-08-02 10:44:18.000,1.220500,1.220800,D
173718542,EUR/USD,2005-08-02 10:44:20.000,1.220400,1.220700,D
173718556,EUR/USD,2005-08-02 10:44:27.000,1.220300,1.220600,D
173718561,EUR/USD,2005-08-02 10:44:27.000,1.220400,1.220700,D
173718580,EUR/USD,2005-08-02 10:44:44.000,1.220300,1.220600,D
173718587,EUR/USD,2005-08-02 10:44:45.000,1.220400,1.220700,D
173718602,EUR/USD,2005-08-02 10:44:47.000,1.220300,1.220600,D
173718617,EUR/USD,2005-08-02 10:44:52.000,1.220200,1.220500,D
173718618,EUR/USD,2005-08-02 10:44:52.000,1.220300,1.220600,D
173718628,EUR/USD,2005-08-02 10:44:53.000,1.220400,1.220700,D
173718633,EUR/USD,2005-08-02 10:44:53.000,1.220300,1.220600,D
173718654,EUR/USD,2005-08-02 10:44:58.000,1.220200,1.220500,D
173718708,EUR/USD,2005-08-02 10:45:15.000,1.220100,1.220400,D
173718713,EUR/USD,2005-08-02 10:45:16.000,1.220200,1.220500,D
173718715,EUR/USD,2005-08-02 10:45:16.000,1.220300,1.220600,D
173718726,EUR/USD,2005-08-02 10:45:20.000,1.220200,1.220500,D
173718730,EUR/USD,2005-08-02 10:45:21.000,1.220300,1.220600,D
173718760,EUR/USD,2005-08-02 10:45:31.000,1.220400,1.220700,D
173718767,EUR/USD,2005-08-02 10:45:32.000,1.220500,1.220800,D
173718783,EUR/USD,2005-08-02 10:45:35.000,1.220400,1.220700,D
173718823,EUR/USD,2005-08-02 10:45:51.000,1.220500,1.220800,D
173718837,EUR/USD,2005-08-02 10:45:56.000,1.220600,1.220900,D
173718857,EUR/USD,2005-08-02 10:46:00.000,1.220700,1.221000,D
173718870,EUR/USD,2005-08-02 10:46:05.000,1.220800,1.221100,D
173718892,EUR/USD,2005-08-02 10:46:10.000,1.220900,1.221200,D
173718898,EUR/USD,2005-08-02 10:46:10.000,1.220800,1.221100,D
173718905,EUR/USD,2005-08-02 10:46:11.000,1.220900,1.221200,D
173718938,EUR/USD,2005-08-02 10:46:16.000,1.220800,1.221100,D
173718944,EUR/USD,2005-08-02 10:46:19.000,1.220900,1.221200,D
173718950,EUR/USD,2005-08-02 10:46:20.000,1.220800,1.221100,D
173718964,EUR/USD,2005-08-02 10:46:23.000,1.220900,1.221200,D
173718972,EUR/USD,2005-08-02 10:46:25.000,1.221000,1.221300,D
173719006,EUR/USD,2005-08-02 10:46:31.000,1.221100,1.221400,D
173719019,EUR/USD,2005-08-02 10:46:32.000,1.221200,1.221500,D
173719041,EUR/USD,2005-08-02 10:46:36.000,1.221100,1.221400,D
173719048,EUR/USD,2005-08-02 10:46:37.000,1.221200,1.221500,D
173719065,EUR/USD,2005-08-02 10:46:41.000,1.221100,1.221400,D
173719072,EUR/USD,2005-08-02 10:46:42.000,1.221000,1.221300,D
173719081,EUR/USD,2005-08-02 10:46:44.000,1.221100,1.221400,D
173719104,EUR/USD,2005-08-02 10:46:49.000,1.221000,1.221300,D
173719142,EUR/USD,2005-08-02 10:47:00.000,1.220900,1.221200,D
173719159,EUR/USD,2005-08-02 10:47:02.000,1.221000,1.221300,D
173719175,EUR/USD,2005-08-02 10:47:05.000,1.220900,1.221200,D
173719212,EUR/USD,2005-08-02 10:47:14.000,1.221000,1.221300,D
173719232,EUR/USD,2005-08-02 10:47:21.000,1.220900,1.221200,D
173719238,EUR/USD,2005-08-02 10:47:24.000,1.220800,1.221100,D
173719245,EUR/USD,2005-08-02 10:47:25.000,1.220900,1.221200,D
173719260,EUR/USD,2005-08-02 10:47:38.000,1.220800,1.221100,D
173719277,EUR/USD,2005-08-02 10:47:42.000,1.220700,1.221000,D
173719285,EUR/USD,2005-08-02 10:47:43.000,1.220600,1.220900,D
173719293,EUR/USD,2005-08-02 10:47:46.000,1.220500,1.220800,D
173719314,EUR/USD,2005-08-02 10:47:47.000,1.220600,1.220900,D
173719321,EUR/USD,2005-08-02 10:47:48.000,1.220500,1.220800,D
173719348,EUR/USD,2005-08-02 10:47:51.000,1.220400,1.220700,D
173719350,EUR/USD,2005-08-02 10:47:52.000,1.220500,1.220800,D
173719375,EUR/USD,2005-08-02 10:47:59.000,1.220400,1.220700,D
173719378,EUR/USD,2005-08-02 10:47:59.000,1.220500,1.220800,D
173719391,EUR/USD,2005-08-02 10:48:01.000,1.220400,1.220700,D
173719399,EUR/USD,2005-08-02 10:48:02.000,1.220500,1.220800,D
173719416,EUR/USD,2005-08-02 10:48:04.000,1.220400,1.220700,D
173719420,EUR/USD,2005-08-02 10:48:06.000,1.220500,1.220800,D
173719432,EUR/USD,2005-08-02 10:48:07.000,1.220400,1.220700,D
173719455,EUR/USD,2005-08-02 10:48:22.000,1.220500,1.220800,D
173719462,EUR/USD,2005-08-02 10:48:23.000,1.220400,1.220700,D
173719472,EUR/USD,2005-08-02 10:48:25.000,1.220300,1.220600,D
173719486,EUR/USD,2005-08-02 10:48:27.000,1.220400,1.220700,D
173719491,EUR/USD,2005-08-02 10:48:27.000,1.220300,1.220600,D
173719495,EUR/USD,2005-08-02 10:48:28.000,1.220200,1.220500,D
173719503,EUR/USD,2005-08-02 10:48:29.000,1.220300,1.220600,D
173719509,EUR/USD,2005-08-02 10:48:30.000,1.220200,1.220500,D
173719511,EUR/USD,2005-08-02 10:48:30.000,1.220100,1.220400,D
173719521,EUR/USD,2005-08-02 10:48:33.000,1.220000,1.220300,D
173719532,EUR/USD,2005-08-02 10:48:34.000,1.220100,1.220400,D
173719550,EUR/USD,2005-08-02 10:48:36.000,1.220000,1.220300,D
173719556,EUR/USD,2005-08-02 10:48:37.000,1.220100,1.220400,D
173719650,EUR/USD,2005-08-02 10:48:59.000,1.220200,1.220500,D
173719671,EUR/USD,2005-08-02 10:49:02.000,1.220300,1.220600,D
173719713,EUR/USD,2005-08-02 10:49:20.000,1.220400,1.220700,D
173719729,EUR/USD,2005-08-02 10:49:26.000,1.220300,1.220600,D
173719760,EUR/USD,2005-08-02 10:49:39.000,1.220400,1.220700,D
173719776,EUR/USD,2005-08-02 10:49:43.000,1.220500,1.220800,D
173719801,EUR/USD,2005-08-02 10:49:52.000,1.220600,1.220900,D
173719822,EUR/USD,2005-08-02 10:50:01.000,1.220500,1.220800,D
173719825,EUR/USD,2005-08-02 10:50:02.000,1.220600,1.220900,D
173719831,EUR/USD,2005-08-02 10:50:02.000,1.220500,1.220800,D
173719838,EUR/USD,2005-08-02 10:50:04.000,1.220600,1.220900,D
173719863,EUR/USD,2005-08-02 10:50:14.000,1.220500,1.220800,D
173719865,EUR/USD,2005-08-02 10:50:14.000,1.220600,1.220900,D
173719877,EUR/USD,2005-08-02 10:50:28.000,1.220500,1.220800,D
173719883,EUR/USD,2005-08-02 10:50:31.000,1.220600,1.220900,D
173719895,EUR/USD,2005-08-02 10:50:34.000,1.220500,1.220800,D
173719913,EUR/USD,2005-08-02 10:50:57.000,1.220400,1.220700,D
173719929,EUR/USD,2005-08-02 10:51:03.000,1.220500,1.220800,D
173719941,EUR/USD,2005-08-02 10:51:05.000,1.220400,1.220700,D
173719945,EUR/USD,2005-08-02 10:51:06.000,1.220500,1.220800,D
173719986,EUR/USD,2005-08-02 10:51:24.000,1.220600,1.220900,D
173719997,EUR/USD,2005-08-02 10:51:27.000,1.220700,1.221000,D
173720022,EUR/USD,2005-08-02 10:51:32.000,1.220800,1.221100,D
173720046,EUR/USD,2005-08-02 10:51:34.000,1.220700,1.221000,D
173720052,EUR/USD,2005-08-02 10:51:35.000,1.220800,1.221100,D
173720082,EUR/USD,2005-08-02 10:51:40.000,1.220700,1.221000,D
173720087,EUR/USD,2005-08-02 10:51:41.000,1.220800,1.221100,D
173720105,EUR/USD,2005-08-02 10:51:43.000,1.220900,1.221200,D
173720142,EUR/USD,2005-08-02 10:51:51.000,1.221000,1.221300,D
173720147,EUR/USD,2005-08-02 10:51:52.000,1.220900,1.221200,D
173720167,EUR/USD,2005-08-02 10:52:00.000,1.221000,1.221300,D
173720175,EUR/USD,2005-08-02 10:52:01.000,1.220900,1.221200,D
173720223,EUR/USD,2005-08-02 10:52:12.000,1.221000,1.221300,D
173720227,EUR/USD,2005-08-02 10:52:12.000,1.220900,1.221200,D
173720235,EUR/USD,2005-08-02 10:52:13.000,1.221000,1.221300,D
173720243,EUR/USD,2005-08-02 10:52:14.000,1.220900,1.221200,D
173720248,EUR/USD,2005-08-02 10:52:14.000,1.221000,1.221300,D
173720266,EUR/USD,2005-08-02 10:52:19.000,1.220900,1.221200,D
173720275,EUR/USD,2005-08-02 10:52:21.000,1.220800,1.221100,D
173720302,EUR/USD,2005-08-02 10:52:31.000,1.220700,1.221000,D
173720323,EUR/USD,2005-08-02 10:52:35.000,1.220800,1.221100,D
173720368,EUR/USD,2005-08-02 10:52:40.000,1.220700,1.221000,D
173720416,EUR/USD,2005-08-02 10:53:26.000,1.220600,1.220900,D
173720449,EUR/USD,2005-08-02 10:53:43.000,1.220700,1.221000,D
173720479,EUR/USD,2005-08-02 10:53:49.000,1.220800,1.221100,D
173720486,EUR/USD,2005-08-02 10:53:50.000,1.220700,1.221000,D
173720500,EUR/USD,2005-08-02 10:53:52.000,1.220800,1.221100,D
173720520,EUR/USD,2005-08-02 10:53:58.000,1.220900,1.221200,D
173720530,EUR/USD,2005-08-02 10:53:59.000,1.220800,1.221100,D
173720531,EUR/USD,2005-08-02 10:53:59.000,1.220900,1.221200,D
173720570,EUR/USD,2005-08-02 10:54:11.000,1.220800,1.221100,D
173720589,EUR/USD,2005-08-02 10:54:23.000,1.220700,1.221000,D
173720597,EUR/USD,2005-08-02 10:54:25.000,1.220800,1.221100,D
173720610,EUR/USD,2005-08-02 10:54:38.000,1.220700,1.221000,D
173720616,EUR/USD,2005-08-02 10:54:39.000,1.220800,1.221100,D
173720629,EUR/USD,2005-08-02 10:54:44.000,1.220700,1.221000,D
173720692,EUR/USD,2005-08-02 10:55:09.000,1.220800,1.221100,D
173720695,EUR/USD,2005-08-02 10:55:10.000,1.220700,1.221000,D
173720698,EUR/USD,2005-08-02 10:55:10.000,1.220800,1.221100,D
173720707,EUR/USD,2005-08-02 10:55:16.000,1.220700,1.221000,D
173720725,EUR/USD,2005-08-02 10:55:33.000,1.220800,1.221100,D
173720728,EUR/USD,2005-08-02 10:55:34.000,1.220700,1.221000,D
173720732,EUR/USD,2005-08-02 10:55:35.000,1.220800,1.221100,D
173720739,EUR/USD,2005-08-02 10:55:39.000,1.220700,1.221000,D
173720750,EUR/USD,2005-08-02 10:55:44.000,1.220800,1.221100,D
173720791,EUR/USD,2005-08-02 10:56:17.000,1.220900,1.221200,D
173720848,EUR/USD,2005-08-02 10:56:23.000,1.220800,1.221100,D
173720876,EUR/USD,2005-08-02 10:56:31.000,1.220700,1.221000,D
173720952,EUR/USD,2005-08-02 10:57:25.000,1.220600,1.220900,D
173720964,EUR/USD,2005-08-02 10:57:27.000,1.220700,1.221000,D
173720972,EUR/USD,2005-08-02 10:57:28.000,1.220600,1.220900,D
173720977,EUR/USD,2005-08-02 10:57:29.000,1.220700,1.221000,D
173721023,EUR/USD,2005-08-02 10:57:49.000,1.220800,1.221100,D
173721044,EUR/USD,2005-08-02 10:57:54.000,1.220700,1.221000,D
173721048,EUR/USD,2005-08-02 10:57:59.000,1.220800,1.221100,D
173721079,EUR/USD,2005-08-02 10:58:19.000,1.220900,1.221200,D
173721109,EUR/USD,2005-08-02 10:58:35.000,1.220800,1.221100,D
173721136,EUR/USD,2005-08-02 10:58:44.000,1.220700,1.221000,D
173721144,EUR/USD,2005-08-02 10:58:47.000,1.220800,1.221100,D
173721181,EUR/USD,2005-08-02 10:59:00.000,1.220700,1.221000,D
173721231,EUR/USD,2005-08-02 10:59:17.000,1.220600,1.220900,D
173721239,EUR/USD,2005-08-02 10:59:18.000,1.220700,1.221000,D
173721251,EUR/USD,2005-08-02 10:59:20.000,1.220600,1.220900,D
173721286,EUR/USD,2005-08-02 10:59:26.000,1.220700,1.221000,D
173721331,EUR/USD,2005-08-02 10:59:32.000,1.220800,1.221100,D
173721349,EUR/USD,2005-08-02 10:59:34.000,1.220900,1.221200,D
173721357,EUR/USD,2005-08-02 10:59:35.000,1.220800,1.221100,D
173721438,EUR/USD,2005-08-02 10:59:56.000,1.220700,1.221000,D
173721450,EUR/USD,2005-08-02 10:59:58.000,1.220800,1.221100,D
173721455,EUR/USD,2005-08-02 10:59:59.000,1.220700,1.221000,D
173721508,EUR/USD,2005-08-02 11:00:17.000,1.220800,1.221100,D
173721554,EUR/USD,2005-08-02 11:00:40.000,1.220700,1.221000,D
173721650,EUR/USD,2005-08-02 11:01:04.000,1.220800,1.221100,D
173721716,EUR/USD,2005-08-02 11:01:30.000,1.220900,1.221200,D
173721730,EUR/USD,2005-08-02 11:01:32.000,1.220800,1.221100,D
173721776,EUR/USD,2005-08-02 11:01:42.000,1.220900,1.221200,D
173721805,EUR/USD,2005-08-02 11:01:46.000,1.220800,1.221100,D
173721809,EUR/USD,2005-08-02 11:01:48.000,1.220900,1.221200,D
173721847,EUR/USD,2005-08-02 11:02:09.000,1.220800,1.221100,D
173721914,EUR/USD,2005-08-02 11:02:41.000,1.220900,1.221200,D
173721978,EUR/USD,2005-08-02 11:03:19.000,1.220800,1.221100,D
173721986,EUR/USD,2005-08-02 11:03:20.000,1.220900,1.221200,D
173722003,EUR/USD,2005-08-02 11:03:27.000,1.221000,1.221300,D
173722102,EUR/USD,2005-08-02 11:04:04.000,1.221100,1.221400,D
173722134,EUR/USD,2005-08-02 11:04:08.000,1.221200,1.221500,D
173722167,EUR/USD,2005-08-02 11:04:17.000,1.221100,1.221400,D
173722182,EUR/USD,2005-08-02 11:04:20.000,1.221000,1.221300,D
173722212,EUR/USD,2005-08-02 11:04:30.000,1.221100,1.221400,D
173722250,EUR/USD,2005-08-02 11:04:42.000,1.221000,1.221200,D
173722253,EUR/USD,2005-08-02 11:04:42.000,1.220800,1.221100,D
173722271,EUR/USD,2005-08-02 11:04:43.000,1.220900,1.221200,D
173722275,EUR/USD,2005-08-02 11:04:43.000,1.221000,1.221300,D
173722321,EUR/USD,2005-08-02 11:04:53.000,1.220900,1.221200,D
173722344,EUR/USD,2005-08-02 11:05:00.000,1.221000,1.221300,D
173722367,EUR/USD,2005-08-02 11:05:06.000,1.221100,1.221400,D
173722426,EUR/USD,2005-08-02 11:05:29.000,1.221200,1.221500,D
173722486,EUR/USD,2005-08-02 11:05:37.000,1.221100,1.221400,D
173722517,EUR/USD,2005-08-02 11:05:49.000,1.221000,1.221300,D
173722540,EUR/USD,2005-08-02 11:05:58.000,1.220900,1.221200,D
173722547,EUR/USD,2005-08-02 11:06:01.000,1.221000,1.221300,D
173722556,EUR/USD,2005-08-02 11:06:03.000,1.221100,1.221400,D
173722559,EUR/USD,2005-08-02 11:06:04.000,1.221000,1.221300,D
173722588,EUR/USD,2005-08-02 11:06:13.000,1.220900,1.221200,D
173722592,EUR/USD,2005-08-02 11:06:16.000,1.220800,1.221100,D
173722628,EUR/USD,2005-08-02 11:06:25.000,1.220900,1.221200,D
173722630,EUR/USD,2005-08-02 11:06:26.000,1.220800,1.221100,D
173722633,EUR/USD,2005-08-02 11:06:27.000,1.220900,1.221200,D
173722641,EUR/USD,2005-08-02 11:06:31.000,1.221000,1.221300,D
173722675,EUR/USD,2005-08-02 11:06:35.000,1.220900,1.221200,D
173722688,EUR/USD,2005-08-02 11:06:37.000,1.221000,1.221300,D
173722738,EUR/USD,2005-08-02 11:06:57.000,1.221100,1.221400,D
173722749,EUR/USD,2005-08-02 11:07:03.000,1.221000,1.221300,D
173722777,EUR/USD,2005-08-02 11:07:21.000,1.220900,1.221200,D
173722785,EUR/USD,2005-08-02 11:07:24.000,1.221000,1.221300,D
173722794,EUR/USD,2005-08-02 11:07:27.000,1.220900,1.221200,D
173722824,EUR/USD,2005-08-02 11:07:39.000,1.221000,1.221300,D
173722848,EUR/USD,2005-08-02 11:07:44.000,1.220900,1.221200,D
173722855,EUR/USD,2005-08-02 11:07:45.000,1.221000,1.221300,D
173722892,EUR/USD,2005-08-02 11:07:57.000,1.220900,1.221200,D
173722899,EUR/USD,2005-08-02 11:07:58.000,1.221000,1.221300,D
173722918,EUR/USD,2005-08-02 11:08:08.000,1.220900,1.221200,D
173722925,EUR/USD,2005-08-02 11:08:11.000,1.221000,1.221300,D
173722930,EUR/USD,2005-08-02 11:08:12.000,1.220900,1.221200,D
173722957,EUR/USD,2005-08-02 11:08:37.000,1.220800,1.221100,D
173722993,EUR/USD,2005-08-02 11:08:48.000,1.220700,1.221000,D
173723014,EUR/USD,2005-08-02 11:08:58.000,1.220800,1.221100,D
173723017,EUR/USD,2005-08-02 11:08:59.000,1.220700,1.221000,D
173723033,EUR/USD,2005-08-02 11:09:04.000,1.220600,1.220900,D
173723057,EUR/USD,2005-08-02 11:09:31.000,1.220700,1.221000,D
173723060,EUR/USD,2005-08-02 11:09:31.000,1.220600,1.220900,D
173723065,EUR/USD,2005-08-02 11:09:32.000,1.220700,1.221000,D
173723078,EUR/USD,2005-08-02 11:09:54.000,1.220800,1.221100,D
173723121,EUR/USD,2005-08-02 11:10:31.000,1.220900,1.221200,D
173723129,EUR/USD,2005-08-02 11:10:36.000,1.220800,1.221100,D
173723132,EUR/USD,2005-08-02 11:10:37.000,1.220900,1.221200,D
173723164,EUR/USD,2005-08-02 11:10:51.000,1.221000,1.221300,D
173723170,EUR/USD,2005-08-02 11:10:56.000,1.221100,1.221400,D
173723187,EUR/USD,2005-08-02 11:10:59.000,1.221000,1.221300,D
173723193,EUR/USD,2005-08-02 11:11:00.000,1.221100,1.221400,D
173723194,EUR/USD,2005-08-02 11:11:00.000,1.221000,1.221300,D
173723231,EUR/USD,2005-08-02 11:11:14.000,1.221100,1.221400,D
173723235,EUR/USD,2005-08-02 11:11:15.000,1.221000,1.221300,D
173723246,EUR/USD,2005-08-02 11:11:16.000,1.221100,1.221400,D
173723254,EUR/USD,2005-08-02 11:11:19.000,1.221000,1.221300,D
173723262,EUR/USD,2005-08-02 11:11:20.000,1.221100,1.221400,D
173723297,EUR/USD,2005-08-02 11:11:26.000,1.221000,1.221300,D
173723301,EUR/USD,2005-08-02 11:11:29.000,1.221100,1.221400,D
173723305,EUR/USD,2005-08-02 11:11:29.000,1.221000,1.221300,D
173723322,EUR/USD,2005-08-02 11:11:35.000,1.221100,1.221400,D
173723372,EUR/USD,2005-08-02 11:11:52.000,1.221200,1.221500,D
173723403,EUR/USD,2005-08-02 11:12:01.000,1.221100,1.221400,D
173723407,EUR/USD,2005-08-02 11:12:03.000,1.221200,1.221500,D
173723420,EUR/USD,2005-08-02 11:12:04.000,1.221100,1.221400,D
173723432,EUR/USD,2005-08-02 11:12:05.000,1.221200,1.221500,D
173723446,EUR/USD,2005-08-02 11:12:06.000,1.221100,1.221400,D
173723455,EUR/USD,2005-08-02 11:12:07.000,1.221200,1.221500,D
173723461,EUR/USD,2005-08-02 11:12:08.000,1.221100,1.221400,D
173723485,EUR/USD,2005-08-02 11:12:16.000,1.221000,1.221300,D
173723539,EUR/USD,2005-08-02 11:12:32.000,1.221100,1.221400,D
173723555,EUR/USD,2005-08-02 11:12:36.000,1.221200,1.221500,D
173723566,EUR/USD,2005-08-02 11:12:37.000,1.221100,1.221400,D
173723571,EUR/USD,2005-08-02 11:12:37.000,1.221200,1.221500,D
173723577,EUR/USD,2005-08-02 11:12:39.000,1.221300,1.221600,D
173723589,EUR/USD,2005-08-02 11:12:39.000,1.221200,1.221500,D
173723656,EUR/USD,2005-08-02 11:12:59.000,1.221100,1.221400,D
173723666,EUR/USD,2005-08-02 11:13:04.000,1.221000,1.221300,D
173723716,EUR/USD,2005-08-02 11:13:29.000,1.221100,1.221400,D
173723735,EUR/USD,2005-08-02 11:13:38.000,1.221200,1.221500,D
173723745,EUR/USD,2005-08-02 11:13:39.000,1.221100,1.221400,D
173723769,EUR/USD,2005-08-02 11:13:48.000,1.221200,1.221500,D
173723776,EUR/USD,2005-08-02 11:13:49.000,1.221100,1.221400,D
173723803,EUR/USD,2005-08-02 11:13:57.000,1.221000,1.221300,D
173723849,EUR/USD,2005-08-02 11:14:07.000,1.221100,1.221400,D
173723860,EUR/USD,2005-08-02 11:14:09.000,1.221000,1.221300,D
173723868,EUR/USD,2005-08-02 11:14:10.000,1.221100,1.221400,D
173723871,EUR/USD,2005-08-02 11:14:12.000,1.221000,1.221300,D
173723879,EUR/USD,2005-08-02 11:14:16.000,1.221100,1.221400,D
173723885,EUR/USD,2005-08-02 11:14:17.000,1.221000,1.221300,D
173723891,EUR/USD,2005-08-02 11:14:20.000,1.221100,1.221400,D
173723901,EUR/USD,2005-08-02 11:14:22.000,1.221000,1.221300,D
173723923,EUR/USD,2005-08-02 11:14:36.000,1.220900,1.221200,D
173723928,EUR/USD,2005-08-02 11:14:37.000,1.221000,1.221300,D
173723966,EUR/USD,2005-08-02 11:14:43.000,1.220900,1.221200,D
173723970,EUR/USD,2005-08-02 11:14:45.000,1.221000,1.221300,D
173723973,EUR/USD,2005-08-02 11:14:45.000,1.220900,1.221200,D
173723977,EUR/USD,2005-08-02 11:14:46.000,1.221000,1.221300,D
173723984,EUR/USD,2005-08-02 11:14:49.000,1.221100,1.221400,D
173724002,EUR/USD,2005-08-02 11:14:51.000,1.221000,1.221300,D
173724006,EUR/USD,2005-08-02 11:14:53.000,1.221100,1.221400,D
173724015,EUR/USD,2005-08-02 11:14:54.000,1.221000,1.221300,D
173724085,EUR/USD,2005-08-02 11:15:29.000,1.221100,1.221400,D
173724111,EUR/USD,2005-08-02 11:15:44.000,1.221200,1.221500,D
173724131,EUR/USD,2005-08-02 11:15:46.000,1.221100,1.221400,D
173724134,EUR/USD,2005-08-02 11:15:46.000,1.221000,1.221300,D
173724137,EUR/USD,2005-08-02 11:15:47.000,1.221100,1.221400,D
173724197,EUR/USD,2005-08-02 11:16:58.000,1.221000,1.221300,D
173724239,EUR/USD,2005-08-02 11:17:18.000,1.220900,1.221200,D
173724244,EUR/USD,2005-08-02 11:17:19.000,1.221000,1.221300,D
173724254,EUR/USD,2005-08-02 11:17:21.000,1.220900,1.221200,D
173724260,EUR/USD,2005-08-02 11:17:21.000,1.221000,1.221300,D
173724291,EUR/USD,2005-08-02 11:17:45.000,1.220900,1.221200,D
173724384,EUR/USD,2005-08-02 11:18:21.000,1.221000,1.221300,D
173724394,EUR/USD,2005-08-02 11:18:24.000,1.220900,1.221200,D
173724397,EUR/USD,2005-08-02 11:18:26.000,1.221000,1.221300,D
173724456,EUR/USD,2005-08-02 11:18:53.000,1.221100,1.221400,D
173724461,EUR/USD,2005-08-02 11:18:54.000,1.221000,1.221300,D
173724490,EUR/USD,2005-08-02 11:19:41.000,1.221100,1.221400,D
173724516,EUR/USD,2005-08-02 11:19:46.000,1.221000,1.221300,D
173724574,EUR/USD,2005-08-02 11:20:24.000,1.220900,1.221200,D
173724588,EUR/USD,2005-08-02 11:20:27.000,1.220800,1.221100,D
173724645,EUR/USD,2005-08-02 11:20:47.000,1.220900,1.221200,D
173724711,EUR/USD,2005-08-02 11:21:25.000,1.221000,1.221300,D
173724718,EUR/USD,2005-08-02 11:21:27.000,1.220900,1.221200,D
173724728,EUR/USD,2005-08-02 11:21:30.000,1.220800,1.221100,D
173724738,EUR/USD,2005-08-02 11:21:35.000,1.220900,1.221200,D
173724774,EUR/USD,2005-08-02 11:21:51.000,1.220800,1.221100,D
173724777,EUR/USD,2005-08-02 11:21:52.000,1.220900,1.221200,D
173724842,EUR/USD,2005-08-02 11:22:41.000,1.220800,1.221100,D
173724886,EUR/USD,2005-08-02 11:23:13.000,1.220900,1.221200,D
173724898,EUR/USD,2005-08-02 11:23:14.000,1.220800,1.221100,D
173724957,EUR/USD,2005-08-02 11:23:33.000,1.220700,1.221000,D
173724961,EUR/USD,2005-08-02 11:23:34.000,1.220800,1.221100,D
173724965,EUR/USD,2005-08-02 11:23:34.000,1.220700,1.221000,D
173724970,EUR/USD,2005-08-02 11:23:36.000,1.220800,1.221100,D
173724983,EUR/USD,2005-08-02 11:23:38.000,1.220700,1.221000,D
173724991,EUR/USD,2005-08-02 11:23:42.000,1.220800,1.221100,D
173725136,EUR/USD,2005-08-02 11:25:27.000,1.220900,1.221200,D
173725153,EUR/USD,2005-08-02 11:25:32.000,1.220800,1.221100,D
173725175,EUR/USD,2005-08-02 11:25:41.000,1.220900,1.221200,D
173725200,EUR/USD,2005-08-02 11:25:59.000,1.221000,1.221300,D
173725209,EUR/USD,2005-08-02 11:26:02.000,1.220900,1.221200,D
173725262,EUR/USD,2005-08-02 11:26:19.000,1.221000,1.221300,D
173725265,EUR/USD,2005-08-02 11:26:24.000,1.220900,1.221200,D
173725271,EUR/USD,2005-08-02 11:26:37.000,1.220800,1.221100,D
173725321,EUR/USD,2005-08-02 11:27:22.000,1.220700,1.221000,D
173725325,EUR/USD,2005-08-02 11:27:30.000,1.220800,1.221100,D
173725394,EUR/USD,2005-08-02 11:28:37.000,1.220900,1.221200,D
173725400,EUR/USD,2005-08-02 11:28:42.000,1.220800,1.221100,D
173725430,EUR/USD,2005-08-02 11:28:49.000,1.220900,1.221200,D
173725476,EUR/USD,2005-08-02 11:29:19.000,1.221000,1.221300,D
173725482,EUR/USD,2005-08-02 11:29:20.000,1.220900,1.221200,D
173725488,EUR/USD,2005-08-02 11:29:24.000,1.221000,1.221300,D
173725506,EUR/USD,2005-08-02 11:29:27.000,1.220900,1.221200,D
173725512,EUR/USD,2005-08-02 11:29:29.000,1.221000,1.221300,D
173725530,EUR/USD,2005-08-02 11:29:32.000,1.220900,1.221200,D
173725536,EUR/USD,2005-08-02 11:29:33.000,1.221000,1.221300,D
173725563,EUR/USD,2005-08-02 11:29:45.000,1.220900,1.221200,D
173725584,EUR/USD,2005-08-02 11:29:50.000,1.221000,1.221300,D
173725592,EUR/USD,2005-08-02 11:29:51.000,1.220900,1.221200,D
173725627,EUR/USD,2005-08-02 11:30:14.000,1.221000,1.221300,D
173725636,EUR/USD,2005-08-02 11:30:15.000,1.221100,1.221400,D
173725641,EUR/USD,2005-08-02 11:30:16.000,1.221000,1.221300,D
173725709,EUR/USD,2005-08-02 11:30:41.000,1.221100,1.221400,D
173725730,EUR/USD,2005-08-02 11:30:45.000,1.221200,1.221500,D
173725741,EUR/USD,2005-08-02 11:30:45.000,1.221100,1.221400,D
173725751,EUR/USD,2005-08-02 11:30:46.000,1.221200,1.221500,D
173725765,EUR/USD,2005-08-02 11:30:47.000,1.221100,1.221400,D
173725778,EUR/USD,2005-08-02 11:30:49.000,1.221200,1.221500,D
173725790,EUR/USD,2005-08-02 11:30:51.000,1.221100,1.221400,D
173725793,EUR/USD,2005-08-02 11:30:53.000,1.221200,1.221500,D
173725840,EUR/USD,2005-08-02 11:31:19.000,1.221300,1.221600,D
173725842,EUR/USD,2005-08-02 11:31:22.000,1.221200,1.221500,D
173725845,EUR/USD,2005-08-02 11:31:24.000,1.221300,1.221600,D
173725863,EUR/USD,2005-08-02 11:31:28.000,1.221400,1.221700,D
173725875,EUR/USD,2005-08-02 11:31:31.000,1.221500,1.221800,D
173725877,EUR/USD,2005-08-02 11:31:31.000,1.221400,1.221700,D
173725880,EUR/USD,2005-08-02 11:31:33.000,1.221500,1.221800,D
173725882,EUR/USD,2005-08-02 11:31:33.000,1.221400,1.221700,D
173725920,EUR/USD,2005-08-02 11:31:41.000,1.221300,1.221600,D
173725953,EUR/USD,2005-08-02 11:31:48.000,1.221200,1.221500,D
173725957,EUR/USD,2005-08-02 11:31:51.000,1.221300,1.221600,D
173725968,EUR/USD,2005-08-02 11:31:53.000,1.221200,1.221500,D
173725974,EUR/USD,2005-08-02 11:31:56.000,1.221300,1.221600,D
173725983,EUR/USD,2005-08-02 11:32:00.000,1.221200,1.221500,D
173725992,EUR/USD,2005-08-02 11:32:00.000,1.221300,1.221600,D
173726003,EUR/USD,2005-08-02 11:32:06.000,1.221200,1.221500,D
173726007,EUR/USD,2005-08-02 11:32:06.000,1.221300,1.221600,D
173726015,EUR/USD,2005-08-02 11:32:14.000,1.221400,1.221700,D
173726037,EUR/USD,2005-08-02 11:32:21.000,1.221300,1.221600,D
173726038,EUR/USD,2005-08-02 11:32:21.000,1.221200,1.221500,D
173726039,EUR/USD,2005-08-02 11:32:21.000,1.221300,1.221600,D
173726041,EUR/USD,2005-08-02 11:32:23.000,1.221200,1.221500,D
173726044,EUR/USD,2005-08-02 11:32:24.000,1.221300,1.221600,D
173726052,EUR/USD,2005-08-02 11:32:26.000,1.221200,1.221500,D
173726053,EUR/USD,2005-08-02 11:32:27.000,1.221300,1.221600,D
173726064,EUR/USD,2005-08-02 11:32:27.000,1.221200,1.221500,D
173726078,EUR/USD,2005-08-02 11:32:30.000,1.221100,1.221400,D
173726084,EUR/USD,2005-08-02 11:32:31.000,1.221200,1.221500,D
173726106,EUR/USD,2005-08-02 11:32:38.000,1.221100,1.221400,D
173726175,EUR/USD,2005-08-02 11:33:19.000,1.221200,1.221500,D
173726196,EUR/USD,2005-08-02 11:33:24.000,1.221100,1.221400,D
173726203,EUR/USD,2005-08-02 11:33:30.000,1.221200,1.221500,D
173726221,EUR/USD,2005-08-02 11:33:39.000,1.221100,1.221400,D
173726225,EUR/USD,2005-08-02 11:33:42.000,1.221200,1.221500,D
173726265,EUR/USD,2005-08-02 11:33:58.000,1.221100,1.221400,D
173726267,EUR/USD,2005-08-02 11:34:02.000,1.221200,1.221500,D
173726282,EUR/USD,2005-08-02 11:34:17.000,1.221100,1.221400,D
173726287,EUR/USD,2005-08-02 11:34:21.000,1.221200,1.221500,D
173726307,EUR/USD,2005-08-02 11:34:34.000,1.221100,1.221400,D
173726323,EUR/USD,2005-08-02 11:34:42.000,1.221200,1.221500,D
173726324,EUR/USD,2005-08-02 11:34:45.000,1.221100,1.221400,D
173726329,EUR/USD,2005-08-02 11:34:47.000,1.221200,1.221500,D
173726338,EUR/USD,2005-08-02 11:35:01.000,1.221100,1.221400,D
173726344,EUR/USD,2005-08-02 11:35:05.000,1.221200,1.221500,D
173726346,EUR/USD,2005-08-02 11:35:05.000,1.221100,1.221400,D
173726356,EUR/USD,2005-08-02 11:35:08.000,1.221200,1.221500,D
173726361,EUR/USD,2005-08-02 11:35:09.000,1.221300,1.221600,D
173726366,EUR/USD,2005-08-02 11:35:09.000,1.221400,1.221700,D
173726373,EUR/USD,2005-08-02 11:35:10.000,1.221200,1.221500,D
173726393,EUR/USD,2005-08-02 11:35:14.000,1.221100,1.221400,D
173726397,EUR/USD,2005-08-02 11:35:14.000,1.221200,1.221500,D
173726400,EUR/USD,2005-08-02 11:35:15.000,1.221300,1.221600,D
173726420,EUR/USD,2005-08-02 11:35:20.000,1.221100,1.221400,D
173726428,EUR/USD,2005-08-02 11:35:20.000,1.221200,1.221500,D
173726439,EUR/USD,2005-08-02 11:35:23.000,1.221100,1.221400,D
173726446,EUR/USD,2005-08-02 11:35:23.000,1.221200,1.221500,D
173726502,EUR/USD,2005-08-02 11:36:04.000,1.221100,1.221400,D
173726525,EUR/USD,2005-08-02 11:36:20.000,1.221000,1.221300,D
173726549,EUR/USD,2005-08-02 11:36:26.000,1.221100,1.221400,D
173726557,EUR/USD,2005-08-02 11:36:27.000,1.221000,1.221300,D
173726579,EUR/USD,2005-08-02 11:36:33.000,1.221100,1.221400,D
173726619,EUR/USD,2005-08-02 11:36:58.000,1.221200,1.221500,D
173726627,EUR/USD,2005-08-02 11:37:00.000,1.221100,1.221400,D
173726636,EUR/USD,2005-08-02 11:37:06.000,1.221000,1.221300,D
173726661,EUR/USD,2005-08-02 11:37:14.000,1.221100,1.221400,D
173726670,EUR/USD,2005-08-02 11:37:17.000,1.221000,1.221300,D
173726745,EUR/USD,2005-08-02 11:38:07.000,1.220900,1.221200,D
173726750,EUR/USD,2005-08-02 11:38:08.000,1.221000,1.221300,D
173726764,EUR/USD,2005-08-02 11:38:11.000,1.220900,1.221200,D
173726803,EUR/USD,2005-08-02 11:38:56.000,1.221000,1.221300,D
173726851,EUR/USD,2005-08-02 11:39:17.000,1.221100,1.221400,D
173726906,EUR/USD,2005-08-02 11:39:54.000,1.221000,1.221300,D
173726937,EUR/USD,2005-08-02 11:40:17.000,1.220900,1.221200,D
173726989,EUR/USD,2005-08-02 11:41:04.000,1.220800,1.221100,D
173727012,EUR/USD,2005-08-02 11:41:13.000,1.220900,1.221200,D
173727037,EUR/USD,2005-08-02 11:41:32.000,1.221000,1.221300,D
173727079,EUR/USD,2005-08-02 11:42:02.000,1.220900,1.221200,D
173727089,EUR/USD,2005-08-02 11:42:09.000,1.220800,1.221100,D
173727106,EUR/USD,2005-08-02 11:42:12.000,1.220900,1.221200,D
173727199,EUR/USD,2005-08-02 11:43:16.000,1.220800,1.221100,D
173727302,EUR/USD,2005-08-02 11:44:09.000,1.220900,1.221200,D
173727322,EUR/USD,2005-08-02 11:44:14.000,1.221000,1.221300,D
173727329,EUR/USD,2005-08-02 11:44:18.000,1.220900,1.221200,D
173727349,EUR/USD,2005-08-02 11:44:25.000,1.221000,1.221300,D
173727354,EUR/USD,2005-08-02 11:44:27.000,1.220900,1.221200,D
173727411,EUR/USD,2005-08-02 11:45:33.000,1.220800,1.221100,D
173727437,EUR/USD,2005-08-02 11:45:42.000,1.220700,1.221000,D
173727488,EUR/USD,2005-08-02 11:45:58.000,1.220600,1.220900,D
173727496,EUR/USD,2005-08-02 11:45:58.000,1.220700,1.221000,D
173727523,EUR/USD,2005-08-02 11:46:09.000,1.220600,1.220900,D
173727528,EUR/USD,2005-08-02 11:46:10.000,1.220700,1.221000,D
173727537,EUR/USD,2005-08-02 11:46:19.000,1.220600,1.220900,D
173727544,EUR/USD,2005-08-02 11:46:24.000,1.220700,1.221000,D
173727603,EUR/USD,2005-08-02 11:47:21.000,1.220800,1.221100,D
173727616,EUR/USD,2005-08-02 11:47:23.000,1.220700,1.221000,D
173727647,EUR/USD,2005-08-02 11:47:41.000,1.220600,1.220900,D
173727652,EUR/USD,2005-08-02 11:47:43.000,1.220700,1.221000,D
173727660,EUR/USD,2005-08-02 11:47:49.000,1.220600,1.220900,D
173727675,EUR/USD,2005-08-02 11:48:04.000,1.220500,1.220800,D
173727690,EUR/USD,2005-08-02 11:48:08.000,1.220400,1.220700,D
173727713,EUR/USD,2005-08-02 11:48:11.000,1.220500,1.220800,D
173727719,EUR/USD,2005-08-02 11:48:12.000,1.220400,1.220700,D
173727721,EUR/USD,2005-08-02 11:48:12.000,1.220500,1.220800,D
173727776,EUR/USD,2005-08-02 11:48:40.000,1.220400,1.220700,D
173727786,EUR/USD,2005-08-02 11:48:43.000,1.220300,1.220600,D
173727803,EUR/USD,2005-08-02 11:48:46.000,1.220200,1.220500,D
173727877,EUR/USD,2005-08-02 11:49:11.000,1.220100,1.220400,D
173727882,EUR/USD,2005-08-02 11:49:11.000,1.220200,1.220500,D
173727890,EUR/USD,2005-08-02 11:49:15.000,1.220300,1.220600,D
173727904,EUR/USD,2005-08-02 11:49:17.000,1.220200,1.220500,D
173727918,EUR/USD,2005-08-02 11:49:20.000,1.220100,1.220400,D
173727923,EUR/USD,2005-08-02 11:49:21.000,1.220200,1.220500,D
173727928,EUR/USD,2005-08-02 11:49:22.000,1.220300,1.220600,D
173727936,EUR/USD,2005-08-02 11:49:23.000,1.220200,1.220500,D
173727950,EUR/USD,2005-08-02 11:49:23.000,1.220300,1.220600,D
173727958,EUR/USD,2005-08-02 11:49:24.000,1.220200,1.220500,D
173727979,EUR/USD,2005-08-02 11:49:31.000,1.220100,1.220400,D
173728019,EUR/USD,2005-08-02 11:49:57.000,1.220200,1.220500,D
173728026,EUR/USD,2005-08-02 11:49:58.000,1.220300,1.220600,D
173728048,EUR/USD,2005-08-02 11:50:03.000,1.220400,1.220700,D
173728086,EUR/USD,2005-08-02 11:50:07.000,1.220500,1.220800,D
173728105,EUR/USD,2005-08-02 11:50:10.000,1.220400,1.220700,D
173728130,EUR/USD,2005-08-02 11:50:14.000,1.220300,1.220600,D
173728139,EUR/USD,2005-08-02 11:50:15.000,1.220400,1.220700,D
173728162,EUR/USD,2005-08-02 11:50:21.000,1.220500,1.220800,D
173728181,EUR/USD,2005-08-02 11:50:33.000,1.220400,1.220700,D
173728188,EUR/USD,2005-08-02 11:50:39.000,1.220500,1.220800,D
173728202,EUR/USD,2005-08-02 11:50:46.000,1.220400,1.220700,D
173728206,EUR/USD,2005-08-02 11:50:49.000,1.220500,1.220800,D
173728211,EUR/USD,2005-08-02 11:50:51.000,1.220400,1.220700,D
173728216,EUR/USD,2005-08-02 11:50:52.000,1.220500,1.220800,D
173728228,EUR/USD,2005-08-02 11:50:56.000,1.220400,1.220700,D
173728314,EUR/USD,2005-08-02 11:51:49.000,1.220300,1.220600,D
173728318,EUR/USD,2005-08-02 11:51:50.000,1.220200,1.220500,D
173728325,EUR/USD,2005-08-02 11:51:53.000,1.220300,1.220600,D
173728352,EUR/USD,2005-08-02 11:52:06.000,1.220200,1.220500,D
173728368,EUR/USD,2005-08-02 11:52:12.000,1.220300,1.220600,D
173728395,EUR/USD,2005-08-02 11:52:19.000,1.220200,1.220500,D
173728401,EUR/USD,2005-08-02 11:52:20.000,1.220300,1.220600,D
173728437,EUR/USD,2005-08-02 11:52:43.000,1.220200,1.220500,D
173728447,EUR/USD,2005-08-02 11:52:48.000,1.220300,1.220600,D
173728473,EUR/USD,2005-08-02 11:53:01.000,1.220400,1.220700,D
173728480,EUR/USD,2005-08-02 11:53:01.000,1.220300,1.220600,D
173728523,EUR/USD,2005-08-02 11:53:15.000,1.220400,1.220700,D
173728556,EUR/USD,2005-08-02 11:53:22.000,1.220300,1.220600,D
173728563,EUR/USD,2005-08-02 11:53:23.000,1.220400,1.220700,D
173728567,EUR/USD,2005-08-02 11:53:24.000,1.220300,1.220600,D
173728591,EUR/USD,2005-08-02 11:53:33.000,1.220400,1.220700,D
173728698,EUR/USD,2005-08-02 11:54:08.000,1.220500,1.220800,D
173728715,EUR/USD,2005-08-02 11:54:17.000,1.220600,1.220900,D
173728719,EUR/USD,2005-08-02 11:54:18.000,1.220500,1.220800,D
173728723,EUR/USD,2005-08-02 11:54:18.000,1.220600,1.220900,D
173728734,EUR/USD,2005-08-02 11:54:22.000,1.220500,1.220800,D
173728741,EUR/USD,2005-08-02 11:54:22.000,1.220600,1.220900,D
173728745,EUR/USD,2005-08-02 11:54:23.000,1.220500,1.220800,D
173728767,EUR/USD,2005-08-02 11:54:29.000,1.220600,1.220900,D
173728952,EUR/USD,2005-08-02 11:55:05.000,1.220500,1.220800,D
173728956,EUR/USD,2005-08-02 11:55:07.000,1.220400,1.220700,D
173728966,EUR/USD,2005-08-02 11:55:08.000,1.220500,1.220800,D
173729006,EUR/USD,2005-08-02 11:55:15.000,1.220400,1.220700,D
173729022,EUR/USD,2005-08-02 11:55:19.000,1.220500,1.220800,D
173729047,EUR/USD,2005-08-02 11:55:31.000,1.220400,1.220700,D
173729106,EUR/USD,2005-08-02 11:55:49.000,1.220500,1.220800,D
173729171,EUR/USD,2005-08-02 11:56:21.000,1.220600,1.220900,D
173729181,EUR/USD,2005-08-02 11:56:23.000,1.220500,1.220800,D
173729185,EUR/USD,2005-08-02 11:56:24.000,1.220600,1.220900,D
173729213,EUR/USD,2005-08-02 11:56:32.000,1.220500,1.220800,D
173729216,EUR/USD,2005-08-02 11:56:33.000,1.220600,1.220900,D
173729221,EUR/USD,2005-08-02 11:56:35.000,1.220500,1.220800,D
173729247,EUR/USD,2005-08-02 11:56:42.000,1.220600,1.220900,D
173729260,EUR/USD,2005-08-02 11:56:46.000,1.220500,1.220800,D
173729265,EUR/USD,2005-08-02 11:56:48.000,1.220600,1.220900,D
173729271,EUR/USD,2005-08-02 11:56:51.000,1.220500,1.220800,D
173729290,EUR/USD,2005-08-02 11:57:15.000,1.220400,1.220700,D
173729308,EUR/USD,2005-08-02 11:57:18.000,1.220500,1.220800,D
173729327,EUR/USD,2005-08-02 11:57:26.000,1.220400,1.220700,D
173729335,EUR/USD,2005-08-02 11:57:28.000,1.220500,1.220800,D
173729382,EUR/USD,2005-08-02 11:57:48.000,1.220600,1.220900,D
173729392,EUR/USD,2005-08-02 11:57:51.000,1.220500,1.220800,D
173729404,EUR/USD,2005-08-02 11:57:53.000,1.220400,1.220700,D
173729421,EUR/USD,2005-08-02 11:57:59.000,1.220500,1.220800,D
173729505,EUR/USD,2005-08-02 11:59:05.000,1.220600,1.220900,D
173729534,EUR/USD,2005-08-02 11:59:27.000,1.220700,1.221000,D
173729538,EUR/USD,2005-08-02 11:59:31.000,1.220600,1.220900,D
173729552,EUR/USD,2005-08-02 11:59:37.000,1.220700,1.221000,D
173729589,EUR/USD,2005-08-02 11:59:51.000,1.220600,1.220900,D
173729600,EUR/USD,2005-08-02 11:59:54.000,1.220700,1.221000,D
173729608,EUR/USD,2005-08-02 11:59:56.000,1.220600,1.220900,D
173729657,EUR/USD,2005-08-02 12:00:22.000,1.220500,1.220800,D
173729681,EUR/USD,2005-08-02 12:00:39.000,1.220400,1.220700,D
173729712,EUR/USD,2005-08-02 12:00:45.000,1.220500,1.220800,D
173729730,EUR/USD,2005-08-02 12:00:47.000,1.220400,1.220700,D
173729744,EUR/USD,2005-08-02 12:00:49.000,1.220500,1.220800,D
173729753,EUR/USD,2005-08-02 12:00:54.000,1.220400,1.220700,D
173729762,EUR/USD,2005-08-02 12:00:56.000,1.220500,1.220800,D
173729778,EUR/USD,2005-08-02 12:01:02.000,1.220400,1.220700,D
173729781,EUR/USD,2005-08-02 12:01:03.000,1.220500,1.220800,D
173729785,EUR/USD,2005-08-02 12:01:04.000,1.220400,1.220700,D
173729792,EUR/USD,2005-08-02 12:01:07.000,1.220300,1.220600,D
173729804,EUR/USD,2005-08-02 12:01:09.000,1.220200,1.220500,D
173729815,EUR/USD,2005-08-02 12:01:11.000,1.220300,1.220600,D
173729868,EUR/USD,2005-08-02 12:01:24.000,1.220200,1.220500,D
173729875,EUR/USD,2005-08-02 12:01:28.000,1.220300,1.220600,D
173729936,EUR/USD,2005-08-02 12:02:25.000,1.220400,1.220700,D
173729943,EUR/USD,2005-08-02 12:02:28.000,1.220300,1.220600,D
173729954,EUR/USD,2005-08-02 12:02:31.000,1.220200,1.220500,D
173729959,EUR/USD,2005-08-02 12:02:32.000,1.220300,1.220600,D
173729964,EUR/USD,2005-08-02 12:02:33.000,1.220200,1.220500,D
173729968,EUR/USD,2005-08-02 12:02:34.000,1.220100,1.220400,D
173729976,EUR/USD,2005-08-02 12:02:34.000,1.220000,1.220300,D
173729985,EUR/USD,2005-08-02 12:02:35.000,1.220100,1.220400,D
173730004,EUR/USD,2005-08-02 12:02:41.000,1.220000,1.220300,D
173730019,EUR/USD,2005-08-02 12:02:44.000,1.220100,1.220400,D
173730029,EUR/USD,2005-08-02 12:02:46.000,1.220000,1.220300,D
173730041,EUR/USD,2005-08-02 12:02:49.000,1.220100,1.220400,D
173730047,EUR/USD,2005-08-02 12:02:50.000,1.220000,1.220300,D
173730055,EUR/USD,2005-08-02 12:02:52.000,1.220100,1.220400,D
173730064,EUR/USD,2005-08-02 12:02:53.000,1.220000,1.220300,D
173730081,EUR/USD,2005-08-02 12:02:58.000,1.220100,1.220400,D
173730119,EUR/USD,2005-08-02 12:03:11.000,1.220000,1.220300,D
173730134,EUR/USD,2005-08-02 12:03:16.000,1.220100,1.220400,D
173730137,EUR/USD,2005-08-02 12:03:16.000,1.220000,1.220300,D
173730142,EUR/USD,2005-08-02 12:03:17.000,1.219900,1.220200,D
173730144,EUR/USD,2005-08-02 12:03:17.000,1.220000,1.220300,D
173730151,EUR/USD,2005-08-02 12:03:17.000,1.220100,1.220400,D
173730160,EUR/USD,2005-08-02 12:03:19.000,1.220000,1.220300,D
173730169,EUR/USD,2005-08-02 12:03:22.000,1.220100,1.220400,D
173730179,EUR/USD,2005-08-02 12:03:24.000,1.220000,1.220300,D
173730192,EUR/USD,2005-08-02 12:03:31.000,1.219900,1.220200,D
173730199,EUR/USD,2005-08-02 12:03:45.000,1.220000,1.220300,D
173730216,EUR/USD,2005-08-02 12:03:56.000,1.220100,1.220400,D
173730227,EUR/USD,2005-08-02 12:03:58.000,1.220000,1.220300,D
173730232,EUR/USD,2005-08-02 12:03:59.000,1.220100,1.220400,D
173730255,EUR/USD,2005-08-02 12:04:04.000,1.220000,1.220300,D
173730267,EUR/USD,2005-08-02 12:04:07.000,1.220100,1.220400,D
173730272,EUR/USD,2005-08-02 12:04:08.000,1.220000,1.220300,D
173730285,EUR/USD,2005-08-02 12:04:14.000,1.220100,1.220400,D
173730317,EUR/USD,2005-08-02 12:04:23.000,1.220000,1.220300,D
173730322,EUR/USD,2005-08-02 12:04:24.000,1.220100,1.220400,D
173730335,EUR/USD,2005-08-02 12:04:30.000,1.220000,1.220300,D
173730342,EUR/USD,2005-08-02 12:04:31.000,1.220100,1.220400,D
173730351,EUR/USD,2005-08-02 12:04:38.000,1.220000,1.220300,D
173730383,EUR/USD,2005-08-02 12:05:08.000,1.220100,1.220400,D
173730389,EUR/USD,2005-08-02 12:05:09.000,1.220000,1.220300,D
173730407,EUR/USD,2005-08-02 12:05:12.000,1.220100,1.220400,D
173730431,EUR/USD,2005-08-02 12:05:20.000,1.220000,1.220300,D
173730453,EUR/USD,2005-08-02 12:05:36.000,1.220100,1.220400,D
173730470,EUR/USD,2005-08-02 12:05:49.000,1.220000,1.220300,D
173730471,EUR/USD,2005-08-02 12:05:52.000,1.220100,1.220400,D
173730472,EUR/USD,2005-08-02 12:05:53.000,1.220000,1.220300,D
173730483,EUR/USD,2005-08-02 12:06:03.000,1.220100,1.220400,D
173730495,EUR/USD,2005-08-02 12:06:07.000,1.220000,1.220300,D
173730503,EUR/USD,2005-08-02 12:06:16.000,1.219900,1.220200,D
173730512,EUR/USD,2005-08-02 12:06:21.000,1.220000,1.220300,D
173730542,EUR/USD,2005-08-02 12:06:41.000,1.220100,1.220400,D
173730559,EUR/USD,2005-08-02 12:06:43.000,1.220000,1.220300,D
173730571,EUR/USD,2005-08-02 12:06:51.000,1.219900,1.220200,D
173730575,EUR/USD,2005-08-02 12:06:52.000,1.220000,1.220300,D
173730580,EUR/USD,2005-08-02 12:06:53.000,1.219900,1.220200,D
173730591,EUR/USD,2005-08-02 12:06:54.000,1.219800,1.220100,D
173730603,EUR/USD,2005-08-02 12:06:55.000,1.219900,1.220200,D
173730634,EUR/USD,2005-08-02 12:07:07.000,1.219800,1.220100,D
173730640,EUR/USD,2005-08-02 12:07:08.000,1.219900,1.220200,D
173730653,EUR/USD,2005-08-02 12:07:11.000,1.219800,1.220100,D
173730660,EUR/USD,2005-08-02 12:07:11.000,1.219700,1.220000,D
173730676,EUR/USD,2005-08-02 12:07:14.000,1.219600,1.219900,D
173730683,EUR/USD,2005-08-02 12:07:15.000,1.219700,1.220000,D
173730699,EUR/USD,2005-08-02 12:07:16.000,1.219800,1.220100,D
173730729,EUR/USD,2005-08-02 12:07:21.000,1.219700,1.220000,D
173730738,EUR/USD,2005-08-02 12:07:22.000,1.219900,1.220200,D
173730747,EUR/USD,2005-08-02 12:07:23.000,1.219800,1.220100,D
173730764,EUR/USD,2005-08-02 12:07:27.000,1.219900,1.220200,D
173730775,EUR/USD,2005-08-02 12:07:28.000,1.220000,1.220300,D
173730777,EUR/USD,2005-08-02 12:07:29.000,1.219900,1.220200,D
173730781,EUR/USD,2005-08-02 12:07:29.000,1.219800,1.220100,D
173730787,EUR/USD,2005-08-02 12:07:29.000,1.219700,1.220000,D
173730794,EUR/USD,2005-08-02 12:07:30.000,1.219800,1.220100,D
173730797,EUR/USD,2005-08-02 12:07:30.000,1.219900,1.220200,D
173730828,EUR/USD,2005-08-02 12:07:33.000,1.219800,1.220100,D
173730850,EUR/USD,2005-08-02 12:07:43.000,1.219900,1.220200,D
173730859,EUR/USD,2005-08-02 12:07:44.000,1.219800,1.220100,D
173730880,EUR/USD,2005-08-02 12:07:48.000,1.219900,1.220200,D
173730885,EUR/USD,2005-08-02 12:07:51.000,1.219800,1.220100,D
173730897,EUR/USD,2005-08-02 12:07:54.000,1.219700,1.220000,D
173730900,EUR/USD,2005-08-02 12:07:55.000,1.219800,1.220100,D
173730907,EUR/USD,2005-08-02 12:07:55.000,1.219900,1.220200,D
173730921,EUR/USD,2005-08-02 12:07:59.000,1.219800,1.220100,D
173730932,EUR/USD,2005-08-02 12:08:09.000,1.219900,1.220200,D
173730944,EUR/USD,2005-08-02 12:08:12.000,1.219800,1.220100,D
173730948,EUR/USD,2005-08-02 12:08:14.000,1.219900,1.220200,D
173730964,EUR/USD,2005-08-02 12:08:18.000,1.220000,1.220300,D
173730988,EUR/USD,2005-08-02 12:08:24.000,1.220100,1.220400,D
173731096,EUR/USD,2005-08-02 12:08:51.000,1.220200,1.220500,D
173731116,EUR/USD,2005-08-02 12:08:59.000,1.220300,1.220600,D
173731121,EUR/USD,2005-08-02 12:09:00.000,1.220200,1.220500,D
173731124,EUR/USD,2005-08-02 12:09:01.000,1.220300,1.220600,D
173731147,EUR/USD,2005-08-02 12:09:06.000,1.220200,1.220500,D
173731198,EUR/USD,2005-08-02 12:09:19.000,1.220300,1.220600,D
173731218,EUR/USD,2005-08-02 12:09:22.000,1.220200,1.220500,D
173731319,EUR/USD,2005-08-02 12:10:16.000,1.220300,1.220600,D
173731323,EUR/USD,2005-08-02 12:10:17.000,1.220200,1.220500,D
173731332,EUR/USD,2005-08-02 12:10:20.000,1.220300,1.220600,D
173731336,EUR/USD,2005-08-02 12:10:23.000,1.220200,1.220500,D
173731341,EUR/USD,2005-08-02 12:10:26.000,1.220300,1.220600,D
173731406,EUR/USD,2005-08-02 12:11:11.000,1.220400,1.220700,D
173731420,EUR/USD,2005-08-02 12:11:19.000,1.220300,1.220600,D
173731425,EUR/USD,2005-08-02 12:11:20.000,1.220400,1.220700,D
173731430,EUR/USD,2005-08-02 12:11:21.000,1.220300,1.220600,D
173731435,EUR/USD,2005-08-02 12:11:23.000,1.220400,1.220700,D
173731473,EUR/USD,2005-08-02 12:11:48.000,1.220300,1.220600,D
173731516,EUR/USD,2005-08-02 12:12:02.000,1.220200,1.220500,D
173731532,EUR/USD,2005-08-02 12:12:11.000,1.220300,1.220600,D
173731535,EUR/USD,2005-08-02 12:12:11.000,1.220200,1.220500,D
173731546,EUR/USD,2005-08-02 12:12:13.000,1.220300,1.220600,D
173731557,EUR/USD,2005-08-02 12:12:16.000,1.220200,1.220500,D
173731571,EUR/USD,2005-08-02 12:12:30.000,1.220100,1.220400,D
173731577,EUR/USD,2005-08-02 12:12:33.000,1.220200,1.220500,D
173731650,EUR/USD,2005-08-02 12:12:58.000,1.220100,1.220400,D
173731708,EUR/USD,2005-08-02 12:13:41.000,1.220000,1.220300,D
173731711,EUR/USD,2005-08-02 12:13:43.000,1.220100,1.220400,D
173731740,EUR/USD,2005-08-02 12:14:01.000,1.220200,1.220500,D
173731765,EUR/USD,2005-08-02 12:14:19.000,1.220300,1.220600,D
173731772,EUR/USD,2005-08-02 12:14:20.000,1.220200,1.220500,D
173731791,EUR/USD,2005-08-02 12:14:25.000,1.220300,1.220600,D
173731800,EUR/USD,2005-08-02 12:14:34.000,1.220400,1.220700,D
173731812,EUR/USD,2005-08-02 12:14:36.000,1.220300,1.220600,D
173731818,EUR/USD,2005-08-02 12:14:37.000,1.220400,1.220700,D
173731855,EUR/USD,2005-08-02 12:14:45.000,1.220300,1.220600,D
173731867,EUR/USD,2005-08-02 12:14:47.000,1.220200,1.220500,D
173731908,EUR/USD,2005-08-02 12:14:53.000,1.220300,1.220600,D
173731914,EUR/USD,2005-08-02 12:14:55.000,1.220200,1.220500,D
173731920,EUR/USD,2005-08-02 12:14:56.000,1.220300,1.220600,D
173731929,EUR/USD,2005-08-02 12:14:58.000,1.220200,1.220500,D
173731948,EUR/USD,2005-08-02 12:15:00.000,1.220300,1.220600,D
173731961,EUR/USD,2005-08-02 12:15:03.000,1.220400,1.220700,D
173731992,EUR/USD,2005-08-02 12:15:16.000,1.220300,1.220600,D
173731998,EUR/USD,2005-08-02 12:15:23.000,1.220400,1.220700,D
173732004,EUR/USD,2005-08-02 12:15:25.000,1.220300,1.220600,D
173732020,EUR/USD,2005-08-02 12:15:41.000,1.220400,1.220700,D
173732050,EUR/USD,2005-08-02 12:16:00.000,1.220300,1.220600,D
173732127,EUR/USD,2005-08-02 12:17:16.000,1.220200,1.220500,D
173732136,EUR/USD,2005-08-02 12:17:21.000,1.220300,1.220600,D
173732138,EUR/USD,2005-08-02 12:17:22.000,1.220200,1.220500,D
173732182,EUR/USD,2005-08-02 12:18:00.000,1.220300,1.220600,D
173732199,EUR/USD,2005-08-02 12:18:07.000,1.220200,1.220500,D
173732220,EUR/USD,2005-08-02 12:18:20.000,1.220300,1.220600,D
173732228,EUR/USD,2005-08-02 12:18:24.000,1.220200,1.220500,D
173732235,EUR/USD,2005-08-02 12:18:26.000,1.220300,1.220600,D
173732261,EUR/USD,2005-08-02 12:18:42.000,1.220200,1.220500,D
173732266,EUR/USD,2005-08-02 12:18:45.000,1.220300,1.220600,D
173732267,EUR/USD,2005-08-02 12:18:46.000,1.220200,1.220500,D
173732319,EUR/USD,2005-08-02 12:19:26.000,1.220100,1.220400,D
173732328,EUR/USD,2005-08-02 12:19:33.000,1.220000,1.220300,D
173732350,EUR/USD,2005-08-02 12:19:37.000,1.219900,1.220200,D
173732373,EUR/USD,2005-08-02 12:19:42.000,1.219800,1.220100,D
173732387,EUR/USD,2005-08-02 12:19:44.000,1.219700,1.220000,D
173732399,EUR/USD,2005-08-02 12:19:47.000,1.219600,1.219900,D
173732427,EUR/USD,2005-08-02 12:19:52.000,1.219500,1.219800,D
173732461,EUR/USD,2005-08-02 12:20:00.000,1.219600,1.219900,D
173732464,EUR/USD,2005-08-02 12:20:01.000,1.219700,1.220000,D
173732486,EUR/USD,2005-08-02 12:20:05.000,1.219800,1.220100,D
173732517,EUR/USD,2005-08-02 12:20:12.000,1.219900,1.220200,D
173732551,EUR/USD,2005-08-02 12:20:26.000,1.219800,1.220100,D
173732584,EUR/USD,2005-08-02 12:20:48.000,1.219900,1.220200,D
173732602,EUR/USD,2005-08-02 12:20:53.000,1.219800,1.220100,D
173732616,EUR/USD,2005-08-02 12:21:01.000,1.219900,1.220200,D
173732640,EUR/USD,2005-08-02 12:21:34.000,1.219800,1.220100,D
173732645,EUR/USD,2005-08-02 12:21:40.000,1.219900,1.220200,D
173732672,EUR/USD,2005-08-02 12:21:58.000,1.220000,1.220300,D
173732722,EUR/USD,2005-08-02 12:22:36.000,1.219900,1.220200,D
173732725,EUR/USD,2005-08-02 12:22:38.000,1.220000,1.220300,D
173732747,EUR/USD,2005-08-02 12:23:04.000,1.219900,1.220200,D
173732756,EUR/USD,2005-08-02 12:23:08.000,1.219800,1.220100,D
173732769,EUR/USD,2005-08-02 12:23:20.000,1.219900,1.220200,D
173732786,EUR/USD,2005-08-02 12:23:24.000,1.220000,1.220300,D
173732797,EUR/USD,2005-08-02 12:23:31.000,1.219900,1.220200,D
173732892,EUR/USD,2005-08-02 12:24:32.000,1.220000,1.220300,D
173732893,EUR/USD,2005-08-02 12:24:32.000,1.219900,1.220200,D
173732952,EUR/USD,2005-08-02 12:25:23.000,1.219800,1.220100,D
173732965,EUR/USD,2005-08-02 12:25:28.000,1.219700,1.220000,D
173732969,EUR/USD,2005-08-02 12:25:29.000,1.219800,1.220100,D
173732971,EUR/USD,2005-08-02 12:25:29.000,1.219700,1.220000,D
173732976,EUR/USD,2005-08-02 12:25:30.000,1.219600,1.219900,D
173732985,EUR/USD,2005-08-02 12:25:31.000,1.219700,1.220000,D
173733029,EUR/USD,2005-08-02 12:25:48.000,1.219600,1.219900,D
173733039,EUR/USD,2005-08-02 12:25:52.000,1.219500,1.219800,D
173733065,EUR/USD,2005-08-02 12:25:56.000,1.219600,1.219900,D
173733067,EUR/USD,2005-08-02 12:25:57.000,1.219500,1.219800,D
173733087,EUR/USD,2005-08-02 12:26:05.000,1.219400,1.219700,D
173733096,EUR/USD,2005-08-02 12:26:07.000,1.219500,1.219800,D
173733127,EUR/USD,2005-08-02 12:26:22.000,1.219400,1.219700,D
173733130,EUR/USD,2005-08-02 12:26:23.000,1.219500,1.219800,D
173733157,EUR/USD,2005-08-02 12:26:35.000,1.219400,1.219700,D
173733173,EUR/USD,2005-08-02 12:26:39.000,1.219300,1.219600,D
173733187,EUR/USD,2005-08-02 12:26:44.000,1.219200,1.219500,D
173733195,EUR/USD,2005-08-02 12:26:47.000,1.219300,1.219600,D
173733200,EUR/USD,2005-08-02 12:26:48.000,1.219400,1.219700,D
173733202,EUR/USD,2005-08-02 12:26:48.000,1.219300,1.219600,D
173733212,EUR/USD,2005-08-02 12:26:48.000,1.219200,1.219500,D
173733224,EUR/USD,2005-08-02 12:26:49.000,1.219300,1.219600,D
173733229,EUR/USD,2005-08-02 12:26:50.000,1.219500,1.219800,D
173733240,EUR/USD,2005-08-02 12:26:50.000,1.219400,1.219700,D
173733245,EUR/USD,2005-08-02 12:26:50.000,1.219300,1.219600,D
173733257,EUR/USD,2005-08-02 12:26:51.000,1.219400,1.219700,D
173733266,EUR/USD,2005-08-02 12:26:52.000,1.219300,1.219600,D
173733273,EUR/USD,2005-08-02 12:26:52.000,1.219200,1.219500,D
173733290,EUR/USD,2005-08-02 12:26:54.000,1.219300,1.219600,D
173733307,EUR/USD,2005-08-02 12:26:56.000,1.219400,1.219700,D
173733320,EUR/USD,2005-08-02 12:26:57.000,1.219500,1.219800,D
173733322,EUR/USD,2005-08-02 12:26:57.000,1.219400,1.219700,D
173733343,EUR/USD,2005-08-02 12:27:01.000,1.219500,1.219800,D
173733353,EUR/USD,2005-08-02 12:27:02.000,1.219400,1.219700,D
173733369,EUR/USD,2005-08-02 12:27:07.000,1.219500,1.219800,D
173733403,EUR/USD,2005-08-02 12:27:15.000,1.219600,1.219900,D
173733470,EUR/USD,2005-08-02 12:27:32.000,1.219700,1.220000,D
173733475,EUR/USD,2005-08-02 12:27:36.000,1.219600,1.219900,D
173733479,EUR/USD,2005-08-02 12:27:37.000,1.219700,1.220000,D
173733487,EUR/USD,2005-08-02 12:27:41.000,1.219600,1.219900,D
173733504,EUR/USD,2005-08-02 12:27:46.000,1.219700,1.220000,D
173733505,EUR/USD,2005-08-02 12:27:47.000,1.219600,1.219900,D
173733506,EUR/USD,2005-08-02 12:27:48.000,1.219700,1.220000,D
173733509,EUR/USD,2005-08-02 12:27:50.000,1.219800,1.220100,D
173733529,EUR/USD,2005-08-02 12:27:53.000,1.219900,1.220200,D
173733564,EUR/USD,2005-08-02 12:28:07.000,1.220000,1.220300,D
173733578,EUR/USD,2005-08-02 12:28:10.000,1.220100,1.220400,D
173733605,EUR/USD,2005-08-02 12:28:17.000,1.220000,1.220300,D
173733626,EUR/USD,2005-08-02 12:28:25.000,1.220100,1.220400,D
173733636,EUR/USD,2005-08-02 12:28:30.000,1.220200,1.220500,D
173733669,EUR/USD,2005-08-02 12:28:39.000,1.220300,1.220600,D
173733684,EUR/USD,2005-08-02 12:28:42.000,1.220400,1.220700,D
173733701,EUR/USD,2005-08-02 12:28:49.000,1.220300,1.220600,D
173733709,EUR/USD,2005-08-02 12:28:56.000,1.220400,1.220700,D
173733710,EUR/USD,2005-08-02 12:28:56.000,1.220300,1.220600,D
173733721,EUR/USD,2005-08-02 12:28:59.000,1.220200,1.220500,D
173733731,EUR/USD,2005-08-02 12:29:01.000,1.220300,1.220600,D
173733756,EUR/USD,2005-08-02 12:29:03.000,1.220200,1.220500,D
173733792,EUR/USD,2005-08-02 12:29:12.000,1.220100,1.220400,D
173733802,EUR/USD,2005-08-02 12:29:16.000,1.220200,1.220500,D
173733815,EUR/USD,2005-08-02 12:29:19.000,1.220100,1.220400,D
173733873,EUR/USD,2005-08-02 12:29:54.000,1.220200,1.220500,D
173733884,EUR/USD,2005-08-02 12:29:55.000,1.220100,1.220400,D
173733887,EUR/USD,2005-08-02 12:30:00.000,1.220200,1.220500,D
173733890,EUR/USD,2005-08-02 12:30:02.000,1.220100,1.220400,D
173733897,EUR/USD,2005-08-02 12:30:04.000,1.220000,1.220300,D
173733898,EUR/USD,2005-08-02 12:30:06.000,1.220100,1.220400,D
173733902,EUR/USD,2005-08-02 12:30:07.000,1.220200,1.220500,D
173733919,EUR/USD,2005-08-02 12:30:12.000,1.220100,1.220400,D
173733924,EUR/USD,2005-08-02 12:30:13.000,1.220200,1.220500,D
173733931,EUR/USD,2005-08-02 12:30:19.000,1.220300,1.220600,D
173733940,EUR/USD,2005-08-02 12:30:19.000,1.220400,1.220700,D
173733952,EUR/USD,2005-08-02 12:30:24.000,1.220300,1.220600,D
173734033,EUR/USD,2005-08-02 12:31:05.000,1.220200,1.220500,D
173734037,EUR/USD,2005-08-02 12:31:06.000,1.220300,1.220600,D
173734049,EUR/USD,2005-08-02 12:31:09.000,1.220200,1.220500,D
173734054,EUR/USD,2005-08-02 12:31:11.000,1.220300,1.220600,D
173734060,EUR/USD,2005-08-02 12:31:15.000,1.220200,1.220500,D
173734070,EUR/USD,2005-08-02 12:31:18.000,1.220300,1.220600,D
173734072,EUR/USD,2005-08-02 12:31:19.000,1.220200,1.220500,D
173734078,EUR/USD,2005-08-02 12:31:21.000,1.220100,1.220400,D
173734111,EUR/USD,2005-08-02 12:31:45.000,1.220000,1.220300,D
173734112,EUR/USD,2005-08-02 12:31:46.000,1.219900,1.220200,D
173734136,EUR/USD,2005-08-02 12:32:31.000,1.219800,1.220100,D
173734143,EUR/USD,2005-08-02 12:32:33.000,1.219900,1.220200,D
173734146,EUR/USD,2005-08-02 12:32:34.000,1.219800,1.220100,D
173734151,EUR/USD,2005-08-02 12:32:35.000,1.219900,1.220200,D
173734161,EUR/USD,2005-08-02 12:32:37.000,1.220000,1.220300,D
173734170,EUR/USD,2005-08-02 12:32:42.000,1.219900,1.220200,D
173734188,EUR/USD,2005-08-02 12:32:55.000,1.220000,1.220300,D
173734203,EUR/USD,2005-08-02 12:33:07.000,1.219900,1.220200,D
173734304,EUR/USD,2005-08-02 12:34:15.000,1.220000,1.220300,D
173734323,EUR/USD,2005-08-02 12:34:31.000,1.219900,1.220200,D
173734346,EUR/USD,2005-08-02 12:34:50.000,1.219800,1.220100,D
173734348,EUR/USD,2005-08-02 12:34:51.000,1.219900,1.220200,D
173734352,EUR/USD,2005-08-02 12:34:58.000,1.219800,1.220100,D
173734360,EUR/USD,2005-08-02 12:35:04.000,1.219700,1.220000,D
173734397,EUR/USD,2005-08-02 12:35:27.000,1.219600,1.219900,D
173734408,EUR/USD,2005-08-02 12:35:31.000,1.219700,1.220000,D
173734425,EUR/USD,2005-08-02 12:35:41.000,1.219800,1.220100,D
173734432,EUR/USD,2005-08-02 12:35:47.000,1.219900,1.220200,D
173734443,EUR/USD,2005-08-02 12:35:54.000,1.220000,1.220300,D
173734451,EUR/USD,2005-08-02 12:35:57.000,1.219900,1.220200,D
173734452,EUR/USD,2005-08-02 12:36:01.000,1.219800,1.220100,D
173734457,EUR/USD,2005-08-02 12:36:03.000,1.219900,1.220200,D
173734463,EUR/USD,2005-08-02 12:36:05.000,1.219800,1.220100,D
173734469,EUR/USD,2005-08-02 12:36:06.000,1.219900,1.220200,D
173734472,EUR/USD,2005-08-02 12:36:06.000,1.219800,1.220100,D
173734477,EUR/USD,2005-08-02 12:36:07.000,1.219700,1.220000,D
173734538,EUR/USD,2005-08-02 12:37:16.000,1.219800,1.220100,D
173734544,EUR/USD,2005-08-02 12:37:22.000,1.219900,1.220200,D
173734550,EUR/USD,2005-08-02 12:37:25.000,1.219800,1.220100,D
173734559,EUR/USD,2005-08-02 12:37:27.000,1.219900,1.220200,D
173734572,EUR/USD,2005-08-02 12:37:35.000,1.220000,1.220300,D
173734576,EUR/USD,2005-08-02 12:37:36.000,1.220100,1.220400,D
173734585,EUR/USD,2005-08-02 12:37:36.000,1.220000,1.220300,D
173734605,EUR/USD,2005-08-02 12:37:37.000,1.220100,1.220400,D
173734609,EUR/USD,2005-08-02 12:37:38.000,1.220000,1.220300,D
173734635,EUR/USD,2005-08-02 12:38:07.000,1.220100,1.220400,D
173734660,EUR/USD,2005-08-02 12:38:22.000,1.220000,1.220300,D
173734665,EUR/USD,2005-08-02 12:38:23.000,1.220100,1.220400,D
173734692,EUR/USD,2005-08-02 12:38:30.000,1.220000,1.220300,D
173734725,EUR/USD,2005-08-02 12:38:53.000,1.220100,1.220400,D
173734735,EUR/USD,2005-08-02 12:38:54.000,1.220000,1.220300,D
173734745,EUR/USD,2005-08-02 12:38:58.000,1.220100,1.220400,D
173734818,EUR/USD,2005-08-02 12:39:39.000,1.220200,1.220500,D
173734827,EUR/USD,2005-08-02 12:39:46.000,1.220100,1.220400,D
173734840,EUR/USD,2005-08-02 12:40:22.000,1.220000,1.220300,D
173734872,EUR/USD,2005-08-02 12:40:40.000,1.219900,1.220200,D
173734898,EUR/USD,2005-08-02 12:41:05.000,1.219800,1.220100,D
173734909,EUR/USD,2005-08-02 12:41:15.000,1.219700,1.220000,D
173734966,EUR/USD,2005-08-02 12:41:43.000,1.219600,1.219900,D
173734981,EUR/USD,2005-08-02 12:41:46.000,1.219500,1.219800,D
173734996,EUR/USD,2005-08-02 12:41:52.000,1.219400,1.219700,D
173735015,EUR/USD,2005-08-02 12:41:59.000,1.219500,1.219800,D
173735026,EUR/USD,2005-08-02 12:42:06.000,1.219600,1.219900,D
173735044,EUR/USD,2005-08-02 12:42:13.000,1.219700,1.220000,D
173735048,EUR/USD,2005-08-02 12:42:15.000,1.219600,1.219900,D
173735058,EUR/USD,2005-08-02 12:42:17.000,1.219700,1.220000,D
173735081,EUR/USD,2005-08-02 12:42:36.000,1.219600,1.219900,D
173735088,EUR/USD,2005-08-02 12:42:41.000,1.219500,1.219800,D
173735116,EUR/USD,2005-08-02 12:43:30.000,1.219400,1.219700,D
173735129,EUR/USD,2005-08-02 12:43:37.000,1.219500,1.219800,D
173735230,EUR/USD,2005-08-02 12:44:55.000,1.219400,1.219700,D
173735251,EUR/USD,2005-08-02 12:45:04.000,1.219300,1.219600,D
173735262,EUR/USD,2005-08-02 12:45:06.000,1.219200,1.219500,D
173735282,EUR/USD,2005-08-02 12:45:08.000,1.219100,1.219400,D
173735287,EUR/USD,2005-08-02 12:45:09.000,1.219200,1.219500,D
173735307,EUR/USD,2005-08-02 12:45:19.000,1.219300,1.219600,D
173735311,EUR/USD,2005-08-02 12:45:19.000,1.219400,1.219700,D
173735313,EUR/USD,2005-08-02 12:45:19.000,1.219300,1.219600,D
173735317,EUR/USD,2005-08-02 12:45:20.000,1.219400,1.219700,D
173735326,EUR/USD,2005-08-02 12:45:21.000,1.219300,1.219600,D
173735336,EUR/USD,2005-08-02 12:45:25.000,1.219200,1.219500,D
173735345,EUR/USD,2005-08-02 12:45:28.000,1.219100,1.219400,D
173735348,EUR/USD,2005-08-02 12:45:28.000,1.219200,1.219500,D
173735370,EUR/USD,2005-08-02 12:45:44.000,1.219100,1.219400,D
173735373,EUR/USD,2005-08-02 12:45:46.000,1.219200,1.219500,D
173735383,EUR/USD,2005-08-02 12:45:55.000,1.219300,1.219600,D
173735430,EUR/USD,2005-08-02 12:46:29.000,1.219200,1.219500,D
173735436,EUR/USD,2005-08-02 12:46:32.000,1.219300,1.219600,D
173735449,EUR/USD,2005-08-02 12:46:40.000,1.219200,1.219500,D
173735469,EUR/USD,2005-08-02 12:46:54.000,1.219300,1.219600,D
173735485,EUR/USD,2005-08-02 12:47:01.000,1.219200,1.219500,D
173735491,EUR/USD,2005-08-02 12:47:03.000,1.219300,1.219600,D
173735535,EUR/USD,2005-08-02 12:47:29.000,1.219400,1.219700,D
173735546,EUR/USD,2005-08-02 12:47:31.000,1.219500,1.219800,D
173735582,EUR/USD,2005-08-02 12:47:45.000,1.219400,1.219700,D
173735598,EUR/USD,2005-08-02 12:47:52.000,1.219300,1.219600,D
173735618,EUR/USD,2005-08-02 12:47:58.000,1.219400,1.219700,D
173735629,EUR/USD,2005-08-02 12:48:00.000,1.219300,1.219600,D
173735673,EUR/USD,2005-08-02 12:48:20.000,1.219200,1.219500,D
173735694,EUR/USD,2005-08-02 12:48:25.000,1.219100,1.219400,D
173735695,EUR/USD,2005-08-02 12:48:25.000,1.219100,1.219400,D
173735698,EUR/USD,2005-08-02 12:48:26.000,1.219000,1.219300,D
173735700,EUR/USD,2005-08-02 12:48:26.000,1.219100,1.219400,D
173735705,EUR/USD,2005-08-02 12:48:28.000,1.219000,1.219300,D
173735708,EUR/USD,2005-08-02 12:48:29.000,1.219100,1.219400,D
173735723,EUR/USD,2005-08-02 12:48:35.000,1.219000,1.219300,D
173735724,EUR/USD,2005-08-02 12:48:36.000,1.219100,1.219400,D
173735729,EUR/USD,2005-08-02 12:48:40.000,1.219200,1.219500,D
173735740,EUR/USD,2005-08-02 12:48:43.000,1.219300,1.219600,D
173735748,EUR/USD,2005-08-02 12:48:45.000,1.219200,1.219500,D
173735754,EUR/USD,2005-08-02 12:48:46.000,1.219300,1.219600,D
173735758,EUR/USD,2005-08-02 12:48:49.000,1.219400,1.219700,D
173735759,EUR/USD,2005-08-02 12:48:52.000,1.219300,1.219600,D
173735760,EUR/USD,2005-08-02 12:48:52.000,1.219400,1.219700,D
173735813,EUR/USD,2005-08-02 12:49:56.000,1.219500,1.219800,D
173735832,EUR/USD,2005-08-02 12:50:11.000,1.219400,1.219700,D
173735837,EUR/USD,2005-08-02 12:50:13.000,1.219500,1.219800,D
173735852,EUR/USD,2005-08-02 12:50:20.000,1.219400,1.219700,D
173735873,EUR/USD,2005-08-02 12:50:46.000,1.219500,1.219800,D
173735887,EUR/USD,2005-08-02 12:50:50.000,1.219400,1.219700,D
173735900,EUR/USD,2005-08-02 12:51:08.000,1.219300,1.219600,D
173735935,EUR/USD,2005-08-02 12:51:21.000,1.219200,1.219500,D
173735951,EUR/USD,2005-08-02 12:51:27.000,1.219100,1.219400,D
173735960,EUR/USD,2005-08-02 12:51:30.000,1.219200,1.219500,D
173735966,EUR/USD,2005-08-02 12:51:36.000,1.219300,1.219600,D
173735991,EUR/USD,2005-08-02 12:51:59.000,1.219200,1.219500,D
173735997,EUR/USD,2005-08-02 12:52:00.000,1.219300,1.219600,D
173736003,EUR/USD,2005-08-02 12:52:02.000,1.219200,1.219500,D
173736014,EUR/USD,2005-08-02 12:52:03.000,1.219100,1.219400,D
173736020,EUR/USD,2005-08-02 12:52:05.000,1.219200,1.219500,D
173736025,EUR/USD,2005-08-02 12:52:05.000,1.219300,1.219600,D
173736035,EUR/USD,2005-08-02 12:52:06.000,1.219200,1.219500,D
173736038,EUR/USD,2005-08-02 12:52:08.000,1.219300,1.219600,D
173736044,EUR/USD,2005-08-02 12:52:09.000,1.219200,1.219500,D
173736051,EUR/USD,2005-08-02 12:52:10.000,1.219300,1.219600,D
173736069,EUR/USD,2005-08-02 12:52:29.000,1.219200,1.219500,D
173736084,EUR/USD,2005-08-02 12:52:32.000,1.219300,1.219600,D
173736109,EUR/USD,2005-08-02 12:52:50.000,1.219200,1.219500,D
173736114,EUR/USD,2005-08-02 12:53:00.000,1.219300,1.219600,D
173736119,EUR/USD,2005-08-02 12:53:03.000,1.219200,1.219500,D
173736127,EUR/USD,2005-08-02 12:53:16.000,1.219300,1.219600,D
173736144,EUR/USD,2005-08-02 12:53:33.000,1.219400,1.219700,D
173736153,EUR/USD,2005-08-02 12:53:37.000,1.219500,1.219800,D
173736169,EUR/USD,2005-08-02 12:53:38.000,1.219400,1.219700,D
173736218,EUR/USD,2005-08-02 12:54:19.000,1.219300,1.219600,D
173736225,EUR/USD,2005-08-02 12:54:21.000,1.219400,1.219700,D
173736241,EUR/USD,2005-08-02 12:54:28.000,1.219500,1.219800,D
173736278,EUR/USD,2005-08-02 12:54:50.000,1.219400,1.219700,D
173736296,EUR/USD,2005-08-02 12:54:54.000,1.219500,1.219800,D
173736300,EUR/USD,2005-08-02 12:54:56.000,1.219400,1.219700,D
173736327,EUR/USD,2005-08-02 12:55:14.000,1.219300,1.219600,D
173736351,EUR/USD,2005-08-02 12:55:44.000,1.219400,1.219700,D
173736356,EUR/USD,2005-08-02 12:55:48.000,1.219500,1.219800,D
173736368,EUR/USD,2005-08-02 12:55:51.000,1.219600,1.219900,D
173736389,EUR/USD,2005-08-02 12:55:55.000,1.219500,1.219800,D
173736407,EUR/USD,2005-08-02 12:56:04.000,1.219600,1.219900,D
173736419,EUR/USD,2005-08-02 12:56:05.000,1.219700,1.220000,D
173736425,EUR/USD,2005-08-02 12:56:07.000,1.219600,1.219900,D
173736434,EUR/USD,2005-08-02 12:56:08.000,1.219700,1.220000,D
173736452,EUR/USD,2005-08-02 12:56:13.000,1.219800,1.220100,D
173736472,EUR/USD,2005-08-02 12:56:15.000,1.219900,1.220200,D
173736495,EUR/USD,2005-08-02 12:56:17.000,1.219800,1.220100,D
173736499,EUR/USD,2005-08-02 12:56:18.000,1.219900,1.220200,D
173736504,EUR/USD,2005-08-02 12:56:18.000,1.219800,1.220100,D
173736517,EUR/USD,2005-08-02 12:56:21.000,1.219700,1.220000,D
173736524,EUR/USD,2005-08-02 12:56:23.000,1.219800,1.220100,D
173736551,EUR/USD,2005-08-02 12:56:30.000,1.219700,1.220000,D
173736580,EUR/USD,2005-08-02 12:56:43.000,1.219600,1.219900,D
173736589,EUR/USD,2005-08-02 12:56:45.000,1.219700,1.220000,D
173736594,EUR/USD,2005-08-02 12:56:45.000,1.219800,1.220100,D
173736598,EUR/USD,2005-08-02 12:56:46.000,1.219700,1.220000,D
173736602,EUR/USD,2005-08-02 12:56:47.000,1.219600,1.219900,D
173736618,EUR/USD,2005-08-02 12:56:51.000,1.219700,1.220000,D
173736640,EUR/USD,2005-08-02 12:56:57.000,1.219600,1.219900,D
173736651,EUR/USD,2005-08-02 12:57:04.000,1.219500,1.219800,D
173736667,EUR/USD,2005-08-02 12:57:10.000,1.219400,1.219700,D
173736731,EUR/USD,2005-08-02 12:58:21.000,1.219500,1.219800,D
173736752,EUR/USD,2005-08-02 12:58:28.000,1.219600,1.219900,D
173736764,EUR/USD,2005-08-02 12:58:30.000,1.219500,1.219800,D
173736770,EUR/USD,2005-08-02 12:58:33.000,1.219600,1.219900,D
173736774,EUR/USD,2005-08-02 12:58:35.000,1.219500,1.219800,D
173736778,EUR/USD,2005-08-02 12:58:54.000,1.219400,1.219700,D
173736803,EUR/USD,2005-08-02 12:59:22.000,1.219500,1.219800,D
173736812,EUR/USD,2005-08-02 12:59:27.000,1.219600,1.219900,D
173736819,EUR/USD,2005-08-02 12:59:29.000,1.219500,1.219800,D
173736833,EUR/USD,2005-08-02 12:59:37.000,1.219600,1.219900,D
173736859,EUR/USD,2005-08-02 12:59:52.000,1.219500,1.219800,D
173736882,EUR/USD,2005-08-02 13:00:08.000,1.219600,1.219900,D
173736889,EUR/USD,2005-08-02 13:00:09.000,1.219500,1.219800,D
173736932,EUR/USD,2005-08-02 13:00:35.000,1.219400,1.219700,D
173736941,EUR/USD,2005-08-02 13:00:39.000,1.219300,1.219600,D
173736967,EUR/USD,2005-08-02 13:00:48.000,1.219200,1.219500,D
173736973,EUR/USD,2005-08-02 13:00:50.000,1.219300,1.219600,D
173737002,EUR/USD,2005-08-02 13:01:25.000,1.219400,1.219700,D
173737004,EUR/USD,2005-08-02 13:01:26.000,1.219300,1.219600,D
173737013,EUR/USD,2005-08-02 13:01:26.000,1.219100,1.219400,D
173737027,EUR/USD,2005-08-02 13:01:30.000,1.219000,1.219300,D
173737035,EUR/USD,2005-08-02 13:01:35.000,1.219100,1.219400,D
173737042,EUR/USD,2005-08-02 13:01:37.000,1.219200,1.219500,D
173737051,EUR/USD,2005-08-02 13:01:41.000,1.219100,1.219400,D
173737053,EUR/USD,2005-08-02 13:01:41.000,1.219200,1.219500,D
173737067,EUR/USD,2005-08-02 13:01:46.000,1.219300,1.219600,D
173737096,EUR/USD,2005-08-02 13:01:55.000,1.219200,1.219500,D
173737103,EUR/USD,2005-08-02 13:01:59.000,1.219300,1.219600,D
173737119,EUR/USD,2005-08-02 13:02:09.000,1.219400,1.219700,D
173737132,EUR/USD,2005-08-02 13:02:26.000,1.219300,1.219600,D
173737138,EUR/USD,2005-08-02 13:02:26.000,1.219200,1.219500,D
173737153,EUR/USD,2005-08-02 13:02:35.000,1.219100,1.219400,D
173737160,EUR/USD,2005-08-02 13:02:36.000,1.219000,1.219300,D
173737201,EUR/USD,2005-08-02 13:02:47.000,1.219100,1.219400,D
173737233,EUR/USD,2005-08-02 13:02:52.000,1.219000,1.219300,D
173737252,EUR/USD,2005-08-02 13:02:56.000,1.218900,1.219200,D
173737271,EUR/USD,2005-08-02 13:03:00.000,1.219000,1.219300,D
173737279,EUR/USD,2005-08-02 13:03:03.000,1.219100,1.219400,D
173737298,EUR/USD,2005-08-02 13:03:07.000,1.219000,1.219300,D
173737312,EUR/USD,2005-08-02 13:03:13.000,1.219100,1.219400,D
173737318,EUR/USD,2005-08-02 13:03:15.000,1.219000,1.219300,D
173737323,EUR/USD,2005-08-02 13:03:17.000,1.219100,1.219400,D
173737364,EUR/USD,2005-08-02 13:03:40.000,1.219200,1.219500,D
173737368,EUR/USD,2005-08-02 13:03:41.000,1.219100,1.219400,D
173737391,EUR/USD,2005-08-02 13:04:28.000,1.219200,1.219500,D
173737395,EUR/USD,2005-08-02 13:04:34.000,1.219100,1.219400,D
173737439,EUR/USD,2005-08-02 13:05:32.000,1.219200,1.219500,D
173737448,EUR/USD,2005-08-02 13:05:34.000,1.219300,1.219600,D
173737451,EUR/USD,2005-08-02 13:05:35.000,1.219400,1.219700,D
173737482,EUR/USD,2005-08-02 13:05:40.000,1.219300,1.219600,D
173737496,EUR/USD,2005-08-02 13:05:41.000,1.219200,1.219500,D
173737500,EUR/USD,2005-08-02 13:05:42.000,1.219300,1.219600,D
173737530,EUR/USD,2005-08-02 13:06:15.000,1.219200,1.219500,D
173737531,EUR/USD,2005-08-02 13:06:15.000,1.219300,1.219600,D
173737565,EUR/USD,2005-08-02 13:06:35.000,1.219200,1.219500,D
173737568,EUR/USD,2005-08-02 13:06:35.000,1.219300,1.219600,D
173737635,EUR/USD,2005-08-02 13:07:18.000,1.219200,1.219500,D
173737713,EUR/USD,2005-08-02 13:07:46.000,1.219100,1.219400,D
173737755,EUR/USD,2005-08-02 13:08:09.000,1.219200,1.219500,D
173737820,EUR/USD,2005-08-02 13:09:31.000,1.219100,1.219400,D
173737831,EUR/USD,2005-08-02 13:09:47.000,1.219200,1.219500,D
173737858,EUR/USD,2005-08-02 13:09:54.000,1.219100,1.219400,D
173737870,EUR/USD,2005-08-02 13:09:58.000,1.219200,1.219500,D
173737882,EUR/USD,2005-08-02 13:10:08.000,1.219100,1.219400,D
173737924,EUR/USD,2005-08-02 13:10:43.000,1.219200,1.219500,D
173737945,EUR/USD,2005-08-02 13:10:56.000,1.219300,1.219600,D
173737974,EUR/USD,2005-08-02 13:11:41.000,1.219200,1.219500,D
173738018,EUR/USD,2005-08-02 13:12:13.000,1.219300,1.219600,D
173738033,EUR/USD,2005-08-02 13:12:38.000,1.219400,1.219700,D
173738044,EUR/USD,2005-08-02 13:12:41.000,1.219500,1.219800,D
173738069,EUR/USD,2005-08-02 13:12:53.000,1.219400,1.219700,D
173738100,EUR/USD,2005-08-02 13:13:08.000,1.219500,1.219800,D
173738112,EUR/USD,2005-08-02 13:13:10.000,1.219600,1.219900,D
173738166,EUR/USD,2005-08-02 13:13:30.000,1.219500,1.219800,D
173738219,EUR/USD,2005-08-02 13:14:19.000,1.219400,1.219700,D
173738224,EUR/USD,2005-08-02 13:14:19.000,1.219500,1.219800,D
173738242,EUR/USD,2005-08-02 13:14:32.000,1.219600,1.219900,D
173738258,EUR/USD,2005-08-02 13:14:38.000,1.219700,1.220000,D
173738265,EUR/USD,2005-08-02 13:14:39.000,1.219800,1.220100,D
173738301,EUR/USD,2005-08-02 13:14:49.000,1.219700,1.220000,D
173738306,EUR/USD,2005-08-02 13:14:51.000,1.219600,1.219900,D
173738370,EUR/USD,2005-08-02 13:15:32.000,1.219700,1.220000,D
173738387,EUR/USD,2005-08-02 13:15:42.000,1.219600,1.219900,D
173738395,EUR/USD,2005-08-02 13:15:43.000,1.219700,1.220000,D
173738411,EUR/USD,2005-08-02 13:15:51.000,1.219600,1.219900,D
173738415,EUR/USD,2005-08-02 13:15:53.000,1.219700,1.220000,D
173738419,EUR/USD,2005-08-02 13:15:55.000,1.219600,1.219900,D
173738427,EUR/USD,2005-08-02 13:15:58.000,1.219700,1.220000,D
173738442,EUR/USD,2005-08-02 13:16:14.000,1.219600,1.219900,D
173738449,EUR/USD,2005-08-02 13:16:15.000,1.219500,1.219800,D
173738451,EUR/USD,2005-08-02 13:16:15.000,1.219600,1.219900,D
173738455,EUR/USD,2005-08-02 13:16:15.000,1.219700,1.220000,D
173738458,EUR/USD,2005-08-02 13:16:16.000,1.219600,1.219900,D
173738488,EUR/USD,2005-08-02 13:16:27.000,1.219500,1.219800,D
173738500,EUR/USD,2005-08-02 13:16:32.000,1.219600,1.219900,D
173738505,EUR/USD,2005-08-02 13:16:33.000,1.219700,1.220000,D
173738514,EUR/USD,2005-08-02 13:16:34.000,1.219600,1.219900,D
173738602,EUR/USD,2005-08-02 13:19:30.000,1.219500,1.219800,D
173738615,EUR/USD,2005-08-02 13:19:33.000,1.219400,1.219700,D
173738652,EUR/USD,2005-08-02 13:19:47.000,1.219300,1.219600,D
173738660,EUR/USD,2005-08-02 13:19:49.000,1.219400,1.219700,D
173738688,EUR/USD,2005-08-02 13:19:55.000,1.219300,1.219600,D
173738691,EUR/USD,2005-08-02 13:19:56.000,1.219400,1.219700,D
173738702,EUR/USD,2005-08-02 13:20:00.000,1.219500,1.219800,D
173738712,EUR/USD,2005-08-02 13:20:05.000,1.219400,1.219700,D
173738718,EUR/USD,2005-08-02 13:20:06.000,1.219500,1.219800,D
173738724,EUR/USD,2005-08-02 13:20:10.000,1.219400,1.219700,D
173738767,EUR/USD,2005-08-02 13:21:28.000,1.219300,1.219600,D
173738777,EUR/USD,2005-08-02 13:21:33.000,1.219400,1.219700,D
173738785,EUR/USD,2005-08-02 13:21:34.000,1.219300,1.219600,D
173738805,EUR/USD,2005-08-02 13:21:41.000,1.219200,1.219500,D
173738851,EUR/USD,2005-08-02 13:22:04.000,1.219100,1.219400,D
173738856,EUR/USD,2005-08-02 13:22:11.000,1.219200,1.219500,D
173738872,EUR/USD,2005-08-02 13:22:13.000,1.219100,1.219400,D
173738877,EUR/USD,2005-08-02 13:22:15.000,1.219200,1.219500,D
173738895,EUR/USD,2005-08-02 13:22:18.000,1.219100,1.219400,D
173738978,EUR/USD,2005-08-02 13:22:48.000,1.219200,1.219500,D
173739015,EUR/USD,2005-08-02 13:23:03.000,1.219100,1.219400,D
173739043,EUR/USD,2005-08-02 13:23:15.000,1.219200,1.219500,D
173739095,EUR/USD,2005-08-02 13:23:53.000,1.219300,1.219600,D
173739104,EUR/USD,2005-08-02 13:23:55.000,1.219200,1.219500,D
173739120,EUR/USD,2005-08-02 13:24:15.000,1.219300,1.219600,D
173739122,EUR/USD,2005-08-02 13:24:15.000,1.219200,1.219500,D
173739127,EUR/USD,2005-08-02 13:24:18.000,1.219300,1.219600,D
173739140,EUR/USD,2005-08-02 13:24:26.000,1.219400,1.219700,D
173739150,EUR/USD,2005-08-02 13:24:28.000,1.219300,1.219600,D
173739159,EUR/USD,2005-08-02 13:24:30.000,1.219400,1.219700,D
173739185,EUR/USD,2005-08-02 13:24:50.000,1.219500,1.219800,D
173739223,EUR/USD,2005-08-02 13:25:21.000,1.219400,1.219700,D
173739227,EUR/USD,2005-08-02 13:25:30.000,1.219500,1.219800,D
173739251,EUR/USD,2005-08-02 13:26:36.000,1.219600,1.219900,D
173739262,EUR/USD,2005-08-02 13:26:39.000,1.219700,1.220000,D
173739299,EUR/USD,2005-08-02 13:27:01.000,1.219600,1.219900,D
173739334,EUR/USD,2005-08-02 13:27:20.000,1.219500,1.219800,D
173739344,EUR/USD,2005-08-02 13:27:27.000,1.219600,1.219900,D
173739349,EUR/USD,2005-08-02 13:27:27.000,1.219700,1.220000,D
173739355,EUR/USD,2005-08-02 13:27:29.000,1.219800,1.220100,D
173739411,EUR/USD,2005-08-02 13:27:45.000,1.219700,1.220000,D
173739443,EUR/USD,2005-08-02 13:28:13.000,1.219800,1.220100,D
173739468,EUR/USD,2005-08-02 13:28:21.000,1.219700,1.220000,D
173739473,EUR/USD,2005-08-02 13:28:26.000,1.219800,1.220100,D
173739482,EUR/USD,2005-08-02 13:28:32.000,1.219900,1.220200,D
173739487,EUR/USD,2005-08-02 13:28:34.000,1.219800,1.220100,D
173739515,EUR/USD,2005-08-02 13:29:13.000,1.219900,1.220200,D
173739522,EUR/USD,2005-08-02 13:29:15.000,1.219800,1.220100,D
173739535,EUR/USD,2005-08-02 13:29:22.000,1.219700,1.220000,D
173739543,EUR/USD,2005-08-02 13:29:32.000,1.219800,1.220100,D
173739553,EUR/USD,2005-08-02 13:29:55.000,1.219900,1.220200,D
173739572,EUR/USD,2005-08-02 13:30:08.000,1.220000,1.220300,D
173739575,EUR/USD,2005-08-02 13:30:09.000,1.219900,1.220200,D
173739580,EUR/USD,2005-08-02 13:30:11.000,1.220000,1.220300,D
173739587,EUR/USD,2005-08-02 13:30:14.000,1.220100,1.220400,D
173739589,EUR/USD,2005-08-02 13:30:16.000,1.220000,1.220300,D
173739597,EUR/USD,2005-08-02 13:30:22.000,1.219900,1.220200,D
173739602,EUR/USD,2005-08-02 13:30:24.000,1.220000,1.220300,D
173739626,EUR/USD,2005-08-02 13:30:49.000,1.219900,1.220200,D
173739634,EUR/USD,2005-08-02 13:30:58.000,1.220000,1.220300,D
173739651,EUR/USD,2005-08-02 13:31:15.000,1.219900,1.220200,D
173739674,EUR/USD,2005-08-02 13:31:43.000,1.220000,1.220300,D
173739680,EUR/USD,2005-08-02 13:31:49.000,1.219900,1.220200,D
173739751,EUR/USD,2005-08-02 13:33:32.000,1.220000,1.220300,D
173739762,EUR/USD,2005-08-02 13:33:34.000,1.219900,1.220200,D
173739787,EUR/USD,2005-08-02 13:34:02.000,1.219800,1.220100,D
173739801,EUR/USD,2005-08-02 13:34:09.000,1.219900,1.220200,D
173739826,EUR/USD,2005-08-02 13:34:25.000,1.219800,1.220100,D
173739842,EUR/USD,2005-08-02 13:34:43.000,1.219900,1.220200,D
173739884,EUR/USD,2005-08-02 13:35:13.000,1.219800,1.220100,D
173739892,EUR/USD,2005-08-02 13:35:15.000,1.219900,1.220200,D
173739903,EUR/USD,2005-08-02 13:35:26.000,1.219800,1.220100,D
173739943,EUR/USD,2005-08-02 13:36:14.000,1.219900,1.220200,D
173739990,EUR/USD,2005-08-02 13:36:20.000,1.219800,1.220100,D
173740041,EUR/USD,2005-08-02 13:37:04.000,1.219700,1.220000,D
173740051,EUR/USD,2005-08-02 13:37:16.000,1.219800,1.220100,D
173740082,EUR/USD,2005-08-02 13:37:35.000,1.219700,1.220000,D
173740084,EUR/USD,2005-08-02 13:37:38.000,1.219800,1.220100,D
173740088,EUR/USD,2005-08-02 13:37:41.000,1.219700,1.220000,D
173740096,EUR/USD,2005-08-02 13:37:43.000,1.219800,1.220100,D
173740140,EUR/USD,2005-08-02 13:38:26.000,1.219700,1.220000,D
173740213,EUR/USD,2005-08-02 13:39:16.000,1.219600,1.219900,D
173740220,EUR/USD,2005-08-02 13:39:20.000,1.219700,1.220000,D
173740253,EUR/USD,2005-08-02 13:40:02.000,1.219800,1.220100,D
173740270,EUR/USD,2005-08-02 13:40:16.000,1.219900,1.220200,D
173740294,EUR/USD,2005-08-02 13:40:24.000,1.220000,1.220300,D
173740308,EUR/USD,2005-08-02 13:40:26.000,1.219900,1.220200,D
173740313,EUR/USD,2005-08-02 13:40:27.000,1.220000,1.220300,D
173740453,EUR/USD,2005-08-02 13:42:47.000,1.219900,1.220200,D
173740465,EUR/USD,2005-08-02 13:43:17.000,1.220000,1.220300,D
173740491,EUR/USD,2005-08-02 13:43:53.000,1.220100,1.220400,D
173740497,EUR/USD,2005-08-02 13:43:55.000,1.220000,1.220300,D
173740509,EUR/USD,2005-08-02 13:44:03.000,1.220100,1.220400,D
173740510,EUR/USD,2005-08-02 13:44:04.000,1.220000,1.220300,D
173740512,EUR/USD,2005-08-02 13:44:06.000,1.220100,1.220400,D
173740515,EUR/USD,2005-08-02 13:44:07.000,1.220000,1.220300,D
173740548,EUR/USD,2005-08-02 13:44:18.000,1.220100,1.220400,D
173740550,EUR/USD,2005-08-02 13:44:18.000,1.220000,1.220300,D
173740554,EUR/USD,2005-08-02 13:44:19.000,1.220100,1.220400,D
173740557,EUR/USD,2005-08-02 13:44:19.000,1.220000,1.220300,D
173740570,EUR/USD,2005-08-02 13:44:27.000,1.220100,1.220400,D
173740571,EUR/USD,2005-08-02 13:44:29.000,1.220000,1.220300,D
173740572,EUR/USD,2005-08-02 13:44:31.000,1.220100,1.220400,D
173740573,EUR/USD,2005-08-02 13:44:32.000,1.220000,1.220300,D
173740596,EUR/USD,2005-08-02 13:45:07.000,1.219900,1.220200,D
173740640,EUR/USD,2005-08-02 13:45:30.000,1.219800,1.220100,D
173740654,EUR/USD,2005-08-02 13:45:36.000,1.219900,1.220200,D
173740658,EUR/USD,2005-08-02 13:45:37.000,1.219800,1.220100,D
173740665,EUR/USD,2005-08-02 13:45:38.000,1.219700,1.220000,D
173740674,EUR/USD,2005-08-02 13:45:44.000,1.219600,1.219900,D
173740676,EUR/USD,2005-08-02 13:45:49.000,1.219700,1.220000,D
173740681,EUR/USD,2005-08-02 13:45:51.000,1.219800,1.220100,D
173740687,EUR/USD,2005-08-02 13:45:56.000,1.219700,1.220000,D
173740691,EUR/USD,2005-08-02 13:46:05.000,1.219800,1.220100,D
173740707,EUR/USD,2005-08-02 13:46:26.000,1.219700,1.220000,D
173740825,EUR/USD,2005-08-02 13:47:21.000,1.219600,1.219900,D
173740859,EUR/USD,2005-08-02 13:47:26.000,1.219700,1.220000,D
173740879,EUR/USD,2005-08-02 13:47:36.000,1.219600,1.219900,D
173740930,EUR/USD,2005-08-02 13:48:40.000,1.219700,1.220000,D
173740936,EUR/USD,2005-08-02 13:48:41.000,1.219800,1.220100,D
173740941,EUR/USD,2005-08-02 13:48:42.000,1.219700,1.220000,D
173740944,EUR/USD,2005-08-02 13:48:52.000,1.219800,1.220100,D
173740950,EUR/USD,2005-08-02 13:48:54.000,1.219900,1.220200,D
173740969,EUR/USD,2005-08-02 13:49:01.000,1.219800,1.220100,D
173740993,EUR/USD,2005-08-02 13:49:29.000,1.219700,1.220000,D
173740997,EUR/USD,2005-08-02 13:49:31.000,1.219800,1.220100,D
173741006,EUR/USD,2005-08-02 13:49:38.000,1.219700,1.220000,D
173741008,EUR/USD,2005-08-02 13:49:42.000,1.219800,1.220100,D
173741014,EUR/USD,2005-08-02 13:49:47.000,1.219700,1.220000,D
173741024,EUR/USD,2005-08-02 13:50:09.000,1.219800,1.220100,D
173741027,EUR/USD,2005-08-02 13:50:11.000,1.219700,1.220000,D
173741034,EUR/USD,2005-08-02 13:50:32.000,1.219800,1.220100,D
173741035,EUR/USD,2005-08-02 13:50:32.000,1.219700,1.220000,D
173741125,EUR/USD,2005-08-02 13:51:24.000,1.219800,1.220100,D
173741127,EUR/USD,2005-08-02 13:51:24.000,1.219700,1.220000,D
173741140,EUR/USD,2005-08-02 13:51:44.000,1.219800,1.220100,D
173741156,EUR/USD,2005-08-02 13:51:50.000,1.219700,1.220000,D
173741166,EUR/USD,2005-08-02 13:51:58.000,1.219800,1.220100,D
173741245,EUR/USD,2005-08-02 13:53:19.000,1.219700,1.220000,D
173741257,EUR/USD,2005-08-02 13:54:46.000,1.219600,1.219900,D
173741262,EUR/USD,2005-08-02 13:54:50.000,1.219500,1.219800,D
173741267,EUR/USD,2005-08-02 13:54:50.000,1.219600,1.219900,D
173741271,EUR/USD,2005-08-02 13:54:52.000,1.219500,1.219800,D
173741292,EUR/USD,2005-08-02 13:55:09.000,1.219600,1.219900,D
173741302,EUR/USD,2005-08-02 13:55:12.000,1.219700,1.220000,D
173741322,EUR/USD,2005-08-02 13:55:22.000,1.219600,1.219900,D
173741323,EUR/USD,2005-08-02 13:55:24.000,1.219700,1.220000,D
173741359,EUR/USD,2005-08-02 13:56:10.000,1.219600,1.219900,D
173741380,EUR/USD,2005-08-02 13:57:13.000,1.219700,1.220000,D
173741402,EUR/USD,2005-08-02 13:57:47.000,1.219600,1.219900,D
173741438,EUR/USD,2005-08-02 13:59:03.000,1.219700,1.220000,D
173741443,EUR/USD,2005-08-02 13:59:05.000,1.219600,1.219900,D
173741454,EUR/USD,2005-08-02 13:59:33.000,1.219700,1.220000,D
173741457,EUR/USD,2005-08-02 13:59:47.000,1.219600,1.219900,D
173741461,EUR/USD,2005-08-02 14:00:02.000,1.219700,1.220000,D
173741482,EUR/USD,2005-08-02 14:00:34.000,1.219600,1.219900,D
173741500,EUR/USD,2005-08-02 14:01:08.000,1.219500,1.219800,D
173741556,EUR/USD,2005-08-02 14:02:26.000,1.219400,1.219700,D
173741571,EUR/USD,2005-08-02 14:02:36.000,1.219300,1.219600,D
173741607,EUR/USD,2005-08-02 14:03:01.000,1.219200,1.219500,D
173741624,EUR/USD,2005-08-02 14:03:19.000,1.219300,1.219600,D
173741630,EUR/USD,2005-08-02 14:03:27.000,1.219200,1.219500,D
173741650,EUR/USD,2005-08-02 14:03:32.000,1.219100,1.219400,D
173741655,EUR/USD,2005-08-02 14:03:33.000,1.219200,1.219500,D
173741743,EUR/USD,2005-08-02 14:05:26.000,1.219100,1.219400,D
173741771,EUR/USD,2005-08-02 14:06:13.000,1.219200,1.219500,D
173741776,EUR/USD,2005-08-02 14:06:15.000,1.219100,1.219400,D
173741783,EUR/USD,2005-08-02 14:06:23.000,1.219000,1.219300,D
173741849,EUR/USD,2005-08-02 14:06:44.000,1.219100,1.219400,D
173741905,EUR/USD,2005-08-02 14:07:31.000,1.219200,1.219500,D
173741906,EUR/USD,2005-08-02 14:07:31.000,1.219100,1.219400,D
173741934,EUR/USD,2005-08-02 14:08:14.000,1.219200,1.219500,D
173741952,EUR/USD,2005-08-02 14:08:19.000,1.219300,1.219600,D
173742090,EUR/USD,2005-08-02 14:10:35.000,1.219400,1.219700,D
173742103,EUR/USD,2005-08-02 14:10:42.000,1.219500,1.219800,D
173742111,EUR/USD,2005-08-02 14:10:50.000,1.219600,1.219900,D
173742134,EUR/USD,2005-08-02 14:10:54.000,1.219500,1.219800,D
173742147,EUR/USD,2005-08-02 14:11:01.000,1.219600,1.219900,D
173742177,EUR/USD,2005-08-02 14:11:13.000,1.219700,1.220000,D
173742178,EUR/USD,2005-08-02 14:11:15.000,1.219600,1.219900,D
173742185,EUR/USD,2005-08-02 14:11:16.000,1.219700,1.220000,D
173742210,EUR/USD,2005-08-02 14:11:28.000,1.219600,1.219900,D
173742215,EUR/USD,2005-08-02 14:11:33.000,1.219700,1.220000,D
173742236,EUR/USD,2005-08-02 14:11:36.000,1.219600,1.219900,D
173742245,EUR/USD,2005-08-02 14:11:38.000,1.219500,1.219800,D
173742270,EUR/USD,2005-08-02 14:11:41.000,1.219600,1.219900,D
173742278,EUR/USD,2005-08-02 14:11:42.000,1.219500,1.219800,D
173742311,EUR/USD,2005-08-02 14:11:48.000,1.219400,1.219700,D
173742318,EUR/USD,2005-08-02 14:11:53.000,1.219500,1.219800,D
173742343,EUR/USD,2005-08-02 14:12:12.000,1.219600,1.219900,D
173742407,EUR/USD,2005-08-02 14:12:41.000,1.219500,1.219800,D
173742475,EUR/USD,2005-08-02 14:13:06.000,1.219400,1.219700,D
173742477,EUR/USD,2005-08-02 14:13:08.000,1.219500,1.219800,D
173742578,EUR/USD,2005-08-02 14:15:06.000,1.219400,1.219700,D
173742583,EUR/USD,2005-08-02 14:15:10.000,1.219500,1.219800,D
173742607,EUR/USD,2005-08-02 14:15:18.000,1.219400,1.219700,D
173742616,EUR/USD,2005-08-02 14:15:21.000,1.219500,1.219800,D
173742689,EUR/USD,2005-08-02 14:16:14.000,1.219400,1.219700,D
173742690,EUR/USD,2005-08-02 14:16:17.000,1.219500,1.219800,D
173742745,EUR/USD,2005-08-02 14:17:47.000,1.219400,1.219700,D
173742794,EUR/USD,2005-08-02 14:19:33.000,1.219300,1.219600,D
173742802,EUR/USD,2005-08-02 14:19:38.000,1.219400,1.219700,D
173742856,EUR/USD,2005-08-02 14:22:04.000,1.219500,1.219800,D
173742862,EUR/USD,2005-08-02 14:22:10.000,1.219400,1.219700,D
173742914,EUR/USD,2005-08-02 14:23:47.000,1.219300,1.219600,D
173742920,EUR/USD,2005-08-02 14:23:53.000,1.219400,1.219700,D
173742939,EUR/USD,2005-08-02 14:24:18.000,1.219300,1.219600,D
173742953,EUR/USD,2005-08-02 14:24:47.000,1.219400,1.219700,D
173743006,EUR/USD,2005-08-02 14:26:33.000,1.219300,1.219600,D
173743007,EUR/USD,2005-08-02 14:26:38.000,1.219400,1.219700,D
173743051,EUR/USD,2005-08-02 14:27:32.000,1.219300,1.219600,D
173743056,EUR/USD,2005-08-02 14:27:43.000,1.219400,1.219700,D
173743066,EUR/USD,2005-08-02 14:28:16.000,1.219300,1.219600,D
173743070,EUR/USD,2005-08-02 14:28:16.000,1.219400,1.219700,D
173743121,EUR/USD,2005-08-02 14:29:32.000,1.219500,1.219800,D
173743132,EUR/USD,2005-08-02 14:29:35.000,1.219400,1.219700,D
173743138,EUR/USD,2005-08-02 14:29:36.000,1.219300,1.219600,D
173743145,EUR/USD,2005-08-02 14:29:37.000,1.219400,1.219700,D
173743164,EUR/USD,2005-08-02 14:29:40.000,1.219300,1.219600,D
173743167,EUR/USD,2005-08-02 14:29:41.000,1.219200,1.219500,D
173743192,EUR/USD,2005-08-02 14:29:51.000,1.219300,1.219600,D
173743240,EUR/USD,2005-08-02 14:30:22.000,1.219400,1.219700,D
173743349,EUR/USD,2005-08-02 14:32:41.000,1.219300,1.219600,D
173743354,EUR/USD,2005-08-02 14:32:43.000,1.219400,1.219700,D
173743361,EUR/USD,2005-08-02 14:32:48.000,1.219300,1.219600,D
173743365,EUR/USD,2005-08-02 14:32:51.000,1.219400,1.219700,D
173743366,EUR/USD,2005-08-02 14:32:51.000,1.219300,1.219600,D
173743374,EUR/USD,2005-08-02 14:32:53.000,1.219200,1.219500,D
173743377,EUR/USD,2005-08-02 14:32:54.000,1.219300,1.219600,D
173743385,EUR/USD,2005-08-02 14:33:07.000,1.219200,1.219500,D
173743388,EUR/USD,2005-08-02 14:33:07.000,1.219300,1.219600,D
173743405,EUR/USD,2005-08-02 14:33:34.000,1.219200,1.219500,D
173743413,EUR/USD,2005-08-02 14:33:35.000,1.219300,1.219600,D
173743424,EUR/USD,2005-08-02 14:33:45.000,1.219400,1.219700,D
173743453,EUR/USD,2005-08-02 14:34:10.000,1.219300,1.219600,D
173743472,EUR/USD,2005-08-02 14:34:24.000,1.219200,1.219500,D
173743629,EUR/USD,2005-08-02 14:36:35.000,1.219100,1.219400,D
173743639,EUR/USD,2005-08-02 14:36:58.000,1.219200,1.219500,D
173743658,EUR/USD,2005-08-02 14:37:23.000,1.219100,1.219400,D
173743663,EUR/USD,2005-08-02 14:37:28.000,1.219000,1.219300,D
173743670,EUR/USD,2005-08-02 14:37:30.000,1.219100,1.219400,D
173743673,EUR/USD,2005-08-02 14:37:30.000,1.219000,1.219300,D
173743680,EUR/USD,2005-08-02 14:37:31.000,1.218900,1.219200,D
173743690,EUR/USD,2005-08-02 14:37:32.000,1.219000,1.219300,D
173743696,EUR/USD,2005-08-02 14:37:32.000,1.219100,1.219400,D
173743707,EUR/USD,2005-08-02 14:37:33.000,1.219000,1.219300,D
173743730,EUR/USD,2005-08-02 14:37:35.000,1.219100,1.219400,D
173743745,EUR/USD,2005-08-02 14:37:39.000,1.219000,1.219300,D
173743752,EUR/USD,2005-08-02 14:37:39.000,1.218900,1.219200,D
173743768,EUR/USD,2005-08-02 14:37:52.000,1.219000,1.219300,D
173743802,EUR/USD,2005-08-02 14:38:22.000,1.219100,1.219400,D
173743829,EUR/USD,2005-08-02 14:38:49.000,1.219200,1.219500,D
173743844,EUR/USD,2005-08-02 14:38:57.000,1.219300,1.219600,D
173743847,EUR/USD,2005-08-02 14:39:00.000,1.219200,1.219500,D
173743859,EUR/USD,2005-08-02 14:39:21.000,1.219300,1.219600,D
173743928,EUR/USD,2005-08-02 14:40:18.000,1.219400,1.219700,D
173743929,EUR/USD,2005-08-02 14:40:20.000,1.219300,1.219600,D
173743972,EUR/USD,2005-08-02 14:41:12.000,1.219200,1.219500,D
173744003,EUR/USD,2005-08-02 14:42:19.000,1.219100,1.219400,D
173744033,EUR/USD,2005-08-02 14:43:03.000,1.219000,1.219300,D
173744035,EUR/USD,2005-08-02 14:43:03.000,1.219100,1.219400,D
173744041,EUR/USD,2005-08-02 14:43:05.000,1.219200,1.219500,D
173744044,EUR/USD,2005-08-02 14:43:08.000,1.219300,1.219600,D
173744069,EUR/USD,2005-08-02 14:43:17.000,1.219200,1.219500,D
173744078,EUR/USD,2005-08-02 14:43:18.000,1.219300,1.219600,D
173744093,EUR/USD,2005-08-02 14:43:20.000,1.219100,1.219400,D
173744098,EUR/USD,2005-08-02 14:43:21.000,1.219200,1.219500,D
173744103,EUR/USD,2005-08-02 14:43:22.000,1.219300,1.219600,D
173744112,EUR/USD,2005-08-02 14:43:27.000,1.219200,1.219500,D
173744115,EUR/USD,2005-08-02 14:43:30.000,1.219100,1.219400,D
173744119,EUR/USD,2005-08-02 14:43:31.000,1.219200,1.219500,D
173744125,EUR/USD,2005-08-02 14:43:32.000,1.219300,1.219600,D
173744131,EUR/USD,2005-08-02 14:43:35.000,1.219200,1.219500,D
173744145,EUR/USD,2005-08-02 14:43:38.000,1.219300,1.219600,D
173744147,EUR/USD,2005-08-02 14:43:39.000,1.219200,1.219500,D
173744209,EUR/USD,2005-08-02 14:44:45.000,1.219100,1.219400,D
173744211,EUR/USD,2005-08-02 14:44:46.000,1.219000,1.219300,D
173744217,EUR/USD,2005-08-02 14:44:46.000,1.219100,1.219400,D
173744220,EUR/USD,2005-08-02 14:44:47.000,1.219000,1.219300,D
173744250,EUR/USD,2005-08-02 14:44:55.000,1.219100,1.219400,D
173744262,EUR/USD,2005-08-02 14:44:57.000,1.219200,1.219500,D
173744267,EUR/USD,2005-08-02 14:44:59.000,1.219100,1.219400,D
173744268,EUR/USD,2005-08-02 14:44:59.000,1.219000,1.219300,D
173744277,EUR/USD,2005-08-02 14:45:01.000,1.219100,1.219400,D
173744284,EUR/USD,2005-08-02 14:45:10.000,1.219000,1.219300,D
173744288,EUR/USD,2005-08-02 14:45:15.000,1.219100,1.219400,D
173744326,EUR/USD,2005-08-02 14:45:50.000,1.219200,1.219500,D
173744327,EUR/USD,2005-08-02 14:45:51.000,1.219100,1.219400,D
173744328,EUR/USD,2005-08-02 14:45:52.000,1.219200,1.219500,D
173744331,EUR/USD,2005-08-02 14:45:53.000,1.219100,1.219400,D
173744332,EUR/USD,2005-08-02 14:45:54.000,1.219200,1.219500,D
173744360,EUR/USD,2005-08-02 14:46:12.000,1.219100,1.219400,D
173744366,EUR/USD,2005-08-02 14:46:15.000,1.219200,1.219500,D
173744376,EUR/USD,2005-08-02 14:46:27.000,1.219300,1.219600,D
173744379,EUR/USD,2005-08-02 14:46:27.000,1.219200,1.219500,D
173744385,EUR/USD,2005-08-02 14:46:29.000,1.219100,1.219400,D
173744389,EUR/USD,2005-08-02 14:46:30.000,1.219200,1.219500,D
173744395,EUR/USD,2005-08-02 14:46:31.000,1.219300,1.219600,D
173744399,EUR/USD,2005-08-02 14:46:32.000,1.219200,1.219500,D
173744405,EUR/USD,2005-08-02 14:46:34.000,1.219300,1.219600,D
173744408,EUR/USD,2005-08-02 14:46:35.000,1.219200,1.219500,D
173744415,EUR/USD,2005-08-02 14:46:41.000,1.219300,1.219600,D
173744421,EUR/USD,2005-08-02 14:46:42.000,1.219200,1.219500,D
173744467,EUR/USD,2005-08-02 14:47:01.000,1.219100,1.219400,D
173744469,EUR/USD,2005-08-02 14:47:01.000,1.219000,1.219300,D
173744494,EUR/USD,2005-08-02 14:47:11.000,1.219100,1.219400,D
173744504,EUR/USD,2005-08-02 14:47:16.000,1.219000,1.219300,D
173744508,EUR/USD,2005-08-02 14:47:17.000,1.219100,1.219400,D
173744530,EUR/USD,2005-08-02 14:47:38.000,1.219200,1.219500,D
173744572,EUR/USD,2005-08-02 14:48:07.000,1.219100,1.219400,D
173744592,EUR/USD,2005-08-02 14:48:14.000,1.219200,1.219500,D
173744605,EUR/USD,2005-08-02 14:48:22.000,1.219100,1.219400,D
173744640,EUR/USD,2005-08-02 14:48:38.000,1.219200,1.219500,D
173744649,EUR/USD,2005-08-02 14:49:02.000,1.219300,1.219600,D
173744664,EUR/USD,2005-08-02 14:49:17.000,1.219400,1.219700,D
173744665,EUR/USD,2005-08-02 14:49:17.000,1.219300,1.219600,D
173744715,EUR/USD,2005-08-02 14:49:41.000,1.219200,1.219500,D
173744751,EUR/USD,2005-08-02 14:50:02.000,1.219100,1.219400,D
173744798,EUR/USD,2005-08-02 14:51:03.000,1.219200,1.219500,D
173744799,EUR/USD,2005-08-02 14:51:03.000,1.219100,1.219400,D
173744806,EUR/USD,2005-08-02 14:51:05.000,1.219200,1.219500,D
173744807,EUR/USD,2005-08-02 14:51:05.000,1.219100,1.219400,D
173744858,EUR/USD,2005-08-02 14:51:23.000,1.219200,1.219500,D
173744881,EUR/USD,2005-08-02 14:51:28.000,1.219300,1.219600,D
173744885,EUR/USD,2005-08-02 14:51:29.000,1.219200,1.219500,D
173744896,EUR/USD,2005-08-02 14:51:39.000,1.219100,1.219400,D
173744901,EUR/USD,2005-08-02 14:51:42.000,1.219200,1.219500,D
173744910,EUR/USD,2005-08-02 14:51:46.000,1.219100,1.219400,D
173744926,EUR/USD,2005-08-02 14:51:58.000,1.219200,1.219500,D
173744941,EUR/USD,2005-08-02 14:52:13.000,1.219100,1.219400,D
173744945,EUR/USD,2005-08-02 14:52:16.000,1.219200,1.219500,D
173744970,EUR/USD,2005-08-02 14:52:27.000,1.219300,1.219600,D
173744972,EUR/USD,2005-08-02 14:52:28.000,1.219200,1.219500,D
173744973,EUR/USD,2005-08-02 14:52:30.000,1.219300,1.219600,D
173745069,EUR/USD,2005-08-02 14:53:50.000,1.219400,1.219700,D
173745076,EUR/USD,2005-08-02 14:53:52.000,1.219500,1.219800,D
173745083,EUR/USD,2005-08-02 14:53:55.000,1.219400,1.219700,D
173745088,EUR/USD,2005-08-02 14:53:56.000,1.219300,1.219600,D
173745177,EUR/USD,2005-08-02 14:56:05.000,1.219200,1.219500,D
173745229,EUR/USD,2005-08-02 14:57:07.000,1.219300,1.219600,D
173745237,EUR/USD,2005-08-02 14:57:23.000,1.219400,1.219700,D
173745247,EUR/USD,2005-08-02 14:57:28.000,1.219300,1.219600,D
173745272,EUR/USD,2005-08-02 14:57:54.000,1.219400,1.219700,D
173745274,EUR/USD,2005-08-02 14:57:54.000,1.219500,1.219800,D
173745280,EUR/USD,2005-08-02 14:57:59.000,1.219400,1.219700,D
173745285,EUR/USD,2005-08-02 14:58:01.000,1.219500,1.219800,D
173745288,EUR/USD,2005-08-02 14:58:03.000,1.219400,1.219700,D
173745293,EUR/USD,2005-08-02 14:58:03.000,1.219300,1.219600,D
173745295,EUR/USD,2005-08-02 14:58:04.000,1.219400,1.219700,D
173745298,EUR/USD,2005-08-02 14:58:05.000,1.219300,1.219600,D
173745305,EUR/USD,2005-08-02 14:58:16.000,1.219400,1.219700,D
173745307,EUR/USD,2005-08-02 14:58:16.000,1.219500,1.219800,D
173745309,EUR/USD,2005-08-02 14:58:17.000,1.219400,1.219700,D
173745315,EUR/USD,2005-08-02 14:58:23.000,1.219500,1.219800,D
173745323,EUR/USD,2005-08-02 14:58:27.000,1.219400,1.219700,D
173745334,EUR/USD,2005-08-02 14:58:36.000,1.219300,1.219600,D
173745389,EUR/USD,2005-08-02 14:58:56.000,1.219400,1.219700,D
173745426,EUR/USD,2005-08-02 14:59:10.000,1.219300,1.219600,D
173745445,EUR/USD,2005-08-02 14:59:16.000,1.219400,1.219700,D
173745453,EUR/USD,2005-08-02 14:59:22.000,1.219300,1.219600,D
173745459,EUR/USD,2005-08-02 14:59:24.000,1.219400,1.219700,D
173745475,EUR/USD,2005-08-02 14:59:27.000,1.219500,1.219800,D
173745509,EUR/USD,2005-08-02 14:59:44.000,1.219400,1.219700,D
173745510,EUR/USD,2005-08-02 14:59:46.000,1.219500,1.219800,D
173745515,EUR/USD,2005-08-02 14:59:53.000,1.219400,1.219700,D
173745520,EUR/USD,2005-08-02 14:59:54.000,1.219500,1.219800,D
173745556,EUR/USD,2005-08-02 15:00:03.000,1.219400,1.219700,D
173745564,EUR/USD,2005-08-02 15:00:06.000,1.219500,1.219800,D
173745613,EUR/USD,2005-08-02 15:00:15.000,1.219400,1.219700,D
173745633,EUR/USD,2005-08-02 15:00:18.000,1.219500,1.219800,D
173745647,EUR/USD,2005-08-02 15:00:20.000,1.219600,1.219900,D
173745661,EUR/USD,2005-08-02 15:00:24.000,1.219500,1.219800,D
173745680,EUR/USD,2005-08-02 15:00:33.000,1.219400,1.219700,D
173745688,EUR/USD,2005-08-02 15:00:35.000,1.219500,1.219800,D
173745696,EUR/USD,2005-08-02 15:00:38.000,1.219400,1.219700,D
173745698,EUR/USD,2005-08-02 15:00:38.000,1.219500,1.219800,D
173745719,EUR/USD,2005-08-02 15:00:47.000,1.219400,1.219700,D
173745737,EUR/USD,2005-08-02 15:00:53.000,1.219500,1.219800,D
173745739,EUR/USD,2005-08-02 15:00:54.000,1.219600,1.219900,D
173745740,EUR/USD,2005-08-02 15:00:54.000,1.219500,1.219800,D
173745747,EUR/USD,2005-08-02 15:00:55.000,1.219600,1.219900,D
173745757,EUR/USD,2005-08-02 15:00:57.000,1.219700,1.220000,D
173745758,EUR/USD,2005-08-02 15:00:57.000,1.219600,1.219900,D
173745790,EUR/USD,2005-08-02 15:01:10.000,1.219500,1.219800,D
173745798,EUR/USD,2005-08-02 15:01:15.000,1.219600,1.219900,D
173745822,EUR/USD,2005-08-02 15:01:24.000,1.219700,1.220000,D
173745824,EUR/USD,2005-08-02 15:01:24.000,1.219600,1.219900,D
173745878,EUR/USD,2005-08-02 15:01:49.000,1.219500,1.219800,D
173745901,EUR/USD,2005-08-02 15:01:53.000,1.219400,1.219700,D
173745926,EUR/USD,2005-08-02 15:02:09.000,1.219500,1.219800,D
173745929,EUR/USD,2005-08-02 15:02:09.000,1.219600,1.219900,D
173745939,EUR/USD,2005-08-02 15:02:12.000,1.219500,1.219800,D
173745945,EUR/USD,2005-08-02 15:02:13.000,1.219600,1.219900,D
173745964,EUR/USD,2005-08-02 15:02:19.000,1.219500,1.219800,D
173745976,EUR/USD,2005-08-02 15:02:22.000,1.219600,1.219900,D
173745986,EUR/USD,2005-08-02 15:02:27.000,1.219500,1.219800,D
173745990,EUR/USD,2005-08-02 15:02:28.000,1.219600,1.219900,D
173746002,EUR/USD,2005-08-02 15:02:30.000,1.219500,1.219800,D
173746014,EUR/USD,2005-08-02 15:02:37.000,1.219400,1.219700,D
173746018,EUR/USD,2005-08-02 15:02:38.000,1.219500,1.219800,D
173746022,EUR/USD,2005-08-02 15:02:41.000,1.219400,1.219700,D
173746048,EUR/USD,2005-08-02 15:02:48.000,1.219500,1.219800,D
173746055,EUR/USD,2005-08-02 15:02:50.000,1.219400,1.219700,D
173746081,EUR/USD,2005-08-02 15:03:03.000,1.219500,1.219800,D
173746084,EUR/USD,2005-08-02 15:03:04.000,1.219600,1.219900,D
173746097,EUR/USD,2005-08-02 15:03:07.000,1.219500,1.219800,D
173746107,EUR/USD,2005-08-02 15:03:18.000,1.219600,1.219900,D
173746115,EUR/USD,2005-08-02 15:03:23.000,1.219500,1.219800,D
173746125,EUR/USD,2005-08-02 15:03:28.000,1.219600,1.219900,D
173746127,EUR/USD,2005-08-02 15:03:29.000,1.219500,1.219800,D
173746142,EUR/USD,2005-08-02 15:03:40.000,1.219400,1.219700,D
173746145,EUR/USD,2005-08-02 15:03:43.000,1.219500,1.219800,D
173746193,EUR/USD,2005-08-02 15:04:27.000,1.219600,1.219900,D
173746197,EUR/USD,2005-08-02 15:04:27.000,1.219700,1.220000,D
173746202,EUR/USD,2005-08-02 15:04:32.000,1.219600,1.219900,D
173746207,EUR/USD,2005-08-02 15:04:33.000,1.219500,1.219800,D
173746221,EUR/USD,2005-08-02 15:04:55.000,1.219600,1.219900,D
173746225,EUR/USD,2005-08-02 15:05:04.000,1.219500,1.219800,D
173746230,EUR/USD,2005-08-02 15:05:10.000,1.219600,1.219900,D
173746232,EUR/USD,2005-08-02 15:05:11.000,1.219700,1.220000,D
173746235,EUR/USD,2005-08-02 15:05:14.000,1.219600,1.219900,D
173746238,EUR/USD,2005-08-02 15:05:17.000,1.219700,1.220000,D
173746241,EUR/USD,2005-08-02 15:05:17.000,1.219800,1.220100,D
173746257,EUR/USD,2005-08-02 15:05:31.000,1.219700,1.220000,D
173746261,EUR/USD,2005-08-02 15:05:31.000,1.219600,1.219900,D
173746277,EUR/USD,2005-08-02 15:05:43.000,1.219700,1.220000,D
173746283,EUR/USD,2005-08-02 15:05:46.000,1.219600,1.219900,D
173746353,EUR/USD,2005-08-02 15:06:54.000,1.219700,1.220000,D
173746364,EUR/USD,2005-08-02 15:07:03.000,1.219600,1.219900,D
173746375,EUR/USD,2005-08-02 15:07:07.000,1.219700,1.220000,D
173746389,EUR/USD,2005-08-02 15:07:10.000,1.219600,1.219900,D
173746392,EUR/USD,2005-08-02 15:07:11.000,1.219700,1.220000,D
173746398,EUR/USD,2005-08-02 15:07:11.000,1.219600,1.219900,D
173746469,EUR/USD,2005-08-02 15:08:36.000,1.219500,1.219800,D
173746484,EUR/USD,2005-08-02 15:08:45.000,1.219600,1.219900,D
173746534,EUR/USD,2005-08-02 15:09:26.000,1.219500,1.219800,D
173746548,EUR/USD,2005-08-02 15:09:34.000,1.219600,1.219900,D
173746564,EUR/USD,2005-08-02 15:09:39.000,1.219500,1.219800,D
173746567,EUR/USD,2005-08-02 15:09:40.000,1.219600,1.219900,D
173746615,EUR/USD,2005-08-02 15:10:35.000,1.219700,1.220000,D
173746637,EUR/USD,2005-08-02 15:10:47.000,1.219600,1.219900,D
173746655,EUR/USD,2005-08-02 15:10:51.000,1.219700,1.220000,D
173746732,EUR/USD,2005-08-02 15:12:42.000,1.219800,1.220100,D
173746767,EUR/USD,2005-08-02 15:13:17.000,1.219900,1.220200,D
173746781,EUR/USD,2005-08-02 15:13:25.000,1.219800,1.220100,D
173746795,EUR/USD,2005-08-02 15:13:26.000,1.219900,1.220200,D
173746824,EUR/USD,2005-08-02 15:13:52.000,1.219800,1.220100,D
173746842,EUR/USD,2005-08-02 15:13:59.000,1.219900,1.220200,D
173746871,EUR/USD,2005-08-02 15:14:25.000,1.219800,1.220100,D
173746887,EUR/USD,2005-08-02 15:15:13.000,1.219700,1.220000,D
173746894,EUR/USD,2005-08-02 15:15:24.000,1.219600,1.219900,D
173746895,EUR/USD,2005-08-02 15:15:27.000,1.219700,1.220000,D
173746997,EUR/USD,2005-08-02 15:19:18.000,1.219600,1.219900,D
173747012,EUR/USD,2005-08-02 15:19:22.000,1.219700,1.220000,D
173747017,EUR/USD,2005-08-02 15:19:23.000,1.219600,1.219900,D
173747045,EUR/USD,2005-08-02 15:19:36.000,1.219700,1.220000,D
173747052,EUR/USD,2005-08-02 15:19:41.000,1.219600,1.219900,D
173747082,EUR/USD,2005-08-02 15:20:06.000,1.219700,1.220000,D
173747125,EUR/USD,2005-08-02 15:20:28.000,1.219600,1.219900,D
173747135,EUR/USD,2005-08-02 15:20:32.000,1.219700,1.220000,D
173747142,EUR/USD,2005-08-02 15:20:36.000,1.219600,1.219900,D
173747161,EUR/USD,2005-08-02 15:21:02.000,1.219700,1.220000,D
173747162,EUR/USD,2005-08-02 15:21:03.000,1.219800,1.220100,D
173747166,EUR/USD,2005-08-02 15:21:03.000,1.219700,1.220000,D
173747203,EUR/USD,2005-08-02 15:21:36.000,1.219600,1.219900,D
173747216,EUR/USD,2005-08-02 15:21:53.000,1.219500,1.219800,D
173747232,EUR/USD,2005-08-02 15:22:05.000,1.219600,1.219900,D
173747238,EUR/USD,2005-08-02 15:22:17.000,1.219500,1.219800,D
173747259,EUR/USD,2005-08-02 15:22:39.000,1.219600,1.219900,D
173747275,EUR/USD,2005-08-02 15:22:47.000,1.219500,1.219800,D
173747311,EUR/USD,2005-08-02 15:23:31.000,1.219600,1.219900,D
173747321,EUR/USD,2005-08-02 15:23:34.000,1.219500,1.219800,D
173747334,EUR/USD,2005-08-02 15:23:36.000,1.219600,1.219900,D
173747339,EUR/USD,2005-08-02 15:23:40.000,1.219500,1.219800,D
173747390,EUR/USD,2005-08-02 15:24:14.000,1.219400,1.219700,D
173747397,EUR/USD,2005-08-02 15:24:20.000,1.219500,1.219800,D
173747428,EUR/USD,2005-08-02 15:24:40.000,1.219600,1.219900,D
173747437,EUR/USD,2005-08-02 15:24:47.000,1.219500,1.219800,D
173747461,EUR/USD,2005-08-02 15:25:07.000,1.219600,1.219900,D
173747475,EUR/USD,2005-08-02 15:25:33.000,1.219500,1.219800,D
173747520,EUR/USD,2005-08-02 15:26:39.000,1.219600,1.219900,D
173747530,EUR/USD,2005-08-02 15:26:47.000,1.219500,1.219800,D
173747582,EUR/USD,2005-08-02 15:27:58.000,1.219600,1.219900,D
173747583,EUR/USD,2005-08-02 15:27:58.000,1.219500,1.219800,D
173747632,EUR/USD,2005-08-02 15:28:19.000,1.219400,1.219700,D
173747637,EUR/USD,2005-08-02 15:28:24.000,1.219500,1.219800,D
173747671,EUR/USD,2005-08-02 15:29:29.000,1.219400,1.219700,D
173747693,EUR/USD,2005-08-02 15:29:43.000,1.219300,1.219600,D
173747709,EUR/USD,2005-08-02 15:29:55.000,1.219400,1.219700,D
173747713,EUR/USD,2005-08-02 15:29:58.000,1.219300,1.219600,D
173747714,EUR/USD,2005-08-02 15:29:59.000,1.219400,1.219700,D
173747721,EUR/USD,2005-08-02 15:30:19.000,1.219300,1.219600,D
173747729,EUR/USD,2005-08-02 15:30:23.000,1.219400,1.219700,D
173747851,EUR/USD,2005-08-02 15:33:47.000,1.219300,1.219600,D
173747860,EUR/USD,2005-08-02 15:33:55.000,1.219400,1.219700,D
173747869,EUR/USD,2005-08-02 15:34:08.000,1.219300,1.219600,D
173747876,EUR/USD,2005-08-02 15:34:09.000,1.219400,1.219700,D
173747907,EUR/USD,2005-08-02 15:34:37.000,1.219500,1.219800,D
173747910,EUR/USD,2005-08-02 15:35:04.000,1.219400,1.219700,D
173747917,EUR/USD,2005-08-02 15:35:21.000,1.219500,1.219800,D
173747920,EUR/USD,2005-08-02 15:35:27.000,1.219400,1.219700,D
173747922,EUR/USD,2005-08-02 15:35:42.000,1.219500,1.219800,D
173747923,EUR/USD,2005-08-02 15:35:45.000,1.219400,1.219700,D
173747924,EUR/USD,2005-08-02 15:35:46.000,1.219500,1.219800,D
173747926,EUR/USD,2005-08-02 15:35:49.000,1.219400,1.219700,D
173747932,EUR/USD,2005-08-02 15:36:01.000,1.219500,1.219800,D
173747947,EUR/USD,2005-08-02 15:36:08.000,1.219600,1.219900,D
173747950,EUR/USD,2005-08-02 15:36:08.000,1.219700,1.220000,D
173747953,EUR/USD,2005-08-02 15:36:08.000,1.219600,1.219900,D
173747977,EUR/USD,2005-08-02 15:36:34.000,1.219700,1.220000,D
173747991,EUR/USD,2005-08-02 15:36:41.000,1.219600,1.219900,D
173747998,EUR/USD,2005-08-02 15:36:53.000,1.219700,1.220000,D
173748001,EUR/USD,2005-08-02 15:36:55.000,1.219600,1.219900,D
173748016,EUR/USD,2005-08-02 15:37:15.000,1.219700,1.220000,D
173748030,EUR/USD,2005-08-02 15:37:20.000,1.219600,1.219900,D
173748048,EUR/USD,2005-08-02 15:37:39.000,1.219700,1.220000,D
173748049,EUR/USD,2005-08-02 15:37:41.000,1.219600,1.219900,D
173748055,EUR/USD,2005-08-02 15:37:47.000,1.219700,1.220000,D
173748097,EUR/USD,2005-08-02 15:38:09.000,1.219600,1.219900,D
173748103,EUR/USD,2005-08-02 15:38:16.000,1.219700,1.220000,D
173748125,EUR/USD,2005-08-02 15:38:56.000,1.219600,1.219900,D
173748136,EUR/USD,2005-08-02 15:39:11.000,1.219700,1.220000,D
173748140,EUR/USD,2005-08-02 15:39:17.000,1.219600,1.219900,D
173748145,EUR/USD,2005-08-02 15:39:20.000,1.219500,1.219800,D
173748162,EUR/USD,2005-08-02 15:39:32.000,1.219600,1.219900,D
173748165,EUR/USD,2005-08-02 15:39:36.000,1.219500,1.219800,D
173748216,EUR/USD,2005-08-02 15:41:24.000,1.219600,1.219900,D
173748218,EUR/USD,2005-08-02 15:41:24.000,1.219500,1.219800,D
173748219,EUR/USD,2005-08-02 15:41:27.000,1.219600,1.219900,D
173748232,EUR/USD,2005-08-02 15:41:59.000,1.219500,1.219800,D
173748304,EUR/USD,2005-08-02 15:44:20.000,1.219600,1.219900,D
173748347,EUR/USD,2005-08-02 15:46:11.000,1.219500,1.219800,D
173748348,EUR/USD,2005-08-02 15:46:13.000,1.219600,1.219900,D
173748386,EUR/USD,2005-08-02 15:47:45.000,1.219700,1.220000,D
173748388,EUR/USD,2005-08-02 15:47:45.000,1.219600,1.219900,D
173748394,EUR/USD,2005-08-02 15:47:51.000,1.219500,1.219800,D
173748398,EUR/USD,2005-08-02 15:47:52.000,1.219600,1.219900,D
173748401,EUR/USD,2005-08-02 15:47:53.000,1.219700,1.220000,D
173748409,EUR/USD,2005-08-02 15:47:54.000,1.219600,1.219900,D
173748419,EUR/USD,2005-08-02 15:47:57.000,1.219500,1.219800,D
173748421,EUR/USD,2005-08-02 15:48:03.000,1.219600,1.219900,D
173748431,EUR/USD,2005-08-02 15:48:24.000,1.219500,1.219800,D
173748432,EUR/USD,2005-08-02 15:48:26.000,1.219600,1.219900,D
173748435,EUR/USD,2005-08-02 15:48:28.000,1.219500,1.219800,D
173748437,EUR/USD,2005-08-02 15:48:32.000,1.219600,1.219900,D
173748449,EUR/USD,2005-08-02 15:48:40.000,1.219700,1.220000,D
173748463,EUR/USD,2005-08-02 15:48:44.000,1.219600,1.219900,D
173748465,EUR/USD,2005-08-02 15:48:44.000,1.219700,1.220000,D
173748502,EUR/USD,2005-08-02 15:49:20.000,1.219800,1.220100,D
173748505,EUR/USD,2005-08-02 15:49:25.000,1.219900,1.220200,D
173748514,EUR/USD,2005-08-02 15:49:27.000,1.219800,1.220100,D
173748521,EUR/USD,2005-08-02 15:49:30.000,1.219700,1.220000,D
173748531,EUR/USD,2005-08-02 15:49:44.000,1.219800,1.220100,D
173748538,EUR/USD,2005-08-02 15:49:50.000,1.219900,1.220200,D
173748546,EUR/USD,2005-08-02 15:50:01.000,1.219800,1.220100,D
173748576,EUR/USD,2005-08-02 15:50:40.000,1.219900,1.220200,D
173748595,EUR/USD,2005-08-02 15:50:56.000,1.220000,1.220300,D
173748600,EUR/USD,2005-08-02 15:50:58.000,1.219900,1.220200,D
173748609,EUR/USD,2005-08-02 15:51:05.000,1.219800,1.220100,D
173748662,EUR/USD,2005-08-02 15:53:49.000,1.219900,1.220200,D
173748671,EUR/USD,2005-08-02 15:54:00.000,1.219800,1.220100,D
173748675,EUR/USD,2005-08-02 15:54:06.000,1.219900,1.220200,D
173748687,EUR/USD,2005-08-02 15:54:13.000,1.219800,1.220100,D
173748695,EUR/USD,2005-08-02 15:54:27.000,1.219900,1.220200,D
173748716,EUR/USD,2005-08-02 15:54:45.000,1.219800,1.220100,D
173748720,EUR/USD,2005-08-02 15:54:52.000,1.219900,1.220200,D
173748742,EUR/USD,2005-08-02 15:55:43.000,1.219800,1.220100,D
173748746,EUR/USD,2005-08-02 15:55:43.000,1.219700,1.220000,D
173748751,EUR/USD,2005-08-02 15:55:52.000,1.219800,1.220100,D
173748760,EUR/USD,2005-08-02 15:56:01.000,1.219700,1.220000,D
173748778,EUR/USD,2005-08-02 15:57:17.000,1.219800,1.220100,D
173748784,EUR/USD,2005-08-02 15:57:34.000,1.219700,1.220000,D
173748816,EUR/USD,2005-08-02 15:58:43.000,1.219600,1.219900,D
173748823,EUR/USD,2005-08-02 15:59:18.000,1.219500,1.219800,D
173748867,EUR/USD,2005-08-02 16:02:19.000,1.219600,1.219900,D
173748878,EUR/USD,2005-08-02 16:02:46.000,1.219500,1.219800,D
173748882,EUR/USD,2005-08-02 16:02:50.000,1.219600,1.219900,D
173748922,EUR/USD,2005-08-02 16:04:17.000,1.219500,1.219800,D
173748932,EUR/USD,2005-08-02 16:04:43.000,1.219600,1.219900,D
173749044,EUR/USD,2005-08-02 16:09:02.000,1.219500,1.219800,D
173749057,EUR/USD,2005-08-02 16:09:19.000,1.219600,1.219900,D
173749077,EUR/USD,2005-08-02 16:09:26.000,1.219500,1.219800,D
173749108,EUR/USD,2005-08-02 16:11:10.000,1.219600,1.219900,D
173749110,EUR/USD,2005-08-02 16:11:10.000,1.219500,1.219800,D
173749148,EUR/USD,2005-08-02 16:12:42.000,1.219400,1.219700,D
173749182,EUR/USD,2005-08-02 16:13:09.000,1.219500,1.219800,D
173749186,EUR/USD,2005-08-02 16:13:12.000,1.219400,1.219700,D
173749213,EUR/USD,2005-08-02 16:13:34.000,1.219300,1.219600,D
173749227,EUR/USD,2005-08-02 16:13:52.000,1.219400,1.219700,D
173749252,EUR/USD,2005-08-02 16:14:32.000,1.219500,1.219800,D
173749294,EUR/USD,2005-08-02 16:14:56.000,1.219400,1.219700,D
173749342,EUR/USD,2005-08-02 16:15:49.000,1.219300,1.219600,D
173749357,EUR/USD,2005-08-02 16:17:13.000,1.219400,1.219700,D
173749379,EUR/USD,2005-08-02 16:17:40.000,1.219500,1.219800,D
173749383,EUR/USD,2005-08-02 16:17:46.000,1.219400,1.219700,D
173749386,EUR/USD,2005-08-02 16:17:53.000,1.219500,1.219800,D
173749395,EUR/USD,2005-08-02 16:18:09.000,1.219600,1.219900,D
173749516,EUR/USD,2005-08-02 16:22:27.000,1.219500,1.219800,D
173749520,EUR/USD,2005-08-02 16:22:37.000,1.219600,1.219900,D
173749526,EUR/USD,2005-08-02 16:23:07.000,1.219500,1.219800,D
173749554,EUR/USD,2005-08-02 16:23:26.000,1.219600,1.219900,D
173749563,EUR/USD,2005-08-02 16:23:34.000,1.219500,1.219800,D
173749564,EUR/USD,2005-08-02 16:23:35.000,1.219600,1.219900,D
173749568,EUR/USD,2005-08-02 16:23:46.000,1.219500,1.219800,D
173749587,EUR/USD,2005-08-02 16:24:02.000,1.219600,1.219900,D
173749811,EUR/USD,2005-08-02 16:31:58.000,1.219500,1.219800,D
173749905,EUR/USD,2005-08-02 16:36:43.000,1.219400,1.219700,D
173749909,EUR/USD,2005-08-02 16:36:51.000,1.219300,1.219600,D
173749918,EUR/USD,2005-08-02 16:36:56.000,1.219400,1.219700,D
173749925,EUR/USD,2005-08-02 16:36:57.000,1.219500,1.219800,D
173749967,EUR/USD,2005-08-02 16:38:07.000,1.219400,1.219700,D
173750112,EUR/USD,2005-08-02 16:43:45.000,1.219300,1.219600,D
173750123,EUR/USD,2005-08-02 16:43:49.000,1.219200,1.219500,D
173750149,EUR/USD,2005-08-02 16:43:56.000,1.219100,1.219400,D
173750178,EUR/USD,2005-08-02 16:44:28.000,1.219200,1.219500,D
173750191,EUR/USD,2005-08-02 16:45:01.000,1.219100,1.219400,D
173750206,EUR/USD,2005-08-02 16:45:17.000,1.219200,1.219500,D
173750258,EUR/USD,2005-08-02 16:46:53.000,1.219100,1.219400,D
173750278,EUR/USD,2005-08-02 16:46:58.000,1.219200,1.219500,D
173750283,EUR/USD,2005-08-02 16:47:03.000,1.219100,1.219400,D
173750319,EUR/USD,2005-08-02 16:47:18.000,1.219200,1.219500,D
173750330,EUR/USD,2005-08-02 16:47:20.000,1.219100,1.219400,D
173750340,EUR/USD,2005-08-02 16:47:26.000,1.219200,1.219500,D
173750349,EUR/USD,2005-08-02 16:47:30.000,1.219100,1.219400,D
173750380,EUR/USD,2005-08-02 16:47:53.000,1.219200,1.219500,D
173750384,EUR/USD,2005-08-02 16:47:53.000,1.219100,1.219400,D
173750396,EUR/USD,2005-08-02 16:48:22.000,1.219200,1.219500,D
173750410,EUR/USD,2005-08-02 16:48:26.000,1.219100,1.219400,D
173750450,EUR/USD,2005-08-02 16:49:26.000,1.219200,1.219500,D
173750453,EUR/USD,2005-08-02 16:49:26.000,1.219100,1.219400,D
173750470,EUR/USD,2005-08-02 16:50:03.000,1.219200,1.219500,D
173750484,EUR/USD,2005-08-02 16:50:17.000,1.219100,1.219400,D
173750513,EUR/USD,2005-08-02 16:51:04.000,1.219200,1.219500,D
173750551,EUR/USD,2005-08-02 16:51:42.000,1.219300,1.219600,D
173750563,EUR/USD,2005-08-02 16:51:55.000,1.219200,1.219500,D
173750580,EUR/USD,2005-08-02 16:52:42.000,1.219100,1.219400,D
173750581,EUR/USD,2005-08-02 16:52:43.000,1.219200,1.219500,D
173750592,EUR/USD,2005-08-02 16:52:45.000,1.219100,1.219400,D
173750614,EUR/USD,2005-08-02 16:53:20.000,1.219200,1.219500,D
173750656,EUR/USD,2005-08-02 16:56:00.000,1.219100,1.219400,D
173750667,EUR/USD,2005-08-02 16:56:13.000,1.219200,1.219500,D
173750677,EUR/USD,2005-08-02 16:56:37.000,1.219100,1.219400,D
173750684,EUR/USD,2005-08-02 16:56:46.000,1.219200,1.219500,D
173750692,EUR/USD,2005-08-02 16:57:04.000,1.219100,1.219400,D
173750708,EUR/USD,2005-08-02 16:57:33.000,1.219200,1.219500,D
173750709,EUR/USD,2005-08-02 16:57:33.000,1.219100,1.219400,D
173751691,EUR/USD,2005-08-02 17:13:28.000,1.219900,1.220200,D
173751769,EUR/USD,2005-08-02 17:15:23.000,1.219800,1.220100,D
173751780,EUR/USD,2005-08-02 17:15:45.000,1.219900,1.220200,D
173751847,EUR/USD,2005-08-02 17:17:52.000,1.219800,1.220100,D
173751937,EUR/USD,2005-08-02 17:21:44.000,1.219700,1.220000,D
173751954,EUR/USD,2005-08-02 17:22:02.000,1.219800,1.220100,D
173751974,EUR/USD,2005-08-02 17:22:27.000,1.219700,1.220000,D
173751981,EUR/USD,2005-08-02 17:22:29.000,1.219600,1.219900,D
173751988,EUR/USD,2005-08-02 17:22:31.000,1.219700,1.220000,D
173751997,EUR/USD,2005-08-02 17:22:57.000,1.219800,1.220100,D
173752020,EUR/USD,2005-08-02 17:23:30.000,1.219700,1.220000,D
173752021,EUR/USD,2005-08-02 17:23:32.000,1.219800,1.220100,D
173752032,EUR/USD,2005-08-02 17:23:46.000,1.219900,1.220200,D
173752042,EUR/USD,2005-08-02 17:23:52.000,1.219800,1.220100,D
173752049,EUR/USD,2005-08-02 17:23:57.000,1.219700,1.220000,D
173752054,EUR/USD,2005-08-02 17:24:19.000,1.219800,1.220100,D
173752081,EUR/USD,2005-08-02 17:25:00.000,1.219700,1.220000,D
173752112,EUR/USD,2005-08-02 17:25:37.000,1.219600,1.219900,D
173752116,EUR/USD,2005-08-02 17:25:42.000,1.219700,1.220000,D
173752156,EUR/USD,2005-08-02 17:28:44.000,1.219600,1.219900,D
173752162,EUR/USD,2005-08-02 17:28:45.000,1.219700,1.220000,D
173752226,EUR/USD,2005-08-02 17:31:12.000,1.219600,1.219900,D
173752238,EUR/USD,2005-08-02 17:31:50.000,1.219500,1.219800,D
173752243,EUR/USD,2005-08-02 17:31:56.000,1.219600,1.219900,D
173752252,EUR/USD,2005-08-02 17:32:14.000,1.219500,1.219800,D
173752262,EUR/USD,2005-08-02 17:32:25.000,1.219400,1.219700,D
173752283,EUR/USD,2005-08-02 17:32:50.000,1.219300,1.219600,D
173752288,EUR/USD,2005-08-02 17:32:50.000,1.219400,1.219700,D
173752329,EUR/USD,2005-08-02 17:33:44.000,1.219300,1.219600,D
173752334,EUR/USD,2005-08-02 17:33:45.000,1.219400,1.219700,D
173752340,EUR/USD,2005-08-02 17:33:55.000,1.219500,1.219800,D
173752365,EUR/USD,2005-08-02 17:34:09.000,1.219400,1.219700,D
173752494,EUR/USD,2005-08-02 17:37:18.000,1.219500,1.219800,D
173752519,EUR/USD,2005-08-02 17:38:05.000,1.219400,1.219700,D
173752538,EUR/USD,2005-08-02 17:38:24.000,1.219500,1.219800,D
173752556,EUR/USD,2005-08-02 17:38:41.000,1.219400,1.219700,D
173752560,EUR/USD,2005-08-02 17:38:41.000,1.219300,1.219600,D
173752580,EUR/USD,2005-08-02 17:38:49.000,1.219400,1.219700,D
173752626,EUR/USD,2005-08-02 17:39:23.000,1.219300,1.219600,D
173752744,EUR/USD,2005-08-02 17:43:37.000,1.219400,1.219700,D
173752765,EUR/USD,2005-08-02 17:44:11.000,1.219300,1.219600,D
173752767,EUR/USD,2005-08-02 17:44:12.000,1.219400,1.219700,D
173752781,EUR/USD,2005-08-02 17:45:33.000,1.219300,1.219600,D
173752808,EUR/USD,2005-08-02 17:47:30.000,1.219400,1.219700,D
173752829,EUR/USD,2005-08-02 17:47:32.000,1.219300,1.219600,D
173752836,EUR/USD,2005-08-02 17:47:50.000,1.219400,1.219700,D
173752839,EUR/USD,2005-08-02 17:47:51.000,1.219300,1.219600,D
173752848,EUR/USD,2005-08-02 17:48:21.000,1.219200,1.219500,D
173752852,EUR/USD,2005-08-02 17:48:27.000,1.219300,1.219600,D
173752946,EUR/USD,2005-08-02 17:52:55.000,1.219200,1.219500,D
173752961,EUR/USD,2005-08-02 17:53:18.000,1.219300,1.219600,D
173753004,EUR/USD,2005-08-02 17:55:20.000,1.219400,1.219700,D
173753028,EUR/USD,2005-08-02 17:56:45.000,1.219300,1.219600,D
173753033,EUR/USD,2005-08-02 17:56:48.000,1.219400,1.219700,D
173753042,EUR/USD,2005-08-02 17:57:07.000,1.219500,1.219800,D
173753043,EUR/USD,2005-08-02 17:57:18.000,1.219400,1.219700,D
173753052,EUR/USD,2005-08-02 17:57:19.000,1.219500,1.219800,D
173753105,EUR/USD,2005-08-02 18:00:09.000,1.219400,1.219700,D
173753113,EUR/USD,2005-08-02 18:00:13.000,1.219500,1.219800,D
173753121,EUR/USD,2005-08-02 18:00:20.000,1.219400,1.219700,D
173753133,EUR/USD,2005-08-02 18:00:47.000,1.219500,1.219800,D
173753140,EUR/USD,2005-08-02 18:00:56.000,1.219400,1.219700,D
173753206,EUR/USD,2005-08-02 18:02:19.000,1.219500,1.219800,D
173753274,EUR/USD,2005-08-02 18:04:38.000,1.219400,1.219700,D
173753277,EUR/USD,2005-08-02 18:04:38.000,1.219300,1.219600,D
173753307,EUR/USD,2005-08-02 18:05:03.000,1.219400,1.219700,D
173753337,EUR/USD,2005-08-02 18:06:13.000,1.219500,1.219800,D
173753347,EUR/USD,2005-08-02 18:06:16.000,1.219400,1.219700,D
173753359,EUR/USD,2005-08-02 18:06:44.000,1.219500,1.219800,D
173753401,EUR/USD,2005-08-02 18:07:19.000,1.219600,1.219900,D
173753406,EUR/USD,2005-08-02 18:07:22.000,1.219500,1.219800,D
173753446,EUR/USD,2005-08-02 18:08:14.000,1.219400,1.219700,D
173753585,EUR/USD,2005-08-02 18:11:09.000,1.219500,1.219800,D
173753635,EUR/USD,2005-08-02 18:12:00.000,1.219400,1.219700,D
173753656,EUR/USD,2005-08-02 18:12:20.000,1.219300,1.219600,D
173753679,EUR/USD,2005-08-02 18:13:02.000,1.219200,1.219500,D
173753686,EUR/USD,2005-08-02 18:13:11.000,1.219100,1.219400,D
173753769,EUR/USD,2005-08-02 18:14:07.000,1.219000,1.219300,D
173753791,EUR/USD,2005-08-02 18:14:12.000,1.218900,1.219200,D
173753811,EUR/USD,2005-08-02 18:14:16.000,1.219000,1.219300,D
173753828,EUR/USD,2005-08-02 18:14:22.000,1.218900,1.219200,D
173753848,EUR/USD,2005-08-02 18:14:35.000,1.219000,1.219300,D
173753863,EUR/USD,2005-08-02 18:14:44.000,1.218900,1.219200,D
173753904,EUR/USD,2005-08-02 18:15:12.000,1.218800,1.219100,D
173753908,EUR/USD,2005-08-02 18:15:16.000,1.218900,1.219200,D
173753923,EUR/USD,2005-08-02 18:15:25.000,1.218800,1.219100,D
173753939,EUR/USD,2005-08-02 18:15:41.000,1.218700,1.219000,D
173753948,EUR/USD,2005-08-02 18:15:47.000,1.218800,1.219100,D
173753950,EUR/USD,2005-08-02 18:15:50.000,1.218700,1.219000,D
173753992,EUR/USD,2005-08-02 18:16:49.000,1.218800,1.219100,D
173754015,EUR/USD,2005-08-02 18:17:15.000,1.218900,1.219200,D
173754017,EUR/USD,2005-08-02 18:17:23.000,1.218800,1.219100,D
173754028,EUR/USD,2005-08-02 18:17:40.000,1.218900,1.219200,D
173754058,EUR/USD,2005-08-02 18:18:16.000,1.218800,1.219100,D
173754082,EUR/USD,2005-08-02 18:19:18.000,1.218900,1.219200,D
173754098,EUR/USD,2005-08-02 18:20:10.000,1.218800,1.219100,D
173754105,EUR/USD,2005-08-02 18:20:19.000,1.218900,1.219200,D
173754125,EUR/USD,2005-08-02 18:21:04.000,1.219000,1.219300,D
173754133,EUR/USD,2005-08-02 18:21:05.000,1.218900,1.219200,D
173754138,EUR/USD,2005-08-02 18:21:10.000,1.219000,1.219300,D
173754141,EUR/USD,2005-08-02 18:21:11.000,1.219100,1.219400,D
173754148,EUR/USD,2005-08-02 18:21:17.000,1.219000,1.219300,D
173754242,EUR/USD,2005-08-02 18:25:05.000,1.219100,1.219400,D
173754256,EUR/USD,2005-08-02 18:26:11.000,1.219200,1.219500,D
173754260,EUR/USD,2005-08-02 18:26:15.000,1.219100,1.219400,D
173754282,EUR/USD,2005-08-02 18:26:34.000,1.219000,1.219300,D
173754293,EUR/USD,2005-08-02 18:27:54.000,1.219100,1.219400,D
173754296,EUR/USD,2005-08-02 18:27:55.000,1.219000,1.219300,D
173754335,EUR/USD,2005-08-02 18:30:35.000,1.219100,1.219400,D
173754340,EUR/USD,2005-08-02 18:31:15.000,1.219000,1.219300,D
173754367,EUR/USD,2005-08-02 18:31:58.000,1.218900,1.219200,D
173754380,EUR/USD,2005-08-02 18:32:11.000,1.218800,1.219100,D
173754393,EUR/USD,2005-08-02 18:32:13.000,1.218900,1.219200,D
173754394,EUR/USD,2005-08-02 18:32:13.000,1.218800,1.219100,D
173754411,EUR/USD,2005-08-02 18:32:20.000,1.218900,1.219200,D
173754414,EUR/USD,2005-08-02 18:32:21.000,1.218800,1.219100,D
173754440,EUR/USD,2005-08-02 18:33:22.000,1.218700,1.219000,D
173754445,EUR/USD,2005-08-02 18:33:30.000,1.218800,1.219100,D
173754466,EUR/USD,2005-08-02 18:33:57.000,1.218700,1.219000,D
173754477,EUR/USD,2005-08-02 18:34:45.000,1.218800,1.219100,D
173754482,EUR/USD,2005-08-02 18:34:47.000,1.218700,1.219000,D
173754508,EUR/USD,2005-08-02 18:35:14.000,1.218800,1.219100,D
173754515,EUR/USD,2005-08-02 18:35:15.000,1.218900,1.219200,D
173754517,EUR/USD,2005-08-02 18:35:19.000,1.218800,1.219100,D
173754534,EUR/USD,2005-08-02 18:35:39.000,1.218700,1.219000,D
173754552,EUR/USD,2005-08-02 18:36:19.000,1.218800,1.219100,D
173754556,EUR/USD,2005-08-02 18:36:22.000,1.218700,1.219000,D
173754562,EUR/USD,2005-08-02 18:36:28.000,1.218800,1.219100,D
173754567,EUR/USD,2005-08-02 18:36:35.000,1.218700,1.219000,D
173754573,EUR/USD,2005-08-02 18:36:40.000,1.218800,1.219100,D
173754597,EUR/USD,2005-08-02 18:37:23.000,1.218900,1.219200,D
173754626,EUR/USD,2005-08-02 18:38:51.000,1.219000,1.219300,D
173754633,EUR/USD,2005-08-02 18:38:59.000,1.218900,1.219200,D
173754656,EUR/USD,2005-08-02 18:41:12.000,1.219000,1.219300,D
173754659,EUR/USD,2005-08-02 18:41:22.000,1.218900,1.219200,D
173754666,EUR/USD,2005-08-02 18:41:39.000,1.219000,1.219300,D
173754691,EUR/USD,2005-08-02 18:42:05.000,1.218900,1.219200,D
173754783,EUR/USD,2005-08-02 18:47:17.000,1.219000,1.219300,D
173754819,EUR/USD,2005-08-02 18:48:23.000,1.219100,1.219400,D
173754825,EUR/USD,2005-08-02 18:49:10.000,1.219000,1.219300,D
173754870,EUR/USD,2005-08-02 18:51:07.000,1.219100,1.219400,D
173754873,EUR/USD,2005-08-02 18:51:14.000,1.219000,1.219300,D
173754876,EUR/USD,2005-08-02 18:51:18.000,1.219100,1.219400,D
173754921,EUR/USD,2005-08-02 18:52:45.000,1.219200,1.219500,D
173754927,EUR/USD,2005-08-02 18:52:45.000,1.219300,1.219600,D
173754937,EUR/USD,2005-08-02 18:52:52.000,1.219200,1.219500,D
173754942,EUR/USD,2005-08-02 18:52:56.000,1.219300,1.219600,D
173754971,EUR/USD,2005-08-02 18:53:09.000,1.219200,1.219500,D
173754992,EUR/USD,2005-08-02 18:53:28.000,1.219300,1.219600,D
173755012,EUR/USD,2005-08-02 18:53:33.000,1.219200,1.219500,D
173755032,EUR/USD,2005-08-02 18:53:56.000,1.219300,1.219600,D
173755037,EUR/USD,2005-08-02 18:53:58.000,1.219200,1.219500,D
173755052,EUR/USD,2005-08-02 18:54:02.000,1.219300,1.219600,D
173755057,EUR/USD,2005-08-02 18:54:06.000,1.219200,1.219500,D
173755097,EUR/USD,2005-08-02 18:54:49.000,1.219300,1.219600,D
173755100,EUR/USD,2005-08-02 18:55:09.000,1.219200,1.219500,D
173755104,EUR/USD,2005-08-02 18:55:10.000,1.219300,1.219600,D
173755117,EUR/USD,2005-08-02 18:55:16.000,1.219200,1.219500,D
173755246,EUR/USD,2005-08-02 18:59:37.000,1.219100,1.219400,D
173755256,EUR/USD,2005-08-02 18:59:55.000,1.219000,1.219300,D
173755330,EUR/USD,2005-08-02 19:01:25.000,1.218900,1.219200,D
173755338,EUR/USD,2005-08-02 19:01:36.000,1.218800,1.219100,D
173755344,EUR/USD,2005-08-02 19:01:39.000,1.218900,1.219200,D
173755374,EUR/USD,2005-08-02 19:02:07.000,1.218800,1.219100,D
173755381,EUR/USD,2005-08-02 19:02:14.000,1.218700,1.219000,D
173755398,EUR/USD,2005-08-02 19:02:31.000,1.218800,1.219100,D
173755429,EUR/USD,2005-08-02 19:03:04.000,1.218900,1.219200,D
173755456,EUR/USD,2005-08-02 19:03:42.000,1.218800,1.219100,D
173755508,EUR/USD,2005-08-02 19:04:48.000,1.218700,1.219000,D
173755536,EUR/USD,2005-08-02 19:05:03.000,1.218800,1.219100,D
173755545,EUR/USD,2005-08-02 19:05:05.000,1.218700,1.219000,D
173755551,EUR/USD,2005-08-02 19:05:07.000,1.218800,1.219100,D
173755555,EUR/USD,2005-08-02 19:05:09.000,1.218900,1.219200,D
173755612,EUR/USD,2005-08-02 19:07:02.000,1.218800,1.219100,D
173755637,EUR/USD,2005-08-02 19:07:53.000,1.218900,1.219200,D
173755652,EUR/USD,2005-08-02 19:08:36.000,1.219000,1.219300,D
173755657,EUR/USD,2005-08-02 19:08:41.000,1.218900,1.219200,D
173755661,EUR/USD,2005-08-02 19:08:42.000,1.219000,1.219300,D
173755671,EUR/USD,2005-08-02 19:08:52.000,1.219100,1.219400,D
173755676,EUR/USD,2005-08-02 19:08:53.000,1.219000,1.219300,D
173755689,EUR/USD,2005-08-02 19:08:57.000,1.219100,1.219400,D
173755695,EUR/USD,2005-08-02 19:08:58.000,1.219000,1.219300,D
173755704,EUR/USD,2005-08-02 19:09:02.000,1.219100,1.219400,D
173755708,EUR/USD,2005-08-02 19:09:03.000,1.219000,1.219300,D
173755714,EUR/USD,2005-08-02 19:09:05.000,1.219100,1.219400,D
173755720,EUR/USD,2005-08-02 19:09:08.000,1.219000,1.219300,D
173755765,EUR/USD,2005-08-02 19:11:47.000,1.218900,1.219200,D
173755769,EUR/USD,2005-08-02 19:11:51.000,1.219000,1.219300,D
173755833,EUR/USD,2005-08-02 19:15:14.000,1.218900,1.219200,D
173755838,EUR/USD,2005-08-02 19:15:17.000,1.219000,1.219300,D
173755870,EUR/USD,2005-08-02 19:16:55.000,1.218900,1.219200,D
173755896,EUR/USD,2005-08-02 19:18:00.000,1.218800,1.219100,D
173755909,EUR/USD,2005-08-02 19:18:21.000,1.218700,1.219000,D
173755916,EUR/USD,2005-08-02 19:18:29.000,1.218800,1.219100,D
173755917,EUR/USD,2005-08-02 19:18:29.000,1.218700,1.219000,D
173755926,EUR/USD,2005-08-02 19:18:38.000,1.218800,1.219100,D
173755930,EUR/USD,2005-08-02 19:18:39.000,1.218700,1.219000,D
173755932,EUR/USD,2005-08-02 19:18:40.000,1.218800,1.219100,D
173755933,EUR/USD,2005-08-02 19:18:40.000,1.218700,1.219000,D
173755940,EUR/USD,2005-08-02 19:18:50.000,1.218800,1.219100,D
173755941,EUR/USD,2005-08-02 19:18:50.000,1.218700,1.219000,D
173755960,EUR/USD,2005-08-02 19:19:03.000,1.218800,1.219100,D
173755962,EUR/USD,2005-08-02 19:19:03.000,1.218700,1.219000,D
173755990,EUR/USD,2005-08-02 19:19:28.000,1.218800,1.219100,D
173756026,EUR/USD,2005-08-02 19:19:39.000,1.218700,1.219000,D
173756039,EUR/USD,2005-08-02 19:19:47.000,1.218800,1.219100,D
173756065,EUR/USD,2005-08-02 19:20:12.000,1.218700,1.219000,D
173756074,EUR/USD,2005-08-02 19:20:23.000,1.218800,1.219100,D
173756075,EUR/USD,2005-08-02 19:20:23.000,1.218700,1.219000,D
173756086,EUR/USD,2005-08-02 19:20:47.000,1.218800,1.219100,D
173756089,EUR/USD,2005-08-02 19:20:59.000,1.218700,1.219000,D
173756098,EUR/USD,2005-08-02 19:21:05.000,1.218800,1.219100,D
173756134,EUR/USD,2005-08-02 19:22:10.000,1.218900,1.219200,D
173756136,EUR/USD,2005-08-02 19:22:13.000,1.219000,1.219300,D
173756137,EUR/USD,2005-08-02 19:22:13.000,1.219100,1.219400,D
173756147,EUR/USD,2005-08-02 19:22:14.000,1.219000,1.219300,D
173756150,EUR/USD,2005-08-02 19:22:14.000,1.218900,1.219200,D
173756158,EUR/USD,2005-08-02 19:22:17.000,1.219000,1.219300,D
173756180,EUR/USD,2005-08-02 19:22:25.000,1.218900,1.219200,D
173756184,EUR/USD,2005-08-02 19:22:27.000,1.219000,1.219300,D
173756199,EUR/USD,2005-08-02 19:22:35.000,1.219100,1.219400,D
173756217,EUR/USD,2005-08-02 19:23:00.000,1.219000,1.219300,D
173756233,EUR/USD,2005-08-02 19:24:34.000,1.218900,1.219200,D
173756256,EUR/USD,2005-08-02 19:25:16.000,1.219000,1.219300,D
173756278,EUR/USD,2005-08-02 19:25:36.000,1.218900,1.219200,D
173756293,EUR/USD,2005-08-02 19:25:42.000,1.219000,1.219300,D
173756346,EUR/USD,2005-08-02 19:26:23.000,1.218900,1.219200,D
173756366,EUR/USD,2005-08-02 19:26:39.000,1.219000,1.219300,D
173756373,EUR/USD,2005-08-02 19:26:44.000,1.218900,1.219200,D
173756397,EUR/USD,2005-08-02 19:27:14.000,1.218800,1.219100,D
173756401,EUR/USD,2005-08-02 19:27:16.000,1.218900,1.219200,D
173756450,EUR/USD,2005-08-02 19:27:40.000,1.218800,1.219100,D
173756471,EUR/USD,2005-08-02 19:27:44.000,1.218900,1.219200,D
173756539,EUR/USD,2005-08-02 19:30:26.000,1.218800,1.219100,D
173756543,EUR/USD,2005-08-02 19:30:29.000,1.218900,1.219200,D
173756551,EUR/USD,2005-08-02 19:30:34.000,1.218800,1.219100,D
173756560,EUR/USD,2005-08-02 19:30:39.000,1.218900,1.219200,D
173756565,EUR/USD,2005-08-02 19:30:49.000,1.218800,1.219100,D
173756573,EUR/USD,2005-08-02 19:31:15.000,1.218900,1.219200,D
173756597,EUR/USD,2005-08-02 19:31:43.000,1.219000,1.219300,D
173756600,EUR/USD,2005-08-02 19:31:45.000,1.218900,1.219200,D
173756604,EUR/USD,2005-08-02 19:31:45.000,1.218800,1.219100,D
173756609,EUR/USD,2005-08-02 19:31:48.000,1.218900,1.219200,D
173756621,EUR/USD,2005-08-02 19:31:49.000,1.219000,1.219300,D
173756629,EUR/USD,2005-08-02 19:31:51.000,1.218900,1.219200,D
173756634,EUR/USD,2005-08-02 19:31:52.000,1.218800,1.219100,D
173756643,EUR/USD,2005-08-02 19:32:08.000,1.218900,1.219200,D
173756654,EUR/USD,2005-08-02 19:32:13.000,1.218800,1.219100,D
173756668,EUR/USD,2005-08-02 19:32:16.000,1.218900,1.219200,D
173756674,EUR/USD,2005-08-02 19:32:25.000,1.218800,1.219100,D
173756693,EUR/USD,2005-08-02 19:32:51.000,1.218700,1.219000,D
173756706,EUR/USD,2005-08-02 19:33:08.000,1.218800,1.219100,D
173756724,EUR/USD,2005-08-02 19:33:36.000,1.218700,1.219000,D
173756875,EUR/USD,2005-08-02 19:35:36.000,1.218600,1.218900,D
173756899,EUR/USD,2005-08-02 19:35:44.000,1.218700,1.219000,D
173756904,EUR/USD,2005-08-02 19:35:44.000,1.218600,1.218900,D
173756930,EUR/USD,2005-08-02 19:35:54.000,1.218700,1.219000,D
173756944,EUR/USD,2005-08-02 19:36:27.000,1.218600,1.218900,D
173756988,EUR/USD,2005-08-02 19:36:47.000,1.218700,1.219000,D
173756991,EUR/USD,2005-08-02 19:36:49.000,1.218600,1.218900,D
173757002,EUR/USD,2005-08-02 19:36:52.000,1.218700,1.219000,D
173757011,EUR/USD,2005-08-02 19:36:58.000,1.218800,1.219100,D
173757019,EUR/USD,2005-08-02 19:36:59.000,1.218700,1.219000,D
173757029,EUR/USD,2005-08-02 19:37:04.000,1.218800,1.219100,D
173757052,EUR/USD,2005-08-02 19:37:32.000,1.218700,1.219000,D
173757057,EUR/USD,2005-08-02 19:37:34.000,1.218800,1.219100,D
173757067,EUR/USD,2005-08-02 19:38:00.000,1.218700,1.219000,D
173757094,EUR/USD,2005-08-02 19:38:51.000,1.218800,1.219100,D
173757118,EUR/USD,2005-08-02 19:39:29.000,1.218700,1.219000,D
173757144,EUR/USD,2005-08-02 19:39:48.000,1.218800,1.219100,D
173757152,EUR/USD,2005-08-02 19:39:52.000,1.218700,1.219000,D
173757153,EUR/USD,2005-08-02 19:39:53.000,1.218800,1.219100,D
173757157,EUR/USD,2005-08-02 19:39:57.000,1.218900,1.219200,D
173757168,EUR/USD,2005-08-02 19:41:14.000,1.218800,1.219100,D
173757178,EUR/USD,2005-08-02 19:41:41.000,1.218900,1.219200,D
173757182,EUR/USD,2005-08-02 19:41:50.000,1.218800,1.219100,D
173757185,EUR/USD,2005-08-02 19:41:52.000,1.218900,1.219200,D
173757188,EUR/USD,2005-08-02 19:41:52.000,1.219000,1.219300,D
173757197,EUR/USD,2005-08-02 19:41:56.000,1.218900,1.219200,D
173757217,EUR/USD,2005-08-02 19:42:09.000,1.218800,1.219100,D
173757231,EUR/USD,2005-08-02 19:42:13.000,1.218900,1.219200,D
173757266,EUR/USD,2005-08-02 19:42:54.000,1.219000,1.219300,D
173757273,EUR/USD,2005-08-02 19:43:13.000,1.219100,1.219400,D
173757287,EUR/USD,2005-08-02 19:43:18.000,1.219200,1.219500,D
173757291,EUR/USD,2005-08-02 19:43:20.000,1.219100,1.219400,D
173757320,EUR/USD,2005-08-02 19:43:43.000,1.219200,1.219500,D
173757330,EUR/USD,2005-08-02 19:43:48.000,1.219300,1.219600,D
173757345,EUR/USD,2005-08-02 19:43:52.000,1.219200,1.219500,D
173757355,EUR/USD,2005-08-02 19:43:54.000,1.219300,1.219600,D
173757358,EUR/USD,2005-08-02 19:43:55.000,1.219400,1.219700,D
173757393,EUR/USD,2005-08-02 19:44:14.000,1.219300,1.219600,D
173757400,EUR/USD,2005-08-02 19:44:15.000,1.219200,1.219500,D
173757416,EUR/USD,2005-08-02 19:44:23.000,1.219300,1.219600,D
173757429,EUR/USD,2005-08-02 19:44:37.000,1.219200,1.219500,D
173757443,EUR/USD,2005-08-02 19:44:40.000,1.219300,1.219600,D
173757460,EUR/USD,2005-08-02 19:44:44.000,1.219200,1.219500,D
173757467,EUR/USD,2005-08-02 19:44:47.000,1.219300,1.219600,D
173757477,EUR/USD,2005-08-02 19:44:50.000,1.219200,1.219500,D
173757482,EUR/USD,2005-08-02 19:44:51.000,1.219300,1.219600,D
173757489,EUR/USD,2005-08-02 19:44:51.000,1.219200,1.219500,D
173757502,EUR/USD,2005-08-02 19:44:58.000,1.219100,1.219400,D
173757527,EUR/USD,2005-08-02 19:45:07.000,1.219200,1.219500,D
173757542,EUR/USD,2005-08-02 19:45:12.000,1.219100,1.219400,D
173757550,EUR/USD,2005-08-02 19:45:16.000,1.219000,1.219300,D
173757554,EUR/USD,2005-08-02 19:45:16.000,1.219100,1.219400,D
173757559,EUR/USD,2005-08-02 19:45:17.000,1.219200,1.219500,D
173757571,EUR/USD,2005-08-02 19:45:19.000,1.219100,1.219400,D
173757572,EUR/USD,2005-08-02 19:45:20.000,1.219000,1.219300,D
173757592,EUR/USD,2005-08-02 19:45:35.000,1.219100,1.219400,D
173757599,EUR/USD,2005-08-02 19:45:46.000,1.219000,1.219300,D
173757607,EUR/USD,2005-08-02 19:45:48.000,1.219100,1.219400,D
173757613,EUR/USD,2005-08-02 19:45:49.000,1.219000,1.219300,D
173757627,EUR/USD,2005-08-02 19:46:07.000,1.218900,1.219200,D
173757643,EUR/USD,2005-08-02 19:46:18.000,1.219000,1.219300,D
173757649,EUR/USD,2005-08-02 19:46:19.000,1.219100,1.219400,D
173757655,EUR/USD,2005-08-02 19:46:23.000,1.219000,1.219300,D
173757726,EUR/USD,2005-08-02 19:47:12.000,1.218900,1.219200,D
173757735,EUR/USD,2005-08-02 19:47:16.000,1.219000,1.219300,D
173757768,EUR/USD,2005-08-02 19:47:37.000,1.218900,1.219200,D
173757776,EUR/USD,2005-08-02 19:47:50.000,1.218800,1.219100,D
173757800,EUR/USD,2005-08-02 19:48:18.000,1.218700,1.219000,D
173757810,EUR/USD,2005-08-02 19:48:27.000,1.218800,1.219100,D
173757857,EUR/USD,2005-08-02 19:49:02.000,1.218900,1.219200,D
173757914,EUR/USD,2005-08-02 19:49:56.000,1.218800,1.219100,D
173757949,EUR/USD,2005-08-02 19:50:34.000,1.218700,1.219000,D
173757955,EUR/USD,2005-08-02 19:50:40.000,1.218600,1.218900,D
173757960,EUR/USD,2005-08-02 19:50:41.000,1.218700,1.219000,D
173757973,EUR/USD,2005-08-02 19:50:45.000,1.218600,1.218900,D
173757975,EUR/USD,2005-08-02 19:50:45.000,1.218500,1.218800,D
173757988,EUR/USD,2005-08-02 19:51:02.000,1.218400,1.218700,D
173757991,EUR/USD,2005-08-02 19:51:04.000,1.218500,1.218800,D
173757996,EUR/USD,2005-08-02 19:51:08.000,1.218600,1.218900,D
173758028,EUR/USD,2005-08-02 19:51:32.000,1.218700,1.219000,D
173758048,EUR/USD,2005-08-02 19:51:38.000,1.218800,1.219100,D
173758060,EUR/USD,2005-08-02 19:51:47.000,1.218700,1.219000,D
173758071,EUR/USD,2005-08-02 19:52:11.000,1.218800,1.219100,D
173758077,EUR/USD,2005-08-02 19:52:12.000,1.218700,1.219000,D
173758080,EUR/USD,2005-08-02 19:52:14.000,1.218800,1.219100,D
173758082,EUR/USD,2005-08-02 19:52:14.000,1.218900,1.219200,D
173758085,EUR/USD,2005-08-02 19:52:24.000,1.219000,1.219300,D
173758104,EUR/USD,2005-08-02 19:52:33.000,1.219100,1.219400,D
173758158,EUR/USD,2005-08-02 19:53:56.000,1.219200,1.219500,D
173758171,EUR/USD,2005-08-02 19:54:06.000,1.219100,1.219400,D
173758176,EUR/USD,2005-08-02 19:54:08.000,1.219200,1.219500,D
173758207,EUR/USD,2005-08-02 19:54:34.000,1.219100,1.219400,D
173758215,EUR/USD,2005-08-02 19:54:37.000,1.219200,1.219500,D
173758276,EUR/USD,2005-08-02 19:55:16.000,1.219300,1.219600,D
173758299,EUR/USD,2005-08-02 19:55:29.000,1.219400,1.219700,D
173758375,EUR/USD,2005-08-02 19:55:57.000,1.219300,1.219600,D
173758381,EUR/USD,2005-08-02 19:55:58.000,1.219400,1.219700,D
173758387,EUR/USD,2005-08-02 19:55:59.000,1.219300,1.219600,D
173758397,EUR/USD,2005-08-02 19:56:00.000,1.219400,1.219700,D
173758431,EUR/USD,2005-08-02 19:56:12.000,1.219500,1.219800,D
173758441,EUR/USD,2005-08-02 19:56:15.000,1.219400,1.219700,D
173758475,EUR/USD,2005-08-02 19:56:21.000,1.219300,1.219600,D
173758485,EUR/USD,2005-08-02 19:56:28.000,1.219400,1.219700,D
173758620,EUR/USD,2005-08-02 19:57:36.000,1.219300,1.219600,D
173758631,EUR/USD,2005-08-02 19:57:43.000,1.219200,1.219500,D
173758635,EUR/USD,2005-08-02 19:57:44.000,1.219300,1.219600,D
173758643,EUR/USD,2005-08-02 19:57:48.000,1.219200,1.219500,D
173758761,EUR/USD,2005-08-02 19:59:11.000,1.219100,1.219400,D
173758789,EUR/USD,2005-08-02 19:59:17.000,1.219200,1.219500,D
173758800,EUR/USD,2005-08-02 19:59:19.000,1.219100,1.219400,D
173758802,EUR/USD,2005-08-02 19:59:24.000,1.219200,1.219500,D
173758822,EUR/USD,2005-08-02 19:59:30.000,1.219300,1.219600,D
173758831,EUR/USD,2005-08-02 19:59:30.000,1.219400,1.219700,D
173758852,EUR/USD,2005-08-02 19:59:35.000,1.219300,1.219600,D
173758881,EUR/USD,2005-08-02 20:00:04.000,1.219400,1.219700,D
173758885,EUR/USD,2005-08-02 20:00:08.000,1.219300,1.219600,D
173758916,EUR/USD,2005-08-02 20:00:38.000,1.219400,1.219700,D
173758925,EUR/USD,2005-08-02 20:00:45.000,1.219500,1.219800,D
173758954,EUR/USD,2005-08-02 20:00:57.000,1.219400,1.219700,D
173759060,EUR/USD,2005-08-02 20:01:46.000,1.219500,1.219800,D
173759070,EUR/USD,2005-08-02 20:01:48.000,1.219400,1.219700,D
173759086,EUR/USD,2005-08-02 20:01:55.000,1.219500,1.219800,D
173759116,EUR/USD,2005-08-02 20:02:06.000,1.219400,1.219700,D
173759127,EUR/USD,2005-08-02 20:02:10.000,1.219300,1.219600,D
173759135,EUR/USD,2005-08-02 20:02:13.000,1.219400,1.219700,D
173759156,EUR/USD,2005-08-02 20:02:21.000,1.219300,1.219600,D
173759166,EUR/USD,2005-08-02 20:02:23.000,1.219400,1.219700,D
173759177,EUR/USD,2005-08-02 20:02:25.000,1.219300,1.219600,D
173759185,EUR/USD,2005-08-02 20:02:26.000,1.219400,1.219700,D
173759195,EUR/USD,2005-08-02 20:02:27.000,1.219500,1.219800,D
173759243,EUR/USD,2005-08-02 20:02:53.000,1.219400,1.219700,D
173759273,EUR/USD,2005-08-02 20:03:10.000,1.219300,1.219600,D
173759286,EUR/USD,2005-08-02 20:03:14.000,1.219200,1.219500,D
173759308,EUR/USD,2005-08-02 20:03:21.000,1.219300,1.219600,D
173759357,EUR/USD,2005-08-02 20:03:56.000,1.219200,1.219500,D
173759381,EUR/USD,2005-08-02 20:04:17.000,1.219300,1.219600,D
173759390,EUR/USD,2005-08-02 20:04:21.000,1.219200,1.219500,D
173759406,EUR/USD,2005-08-02 20:04:24.000,1.219300,1.219600,D
173759410,EUR/USD,2005-08-02 20:04:27.000,1.219200,1.219500,D
173759440,EUR/USD,2005-08-02 20:04:48.000,1.219100,1.219400,D
173759454,EUR/USD,2005-08-02 20:04:55.000,1.219200,1.219500,D
173759465,EUR/USD,2005-08-02 20:05:07.000,1.219100,1.219400,D
173759482,EUR/USD,2005-08-02 20:05:14.000,1.219000,1.219300,D
173759507,EUR/USD,2005-08-02 20:05:20.000,1.219100,1.219400,D
173759541,EUR/USD,2005-08-02 20:05:43.000,1.219200,1.219500,D
173759619,EUR/USD,2005-08-02 20:06:09.000,1.219300,1.219600,D
173759624,EUR/USD,2005-08-02 20:06:12.000,1.219200,1.219500,D
173759644,EUR/USD,2005-08-02 20:06:17.000,1.219300,1.219600,D
173759651,EUR/USD,2005-08-02 20:06:22.000,1.219200,1.219500,D
173759663,EUR/USD,2005-08-02 20:06:27.000,1.219100,1.219400,D
173759673,EUR/USD,2005-08-02 20:06:39.000,1.219200,1.219500,D
173759710,EUR/USD,2005-08-02 20:07:27.000,1.219300,1.219600,D
173759798,EUR/USD,2005-08-02 20:08:15.000,1.219200,1.219500,D
173759842,EUR/USD,2005-08-02 20:08:48.000,1.219300,1.219600,D
173759900,EUR/USD,2005-08-02 20:09:23.000,1.219200,1.219500,D
173759905,EUR/USD,2005-08-02 20:09:25.000,1.219300,1.219600,D
173759910,EUR/USD,2005-08-02 20:09:26.000,1.219200,1.219500,D
173760023,EUR/USD,2005-08-02 20:11:20.000,1.219100,1.219400,D
173760037,EUR/USD,2005-08-02 20:11:24.000,1.219200,1.219500,D
173760070,EUR/USD,2005-08-02 20:11:44.000,1.219300,1.219600,D
173760078,EUR/USD,2005-08-02 20:11:48.000,1.219400,1.219700,D
173760080,EUR/USD,2005-08-02 20:11:48.000,1.219300,1.219600,D
173760091,EUR/USD,2005-08-02 20:11:51.000,1.219400,1.219700,D
173760092,EUR/USD,2005-08-02 20:11:52.000,1.219300,1.219600,D
173760119,EUR/USD,2005-08-02 20:12:08.000,1.219400,1.219700,D
173760124,EUR/USD,2005-08-02 20:12:09.000,1.219500,1.219800,D
173760126,EUR/USD,2005-08-02 20:12:10.000,1.219400,1.219700,D
173760203,EUR/USD,2005-08-02 20:14:06.000,1.219300,1.219600,D
173760214,EUR/USD,2005-08-02 20:14:13.000,1.219200,1.219500,D
173760257,EUR/USD,2005-08-02 20:14:51.000,1.219300,1.219600,D
173760265,EUR/USD,2005-08-02 20:15:00.000,1.219200,1.219500,D
173760276,EUR/USD,2005-08-02 20:15:08.000,1.219300,1.219600,D
173760312,EUR/USD,2005-08-02 20:15:32.000,1.219400,1.219700,D
173760314,EUR/USD,2005-08-02 20:15:33.000,1.219300,1.219600,D
173760324,EUR/USD,2005-08-02 20:15:33.000,1.219200,1.219500,D
173760343,EUR/USD,2005-08-02 20:15:49.000,1.219100,1.219400,D
173760378,EUR/USD,2005-08-02 20:16:03.000,1.219000,1.219300,D
173760394,EUR/USD,2005-08-02 20:16:14.000,1.218900,1.219200,D
173760412,EUR/USD,2005-08-02 20:16:18.000,1.218800,1.219100,D
173760415,EUR/USD,2005-08-02 20:16:19.000,1.218900,1.219200,D
173760455,EUR/USD,2005-08-02 20:16:25.000,1.219000,1.219300,D
173760482,EUR/USD,2005-08-02 20:16:31.000,1.218900,1.219200,D
173760535,EUR/USD,2005-08-02 20:16:47.000,1.218800,1.219100,D
173760665,EUR/USD,2005-08-02 20:17:19.000,1.218900,1.219200,D
173760672,EUR/USD,2005-08-02 20:17:20.000,1.218800,1.219100,D
173760676,EUR/USD,2005-08-02 20:17:21.000,1.218900,1.219200,D
173760748,EUR/USD,2005-08-02 20:17:56.000,1.219000,1.219300,D
173760782,EUR/USD,2005-08-02 20:18:23.000,1.219100,1.219400,D
173760812,EUR/USD,2005-08-02 20:18:35.000,1.219200,1.219500,D
173760816,EUR/USD,2005-08-02 20:18:36.000,1.219100,1.219400,D
173760834,EUR/USD,2005-08-02 20:18:43.000,1.219000,1.219300,D
173760870,EUR/USD,2005-08-02 20:19:11.000,1.219100,1.219400,D
173760888,EUR/USD,2005-08-02 20:19:36.000,1.219000,1.219300,D
173760890,EUR/USD,2005-08-02 20:19:38.000,1.219100,1.219400,D
173760963,EUR/USD,2005-08-02 20:20:52.000,1.219000,1.219300,D
173760973,EUR/USD,2005-08-02 20:20:54.000,1.219100,1.219400,D
173760976,EUR/USD,2005-08-02 20:20:56.000,1.219000,1.219300,D
173760991,EUR/USD,2005-08-02 20:21:01.000,1.218900,1.219200,D
173761003,EUR/USD,2005-08-02 20:21:03.000,1.219000,1.219300,D
173761020,EUR/USD,2005-08-02 20:21:14.000,1.218900,1.219200,D
173761025,EUR/USD,2005-08-02 20:21:15.000,1.219000,1.219300,D
173761113,EUR/USD,2005-08-02 20:21:59.000,1.219100,1.219400,D
173761156,EUR/USD,2005-08-02 20:22:15.000,1.219000,1.219300,D
173761168,EUR/USD,2005-08-02 20:22:19.000,1.219100,1.219400,D
173761197,EUR/USD,2005-08-02 20:22:42.000,1.219000,1.219300,D
173761201,EUR/USD,2005-08-02 20:22:43.000,1.219100,1.219400,D
173761207,EUR/USD,2005-08-02 20:22:45.000,1.219000,1.219300,D
173761216,EUR/USD,2005-08-02 20:22:49.000,1.219100,1.219400,D
173761219,EUR/USD,2005-08-02 20:22:49.000,1.219000,1.219300,D
173761236,EUR/USD,2005-08-02 20:22:57.000,1.219100,1.219400,D
173761248,EUR/USD,2005-08-02 20:23:00.000,1.219000,1.219300,D
173761257,EUR/USD,2005-08-02 20:23:01.000,1.219100,1.219400,D
173761262,EUR/USD,2005-08-02 20:23:02.000,1.219000,1.219300,D
173761283,EUR/USD,2005-08-02 20:23:13.000,1.219100,1.219400,D
173761295,EUR/USD,2005-08-02 20:23:19.000,1.219000,1.219300,D
173761298,EUR/USD,2005-08-02 20:23:22.000,1.219100,1.219400,D
173761303,EUR/USD,2005-08-02 20:23:27.000,1.219000,1.219300,D
173761312,EUR/USD,2005-08-02 20:23:30.000,1.219100,1.219400,D
173761323,EUR/USD,2005-08-02 20:23:35.000,1.219000,1.219300,D
173761332,EUR/USD,2005-08-02 20:23:38.000,1.219100,1.219400,D
173761342,EUR/USD,2005-08-02 20:23:43.000,1.219000,1.219300,D
173761390,EUR/USD,2005-08-02 20:24:47.000,1.219100,1.219400,D
173761410,EUR/USD,2005-08-02 20:24:52.000,1.219000,1.219300,D
173761444,EUR/USD,2005-08-02 20:25:16.000,1.219100,1.219400,D
173761453,EUR/USD,2005-08-02 20:25:21.000,1.219000,1.219300,D
173761526,EUR/USD,2005-08-02 20:26:31.000,1.219100,1.219400,D
173761550,EUR/USD,2005-08-02 20:26:45.000,1.219000,1.219300,D
173761598,EUR/USD,2005-08-02 20:27:24.000,1.218900,1.219200,D
173761605,EUR/USD,2005-08-02 20:27:29.000,1.219000,1.219300,D
173761645,EUR/USD,2005-08-02 20:28:00.000,1.218900,1.219200,D
173761698,EUR/USD,2005-08-02 20:29:04.000,1.218800,1.219100,D
173761760,EUR/USD,2005-08-02 20:29:49.000,1.218700,1.219000,D
173761781,EUR/USD,2005-08-02 20:29:56.000,1.218600,1.218900,D
173761799,EUR/USD,2005-08-02 20:30:00.000,1.218500,1.218800,D
173761820,EUR/USD,2005-08-02 20:30:06.000,1.218400,1.218700,D
173761826,EUR/USD,2005-08-02 20:30:08.000,1.218500,1.218800,D
173761832,EUR/USD,2005-08-02 20:30:09.000,1.218400,1.218700,D
173761850,EUR/USD,2005-08-02 20:30:26.000,1.218300,1.218600,D
173761885,EUR/USD,2005-08-02 20:30:33.000,1.218200,1.218500,D
173761895,EUR/USD,2005-08-02 20:30:34.000,1.218300,1.218600,D
173761912,EUR/USD,2005-08-02 20:30:43.000,1.218200,1.218500,D
173761926,EUR/USD,2005-08-02 20:30:44.000,1.218300,1.218600,D
173761951,EUR/USD,2005-08-02 20:30:47.000,1.218200,1.218500,D
173761959,EUR/USD,2005-08-02 20:30:48.000,1.218300,1.218600,D
173761971,EUR/USD,2005-08-02 20:30:57.000,1.218200,1.218500,D
173761975,EUR/USD,2005-08-02 20:30:58.000,1.218300,1.218600,D
173762023,EUR/USD,2005-08-02 20:31:13.000,1.218200,1.218500,D
173762025,EUR/USD,2005-08-02 20:31:15.000,1.218300,1.218600,D
173762044,EUR/USD,2005-08-02 20:31:18.000,1.218200,1.218500,D
173762061,EUR/USD,2005-08-02 20:31:23.000,1.218300,1.218600,D
173762108,EUR/USD,2005-08-02 20:31:48.000,1.218200,1.218500,D
173762139,EUR/USD,2005-08-02 20:31:57.000,1.218100,1.218400,D
173762168,EUR/USD,2005-08-02 20:32:06.000,1.218000,1.218300,D
173762183,EUR/USD,2005-08-02 20:32:07.000,1.217900,1.218200,D
173762193,EUR/USD,2005-08-02 20:32:09.000,1.217800,1.218100,D
173762198,EUR/USD,2005-08-02 20:32:11.000,1.217900,1.218200,D
173762212,EUR/USD,2005-08-02 20:32:13.000,1.217800,1.218100,D
173762216,EUR/USD,2005-08-02 20:32:13.000,1.217900,1.218200,D
173762243,EUR/USD,2005-08-02 20:32:24.000,1.218000,1.218300,D
173762264,EUR/USD,2005-08-02 20:32:27.000,1.217900,1.218200,D
173762270,EUR/USD,2005-08-02 20:32:28.000,1.218000,1.218300,D
173762273,EUR/USD,2005-08-02 20:32:28.000,1.218100,1.218400,D
173762317,EUR/USD,2005-08-02 20:32:38.000,1.217900,1.218200,D
173762352,EUR/USD,2005-08-02 20:32:49.000,1.218000,1.218300,D
173762358,EUR/USD,2005-08-02 20:32:50.000,1.218100,1.218400,D
173762359,EUR/USD,2005-08-02 20:32:52.000,1.218000,1.218300,D
173762386,EUR/USD,2005-08-02 20:32:57.000,1.217900,1.218200,D
173762393,EUR/USD,2005-08-02 20:32:59.000,1.218000,1.218300,D
173762394,EUR/USD,2005-08-02 20:33:00.000,1.217900,1.218200,D
173762399,EUR/USD,2005-08-02 20:33:02.000,1.218000,1.218300,D
173762438,EUR/USD,2005-08-02 20:33:14.000,1.217900,1.218200,D
173762446,EUR/USD,2005-08-02 20:33:23.000,1.218000,1.218300,D
173762463,EUR/USD,2005-08-02 20:33:29.000,1.217900,1.218200,D
173762467,EUR/USD,2005-08-02 20:33:32.000,1.218000,1.218300,D
173762472,EUR/USD,2005-08-02 20:33:33.000,1.217900,1.218200,D
173762509,EUR/USD,2005-08-02 20:33:43.000,1.217800,1.218100,D
173762510,EUR/USD,2005-08-02 20:33:43.000,1.217700,1.218000,D
173762511,EUR/USD,2005-08-02 20:33:45.000,1.217800,1.218100,D
173762521,EUR/USD,2005-08-02 20:33:48.000,1.217700,1.218000,D
173762532,EUR/USD,2005-08-02 20:33:51.000,1.217600,1.217900,D
173762542,EUR/USD,2005-08-02 20:33:55.000,1.217500,1.217800,D
173762622,EUR/USD,2005-08-02 20:34:07.000,1.217600,1.217900,D
173762632,EUR/USD,2005-08-02 20:34:10.000,1.217700,1.218000,D
173762641,EUR/USD,2005-08-02 20:34:11.000,1.217800,1.218100,D
173762786,EUR/USD,2005-08-02 20:34:52.000,1.217700,1.218000,D
173762799,EUR/USD,2005-08-02 20:34:56.000,1.217800,1.218100,D
173762827,EUR/USD,2005-08-02 20:35:06.000,1.217900,1.218200,D
173762891,EUR/USD,2005-08-02 20:35:24.000,1.217800,1.218100,D
173762925,EUR/USD,2005-08-02 20:35:34.000,1.217900,1.218200,D
173762941,EUR/USD,2005-08-02 20:35:37.000,1.217800,1.218100,D
173762945,EUR/USD,2005-08-02 20:35:37.000,1.217900,1.218200,D
173762948,EUR/USD,2005-08-02 20:35:37.000,1.217800,1.218100,D
173762989,EUR/USD,2005-08-02 20:35:51.000,1.217900,1.218200,D
173763006,EUR/USD,2005-08-02 20:35:57.000,1.217800,1.218100,D
173763010,EUR/USD,2005-08-02 20:35:58.000,1.217900,1.218200,D
173763043,EUR/USD,2005-08-02 20:36:10.000,1.217800,1.218100,D
173763065,EUR/USD,2005-08-02 20:36:18.000,1.217900,1.218200,D
173763070,EUR/USD,2005-08-02 20:36:19.000,1.217800,1.218100,D
173763098,EUR/USD,2005-08-02 20:36:56.000,1.217900,1.218200,D
173763100,EUR/USD,2005-08-02 20:36:56.000,1.217800,1.218100,D
173763174,EUR/USD,2005-08-02 20:38:15.000,1.217700,1.218000,D
173763246,EUR/USD,2005-08-02 20:39:07.000,1.217800,1.218100,D
173763378,EUR/USD,2005-08-02 20:40:36.000,1.217700,1.218000,D
173763382,EUR/USD,2005-08-02 20:40:39.000,1.217800,1.218100,D
173763404,EUR/USD,2005-08-02 20:40:52.000,1.217700,1.218000,D
173763417,EUR/USD,2005-08-02 20:40:56.000,1.217800,1.218100,D
173763443,EUR/USD,2005-08-02 20:41:05.000,1.217700,1.218000,D
173763510,EUR/USD,2005-08-02 20:41:34.000,1.217600,1.217900,D
173763517,EUR/USD,2005-08-02 20:41:39.000,1.217700,1.218000,D
173763531,EUR/USD,2005-08-02 20:41:47.000,1.217600,1.217900,D
173763543,EUR/USD,2005-08-02 20:41:51.000,1.217500,1.217800,D
173763549,EUR/USD,2005-08-02 20:41:52.000,1.217600,1.217900,D
173763551,EUR/USD,2005-08-02 20:41:52.000,1.217700,1.218000,D
173763558,EUR/USD,2005-08-02 20:41:53.000,1.217600,1.217900,D
173763559,EUR/USD,2005-08-02 20:41:53.000,1.217500,1.217800,D
173763572,EUR/USD,2005-08-02 20:41:54.000,1.217400,1.217700,D
173763580,EUR/USD,2005-08-02 20:41:56.000,1.217500,1.217800,D
173763584,EUR/USD,2005-08-02 20:41:58.000,1.217400,1.217700,D
173763586,EUR/USD,2005-08-02 20:41:59.000,1.217300,1.217600,D
173763594,EUR/USD,2005-08-02 20:41:59.000,1.217400,1.217700,D
173763617,EUR/USD,2005-08-02 20:42:02.000,1.217300,1.217600,D
173763625,EUR/USD,2005-08-02 20:42:04.000,1.217200,1.217500,D
173763631,EUR/USD,2005-08-02 20:42:05.000,1.217300,1.217600,D
173763634,EUR/USD,2005-08-02 20:42:05.000,1.217200,1.217500,D
173763637,EUR/USD,2005-08-02 20:42:06.000,1.217300,1.217600,D
173763645,EUR/USD,2005-08-02 20:42:08.000,1.217200,1.217500,D
173763647,EUR/USD,2005-08-02 20:42:08.000,1.217300,1.217600,D
173763658,EUR/USD,2005-08-02 20:42:09.000,1.217200,1.217500,D
173763669,EUR/USD,2005-08-02 20:42:12.000,1.217300,1.217600,D
173763683,EUR/USD,2005-08-02 20:42:15.000,1.217200,1.217500,D
173763706,EUR/USD,2005-08-02 20:42:23.000,1.217300,1.217600,D
173763710,EUR/USD,2005-08-02 20:42:23.000,1.217400,1.217700,D
173763714,EUR/USD,2005-08-02 20:42:24.000,1.217300,1.217600,D
173763758,EUR/USD,2005-08-02 20:42:47.000,1.217200,1.217500,D
173763764,EUR/USD,2005-08-02 20:42:49.000,1.217300,1.217600,D
173763776,EUR/USD,2005-08-02 20:42:55.000,1.217200,1.217500,D
173763784,EUR/USD,2005-08-02 20:43:02.000,1.217300,1.217600,D
173763794,EUR/USD,2005-08-02 20:43:05.000,1.217200,1.217500,D
173763805,EUR/USD,2005-08-02 20:43:11.000,1.217100,1.217400,D
173763818,EUR/USD,2005-08-02 20:43:15.000,1.217000,1.217300,D
173763823,EUR/USD,2005-08-02 20:43:15.000,1.216900,1.217200,D
173763834,EUR/USD,2005-08-02 20:43:16.000,1.216800,1.217100,D
173763845,EUR/USD,2005-08-02 20:43:17.000,1.216700,1.217000,D
173763856,EUR/USD,2005-08-02 20:43:20.000,1.216600,1.216900,D
173763872,EUR/USD,2005-08-02 20:43:21.000,1.216500,1.216800,D
173763880,EUR/USD,2005-08-02 20:43:22.000,1.216600,1.216900,D
173763887,EUR/USD,2005-08-02 20:43:23.000,1.216700,1.217000,D
173763911,EUR/USD,2005-08-02 20:43:27.000,1.216800,1.217100,D
173763945,EUR/USD,2005-08-02 20:43:33.000,1.216900,1.217200,D
173764004,EUR/USD,2005-08-02 20:43:48.000,1.216800,1.217100,D
173764049,EUR/USD,2005-08-02 20:43:54.000,1.216700,1.217000,D
173764051,EUR/USD,2005-08-02 20:43:55.000,1.216800,1.217100,D
173764069,EUR/USD,2005-08-02 20:43:59.000,1.216700,1.217000,D
173764081,EUR/USD,2005-08-02 20:44:00.000,1.216800,1.217100,D
173764093,EUR/USD,2005-08-02 20:44:02.000,1.216700,1.217000,D
173764110,EUR/USD,2005-08-02 20:44:08.000,1.216600,1.216900,D
173764130,EUR/USD,2005-08-02 20:44:11.000,1.216500,1.216800,D
173764172,EUR/USD,2005-08-02 20:44:16.000,1.216600,1.216900,D
173764197,EUR/USD,2005-08-02 20:44:22.000,1.216700,1.217000,D
173764209,EUR/USD,2005-08-02 20:44:24.000,1.216800,1.217100,D
173764219,EUR/USD,2005-08-02 20:44:28.000,1.216900,1.217200,D
173764237,EUR/USD,2005-08-02 20:44:33.000,1.217000,1.217300,D
173764256,EUR/USD,2005-08-02 20:44:37.000,1.217100,1.217400,D
173764301,EUR/USD,2005-08-02 20:44:41.000,1.217200,1.217500,D
173764353,EUR/USD,2005-08-02 20:44:54.000,1.217300,1.217600,D
173764390,EUR/USD,2005-08-02 20:45:04.000,1.217400,1.217700,D
173764410,EUR/USD,2005-08-02 20:45:17.000,1.217500,1.217800,D
173764412,EUR/USD,2005-08-02 20:45:17.000,1.217400,1.217700,D
173764474,EUR/USD,2005-08-02 20:45:34.000,1.217500,1.217800,D
173764479,EUR/USD,2005-08-02 20:45:34.000,1.217400,1.217700,D
173764497,EUR/USD,2005-08-02 20:45:46.000,1.217300,1.217600,D
173764523,EUR/USD,2005-08-02 20:45:57.000,1.217200,1.217500,D
173764675,EUR/USD,2005-08-02 20:46:58.000,1.217300,1.217600,D
173764677,EUR/USD,2005-08-02 20:46:59.000,1.217400,1.217700,D
173764687,EUR/USD,2005-08-02 20:47:02.000,1.217300,1.217600,D
173764729,EUR/USD,2005-08-02 20:47:31.000,1.217400,1.217700,D
173764739,EUR/USD,2005-08-02 20:47:34.000,1.217300,1.217600,D
173764742,EUR/USD,2005-08-02 20:47:34.000,1.217400,1.217700,D
173764760,EUR/USD,2005-08-02 20:47:42.000,1.217500,1.217800,D
173764776,EUR/USD,2005-08-02 20:47:48.000,1.217400,1.217700,D
173764854,EUR/USD,2005-08-02 20:48:32.000,1.217500,1.217800,D
173764864,EUR/USD,2005-08-02 20:48:42.000,1.217400,1.217700,D
173764875,EUR/USD,2005-08-02 20:48:48.000,1.217500,1.217800,D
173764877,EUR/USD,2005-08-02 20:48:48.000,1.217600,1.217900,D
173764885,EUR/USD,2005-08-02 20:48:54.000,1.217700,1.218000,D
173764893,EUR/USD,2005-08-02 20:48:55.000,1.217800,1.218100,D
173764896,EUR/USD,2005-08-02 20:48:57.000,1.217700,1.218000,D
173764898,EUR/USD,2005-08-02 20:48:57.000,1.217600,1.217900,D
173764923,EUR/USD,2005-08-02 20:49:09.000,1.217700,1.218000,D
173764930,EUR/USD,2005-08-02 20:49:13.000,1.217600,1.217900,D
173764949,EUR/USD,2005-08-02 20:49:20.000,1.217500,1.217800,D
173764988,EUR/USD,2005-08-02 20:50:07.000,1.217400,1.217700,D
173765026,EUR/USD,2005-08-02 20:50:33.000,1.217500,1.217800,D
173765053,EUR/USD,2005-08-02 20:51:02.000,1.217400,1.217700,D
173765072,EUR/USD,2005-08-02 20:51:13.000,1.217500,1.217800,D
173765075,EUR/USD,2005-08-02 20:51:25.000,1.217400,1.217700,D
173765150,EUR/USD,2005-08-02 20:52:36.000,1.217300,1.217600,D
173765161,EUR/USD,2005-08-02 20:52:38.000,1.217200,1.217500,D
173765186,EUR/USD,2005-08-02 20:52:50.000,1.217300,1.217600,D
173765197,EUR/USD,2005-08-02 20:53:09.000,1.217200,1.217500,D
173765251,EUR/USD,2005-08-02 20:54:05.000,1.217100,1.217400,D
173765371,EUR/USD,2005-08-02 20:55:02.000,1.217000,1.217300,D
173765383,EUR/USD,2005-08-02 20:55:04.000,1.216900,1.217200,D
173765417,EUR/USD,2005-08-02 20:55:11.000,1.216800,1.217100,D
173765426,EUR/USD,2005-08-02 20:55:13.000,1.216900,1.217200,D
173765447,EUR/USD,2005-08-02 20:55:15.000,1.216800,1.217100,D
173765456,EUR/USD,2005-08-02 20:55:17.000,1.216700,1.217000,D
173765499,EUR/USD,2005-08-02 20:55:28.000,1.216800,1.217100,D
173765501,EUR/USD,2005-08-02 20:55:28.000,1.216900,1.217200,D
173765515,EUR/USD,2005-08-02 20:55:31.000,1.216800,1.217100,D
173765573,EUR/USD,2005-08-02 20:55:43.000,1.216900,1.217200,D
173765586,EUR/USD,2005-08-02 20:55:46.000,1.217000,1.217300,D
173765608,EUR/USD,2005-08-02 20:56:01.000,1.216900,1.217200,D
173765632,EUR/USD,2005-08-02 20:56:11.000,1.217000,1.217300,D
173765637,EUR/USD,2005-08-02 20:56:14.000,1.216900,1.217200,D
173765643,EUR/USD,2005-08-02 20:56:15.000,1.217000,1.217300,D
173765647,EUR/USD,2005-08-02 20:56:15.000,1.216900,1.217200,D
173765706,EUR/USD,2005-08-02 20:56:38.000,1.217000,1.217300,D
173765731,EUR/USD,2005-08-02 20:56:53.000,1.217100,1.217400,D
173765748,EUR/USD,2005-08-02 20:56:57.000,1.217000,1.217300,D
173765753,EUR/USD,2005-08-02 20:56:58.000,1.217100,1.217400,D
173765758,EUR/USD,2005-08-02 20:57:01.000,1.217000,1.217300,D
173765760,EUR/USD,2005-08-02 20:57:02.000,1.217100,1.217400,D
173765768,EUR/USD,2005-08-02 20:57:04.000,1.217000,1.217300,D
173765775,EUR/USD,2005-08-02 20:57:10.000,1.216900,1.217200,D
173765780,EUR/USD,2005-08-02 20:57:14.000,1.217000,1.217300,D
173765841,EUR/USD,2005-08-02 20:57:48.000,1.216900,1.217200,D
173765850,EUR/USD,2005-08-02 20:57:49.000,1.217000,1.217300,D
173765883,EUR/USD,2005-08-02 20:58:22.000,1.216900,1.217200,D
173765893,EUR/USD,2005-08-02 20:58:26.000,1.216800,1.217100,D
173765905,EUR/USD,2005-08-02 20:58:28.000,1.216700,1.217000,D
173765919,EUR/USD,2005-08-02 20:58:29.000,1.216600,1.216900,D
173765927,EUR/USD,2005-08-02 20:58:33.000,1.216700,1.217000,D
173765962,EUR/USD,2005-08-02 20:58:41.000,1.216800,1.217100,D
173765963,EUR/USD,2005-08-02 20:58:42.000,1.216700,1.217000,D
173765986,EUR/USD,2005-08-02 20:58:47.000,1.216600,1.216900,D
173766005,EUR/USD,2005-08-02 20:58:58.000,1.216500,1.216800,D
173766023,EUR/USD,2005-08-02 20:59:01.000,1.216600,1.216900,D
173766031,EUR/USD,2005-08-02 20:59:02.000,1.216500,1.216800,D
173766034,EUR/USD,2005-08-02 20:59:02.000,1.216400,1.216700,D
173766041,EUR/USD,2005-08-02 20:59:04.000,1.216500,1.216800,D
173766042,EUR/USD,2005-08-02 20:59:04.000,1.216600,1.216900,D
173766081,EUR/USD,2005-08-02 20:59:15.000,1.216700,1.217000,D
173766109,EUR/USD,2005-08-02 20:59:24.000,1.216600,1.216900,D
173766196,EUR/USD,2005-08-02 21:00:13.000,1.216700,1.217000,D
173766209,EUR/USD,2005-08-02 21:00:17.000,1.216800,1.217100,D
173766215,EUR/USD,2005-08-02 21:00:17.000,1.216700,1.217000,D
173766224,EUR/USD,2005-08-02 21:00:19.000,1.216800,1.217100,D
173766261,EUR/USD,2005-08-02 21:00:26.000,1.216900,1.217200,D
173766277,EUR/USD,2005-08-02 21:00:27.000,1.216800,1.217100,D
173766279,EUR/USD,2005-08-02 21:00:28.000,1.216900,1.217200,D
173766312,EUR/USD,2005-08-02 21:00:36.000,1.217000,1.217300,D
173766313,EUR/USD,2005-08-02 21:00:36.000,1.216900,1.217200,D
173766322,EUR/USD,2005-08-02 21:00:37.000,1.217000,1.217300,D
173766323,EUR/USD,2005-08-02 21:00:37.000,1.216900,1.217200,D
173766354,EUR/USD,2005-08-02 21:00:44.000,1.217000,1.217300,D
173766544,EUR/USD,2005-08-02 21:02:27.000,1.217100,1.217400,D
173766548,EUR/USD,2005-08-02 21:02:28.000,1.217000,1.217300,D
173766554,EUR/USD,2005-08-02 21:02:29.000,1.217100,1.217400,D
173766610,EUR/USD,2005-08-02 21:03:05.000,1.217000,1.217300,D
173766688,EUR/USD,2005-08-02 21:04:04.000,1.216900,1.217200,D
173766693,EUR/USD,2005-08-02 21:04:05.000,1.217000,1.217300,D
173766701,EUR/USD,2005-08-02 21:04:06.000,1.216900,1.217200,D
173766709,EUR/USD,2005-08-02 21:04:10.000,1.217000,1.217300,D
173766712,EUR/USD,2005-08-02 21:04:13.000,1.216900,1.217200,D
173766720,EUR/USD,2005-08-02 21:04:14.000,1.217000,1.217300,D
173766748,EUR/USD,2005-08-02 21:04:37.000,1.217100,1.217400,D
173766750,EUR/USD,2005-08-02 21:04:37.000,1.217000,1.217300,D
173766773,EUR/USD,2005-08-02 21:04:46.000,1.216900,1.217200,D
173766779,EUR/USD,2005-08-02 21:04:47.000,1.217000,1.217300,D
173766783,EUR/USD,2005-08-02 21:04:51.000,1.216900,1.217200,D
173766924,EUR/USD,2005-08-02 21:05:54.000,1.216800,1.217100,D
173767009,EUR/USD,2005-08-02 21:06:31.000,1.216700,1.217000,D
173767108,EUR/USD,2005-08-02 21:07:02.000,1.216800,1.217100,D
173767381,EUR/USD,2005-08-02 21:09:44.000,1.216900,1.217200,D
173767382,EUR/USD,2005-08-02 21:09:44.000,1.216800,1.217100,D
173767400,EUR/USD,2005-08-02 21:10:23.000,1.216900,1.217200,D
173767423,EUR/USD,2005-08-02 21:10:33.000,1.216800,1.217100,D
173767433,EUR/USD,2005-08-02 21:10:44.000,1.216900,1.217200,D
173767444,EUR/USD,2005-08-02 21:10:46.000,1.216800,1.217100,D
173767452,EUR/USD,2005-08-02 21:10:48.000,1.216900,1.217200,D
173767477,EUR/USD,2005-08-02 21:10:56.000,1.217000,1.217300,D
173767480,EUR/USD,2005-08-02 21:10:57.000,1.216900,1.217200,D
173767582,EUR/USD,2005-08-02 21:12:15.000,1.216800,1.217100,D
173767610,EUR/USD,2005-08-02 21:12:32.000,1.216900,1.217200,D
173767617,EUR/USD,2005-08-02 21:12:36.000,1.216800,1.217100,D
173767642,EUR/USD,2005-08-02 21:13:08.000,1.216900,1.217200,D
173767663,EUR/USD,2005-08-02 21:13:28.000,1.216800,1.217100,D
173767703,EUR/USD,2005-08-02 21:14:15.000,1.216900,1.217200,D
173767712,EUR/USD,2005-08-02 21:14:17.000,1.216800,1.217100,D
173767727,EUR/USD,2005-08-02 21:14:27.000,1.216900,1.217200,D
173767743,EUR/USD,2005-08-02 21:14:36.000,1.217000,1.217300,D
173767752,EUR/USD,2005-08-02 21:14:38.000,1.216900,1.217200,D
173767810,EUR/USD,2005-08-02 21:15:14.000,1.217000,1.217300,D
173767817,EUR/USD,2005-08-02 21:15:16.000,1.216900,1.217200,D
173767860,EUR/USD,2005-08-02 21:16:05.000,1.217000,1.217300,D
173767868,EUR/USD,2005-08-02 21:16:12.000,1.216900,1.217200,D
173767904,EUR/USD,2005-08-02 21:16:30.000,1.216800,1.217100,D
173767915,EUR/USD,2005-08-02 21:16:32.000,1.216900,1.217200,D
173767924,EUR/USD,2005-08-02 21:16:34.000,1.216800,1.217100,D
173767960,EUR/USD,2005-08-02 21:17:09.000,1.216900,1.217200,D
173767965,EUR/USD,2005-08-02 21:17:11.000,1.216800,1.217100,D
173767973,EUR/USD,2005-08-02 21:17:13.000,1.216900,1.217200,D
173767980,EUR/USD,2005-08-02 21:17:15.000,1.216800,1.217100,D
173768041,EUR/USD,2005-08-02 21:18:27.000,1.216700,1.217000,D
173768130,EUR/USD,2005-08-02 21:19:00.000,1.216800,1.217100,D
173768135,EUR/USD,2005-08-02 21:19:02.000,1.216700,1.217000,D
173768155,EUR/USD,2005-08-02 21:19:07.000,1.216800,1.217100,D
173768157,EUR/USD,2005-08-02 21:19:07.000,1.216700,1.217000,D
173768208,EUR/USD,2005-08-02 21:19:25.000,1.216600,1.216900,D
173768211,EUR/USD,2005-08-02 21:19:26.000,1.216700,1.217000,D
173768214,EUR/USD,2005-08-02 21:19:28.000,1.216600,1.216900,D
173768219,EUR/USD,2005-08-02 21:19:29.000,1.216500,1.216800,D
173768227,EUR/USD,2005-08-02 21:19:34.000,1.216600,1.216900,D
173768230,EUR/USD,2005-08-02 21:19:34.000,1.216500,1.216800,D
173768280,EUR/USD,2005-08-02 21:19:54.000,1.216400,1.216700,D
173768288,EUR/USD,2005-08-02 21:19:55.000,1.216500,1.216800,D
173768316,EUR/USD,2005-08-02 21:19:59.000,1.216400,1.216700,D
173768320,EUR/USD,2005-08-02 21:19:59.000,1.216500,1.216800,D
173768335,EUR/USD,2005-08-02 21:20:04.000,1.216400,1.216700,D
173768348,EUR/USD,2005-08-02 21:20:09.000,1.216500,1.216800,D
173768350,EUR/USD,2005-08-02 21:20:09.000,1.216400,1.216700,D
173768370,EUR/USD,2005-08-02 21:20:13.000,1.216500,1.216800,D
173768382,EUR/USD,2005-08-02 21:20:16.000,1.216400,1.216700,D
173768401,EUR/USD,2005-08-02 21:20:21.000,1.216300,1.216600,D
173768426,EUR/USD,2005-08-02 21:20:25.000,1.216200,1.216500,D
173768444,EUR/USD,2005-08-02 21:20:27.000,1.216100,1.216400,D
173768454,EUR/USD,2005-08-02 21:20:29.000,1.216200,1.216500,D
173768457,EUR/USD,2005-08-02 21:20:29.000,1.216100,1.216400,D
173768478,EUR/USD,2005-08-02 21:20:33.000,1.216000,1.216300,D
173768501,EUR/USD,2005-08-02 21:20:36.000,1.215900,1.216200,D
173768504,EUR/USD,2005-08-02 21:20:37.000,1.216000,1.216300,D
173768518,EUR/USD,2005-08-02 21:20:39.000,1.216100,1.216400,D
173768532,EUR/USD,2005-08-02 21:20:42.000,1.216000,1.216300,D
173768585,EUR/USD,2005-08-02 21:20:56.000,1.216100,1.216400,D
173768612,EUR/USD,2005-08-02 21:20:59.000,1.216000,1.216300,D
173768640,EUR/USD,2005-08-02 21:21:08.000,1.216100,1.216400,D
173768656,EUR/USD,2005-08-02 21:21:14.000,1.216200,1.216500,D
173768659,EUR/USD,2005-08-02 21:21:15.000,1.216100,1.216400,D
173768696,EUR/USD,2005-08-02 21:21:29.000,1.216000,1.216300,D
173768745,EUR/USD,2005-08-02 21:21:46.000,1.216200,1.216500,D
173768782,EUR/USD,2005-08-02 21:21:55.000,1.216100,1.216400,D
173768785,EUR/USD,2005-08-02 21:21:55.000,1.216000,1.216300,D
173768820,EUR/USD,2005-08-02 21:22:02.000,1.216100,1.216400,D
173768825,EUR/USD,2005-08-02 21:22:03.000,1.216200,1.216500,D
173768835,EUR/USD,2005-08-02 21:22:04.000,1.216100,1.216400,D
173768837,EUR/USD,2005-08-02 21:22:04.000,1.216000,1.216300,D
173768848,EUR/USD,2005-08-02 21:22:07.000,1.216100,1.216400,D
173768851,EUR/USD,2005-08-02 21:22:07.000,1.216200,1.216500,D
173768904,EUR/USD,2005-08-02 21:22:27.000,1.216100,1.216400,D
173768918,EUR/USD,2005-08-02 21:22:32.000,1.216200,1.216500,D
173768976,EUR/USD,2005-08-02 21:22:54.000,1.216300,1.216600,D
173768989,EUR/USD,2005-08-02 21:22:55.000,1.216200,1.216500,D
173769014,EUR/USD,2005-08-02 21:23:01.000,1.216100,1.216400,D
173769078,EUR/USD,2005-08-02 21:23:51.000,1.216000,1.216300,D
173769121,EUR/USD,2005-08-02 21:23:57.000,1.215900,1.216200,D
173769138,EUR/USD,2005-08-02 21:24:01.000,1.215800,1.216100,D
173769143,EUR/USD,2005-08-02 21:24:01.000,1.215700,1.216000,D
173769155,EUR/USD,2005-08-02 21:24:03.000,1.215600,1.215900,D
173769166,EUR/USD,2005-08-02 21:24:04.000,1.215400,1.215700,D
173769171,EUR/USD,2005-08-02 21:24:05.000,1.215300,1.215600,D
173769176,EUR/USD,2005-08-02 21:24:05.000,1.215400,1.215700,D
173769196,EUR/USD,2005-08-02 21:24:08.000,1.215500,1.215800,D
173769200,EUR/USD,2005-08-02 21:24:08.000,1.215600,1.215900,D
173769226,EUR/USD,2005-08-02 21:24:13.000,1.215700,1.216000,D
173769231,EUR/USD,2005-08-02 21:24:14.000,1.215600,1.215900,D
173769287,EUR/USD,2005-08-02 21:24:26.000,1.215700,1.216000,D
173769359,EUR/USD,2005-08-02 21:24:53.000,1.215800,1.216100,D
173769371,EUR/USD,2005-08-02 21:24:59.000,1.215900,1.216200,D
173769378,EUR/USD,2005-08-02 21:24:59.000,1.215800,1.216100,D
173769388,EUR/USD,2005-08-02 21:25:06.000,1.215900,1.216200,D
173769394,EUR/USD,2005-08-02 21:25:17.000,1.216000,1.216300,D
173769409,EUR/USD,2005-08-02 21:25:18.000,1.216100,1.216400,D
173769410,EUR/USD,2005-08-02 21:25:19.000,1.216200,1.216500,D
173769412,EUR/USD,2005-08-02 21:25:19.000,1.216100,1.216400,D
173769416,EUR/USD,2005-08-02 21:25:19.000,1.216000,1.216300,D
173769431,EUR/USD,2005-08-02 21:25:22.000,1.216100,1.216400,D
173769433,EUR/USD,2005-08-02 21:25:22.000,1.216000,1.216300,D
173769435,EUR/USD,2005-08-02 21:25:23.000,1.216100,1.216400,D
173769447,EUR/USD,2005-08-02 21:25:30.000,1.216200,1.216500,D
173769452,EUR/USD,2005-08-02 21:25:31.000,1.216100,1.216400,D
173769469,EUR/USD,2005-08-02 21:25:35.000,1.216200,1.216500,D
173769545,EUR/USD,2005-08-02 21:26:25.000,1.216300,1.216600,D
173769552,EUR/USD,2005-08-02 21:26:27.000,1.216200,1.216500,D
173769560,EUR/USD,2005-08-02 21:26:30.000,1.216300,1.216600,D
173769579,EUR/USD,2005-08-02 21:26:39.000,1.216400,1.216700,D
173769584,EUR/USD,2005-08-02 21:26:41.000,1.216300,1.216600,D
173769587,EUR/USD,2005-08-02 21:26:43.000,1.216400,1.216700,D
173769589,EUR/USD,2005-08-02 21:26:43.000,1.216300,1.216600,D
173769600,EUR/USD,2005-08-02 21:26:46.000,1.216400,1.216700,D
173769635,EUR/USD,2005-08-02 21:26:52.000,1.216500,1.216800,D
173769639,EUR/USD,2005-08-02 21:26:52.000,1.216600,1.216900,D
173769642,EUR/USD,2005-08-02 21:26:53.000,1.216500,1.216800,D
173769644,EUR/USD,2005-08-02 21:26:54.000,1.216400,1.216700,D
173769647,EUR/USD,2005-08-02 21:26:54.000,1.216600,1.216900,D
173769656,EUR/USD,2005-08-02 21:26:56.000,1.216500,1.216800,D
173769667,EUR/USD,2005-08-02 21:26:58.000,1.216600,1.216900,D
173769672,EUR/USD,2005-08-02 21:26:59.000,1.216500,1.216800,D
173769700,EUR/USD,2005-08-02 21:27:06.000,1.216400,1.216700,D
173769799,EUR/USD,2005-08-02 21:27:39.000,1.216300,1.216600,D
173769848,EUR/USD,2005-08-02 21:28:09.000,1.216200,1.216500,D
173769900,EUR/USD,2005-08-02 21:28:24.000,1.216100,1.216400,D
173769919,EUR/USD,2005-08-02 21:28:29.000,1.216000,1.216300,D
173769926,EUR/USD,2005-08-02 21:28:30.000,1.216100,1.216400,D
173769935,EUR/USD,2005-08-02 21:28:32.000,1.216200,1.216500,D
173769965,EUR/USD,2005-08-02 21:28:44.000,1.216100,1.216400,D
173770012,EUR/USD,2005-08-02 21:29:10.000,1.216200,1.216500,D
173770022,EUR/USD,2005-08-02 21:29:13.000,1.216100,1.216400,D
173770027,EUR/USD,2005-08-02 21:29:15.000,1.216200,1.216500,D
173770058,EUR/USD,2005-08-02 21:29:42.000,1.216300,1.216600,D
173770088,EUR/USD,2005-08-02 21:30:03.000,1.216200,1.216500,D
173770097,EUR/USD,2005-08-02 21:30:07.000,1.216300,1.216600,D
173770209,EUR/USD,2005-08-02 21:30:53.000,1.216200,1.216500,D
173770212,EUR/USD,2005-08-02 21:30:53.000,1.216300,1.216600,D
173770233,EUR/USD,2005-08-02 21:30:56.000,1.216200,1.216500,D
173770246,EUR/USD,2005-08-02 21:31:00.000,1.216300,1.216600,D
173770253,EUR/USD,2005-08-02 21:31:02.000,1.216200,1.216500,D
173770289,EUR/USD,2005-08-02 21:31:13.000,1.216100,1.216400,D
173770342,EUR/USD,2005-08-02 21:31:28.000,1.216000,1.216300,D
173770351,EUR/USD,2005-08-02 21:31:29.000,1.216100,1.216400,D
173770373,EUR/USD,2005-08-02 21:31:44.000,1.216000,1.216300,D
173770375,EUR/USD,2005-08-02 21:31:47.000,1.216100,1.216400,D
173770380,EUR/USD,2005-08-02 21:31:49.000,1.216000,1.216300,D
173770383,EUR/USD,2005-08-02 21:31:50.000,1.216100,1.216400,D
173770385,EUR/USD,2005-08-02 21:31:51.000,1.216000,1.216300,D
173770387,EUR/USD,2005-08-02 21:31:51.000,1.216100,1.216400,D
173770445,EUR/USD,2005-08-02 21:32:15.000,1.216200,1.216500,D
173770449,EUR/USD,2005-08-02 21:32:17.000,1.216100,1.216400,D
173770484,EUR/USD,2005-08-02 21:32:45.000,1.216200,1.216500,D
173770530,EUR/USD,2005-08-02 21:33:13.000,1.216100,1.216400,D
173770531,EUR/USD,2005-08-02 21:33:13.000,1.216200,1.216500,D
173770537,EUR/USD,2005-08-02 21:33:15.000,1.216100,1.216400,D
173770587,EUR/USD,2005-08-02 21:33:48.000,1.216000,1.216300,D
173770608,EUR/USD,2005-08-02 21:33:57.000,1.216100,1.216400,D
173770615,EUR/USD,2005-08-02 21:33:59.000,1.216000,1.216300,D
173770625,EUR/USD,2005-08-02 21:34:11.000,1.216100,1.216400,D
173770695,EUR/USD,2005-08-02 21:34:32.000,1.216200,1.216500,D
173770700,EUR/USD,2005-08-02 21:34:33.000,1.216100,1.216400,D
173770729,EUR/USD,2005-08-02 21:34:49.000,1.216000,1.216300,D
173770733,EUR/USD,2005-08-02 21:34:51.000,1.216100,1.216400,D
173770736,EUR/USD,2005-08-02 21:34:52.000,1.216000,1.216300,D
173770742,EUR/USD,2005-08-02 21:34:54.000,1.215900,1.216200,D
173770768,EUR/USD,2005-08-02 21:34:58.000,1.215800,1.216100,D
173770774,EUR/USD,2005-08-02 21:34:59.000,1.215900,1.216200,D
173770785,EUR/USD,2005-08-02 21:35:02.000,1.215800,1.216100,D
173770804,EUR/USD,2005-08-02 21:35:08.000,1.215700,1.216000,D
173770823,EUR/USD,2005-08-02 21:35:20.000,1.215800,1.216100,D
173770833,EUR/USD,2005-08-02 21:35:22.000,1.215700,1.216000,D
173770876,EUR/USD,2005-08-02 21:35:38.000,1.215600,1.215900,D
173770900,EUR/USD,2005-08-02 21:35:43.000,1.215700,1.216000,D
173770913,EUR/USD,2005-08-02 21:35:45.000,1.215800,1.216100,D
173770921,EUR/USD,2005-08-02 21:35:46.000,1.215700,1.216000,D
173770942,EUR/USD,2005-08-02 21:35:50.000,1.215800,1.216100,D
173770946,EUR/USD,2005-08-02 21:35:50.000,1.215700,1.216000,D
173770971,EUR/USD,2005-08-02 21:36:02.000,1.215600,1.215900,D
173770974,EUR/USD,2005-08-02 21:36:02.000,1.215700,1.216000,D
173770981,EUR/USD,2005-08-02 21:36:10.000,1.215800,1.216100,D
173770999,EUR/USD,2005-08-02 21:36:16.000,1.215700,1.216000,D
173771001,EUR/USD,2005-08-02 21:36:16.000,1.215800,1.216100,D
173771007,EUR/USD,2005-08-02 21:36:17.000,1.215700,1.216000,D
173771010,EUR/USD,2005-08-02 21:36:22.000,1.215800,1.216100,D
173771046,EUR/USD,2005-08-02 21:36:27.000,1.215700,1.216000,D
173771057,EUR/USD,2005-08-02 21:36:33.000,1.215600,1.215900,D
173771064,EUR/USD,2005-08-02 21:36:35.000,1.215700,1.216000,D
173771067,EUR/USD,2005-08-02 21:36:37.000,1.215600,1.215900,D
173771071,EUR/USD,2005-08-02 21:36:38.000,1.215700,1.216000,D
173771085,EUR/USD,2005-08-02 21:37:05.000,1.215600,1.215900,D
173771159,EUR/USD,2005-08-02 21:38:05.000,1.215700,1.216000,D
173771164,EUR/USD,2005-08-02 21:38:06.000,1.215800,1.216100,D
173771181,EUR/USD,2005-08-02 21:38:13.000,1.215700,1.216000,D
173771207,EUR/USD,2005-08-02 21:38:22.000,1.215800,1.216100,D
173771216,EUR/USD,2005-08-02 21:38:25.000,1.215700,1.216000,D
173771221,EUR/USD,2005-08-02 21:38:33.000,1.215800,1.216100,D
173771230,EUR/USD,2005-08-02 21:38:35.000,1.215700,1.216000,D
173771233,EUR/USD,2005-08-02 21:38:35.000,1.215800,1.216100,D
173771240,EUR/USD,2005-08-02 21:38:36.000,1.215700,1.216000,D
173771244,EUR/USD,2005-08-02 21:38:38.000,1.215800,1.216100,D
173771264,EUR/USD,2005-08-02 21:38:53.000,1.215700,1.216000,D
173771269,EUR/USD,2005-08-02 21:39:08.000,1.215800,1.216100,D
173771274,EUR/USD,2005-08-02 21:39:13.000,1.215700,1.216000,D
173771300,EUR/USD,2005-08-02 21:39:37.000,1.215600,1.215900,D
173771313,EUR/USD,2005-08-02 21:39:47.000,1.215700,1.216000,D
173771316,EUR/USD,2005-08-02 21:39:50.000,1.215600,1.215900,D
173771326,EUR/USD,2005-08-02 21:39:54.000,1.215500,1.215800,D
173771336,EUR/USD,2005-08-02 21:39:59.000,1.215600,1.215900,D
173771358,EUR/USD,2005-08-02 21:40:18.000,1.215500,1.215800,D
173771361,EUR/USD,2005-08-02 21:40:21.000,1.215600,1.215900,D
173771379,EUR/USD,2005-08-02 21:40:24.000,1.215500,1.215800,D
173771384,EUR/USD,2005-08-02 21:40:24.000,1.215400,1.215700,D
173771395,EUR/USD,2005-08-02 21:40:27.000,1.215300,1.215600,D
173771404,EUR/USD,2005-08-02 21:40:28.000,1.215200,1.215500,D
173771409,EUR/USD,2005-08-02 21:40:29.000,1.215300,1.215600,D
173771415,EUR/USD,2005-08-02 21:40:30.000,1.215200,1.215500,D
173771417,EUR/USD,2005-08-02 21:40:31.000,1.215100,1.215400,D
173771425,EUR/USD,2005-08-02 21:40:32.000,1.215200,1.215500,D
173771429,EUR/USD,2005-08-02 21:40:33.000,1.215300,1.215600,D
173771440,EUR/USD,2005-08-02 21:40:34.000,1.215200,1.215500,D
173771451,EUR/USD,2005-08-02 21:40:35.000,1.215300,1.215600,D
173771462,EUR/USD,2005-08-02 21:40:36.000,1.215200,1.215500,D
173771465,EUR/USD,2005-08-02 21:40:37.000,1.215300,1.215600,D
173771505,EUR/USD,2005-08-02 21:40:44.000,1.215200,1.215500,D
173771510,EUR/USD,2005-08-02 21:40:45.000,1.215300,1.215600,D
173771584,EUR/USD,2005-08-02 21:41:20.000,1.215200,1.215500,D
173771622,EUR/USD,2005-08-02 21:41:42.000,1.215300,1.215600,D
173771624,EUR/USD,2005-08-02 21:41:43.000,1.215400,1.215700,D
173771628,EUR/USD,2005-08-02 21:41:44.000,1.215300,1.215600,D
173771630,EUR/USD,2005-08-02 21:41:44.000,1.215200,1.215500,D
173771633,EUR/USD,2005-08-02 21:41:45.000,1.215300,1.215600,D
173771635,EUR/USD,2005-08-02 21:41:45.000,1.215400,1.215700,D
173771639,EUR/USD,2005-08-02 21:41:46.000,1.215300,1.215600,D
173771641,EUR/USD,2005-08-02 21:41:48.000,1.215400,1.215700,D
173771716,EUR/USD,2005-08-02 21:42:22.000,1.215500,1.215800,D
173771724,EUR/USD,2005-08-02 21:42:31.000,1.215600,1.215900,D
173771735,EUR/USD,2005-08-02 21:42:42.000,1.215700,1.216000,D
173771843,EUR/USD,2005-08-02 21:43:55.000,1.215800,1.216100,D
173771853,EUR/USD,2005-08-02 21:43:58.000,1.215700,1.216000,D
173771934,EUR/USD,2005-08-02 21:44:38.000,1.215800,1.216100,D
173771950,EUR/USD,2005-08-02 21:44:54.000,1.215900,1.216200,D
173771998,EUR/USD,2005-08-02 21:45:19.000,1.216000,1.216300,D
173772004,EUR/USD,2005-08-02 21:45:22.000,1.215900,1.216200,D
173772016,EUR/USD,2005-08-02 21:45:30.000,1.215800,1.216100,D
173772019,EUR/USD,2005-08-02 21:45:31.000,1.215900,1.216200,D
173772038,EUR/USD,2005-08-02 21:45:42.000,1.215800,1.216100,D
173772078,EUR/USD,2005-08-02 21:46:03.000,1.215900,1.216200,D
173772126,EUR/USD,2005-08-02 21:46:32.000,1.215800,1.216100,D
173772132,EUR/USD,2005-08-02 21:46:33.000,1.215900,1.216200,D
173772141,EUR/USD,2005-08-02 21:46:40.000,1.216000,1.216300,D
173772156,EUR/USD,2005-08-02 21:46:43.000,1.215900,1.216200,D
173772174,EUR/USD,2005-08-02 21:46:46.000,1.216000,1.216300,D
173772185,EUR/USD,2005-08-02 21:46:48.000,1.215900,1.216200,D
173772193,EUR/USD,2005-08-02 21:46:50.000,1.216000,1.216300,D
173772195,EUR/USD,2005-08-02 21:46:52.000,1.215900,1.216200,D
173772198,EUR/USD,2005-08-02 21:46:52.000,1.215800,1.216100,D
173772209,EUR/USD,2005-08-02 21:46:54.000,1.215900,1.216200,D
173772217,EUR/USD,2005-08-02 21:46:57.000,1.216000,1.216300,D
173772220,EUR/USD,2005-08-02 21:46:58.000,1.215900,1.216200,D
173772226,EUR/USD,2005-08-02 21:47:01.000,1.216000,1.216300,D
173772230,EUR/USD,2005-08-02 21:47:01.000,1.215900,1.216200,D
173772234,EUR/USD,2005-08-02 21:47:04.000,1.216000,1.216300,D
173772243,EUR/USD,2005-08-02 21:47:13.000,1.215900,1.216200,D
173772252,EUR/USD,2005-08-02 21:47:22.000,1.216000,1.216300,D
173772258,EUR/USD,2005-08-02 21:47:25.000,1.215900,1.216200,D
173772271,EUR/USD,2005-08-02 21:47:29.000,1.216000,1.216300,D
173772295,EUR/USD,2005-08-02 21:47:46.000,1.215900,1.216200,D
173772319,EUR/USD,2005-08-02 21:48:31.000,1.215800,1.216100,D
173772330,EUR/USD,2005-08-02 21:48:38.000,1.215900,1.216200,D
173772359,EUR/USD,2005-08-02 21:49:05.000,1.215800,1.216100,D
173772376,EUR/USD,2005-08-02 21:49:37.000,1.215700,1.216000,D
173772383,EUR/USD,2005-08-02 21:49:37.000,1.215600,1.215900,D
173772406,EUR/USD,2005-08-02 21:49:42.000,1.215700,1.216000,D
173772413,EUR/USD,2005-08-02 21:49:43.000,1.215800,1.216100,D
173772417,EUR/USD,2005-08-02 21:49:44.000,1.215700,1.216000,D
173772419,EUR/USD,2005-08-02 21:49:44.000,1.215800,1.216100,D
173772439,EUR/USD,2005-08-02 21:49:48.000,1.215700,1.216000,D
173772467,EUR/USD,2005-08-02 21:50:12.000,1.215600,1.215900,D
173772488,EUR/USD,2005-08-02 21:50:27.000,1.215500,1.215800,D
173772511,EUR/USD,2005-08-02 21:50:34.000,1.215400,1.215700,D
173772517,EUR/USD,2005-08-02 21:50:35.000,1.215500,1.215800,D
173772563,EUR/USD,2005-08-02 21:51:05.000,1.215600,1.215900,D
173772639,EUR/USD,2005-08-02 21:52:20.000,1.215500,1.215800,D
173772646,EUR/USD,2005-08-02 21:52:24.000,1.215600,1.215900,D
173772679,EUR/USD,2005-08-02 21:52:56.000,1.215500,1.215800,D
173772695,EUR/USD,2005-08-02 21:53:12.000,1.215400,1.215700,D
173772721,EUR/USD,2005-08-02 21:54:00.000,1.215300,1.215600,D
173772729,EUR/USD,2005-08-02 21:54:05.000,1.215400,1.215700,D
173772735,EUR/USD,2005-08-02 21:54:11.000,1.215300,1.215600,D
173772750,EUR/USD,2005-08-02 21:54:28.000,1.215400,1.215700,D
173772778,EUR/USD,2005-08-02 21:54:37.000,1.215500,1.215800,D
173772787,EUR/USD,2005-08-02 21:54:38.000,1.215600,1.215900,D
173772792,EUR/USD,2005-08-02 21:54:40.000,1.215500,1.215800,D
173772802,EUR/USD,2005-08-02 21:54:42.000,1.215400,1.215700,D
173772817,EUR/USD,2005-08-02 21:54:48.000,1.215300,1.215600,D
173772830,EUR/USD,2005-08-02 21:54:51.000,1.215400,1.215700,D
173772899,EUR/USD,2005-08-02 21:55:15.000,1.215500,1.215800,D
173772903,EUR/USD,2005-08-02 21:55:15.000,1.215600,1.215900,D
173772919,EUR/USD,2005-08-02 21:55:17.000,1.215500,1.215800,D
173772927,EUR/USD,2005-08-02 21:55:21.000,1.215400,1.215700,D
173772929,EUR/USD,2005-08-02 21:55:22.000,1.215500,1.215800,D
173772943,EUR/USD,2005-08-02 21:55:28.000,1.215400,1.215700,D
173772956,EUR/USD,2005-08-02 21:55:34.000,1.215500,1.215800,D
173772997,EUR/USD,2005-08-02 21:55:43.000,1.215400,1.215700,D
173773004,EUR/USD,2005-08-02 21:55:49.000,1.215500,1.215800,D
173773011,EUR/USD,2005-08-02 21:55:51.000,1.215400,1.215700,D
173773151,EUR/USD,2005-08-02 21:57:37.000,1.215500,1.215800,D
173773155,EUR/USD,2005-08-02 21:57:38.000,1.215600,1.215900,D
173773167,EUR/USD,2005-08-02 21:57:48.000,1.215500,1.215800,D
173773173,EUR/USD,2005-08-02 21:57:49.000,1.215400,1.215700,D
173773174,EUR/USD,2005-08-02 21:57:53.000,1.215500,1.215800,D
173773183,EUR/USD,2005-08-02 21:57:58.000,1.215400,1.215700,D
173773190,EUR/USD,2005-08-02 21:58:05.000,1.215500,1.215800,D
173773195,EUR/USD,2005-08-02 21:58:35.000,1.215600,1.215900,D
173773211,EUR/USD,2005-08-02 21:59:00.000,1.215500,1.215800,D
173773219,EUR/USD,2005-08-02 21:59:02.000,1.215400,1.215700,D
173773221,EUR/USD,2005-08-02 21:59:04.000,1.215500,1.215800,D
173773235,EUR/USD,2005-08-02 21:59:18.000,1.215600,1.215900,D
173773239,EUR/USD,2005-08-02 21:59:23.000,1.215500,1.215800,D
173773278,EUR/USD,2005-08-02 22:00:00.000,1.215400,1.215700,D
173773281,EUR/USD,2005-08-02 22:00:00.000,1.215500,1.215800,D
173773306,EUR/USD,2005-08-02 22:00:24.000,1.215600,1.215900,D
173773313,EUR/USD,2005-08-02 22:00:27.000,1.215500,1.215800,D
173773331,EUR/USD,2005-08-02 22:00:44.000,1.215600,1.215900,D
173773336,EUR/USD,2005-08-02 22:00:46.000,1.215500,1.215800,D
173773363,EUR/USD,2005-08-02 22:01:12.000,1.215400,1.215700,D
173773366,EUR/USD,2005-08-02 22:01:13.000,1.215500,1.215800,D
173773369,EUR/USD,2005-08-02 22:01:15.000,1.215400,1.215700,D
173773376,EUR/USD,2005-08-02 22:01:17.000,1.215500,1.215800,D
173773385,EUR/USD,2005-08-02 22:01:22.000,1.215600,1.215900,D
173773387,EUR/USD,2005-08-02 22:01:27.000,1.215700,1.216000,D
173773393,EUR/USD,2005-08-02 22:01:28.000,1.215600,1.215900,D
173773400,EUR/USD,2005-08-02 22:01:31.000,1.215700,1.216000,D
173773401,EUR/USD,2005-08-02 22:01:32.000,1.215600,1.215900,D
173773408,EUR/USD,2005-08-02 22:01:35.000,1.215700,1.216000,D
173773425,EUR/USD,2005-08-02 22:01:54.000,1.215600,1.215900,D
173773499,EUR/USD,2005-08-02 22:02:27.000,1.215500,1.215800,D
173773504,EUR/USD,2005-08-02 22:02:28.000,1.215400,1.215700,D
173773520,EUR/USD,2005-08-02 22:02:31.000,1.215300,1.215600,D
173773531,EUR/USD,2005-08-02 22:02:33.000,1.215200,1.215500,D
173773557,EUR/USD,2005-08-02 22:02:38.000,1.215100,1.215400,D
173773576,EUR/USD,2005-08-02 22:02:40.000,1.215200,1.215500,D
173773589,EUR/USD,2005-08-02 22:02:43.000,1.215300,1.215600,D
173773595,EUR/USD,2005-08-02 22:02:44.000,1.215400,1.215700,D
173773600,EUR/USD,2005-08-02 22:02:44.000,1.215300,1.215600,D
173773622,EUR/USD,2005-08-02 22:02:51.000,1.215200,1.215500,D
173773666,EUR/USD,2005-08-02 22:03:04.000,1.215300,1.215600,D
173773668,EUR/USD,2005-08-02 22:03:05.000,1.215200,1.215500,D
173773674,EUR/USD,2005-08-02 22:03:07.000,1.215300,1.215600,D
173773678,EUR/USD,2005-08-02 22:03:08.000,1.215400,1.215700,D
173773684,EUR/USD,2005-08-02 22:03:10.000,1.215300,1.215600,D
173773697,EUR/USD,2005-08-02 22:03:16.000,1.215400,1.215700,D
173773721,EUR/USD,2005-08-02 22:03:27.000,1.215300,1.215600,D
173773752,EUR/USD,2005-08-02 22:03:38.000,1.215200,1.215500,D
173773763,EUR/USD,2005-08-02 22:03:43.000,1.215100,1.215400,D
173773768,EUR/USD,2005-08-02 22:03:44.000,1.215200,1.215500,D
173773785,EUR/USD,2005-08-02 22:03:47.000,1.215100,1.215400,D
173773795,EUR/USD,2005-08-02 22:03:49.000,1.215000,1.215300,D
173773798,EUR/USD,2005-08-02 22:03:49.000,1.215100,1.215400,D
173773801,EUR/USD,2005-08-02 22:03:50.000,1.215000,1.215300,D
173773809,EUR/USD,2005-08-02 22:03:51.000,1.214900,1.215200,D
173773840,EUR/USD,2005-08-02 22:03:53.000,1.215000,1.215300,D
173773856,EUR/USD,2005-08-02 22:03:55.000,1.215100,1.215400,D
173773879,EUR/USD,2005-08-02 22:03:58.000,1.215200,1.215500,D
173773883,EUR/USD,2005-08-02 22:03:58.000,1.215100,1.215400,D
173773886,EUR/USD,2005-08-02 22:03:59.000,1.215000,1.215300,D
173773894,EUR/USD,2005-08-02 22:03:59.000,1.214900,1.215200,D
173773902,EUR/USD,2005-08-02 22:03:59.000,1.215000,1.215300,D
173773929,EUR/USD,2005-08-02 22:04:04.000,1.214900,1.215200,D
173773932,EUR/USD,2005-08-02 22:04:04.000,1.214800,1.215100,D
173773943,EUR/USD,2005-08-02 22:04:05.000,1.214900,1.215200,D
173773947,EUR/USD,2005-08-02 22:04:06.000,1.215000,1.215300,D
173773971,EUR/USD,2005-08-02 22:04:09.000,1.215100,1.215400,D
173773992,EUR/USD,2005-08-02 22:04:11.000,1.215000,1.215300,D
173774003,EUR/USD,2005-08-02 22:04:13.000,1.215100,1.215400,D
173774009,EUR/USD,2005-08-02 22:04:16.000,1.215200,1.215500,D
173774017,EUR/USD,2005-08-02 22:04:17.000,1.215300,1.215600,D
173774023,EUR/USD,2005-08-02 22:04:17.000,1.215400,1.215700,D
173774032,EUR/USD,2005-08-02 22:04:19.000,1.215300,1.215600,D
173774034,EUR/USD,2005-08-02 22:04:19.000,1.215200,1.215500,D
173774042,EUR/USD,2005-08-02 22:04:20.000,1.215300,1.215600,D
173774055,EUR/USD,2005-08-02 22:04:22.000,1.215200,1.215500,D
173774117,EUR/USD,2005-08-02 22:04:42.000,1.215300,1.215600,D
173774122,EUR/USD,2005-08-02 22:04:42.000,1.215200,1.215500,D
173774126,EUR/USD,2005-08-02 22:04:43.000,1.215100,1.215400,D
173774144,EUR/USD,2005-08-02 22:04:47.000,1.215200,1.215500,D
173774164,EUR/USD,2005-08-02 22:04:51.000,1.215100,1.215400,D
173774173,EUR/USD,2005-08-02 22:04:53.000,1.215200,1.215500,D
173774187,EUR/USD,2005-08-02 22:05:00.000,1.215100,1.215400,D
173774199,EUR/USD,2005-08-02 22:05:04.000,1.215000,1.215300,D
173774227,EUR/USD,2005-08-02 22:05:15.000,1.215100,1.215400,D
173774244,EUR/USD,2005-08-02 22:05:21.000,1.215000,1.215300,D
173774279,EUR/USD,2005-08-02 22:05:51.000,1.215100,1.215400,D
173774282,EUR/USD,2005-08-02 22:05:52.000,1.215200,1.215500,D
173774291,EUR/USD,2005-08-02 22:05:54.000,1.215100,1.215400,D
173774298,EUR/USD,2005-08-02 22:06:00.000,1.215200,1.215500,D
173774303,EUR/USD,2005-08-02 22:06:04.000,1.215400,1.215700,D
173774327,EUR/USD,2005-08-02 22:06:08.000,1.215300,1.215600,D
173774360,EUR/USD,2005-08-02 22:06:15.000,1.215400,1.215700,D
173774396,EUR/USD,2005-08-02 22:06:21.000,1.215500,1.215800,D
173774412,EUR/USD,2005-08-02 22:06:25.000,1.215600,1.215900,D
173774430,EUR/USD,2005-08-02 22:06:32.000,1.215700,1.216000,D
173774436,EUR/USD,2005-08-02 22:06:33.000,1.215600,1.215900,D
173774453,EUR/USD,2005-08-02 22:06:37.000,1.215700,1.216000,D
173774455,EUR/USD,2005-08-02 22:06:37.000,1.215600,1.215900,D
173774466,EUR/USD,2005-08-02 22:06:41.000,1.215700,1.216000,D
173774479,EUR/USD,2005-08-02 22:06:44.000,1.215800,1.216100,D
173774495,EUR/USD,2005-08-02 22:06:50.000,1.215900,1.216200,D
173774500,EUR/USD,2005-08-02 22:06:51.000,1.215800,1.216100,D
173774513,EUR/USD,2005-08-02 22:06:55.000,1.215900,1.216200,D
173774521,EUR/USD,2005-08-02 22:07:00.000,1.216000,1.216300,D
173774530,EUR/USD,2005-08-02 22:07:02.000,1.215900,1.216200,D
173774531,EUR/USD,2005-08-02 22:07:03.000,1.216000,1.216300,D
173774567,EUR/USD,2005-08-02 22:07:13.000,1.216100,1.216400,D
173774611,EUR/USD,2005-08-02 22:07:20.000,1.216200,1.216500,D
173774616,EUR/USD,2005-08-02 22:07:21.000,1.216100,1.216400,D
173774636,EUR/USD,2005-08-02 22:07:25.000,1.216000,1.216300,D
173774642,EUR/USD,2005-08-02 22:07:26.000,1.216100,1.216400,D
173774661,EUR/USD,2005-08-02 22:07:31.000,1.216000,1.216300,D
173774669,EUR/USD,2005-08-02 22:07:32.000,1.216100,1.216400,D
173774700,EUR/USD,2005-08-02 22:07:40.000,1.216000,1.216300,D
173774715,EUR/USD,2005-08-02 22:07:43.000,1.216100,1.216400,D
173774736,EUR/USD,2005-08-02 22:07:49.000,1.216000,1.216300,D
173774749,EUR/USD,2005-08-02 22:07:57.000,1.216100,1.216400,D
173774771,EUR/USD,2005-08-02 22:08:07.000,1.216200,1.216500,D
173774807,EUR/USD,2005-08-02 22:08:15.000,1.216100,1.216400,D
173774814,EUR/USD,2005-08-02 22:08:18.000,1.216000,1.216300,D
173774824,EUR/USD,2005-08-02 22:08:19.000,1.216100,1.216400,D
173774828,EUR/USD,2005-08-02 22:08:19.000,1.216200,1.216500,D
173774838,EUR/USD,2005-08-02 22:08:20.000,1.216100,1.216400,D
173774841,EUR/USD,2005-08-02 22:08:21.000,1.216000,1.216300,D
173774845,EUR/USD,2005-08-02 22:08:21.000,1.216100,1.216400,D
173774852,EUR/USD,2005-08-02 22:08:21.000,1.216200,1.216500,D
173774859,EUR/USD,2005-08-02 22:08:22.000,1.216100,1.216400,D
173774863,EUR/USD,2005-08-02 22:08:23.000,1.216000,1.216300,D
173774867,EUR/USD,2005-08-02 22:08:25.000,1.216100,1.216400,D
173774879,EUR/USD,2005-08-02 22:08:29.000,1.216200,1.216500,D
173774881,EUR/USD,2005-08-02 22:08:29.000,1.216100,1.216400,D
173774884,EUR/USD,2005-08-02 22:08:30.000,1.216000,1.216300,D
173774891,EUR/USD,2005-08-02 22:08:31.000,1.216100,1.216400,D
173774910,EUR/USD,2005-08-02 22:08:34.000,1.216200,1.216500,D
173774934,EUR/USD,2005-08-02 22:08:38.000,1.216300,1.216600,D
173774939,EUR/USD,2005-08-02 22:08:39.000,1.216400,1.216700,D
173774956,EUR/USD,2005-08-02 22:08:41.000,1.216300,1.216600,D
173774959,EUR/USD,2005-08-02 22:08:41.000,1.216200,1.216500,D
173774971,EUR/USD,2005-08-02 22:08:42.000,1.216300,1.216600,D
173774985,EUR/USD,2005-08-02 22:08:45.000,1.216400,1.216700,D
173775008,EUR/USD,2005-08-02 22:08:48.000,1.216500,1.216800,D
173775012,EUR/USD,2005-08-02 22:08:48.000,1.216400,1.216700,D
173775076,EUR/USD,2005-08-02 22:09:00.000,1.216500,1.216800,D
173775081,EUR/USD,2005-08-02 22:09:01.000,1.216600,1.216900,D
173775092,EUR/USD,2005-08-02 22:09:02.000,1.216500,1.216800,D
173775100,EUR/USD,2005-08-02 22:09:03.000,1.216600,1.216900,D
173775103,EUR/USD,2005-08-02 22:09:03.000,1.216500,1.216800,D
173775108,EUR/USD,2005-08-02 22:09:03.000,1.216400,1.216700,D
173775112,EUR/USD,2005-08-02 22:09:04.000,1.216500,1.216800,D
173775122,EUR/USD,2005-08-02 22:09:05.000,1.216400,1.216700,D
173775132,EUR/USD,2005-08-02 22:09:09.000,1.216500,1.216800,D
173775229,EUR/USD,2005-08-02 22:09:30.000,1.216400,1.216700,D
173775252,EUR/USD,2005-08-02 22:09:38.000,1.216300,1.216600,D
173775264,EUR/USD,2005-08-02 22:09:43.000,1.216400,1.216700,D
173775308,EUR/USD,2005-08-02 22:09:55.000,1.216500,1.216800,D
173775317,EUR/USD,2005-08-02 22:09:56.000,1.216400,1.216700,D
173775321,EUR/USD,2005-08-02 22:09:57.000,1.216500,1.216800,D
173775348,EUR/USD,2005-08-02 22:10:09.000,1.216400,1.216700,D
173775370,EUR/USD,2005-08-02 22:10:22.000,1.216500,1.216800,D
173775376,EUR/USD,2005-08-02 22:10:23.000,1.216400,1.216700,D
173775425,EUR/USD,2005-08-02 22:10:52.000,1.216500,1.216800,D
173775431,EUR/USD,2005-08-02 22:10:57.000,1.216400,1.216700,D
173775432,EUR/USD,2005-08-02 22:10:57.000,1.216500,1.216800,D
173775435,EUR/USD,2005-08-02 22:11:00.000,1.216600,1.216900,D
173775452,EUR/USD,2005-08-02 22:11:07.000,1.216700,1.217000,D
173775469,EUR/USD,2005-08-02 22:11:10.000,1.216600,1.216900,D
173775477,EUR/USD,2005-08-02 22:11:13.000,1.216500,1.216800,D
173775487,EUR/USD,2005-08-02 22:11:18.000,1.216600,1.216900,D
173775494,EUR/USD,2005-08-02 22:11:18.000,1.216700,1.217000,D
173775516,EUR/USD,2005-08-02 22:11:33.000,1.216600,1.216900,D
173775519,EUR/USD,2005-08-02 22:11:36.000,1.216500,1.216800,D
173775522,EUR/USD,2005-08-02 22:11:39.000,1.216600,1.216900,D
173775527,EUR/USD,2005-08-02 22:11:41.000,1.216500,1.216800,D
173775530,EUR/USD,2005-08-02 22:11:42.000,1.216400,1.216700,D
173775551,EUR/USD,2005-08-02 22:11:54.000,1.216300,1.216600,D
173775553,EUR/USD,2005-08-02 22:11:54.000,1.216400,1.216700,D
173775556,EUR/USD,2005-08-02 22:11:55.000,1.216300,1.216600,D
173775562,EUR/USD,2005-08-02 22:11:59.000,1.216200,1.216500,D
173775566,EUR/USD,2005-08-02 22:11:59.000,1.216300,1.216600,D
173775585,EUR/USD,2005-08-02 22:12:03.000,1.216400,1.216700,D
173775631,EUR/USD,2005-08-02 22:12:14.000,1.216300,1.216600,D
173775671,EUR/USD,2005-08-02 22:12:25.000,1.216200,1.216500,D
173775720,EUR/USD,2005-08-02 22:12:42.000,1.216300,1.216600,D
173775758,EUR/USD,2005-08-02 22:12:49.000,1.216200,1.216500,D
173775773,EUR/USD,2005-08-02 22:12:53.000,1.216300,1.216600,D
173775823,EUR/USD,2005-08-02 22:13:07.000,1.216200,1.216500,D
173775849,EUR/USD,2005-08-02 22:13:15.000,1.216300,1.216600,D
173775885,EUR/USD,2005-08-02 22:13:30.000,1.216400,1.216700,D
173775956,EUR/USD,2005-08-02 22:13:53.000,1.216500,1.216800,D
173775968,EUR/USD,2005-08-02 22:13:55.000,1.216400,1.216700,D
173775973,EUR/USD,2005-08-02 22:13:56.000,1.216500,1.216800,D
173776073,EUR/USD,2005-08-02 22:14:32.000,1.216600,1.216900,D
173776101,EUR/USD,2005-08-02 22:14:40.000,1.216500,1.216800,D
173776109,EUR/USD,2005-08-02 22:14:41.000,1.216600,1.216900,D
173776148,EUR/USD,2005-08-02 22:14:53.000,1.216700,1.217000,D
173776163,EUR/USD,2005-08-02 22:15:01.000,1.216800,1.217100,D
173776165,EUR/USD,2005-08-02 22:15:01.000,1.216900,1.217200,D
173776174,EUR/USD,2005-08-02 22:15:02.000,1.217000,1.217300,D
173776212,EUR/USD,2005-08-02 22:15:09.000,1.217100,1.217400,D
173776235,EUR/USD,2005-08-02 22:15:15.000,1.217000,1.217300,D
173776246,EUR/USD,2005-08-02 22:15:18.000,1.217100,1.217400,D
173776248,EUR/USD,2005-08-02 22:15:20.000,1.217000,1.217300,D
173776264,EUR/USD,2005-08-02 22:15:24.000,1.217100,1.217400,D
173776269,EUR/USD,2005-08-02 22:15:25.000,1.217000,1.217300,D
173776278,EUR/USD,2005-08-02 22:15:27.000,1.217100,1.217400,D
173776291,EUR/USD,2005-08-02 22:15:32.000,1.217000,1.217300,D
173776294,EUR/USD,2005-08-02 22:15:32.000,1.217100,1.217400,D
173776300,EUR/USD,2005-08-02 22:15:32.000,1.217000,1.217300,D
173776307,EUR/USD,2005-08-02 22:15:34.000,1.217100,1.217400,D
173776311,EUR/USD,2005-08-02 22:15:35.000,1.217000,1.217300,D
173776322,EUR/USD,2005-08-02 22:15:37.000,1.217100,1.217400,D
173776332,EUR/USD,2005-08-02 22:15:38.000,1.217000,1.217300,D
173776345,EUR/USD,2005-08-02 22:15:42.000,1.216900,1.217200,D
173776349,EUR/USD,2005-08-02 22:15:42.000,1.217000,1.217300,D
173776357,EUR/USD,2005-08-02 22:15:45.000,1.216900,1.217200,D
173776386,EUR/USD,2005-08-02 22:15:53.000,1.216800,1.217100,D
173776395,EUR/USD,2005-08-02 22:15:54.000,1.216900,1.217200,D
173776420,EUR/USD,2005-08-02 22:15:56.000,1.216800,1.217100,D
173776432,EUR/USD,2005-08-02 22:16:00.000,1.216900,1.217200,D
173776462,EUR/USD,2005-08-02 22:16:06.000,1.216800,1.217100,D
173776498,EUR/USD,2005-08-02 22:16:28.000,1.216900,1.217200,D
173776517,EUR/USD,2005-08-02 22:16:48.000,1.216800,1.217100,D
173776613,EUR/USD,2005-08-02 22:17:58.000,1.216700,1.217000,D
173776631,EUR/USD,2005-08-02 22:18:15.000,1.216800,1.217100,D
173776634,EUR/USD,2005-08-02 22:18:20.000,1.216700,1.217000,D
173776642,EUR/USD,2005-08-02 22:18:23.000,1.216800,1.217100,D
173776681,EUR/USD,2005-08-02 22:18:37.000,1.216700,1.217000,D
173776685,EUR/USD,2005-08-02 22:18:39.000,1.216800,1.217100,D
173776702,EUR/USD,2005-08-02 22:19:00.000,1.216700,1.217000,D
173776795,EUR/USD,2005-08-02 22:20:12.000,1.216800,1.217100,D
173776896,EUR/USD,2005-08-02 22:22:20.000,1.216700,1.217000,D
173776945,EUR/USD,2005-08-02 22:24:20.000,1.216600,1.216900,D
173776980,EUR/USD,2005-08-02 22:24:47.000,1.216700,1.217000,D
173776997,EUR/USD,2005-08-02 22:25:00.000,1.216600,1.216900,D
173777001,EUR/USD,2005-08-02 22:25:00.000,1.216700,1.217000,D
173777023,EUR/USD,2005-08-02 22:25:20.000,1.216600,1.216900,D
173777051,EUR/USD,2005-08-02 22:25:57.000,1.216500,1.216800,D
173777055,EUR/USD,2005-08-02 22:25:59.000,1.216600,1.216900,D
173777120,EUR/USD,2005-08-02 22:26:44.000,1.216500,1.216800,D
173777123,EUR/USD,2005-08-02 22:26:45.000,1.216600,1.216900,D
173777126,EUR/USD,2005-08-02 22:26:46.000,1.216700,1.217000,D
173777132,EUR/USD,2005-08-02 22:26:49.000,1.216600,1.216900,D
173777143,EUR/USD,2005-08-02 22:27:23.000,1.216500,1.216800,D
173777147,EUR/USD,2005-08-02 22:27:31.000,1.216600,1.216900,D
173777210,EUR/USD,2005-08-02 22:28:57.000,1.216700,1.217000,D
173777212,EUR/USD,2005-08-02 22:28:58.000,1.216600,1.216900,D
173777226,EUR/USD,2005-08-02 22:29:05.000,1.216700,1.217000,D
173777232,EUR/USD,2005-08-02 22:29:05.000,1.216600,1.216900,D
173777260,EUR/USD,2005-08-02 22:29:25.000,1.216500,1.216800,D
173777271,EUR/USD,2005-08-02 22:29:27.000,1.216600,1.216900,D
173777287,EUR/USD,2005-08-02 22:29:44.000,1.216500,1.216800,D
173777315,EUR/USD,2005-08-02 22:30:09.000,1.216600,1.216900,D
173777323,EUR/USD,2005-08-02 22:30:15.000,1.216500,1.216800,D
173777326,EUR/USD,2005-08-02 22:30:19.000,1.216600,1.216900,D
173777509,EUR/USD,2005-08-02 22:32:42.000,1.216500,1.216800,D
173777568,EUR/USD,2005-08-02 22:33:46.000,1.216600,1.216900,D
173777571,EUR/USD,2005-08-02 22:33:46.000,1.216500,1.216800,D
173777579,EUR/USD,2005-08-02 22:33:53.000,1.216600,1.216900,D
173777585,EUR/USD,2005-08-02 22:34:03.000,1.216500,1.216800,D
173777616,EUR/USD,2005-08-02 22:34:43.000,1.216400,1.216700,D
173777670,EUR/USD,2005-08-02 22:35:13.000,1.216300,1.216600,D
173777677,EUR/USD,2005-08-02 22:35:14.000,1.216200,1.216500,D
173777694,EUR/USD,2005-08-02 22:35:15.000,1.216100,1.216400,D
173777697,EUR/USD,2005-08-02 22:35:16.000,1.216200,1.216500,D
173777711,EUR/USD,2005-08-02 22:35:17.000,1.216300,1.216600,D
173777722,EUR/USD,2005-08-02 22:35:18.000,1.216200,1.216500,D
173777748,EUR/USD,2005-08-02 22:35:25.000,1.216300,1.216600,D
173777754,EUR/USD,2005-08-02 22:35:26.000,1.216200,1.216500,D
173777768,EUR/USD,2005-08-02 22:35:31.000,1.216300,1.216600,D
173777775,EUR/USD,2005-08-02 22:35:31.000,1.216200,1.216500,D
173777781,EUR/USD,2005-08-02 22:35:33.000,1.216300,1.216600,D
173777798,EUR/USD,2005-08-02 22:35:35.000,1.216200,1.216500,D
173777816,EUR/USD,2005-08-02 22:35:38.000,1.216100,1.216400,D
173777817,EUR/USD,2005-08-02 22:35:38.000,1.216200,1.216500,D
173777823,EUR/USD,2005-08-02 22:35:40.000,1.216100,1.216400,D
173777828,EUR/USD,2005-08-02 22:35:42.000,1.216200,1.216500,D
173777836,EUR/USD,2005-08-02 22:35:43.000,1.216100,1.216400,D
173777853,EUR/USD,2005-08-02 22:35:48.000,1.216200,1.216500,D
173777855,EUR/USD,2005-08-02 22:35:48.000,1.216100,1.216400,D
173777889,EUR/USD,2005-08-02 22:36:10.000,1.216200,1.216500,D
173777899,EUR/USD,2005-08-02 22:36:13.000,1.216100,1.216400,D
173777900,EUR/USD,2005-08-02 22:36:13.000,1.216200,1.216500,D
173777913,EUR/USD,2005-08-02 22:36:16.000,1.216100,1.216400,D
173777920,EUR/USD,2005-08-02 22:36:23.000,1.216200,1.216500,D
173777921,EUR/USD,2005-08-02 22:36:24.000,1.216100,1.216400,D
173777987,EUR/USD,2005-08-02 22:37:05.000,1.216000,1.216300,D
173777995,EUR/USD,2005-08-02 22:37:10.000,1.216100,1.216400,D
173778014,EUR/USD,2005-08-02 22:37:22.000,1.216000,1.216300,D
173778028,EUR/USD,2005-08-02 22:37:32.000,1.216100,1.216400,D
173778033,EUR/USD,2005-08-02 22:37:36.000,1.216000,1.216300,D
173778037,EUR/USD,2005-08-02 22:37:37.000,1.216100,1.216400,D
173778206,EUR/USD,2005-08-02 22:39:53.000,1.216000,1.216300,D
173778208,EUR/USD,2005-08-02 22:39:54.000,1.216100,1.216400,D
173778257,EUR/USD,2005-08-02 22:40:46.000,1.216000,1.216300,D
173778268,EUR/USD,2005-08-02 22:40:50.000,1.216100,1.216400,D
173778296,EUR/USD,2005-08-02 22:41:16.000,1.216000,1.216300,D
173778298,EUR/USD,2005-08-02 22:41:17.000,1.216100,1.216400,D
173778304,EUR/USD,2005-08-02 22:41:18.000,1.216000,1.216300,D
173778325,EUR/USD,2005-08-02 22:41:25.000,1.215900,1.216200,D
173778380,EUR/USD,2005-08-02 22:41:47.000,1.215800,1.216100,D
173778391,EUR/USD,2005-08-02 22:41:51.000,1.215900,1.216200,D
173778437,EUR/USD,2005-08-02 22:42:15.000,1.216000,1.216300,D
173778483,EUR/USD,2005-08-02 22:42:39.000,1.216100,1.216400,D
173778511,EUR/USD,2005-08-02 22:42:46.000,1.216200,1.216500,D
173778548,EUR/USD,2005-08-02 22:43:06.000,1.216300,1.216600,D
173778549,EUR/USD,2005-08-02 22:43:07.000,1.216200,1.216500,D
173778552,EUR/USD,2005-08-02 22:43:10.000,1.216300,1.216600,D
173778614,EUR/USD,2005-08-02 22:43:46.000,1.216400,1.216700,D
173778633,EUR/USD,2005-08-02 22:43:58.000,1.216500,1.216800,D
173778642,EUR/USD,2005-08-02 22:44:00.000,1.216400,1.216700,D
173778652,EUR/USD,2005-08-02 22:44:12.000,1.216300,1.216600,D
173778713,EUR/USD,2005-08-02 22:44:44.000,1.216400,1.216700,D
173778723,EUR/USD,2005-08-02 22:44:45.000,1.216500,1.216800,D
173778733,EUR/USD,2005-08-02 22:44:51.000,1.216400,1.216700,D
173778748,EUR/USD,2005-08-02 22:44:53.000,1.216500,1.216800,D
173778777,EUR/USD,2005-08-02 22:44:59.000,1.216400,1.216700,D
173778784,EUR/USD,2005-08-02 22:45:00.000,1.216500,1.216800,D
173778797,EUR/USD,2005-08-02 22:45:03.000,1.216600,1.216900,D
173778816,EUR/USD,2005-08-02 22:45:05.000,1.216700,1.217000,D
173778819,EUR/USD,2005-08-02 22:45:05.000,1.216800,1.217100,D
173778840,EUR/USD,2005-08-02 22:45:09.000,1.216700,1.217000,D
173778871,EUR/USD,2005-08-02 22:45:16.000,1.216800,1.217100,D
173778906,EUR/USD,2005-08-02 22:45:23.000,1.216700,1.217000,D
173778930,EUR/USD,2005-08-02 22:45:36.000,1.216800,1.217100,D
173778944,EUR/USD,2005-08-02 22:45:41.000,1.216700,1.217000,D
173778953,EUR/USD,2005-08-02 22:45:50.000,1.216800,1.217100,D
173778955,EUR/USD,2005-08-02 22:45:52.000,1.216700,1.217000,D
173778959,EUR/USD,2005-08-02 22:45:57.000,1.216800,1.217100,D
173778962,EUR/USD,2005-08-02 22:46:00.000,1.216700,1.217000,D
173778964,EUR/USD,2005-08-02 22:46:02.000,1.216800,1.217100,D
173778975,EUR/USD,2005-08-02 22:46:07.000,1.216700,1.217000,D
173778981,EUR/USD,2005-08-02 22:46:11.000,1.216800,1.217100,D
173779003,EUR/USD,2005-08-02 22:46:15.000,1.216700,1.217000,D
173779008,EUR/USD,2005-08-02 22:46:16.000,1.216800,1.217100,D
173779022,EUR/USD,2005-08-02 22:46:23.000,1.216700,1.217000,D
173779046,EUR/USD,2005-08-02 22:46:51.000,1.216800,1.217100,D
173779090,EUR/USD,2005-08-02 22:47:19.000,1.216700,1.217000,D
173779093,EUR/USD,2005-08-02 22:47:26.000,1.216800,1.217100,D
173779118,EUR/USD,2005-08-02 22:47:39.000,1.216700,1.217000,D
173779131,EUR/USD,2005-08-02 22:47:43.000,1.216800,1.217100,D
173779159,EUR/USD,2005-08-02 22:47:59.000,1.216900,1.217200,D
173779174,EUR/USD,2005-08-02 22:48:04.000,1.217000,1.217300,D
173779202,EUR/USD,2005-08-02 22:48:09.000,1.216900,1.217200,D
173779205,EUR/USD,2005-08-02 22:48:09.000,1.216800,1.217100,D
173779230,EUR/USD,2005-08-02 22:48:16.000,1.216900,1.217200,D
173779253,EUR/USD,2005-08-02 22:48:25.000,1.216800,1.217100,D
173779287,EUR/USD,2005-08-02 22:48:48.000,1.216900,1.217200,D
173779303,EUR/USD,2005-08-02 22:48:51.000,1.216800,1.217100,D
173779310,EUR/USD,2005-08-02 22:48:55.000,1.216700,1.217000,D
173779315,EUR/USD,2005-08-02 22:48:56.000,1.216800,1.217100,D
173779319,EUR/USD,2005-08-02 22:48:57.000,1.216700,1.217000,D
173779327,EUR/USD,2005-08-02 22:49:00.000,1.216600,1.216900,D
173779351,EUR/USD,2005-08-02 22:49:04.000,1.216500,1.216800,D
173779363,EUR/USD,2005-08-02 22:49:09.000,1.216600,1.216900,D
173779366,EUR/USD,2005-08-02 22:49:09.000,1.216700,1.217000,D
173779372,EUR/USD,2005-08-02 22:49:11.000,1.216600,1.216900,D
173779376,EUR/USD,2005-08-02 22:49:12.000,1.216700,1.217000,D
173779380,EUR/USD,2005-08-02 22:49:14.000,1.216600,1.216900,D
173779382,EUR/USD,2005-08-02 22:49:14.000,1.216500,1.216800,D
173779385,EUR/USD,2005-08-02 22:49:14.000,1.216600,1.216900,D
173779391,EUR/USD,2005-08-02 22:49:17.000,1.216700,1.217000,D
173779394,EUR/USD,2005-08-02 22:49:18.000,1.216600,1.216900,D
173779397,EUR/USD,2005-08-02 22:49:22.000,1.216500,1.216800,D
173779455,EUR/USD,2005-08-02 22:49:40.000,1.216600,1.216900,D
173779457,EUR/USD,2005-08-02 22:49:41.000,1.216700,1.217000,D
173779478,EUR/USD,2005-08-02 22:49:48.000,1.216600,1.216900,D
173779484,EUR/USD,2005-08-02 22:49:49.000,1.216500,1.216800,D
173779492,EUR/USD,2005-08-02 22:49:51.000,1.216600,1.216900,D
173779498,EUR/USD,2005-08-02 22:49:53.000,1.216500,1.216800,D
173779505,EUR/USD,2005-08-02 22:49:54.000,1.216600,1.216900,D
173779510,EUR/USD,2005-08-02 22:49:54.000,1.216500,1.216800,D
173779520,EUR/USD,2005-08-02 22:50:00.000,1.216600,1.216900,D
173779532,EUR/USD,2005-08-02 22:50:06.000,1.216700,1.217000,D
173779543,EUR/USD,2005-08-02 22:50:09.000,1.216600,1.216900,D
173779552,EUR/USD,2005-08-02 22:50:14.000,1.216700,1.217000,D
173779554,EUR/USD,2005-08-02 22:50:15.000,1.216600,1.216900,D
173779560,EUR/USD,2005-08-02 22:50:16.000,1.216700,1.217000,D
173779569,EUR/USD,2005-08-02 22:50:21.000,1.216600,1.216900,D
173779570,EUR/USD,2005-08-02 22:50:22.000,1.216500,1.216800,D
173779575,EUR/USD,2005-08-02 22:50:23.000,1.216600,1.216900,D
173779577,EUR/USD,2005-08-02 22:50:23.000,1.216700,1.217000,D
173779586,EUR/USD,2005-08-02 22:50:25.000,1.216600,1.216900,D
173779593,EUR/USD,2005-08-02 22:50:25.000,1.216700,1.217000,D
173779625,EUR/USD,2005-08-02 22:51:24.000,1.216600,1.216900,D
173779633,EUR/USD,2005-08-02 22:51:35.000,1.216700,1.217000,D
173779636,EUR/USD,2005-08-02 22:51:36.000,1.216600,1.216900,D
173779643,EUR/USD,2005-08-02 22:51:42.000,1.216700,1.217000,D
173779684,EUR/USD,2005-08-02 22:51:54.000,1.216600,1.216900,D
173779687,EUR/USD,2005-08-02 22:51:55.000,1.216500,1.216800,D
173779746,EUR/USD,2005-08-02 22:52:48.000,1.216400,1.216700,D
173779800,EUR/USD,2005-08-02 22:53:30.000,1.216500,1.216800,D
173779833,EUR/USD,2005-08-02 22:53:56.000,1.216600,1.216900,D
173779854,EUR/USD,2005-08-02 22:55:23.000,1.216500,1.216800,D
173779878,EUR/USD,2005-08-02 22:55:51.000,1.216600,1.216900,D
173779885,EUR/USD,2005-08-02 22:55:54.000,1.216400,1.216700,D
173779894,EUR/USD,2005-08-02 22:55:56.000,1.216500,1.216800,D
173779895,EUR/USD,2005-08-02 22:55:56.000,1.216600,1.216900,D
173779909,EUR/USD,2005-08-02 22:56:06.000,1.216500,1.216800,D
173779927,EUR/USD,2005-08-02 22:56:30.000,1.216400,1.216700,D
173779974,EUR/USD,2005-08-02 22:57:43.000,1.216500,1.216800,D
173779984,EUR/USD,2005-08-02 22:58:05.000,1.216400,1.216700,D
173780000,EUR/USD,2005-08-02 22:58:28.000,1.216500,1.216800,D
173780081,EUR/USD,2005-08-02 23:00:02.000,1.216600,1.216900,D
173780087,EUR/USD,2005-08-02 23:00:04.000,1.216700,1.217000,D
173780093,EUR/USD,2005-08-02 23:00:13.000,1.216600,1.216900,D
173780107,EUR/USD,2005-08-02 23:00:21.000,1.216500,1.216800,D
173780124,EUR/USD,2005-08-02 23:00:37.000,1.216600,1.216900,D
173780130,EUR/USD,2005-08-02 23:00:43.000,1.216500,1.216800,D
173780216,EUR/USD,2005-08-02 23:02:01.000,1.216600,1.216900,D
173780220,EUR/USD,2005-08-02 23:02:04.000,1.216500,1.216800,D
173780258,EUR/USD,2005-08-02 23:02:40.000,1.216400,1.216700,D
173780273,EUR/USD,2005-08-02 23:02:57.000,1.216500,1.216800,D
173780315,EUR/USD,2005-08-02 23:04:32.000,1.216600,1.216900,D
173780369,EUR/USD,2005-08-02 23:06:33.000,1.216500,1.216800,D
173780382,EUR/USD,2005-08-02 23:06:42.000,1.216600,1.216900,D
173780384,EUR/USD,2005-08-02 23:06:47.000,1.216500,1.216800,D
173780409,EUR/USD,2005-08-02 23:07:22.000,1.216400,1.216700,D
173780419,EUR/USD,2005-08-02 23:07:27.000,1.216500,1.216800,D
173780423,EUR/USD,2005-08-02 23:07:31.000,1.216400,1.216700,D
173780426,EUR/USD,2005-08-02 23:07:31.000,1.216500,1.216800,D
173780428,EUR/USD,2005-08-02 23:07:31.000,1.216400,1.216700,D
173780442,EUR/USD,2005-08-02 23:07:43.000,1.216500,1.216800,D
173780451,EUR/USD,2005-08-02 23:07:49.000,1.216400,1.216700,D
173780459,EUR/USD,2005-08-02 23:07:52.000,1.216500,1.216800,D
173780463,EUR/USD,2005-08-02 23:07:54.000,1.216400,1.216700,D
173780466,EUR/USD,2005-08-02 23:08:02.000,1.216500,1.216800,D
173780472,EUR/USD,2005-08-02 23:08:03.000,1.216400,1.216700,D
173780508,EUR/USD,2005-08-02 23:08:51.000,1.216300,1.216600,D
173780522,EUR/USD,2005-08-02 23:08:59.000,1.216200,1.216500,D
173780525,EUR/USD,2005-08-02 23:09:00.000,1.216300,1.216600,D
173780528,EUR/USD,2005-08-02 23:09:01.000,1.216200,1.216500,D
173780566,EUR/USD,2005-08-02 23:09:28.000,1.216100,1.216400,D
173780586,EUR/USD,2005-08-02 23:09:37.000,1.216200,1.216500,D
173780633,EUR/USD,2005-08-02 23:10:12.000,1.216300,1.216600,D
173780655,EUR/USD,2005-08-02 23:10:29.000,1.216400,1.216700,D
173780695,EUR/USD,2005-08-02 23:10:37.000,1.216300,1.216600,D
173780704,EUR/USD,2005-08-02 23:10:39.000,1.216400,1.216700,D
173780722,EUR/USD,2005-08-02 23:10:50.000,1.216300,1.216600,D
173780748,EUR/USD,2005-08-02 23:11:14.000,1.216400,1.216700,D
173780766,EUR/USD,2005-08-02 23:11:19.000,1.216300,1.216600,D
173780771,EUR/USD,2005-08-02 23:11:37.000,1.216400,1.216700,D
173780790,EUR/USD,2005-08-02 23:12:08.000,1.216500,1.216800,D
173780798,EUR/USD,2005-08-02 23:12:19.000,1.216400,1.216700,D
173780819,EUR/USD,2005-08-02 23:12:34.000,1.216300,1.216600,D
173780828,EUR/USD,2005-08-02 23:12:36.000,1.216400,1.216700,D
173781125,EUR/USD,2005-08-02 23:22:29.000,1.216500,1.216800,D
173781138,EUR/USD,2005-08-02 23:22:46.000,1.216400,1.216700,D
173781189,EUR/USD,2005-08-02 23:23:18.000,1.216300,1.216600,D
173781244,EUR/USD,2005-08-02 23:24:59.000,1.216200,1.216500,D
173781248,EUR/USD,2005-08-02 23:25:00.000,1.216300,1.216600,D
173781289,EUR/USD,2005-08-02 23:25:31.000,1.216200,1.216500,D
173781304,EUR/USD,2005-08-02 23:25:40.000,1.216300,1.216600,D
173781348,EUR/USD,2005-08-02 23:27:07.000,1.216400,1.216700,D
173781378,EUR/USD,2005-08-02 23:27:27.000,1.216300,1.216600,D
173781382,EUR/USD,2005-08-02 23:27:28.000,1.216400,1.216700,D
173781385,EUR/USD,2005-08-02 23:27:29.000,1.216300,1.216600,D
173781394,EUR/USD,2005-08-02 23:27:37.000,1.216200,1.216500,D
173781415,EUR/USD,2005-08-02 23:28:40.000,1.216300,1.216600,D
173781422,EUR/USD,2005-08-02 23:28:43.000,1.216200,1.216500,D
173781470,EUR/USD,2005-08-02 23:31:39.000,1.216100,1.216400,D
173781509,EUR/USD,2005-08-02 23:32:11.000,1.216200,1.216500,D
173781513,EUR/USD,2005-08-02 23:32:13.000,1.216100,1.216400,D
173781537,EUR/USD,2005-08-02 23:32:37.000,1.216200,1.216500,D
173781546,EUR/USD,2005-08-02 23:32:42.000,1.216100,1.216400,D
173781549,EUR/USD,2005-08-02 23:32:49.000,1.216200,1.216500,D
173781554,EUR/USD,2005-08-02 23:32:52.000,1.216300,1.216600,D
173781568,EUR/USD,2005-08-02 23:33:10.000,1.216200,1.216500,D
173781578,EUR/USD,2005-08-02 23:33:33.000,1.216100,1.216400,D
173781592,EUR/USD,2005-08-02 23:34:10.000,1.216200,1.216500,D
173781600,EUR/USD,2005-08-02 23:34:32.000,1.216300,1.216600,D
173781618,EUR/USD,2005-08-02 23:34:52.000,1.216200,1.216500,D
173781699,EUR/USD,2005-08-02 23:38:08.000,1.216300,1.216600,D
173781705,EUR/USD,2005-08-02 23:38:09.000,1.216400,1.216700,D
173781719,EUR/USD,2005-08-02 23:38:21.000,1.216300,1.216600,D
173781758,EUR/USD,2005-08-02 23:39:08.000,1.216400,1.216700,D
173781813,EUR/USD,2005-08-02 23:39:41.000,1.216500,1.216800,D
173781816,EUR/USD,2005-08-02 23:39:45.000,1.216400,1.216700,D
173781820,EUR/USD,2005-08-02 23:39:48.000,1.216500,1.216800,D
173781859,EUR/USD,2005-08-02 23:40:23.000,1.216400,1.216700,D
173781868,EUR/USD,2005-08-02 23:40:26.000,1.216500,1.216800,D
173781870,EUR/USD,2005-08-02 23:40:26.000,1.216400,1.216700,D
173781877,EUR/USD,2005-08-02 23:40:27.000,1.216300,1.216600,D
173781889,EUR/USD,2005-08-02 23:40:29.000,1.216400,1.216700,D
173781891,EUR/USD,2005-08-02 23:40:29.000,1.216500,1.216800,D
173781903,EUR/USD,2005-08-02 23:40:34.000,1.216400,1.216700,D
173781905,EUR/USD,2005-08-02 23:40:35.000,1.216300,1.216600,D
173781908,EUR/USD,2005-08-02 23:40:35.000,1.216400,1.216700,D
173781911,EUR/USD,2005-08-02 23:40:35.000,1.216500,1.216800,D
173781915,EUR/USD,2005-08-02 23:40:36.000,1.216400,1.216700,D
173781933,EUR/USD,2005-08-02 23:40:46.000,1.216300,1.216600,D
173781935,EUR/USD,2005-08-02 23:40:47.000,1.216400,1.216700,D
173781952,EUR/USD,2005-08-02 23:41:00.000,1.216300,1.216600,D
173781959,EUR/USD,2005-08-02 23:41:02.000,1.216400,1.216700,D
173781971,EUR/USD,2005-08-02 23:41:04.000,1.216300,1.216600,D
173781982,EUR/USD,2005-08-02 23:41:06.000,1.216400,1.216700,D
173781988,EUR/USD,2005-08-02 23:41:09.000,1.216300,1.216600,D
173781992,EUR/USD,2005-08-02 23:41:09.000,1.216400,1.216700,D
173782000,EUR/USD,2005-08-02 23:41:10.000,1.216500,1.216800,D
173782044,EUR/USD,2005-08-02 23:41:32.000,1.216400,1.216700,D
173782054,EUR/USD,2005-08-02 23:41:46.000,1.216500,1.216800,D
173782088,EUR/USD,2005-08-02 23:42:03.000,1.216600,1.216900,D
173782150,EUR/USD,2005-08-02 23:42:29.000,1.216500,1.216800,D
173782164,EUR/USD,2005-08-02 23:42:39.000,1.216600,1.216900,D
173782174,EUR/USD,2005-08-02 23:42:50.000,1.216700,1.217000,D
173782176,EUR/USD,2005-08-02 23:42:52.000,1.216800,1.217100,D
173782185,EUR/USD,2005-08-02 23:43:00.000,1.216700,1.217000,D
173782189,EUR/USD,2005-08-02 23:43:01.000,1.216800,1.217100,D
173782210,EUR/USD,2005-08-02 23:43:10.000,1.216700,1.217000,D
173782214,EUR/USD,2005-08-02 23:43:10.000,1.216600,1.216900,D
173782250,EUR/USD,2005-08-02 23:43:32.000,1.216700,1.217000,D
173782289,EUR/USD,2005-08-02 23:44:15.000,1.216800,1.217100,D
173782312,EUR/USD,2005-08-02 23:44:27.000,1.216700,1.217000,D
173782318,EUR/USD,2005-08-02 23:44:27.000,1.216800,1.217100,D
173782380,EUR/USD,2005-08-02 23:44:53.000,1.216700,1.217000,D
173782415,EUR/USD,2005-08-02 23:45:04.000,1.216600,1.216900,D
173782422,EUR/USD,2005-08-02 23:45:09.000,1.216700,1.217000,D
173782428,EUR/USD,2005-08-02 23:45:12.000,1.216600,1.216900,D
173782437,EUR/USD,2005-08-02 23:45:20.000,1.216700,1.217000,D
173782498,EUR/USD,2005-08-02 23:45:48.000,1.216600,1.216900,D
173782508,EUR/USD,2005-08-02 23:45:54.000,1.216700,1.217000,D
173782517,EUR/USD,2005-08-02 23:45:57.000,1.216600,1.216900,D
173782524,EUR/USD,2005-08-02 23:45:59.000,1.216700,1.217000,D
173782542,EUR/USD,2005-08-02 23:46:06.000,1.216600,1.216900,D
173782546,EUR/USD,2005-08-02 23:46:09.000,1.216500,1.216800,D
173782554,EUR/USD,2005-08-02 23:46:10.000,1.216600,1.216900,D
173782561,EUR/USD,2005-08-02 23:46:13.000,1.216500,1.216800,D
173782582,EUR/USD,2005-08-02 23:46:26.000,1.216600,1.216900,D
173782619,EUR/USD,2005-08-02 23:46:50.000,1.216700,1.217000,D
173782637,EUR/USD,2005-08-02 23:47:13.000,1.216600,1.216900,D
173782640,EUR/USD,2005-08-02 23:47:14.000,1.216700,1.217000,D
173782641,EUR/USD,2005-08-02 23:47:14.000,1.216600,1.216900,D
173782678,EUR/USD,2005-08-02 23:47:30.000,1.216700,1.217000,D
173782681,EUR/USD,2005-08-02 23:47:31.000,1.216800,1.217100,D
173782687,EUR/USD,2005-08-02 23:47:32.000,1.216700,1.217000,D
173782713,EUR/USD,2005-08-02 23:47:43.000,1.216600,1.216900,D
173782716,EUR/USD,2005-08-02 23:47:43.000,1.216500,1.216800,D
173782719,EUR/USD,2005-08-02 23:47:43.000,1.216600,1.216900,D
173782767,EUR/USD,2005-08-02 23:48:27.000,1.216700,1.217000,D
173782784,EUR/USD,2005-08-02 23:48:46.000,1.216800,1.217100,D
173782804,EUR/USD,2005-08-02 23:49:28.000,1.216700,1.217000,D
173782818,EUR/USD,2005-08-02 23:50:01.000,1.216800,1.217100,D
173782822,EUR/USD,2005-08-02 23:50:02.000,1.216700,1.217000,D
173782949,EUR/USD,2005-08-02 23:51:06.000,1.216800,1.217100,D
173782951,EUR/USD,2005-08-02 23:51:07.000,1.216900,1.217200,D
173782960,EUR/USD,2005-08-02 23:51:07.000,1.216800,1.217100,D
173782978,EUR/USD,2005-08-02 23:51:10.000,1.216900,1.217200,D
173782979,EUR/USD,2005-08-02 23:51:10.000,1.216800,1.217100,D
173783035,EUR/USD,2005-08-02 23:51:51.000,1.216700,1.217000,D
173783096,EUR/USD,2005-08-02 23:52:49.000,1.216600,1.216900,D
173783100,EUR/USD,2005-08-02 23:52:49.000,1.216500,1.216800,D
173783210,EUR/USD,2005-08-02 23:55:46.000,1.216400,1.216700,D
173783300,EUR/USD,2005-08-02 23:57:10.000,1.216300,1.216600,D
173783321,EUR/USD,2005-08-02 23:57:25.000,1.216200,1.216500,D
173783333,EUR/USD,2005-08-02 23:57:32.000,1.216300,1.216600,D
173783353,EUR/USD,2005-08-02 23:58:02.000,1.216400,1.216700,D
173783357,EUR/USD,2005-08-02 23:58:07.000,1.216300,1.216600,D
173783360,EUR/USD,2005-08-02 23:58:08.000,1.216400,1.216700,D
173783380,EUR/USD,2005-08-02 23:58:19.000,1.216300,1.216600,D
173783389,EUR/USD,2005-08-02 23:58:22.000,1.216400,1.216700,D
173783393,EUR/USD,2005-08-02 23:58:23.000,1.216300,1.216600,D
173783403,EUR/USD,2005-08-02 23:58:29.000,1.216400,1.216700,D
173783411,EUR/USD,2005-08-02 23:58:31.000,1.216300,1.216600,D
173783506,EUR/USD,2005-08-03 00:00:44.000,1.216200,1.216500,D
173783514,EUR/USD,2005-08-03 00:00:51.000,1.216300,1.216600,D
173783519,EUR/USD,2005-08-03 00:00:58.000,1.216200,1.216500,D
173783569,EUR/USD,2005-08-03 00:01:17.000,1.216100,1.216400,D
173783582,EUR/USD,2005-08-03 00:01:19.000,1.216200,1.216500,D
173783591,EUR/USD,2005-08-03 00:01:26.000,1.216100,1.216400,D
173783637,EUR/USD,2005-08-03 00:01:48.000,1.216200,1.216500,D
173783703,EUR/USD,2005-08-03 00:02:41.000,1.216300,1.216600,D
173783706,EUR/USD,2005-08-03 00:02:44.000,1.216200,1.216500,D
173783710,EUR/USD,2005-08-03 00:02:52.000,1.216300,1.216600,D
173783721,EUR/USD,2005-08-03 00:03:13.000,1.216200,1.216500,D
173783766,EUR/USD,2005-08-03 00:04:53.000,1.216100,1.216400,D
173783803,EUR/USD,2005-08-03 00:05:24.000,1.216000,1.216300,D
173783809,EUR/USD,2005-08-03 00:05:25.000,1.216100,1.216400,D
173783828,EUR/USD,2005-08-03 00:05:32.000,1.216000,1.216300,D
173783912,EUR/USD,2005-08-03 00:06:31.000,1.216100,1.216400,D
173783924,EUR/USD,2005-08-03 00:06:34.000,1.216000,1.216300,D
173783937,EUR/USD,2005-08-03 00:06:38.000,1.216100,1.216400,D
173783959,EUR/USD,2005-08-03 00:06:54.000,1.216200,1.216500,D
173783998,EUR/USD,2005-08-03 00:07:21.000,1.216100,1.216400,D
173784002,EUR/USD,2005-08-03 00:07:23.000,1.216200,1.216500,D
173784008,EUR/USD,2005-08-03 00:07:24.000,1.216100,1.216400,D
173784013,EUR/USD,2005-08-03 00:07:25.000,1.216200,1.216500,D
173784016,EUR/USD,2005-08-03 00:07:27.000,1.216100,1.216400,D
173784083,EUR/USD,2005-08-03 00:09:54.000,1.216000,1.216300,D
173784113,EUR/USD,2005-08-03 00:10:06.000,1.215900,1.216200,D
173784119,EUR/USD,2005-08-03 00:10:07.000,1.216000,1.216300,D
173784131,EUR/USD,2005-08-03 00:10:13.000,1.215900,1.216200,D
173784145,EUR/USD,2005-08-03 00:10:21.000,1.216000,1.216300,D
173784149,EUR/USD,2005-08-03 00:10:31.000,1.215900,1.216200,D
173784168,EUR/USD,2005-08-03 00:10:49.000,1.216000,1.216300,D
173784173,EUR/USD,2005-08-03 00:10:50.000,1.216100,1.216400,D
173784178,EUR/USD,2005-08-03 00:10:51.000,1.216000,1.216300,D
173784256,EUR/USD,2005-08-03 00:12:10.000,1.215900,1.216200,D
173784260,EUR/USD,2005-08-03 00:12:11.000,1.216000,1.216300,D
173784261,EUR/USD,2005-08-03 00:12:14.000,1.215900,1.216200,D
173784270,EUR/USD,2005-08-03 00:12:22.000,1.215800,1.216100,D
173784281,EUR/USD,2005-08-03 00:12:27.000,1.215900,1.216200,D
173784285,EUR/USD,2005-08-03 00:12:28.000,1.215800,1.216100,D
173784363,EUR/USD,2005-08-03 00:12:56.000,1.215700,1.216000,D
173784371,EUR/USD,2005-08-03 00:12:57.000,1.215800,1.216100,D
173784419,EUR/USD,2005-08-03 00:13:11.000,1.215700,1.216000,D
173784426,EUR/USD,2005-08-03 00:13:14.000,1.215800,1.216100,D
173784445,EUR/USD,2005-08-03 00:13:24.000,1.215900,1.216200,D
173784503,EUR/USD,2005-08-03 00:13:49.000,1.216000,1.216300,D
173784518,EUR/USD,2005-08-03 00:14:02.000,1.215900,1.216200,D
173784598,EUR/USD,2005-08-03 00:15:16.000,1.215800,1.216100,D
173784618,EUR/USD,2005-08-03 00:15:25.000,1.215900,1.216200,D
173784626,EUR/USD,2005-08-03 00:15:33.000,1.215800,1.216100,D
173784640,EUR/USD,2005-08-03 00:16:02.000,1.215900,1.216200,D
173784658,EUR/USD,2005-08-03 00:16:32.000,1.215800,1.216100,D
173784674,EUR/USD,2005-08-03 00:16:50.000,1.215900,1.216200,D
173784680,EUR/USD,2005-08-03 00:16:53.000,1.215800,1.216100,D
173784698,EUR/USD,2005-08-03 00:17:02.000,1.215700,1.216000,D
173784708,EUR/USD,2005-08-03 00:17:21.000,1.215800,1.216100,D
173784745,EUR/USD,2005-08-03 00:17:53.000,1.215700,1.216000,D
173784753,EUR/USD,2005-08-03 00:17:56.000,1.215800,1.216100,D
173784762,EUR/USD,2005-08-03 00:17:56.000,1.215700,1.216000,D
173784778,EUR/USD,2005-08-03 00:18:19.000,1.215800,1.216100,D
173784784,EUR/USD,2005-08-03 00:18:29.000,1.215700,1.216000,D
173784792,EUR/USD,2005-08-03 00:18:36.000,1.215800,1.216100,D
173784796,EUR/USD,2005-08-03 00:18:39.000,1.215700,1.216000,D
173784801,EUR/USD,2005-08-03 00:18:40.000,1.215800,1.216100,D
173784883,EUR/USD,2005-08-03 00:20:39.000,1.215900,1.216200,D
173784903,EUR/USD,2005-08-03 00:20:56.000,1.216000,1.216300,D
173784910,EUR/USD,2005-08-03 00:20:58.000,1.215900,1.216200,D
173784946,EUR/USD,2005-08-03 00:22:12.000,1.216000,1.216300,D
173784955,EUR/USD,2005-08-03 00:22:36.000,1.216100,1.216400,D
173784974,EUR/USD,2005-08-03 00:23:03.000,1.216000,1.216300,D
173784979,EUR/USD,2005-08-03 00:23:08.000,1.216100,1.216400,D
173785005,EUR/USD,2005-08-03 00:23:16.000,1.216000,1.216300,D
173785022,EUR/USD,2005-08-03 00:23:26.000,1.216100,1.216400,D
173785070,EUR/USD,2005-08-03 00:23:51.000,1.216200,1.216500,D
173785071,EUR/USD,2005-08-03 00:23:51.000,1.216100,1.216400,D
173785103,EUR/USD,2005-08-03 00:24:35.000,1.216000,1.216300,D
173785140,EUR/USD,2005-08-03 00:25:39.000,1.215900,1.216200,D
173785167,EUR/USD,2005-08-03 00:25:51.000,1.215800,1.216100,D
173785177,EUR/USD,2005-08-03 00:25:56.000,1.215900,1.216200,D
173785184,EUR/USD,2005-08-03 00:25:57.000,1.216000,1.216300,D
173785189,EUR/USD,2005-08-03 00:26:01.000,1.215900,1.216200,D
173785194,EUR/USD,2005-08-03 00:26:03.000,1.216000,1.216300,D
173785227,EUR/USD,2005-08-03 00:26:32.000,1.215900,1.216200,D
173785239,EUR/USD,2005-08-03 00:26:36.000,1.216000,1.216300,D
173785250,EUR/USD,2005-08-03 00:26:39.000,1.215900,1.216200,D
173785254,EUR/USD,2005-08-03 00:26:40.000,1.216000,1.216300,D
173785282,EUR/USD,2005-08-03 00:26:50.000,1.215900,1.216200,D
173785286,EUR/USD,2005-08-03 00:26:51.000,1.216000,1.216300,D
173785315,EUR/USD,2005-08-03 00:27:06.000,1.216100,1.216400,D
173785325,EUR/USD,2005-08-03 00:27:08.000,1.216000,1.216300,D
173785336,EUR/USD,2005-08-03 00:27:10.000,1.216100,1.216400,D
173785345,EUR/USD,2005-08-03 00:27:11.000,1.216000,1.216300,D
173785353,EUR/USD,2005-08-03 00:27:12.000,1.216100,1.216400,D
173785357,EUR/USD,2005-08-03 00:27:15.000,1.216000,1.216300,D
173785419,EUR/USD,2005-08-03 00:28:34.000,1.215900,1.216200,D
173785421,EUR/USD,2005-08-03 00:28:35.000,1.216000,1.216300,D
173785442,EUR/USD,2005-08-03 00:28:55.000,1.216100,1.216400,D
173785471,EUR/USD,2005-08-03 00:29:16.000,1.216000,1.216300,D
173785479,EUR/USD,2005-08-03 00:29:17.000,1.216100,1.216400,D
173785530,EUR/USD,2005-08-03 00:29:44.000,1.216200,1.216500,D
173785633,EUR/USD,2005-08-03 00:31:06.000,1.216100,1.216400,D
173785640,EUR/USD,2005-08-03 00:31:07.000,1.216200,1.216500,D
173785674,EUR/USD,2005-08-03 00:31:34.000,1.216300,1.216600,D
173785707,EUR/USD,2005-08-03 00:31:50.000,1.216200,1.216500,D
173785733,EUR/USD,2005-08-03 00:32:08.000,1.216100,1.216400,D
173785752,EUR/USD,2005-08-03 00:32:22.000,1.216000,1.216300,D
173785764,EUR/USD,2005-08-03 00:32:26.000,1.216100,1.216400,D
173785772,EUR/USD,2005-08-03 00:32:28.000,1.216000,1.216300,D
173785781,EUR/USD,2005-08-03 00:32:30.000,1.216100,1.216400,D
173785809,EUR/USD,2005-08-03 00:32:35.000,1.216000,1.216300,D
173785834,EUR/USD,2005-08-03 00:32:57.000,1.216100,1.216400,D
173785856,EUR/USD,2005-08-03 00:33:17.000,1.216000,1.216300,D
173785860,EUR/USD,2005-08-03 00:33:20.000,1.216100,1.216400,D
173785894,EUR/USD,2005-08-03 00:33:49.000,1.216000,1.216300,D
173785896,EUR/USD,2005-08-03 00:33:50.000,1.216100,1.216400,D
173785941,EUR/USD,2005-08-03 00:34:26.000,1.216200,1.216500,D
173785977,EUR/USD,2005-08-03 00:35:10.000,1.216300,1.216600,D
173785990,EUR/USD,2005-08-03 00:35:16.000,1.216400,1.216700,D
173786005,EUR/USD,2005-08-03 00:35:23.000,1.216300,1.216600,D
173786009,EUR/USD,2005-08-03 00:35:24.000,1.216400,1.216700,D
173786029,EUR/USD,2005-08-03 00:35:41.000,1.216300,1.216600,D
173786057,EUR/USD,2005-08-03 00:36:07.000,1.216200,1.216500,D
173786061,EUR/USD,2005-08-03 00:36:09.000,1.216300,1.216600,D
173786080,EUR/USD,2005-08-03 00:36:20.000,1.216400,1.216700,D
173786106,EUR/USD,2005-08-03 00:36:52.000,1.216300,1.216600,D
173786110,EUR/USD,2005-08-03 00:37:02.000,1.216400,1.216700,D
173786143,EUR/USD,2005-08-03 00:37:38.000,1.216300,1.216600,D
173786148,EUR/USD,2005-08-03 00:37:39.000,1.216400,1.216700,D
173786197,EUR/USD,2005-08-03 00:38:44.000,1.216300,1.216600,D
173786200,EUR/USD,2005-08-03 00:38:44.000,1.216400,1.216700,D
173786206,EUR/USD,2005-08-03 00:38:46.000,1.216300,1.216600,D
173786208,EUR/USD,2005-08-03 00:38:46.000,1.216400,1.216700,D
173786218,EUR/USD,2005-08-03 00:38:50.000,1.216300,1.216600,D
173786230,EUR/USD,2005-08-03 00:38:56.000,1.216200,1.216500,D
173786234,EUR/USD,2005-08-03 00:38:59.000,1.216300,1.216600,D
173786259,EUR/USD,2005-08-03 00:39:42.000,1.216200,1.216500,D
173786271,EUR/USD,2005-08-03 00:39:58.000,1.216300,1.216600,D
173786309,EUR/USD,2005-08-03 00:40:30.000,1.216200,1.216500,D
173786381,EUR/USD,2005-08-03 00:41:12.000,1.216300,1.216600,D
173786393,EUR/USD,2005-08-03 00:41:16.000,1.216400,1.216700,D
173786402,EUR/USD,2005-08-03 00:41:18.000,1.216300,1.216600,D
173786444,EUR/USD,2005-08-03 00:42:06.000,1.216200,1.216500,D
173786456,EUR/USD,2005-08-03 00:42:25.000,1.216300,1.216600,D
173786459,EUR/USD,2005-08-03 00:42:32.000,1.216400,1.216700,D
173786479,EUR/USD,2005-08-03 00:42:54.000,1.216500,1.216800,D
173786544,EUR/USD,2005-08-03 00:44:13.000,1.216400,1.216700,D
173786573,EUR/USD,2005-08-03 00:44:43.000,1.216300,1.216600,D
173786607,EUR/USD,2005-08-03 00:45:18.000,1.216400,1.216700,D
173786749,EUR/USD,2005-08-03 00:48:03.000,1.216500,1.216800,D
173786768,EUR/USD,2005-08-03 00:48:26.000,1.216400,1.216700,D
173786866,EUR/USD,2005-08-03 00:51:04.000,1.216500,1.216800,D
173786867,EUR/USD,2005-08-03 00:51:04.000,1.216400,1.216700,D
173786923,EUR/USD,2005-08-03 00:51:41.000,1.216500,1.216800,D
173786931,EUR/USD,2005-08-03 00:51:43.000,1.216400,1.216700,D
173787004,EUR/USD,2005-08-03 00:52:54.000,1.216500,1.216800,D
173787052,EUR/USD,2005-08-03 00:53:23.000,1.216400,1.216700,D
173787109,EUR/USD,2005-08-03 00:54:24.000,1.216300,1.216600,D
173787122,EUR/USD,2005-08-03 00:54:27.000,1.216400,1.216700,D
173787159,EUR/USD,2005-08-03 00:54:51.000,1.216300,1.216600,D
173787217,EUR/USD,2005-08-03 00:55:24.000,1.216200,1.216500,D
173787245,EUR/USD,2005-08-03 00:55:37.000,1.216100,1.216400,D
173787261,EUR/USD,2005-08-03 00:55:40.000,1.216200,1.216500,D
173787265,EUR/USD,2005-08-03 00:55:46.000,1.216100,1.216400,D
173787291,EUR/USD,2005-08-03 00:56:38.000,1.216000,1.216300,D
173787306,EUR/USD,2005-08-03 00:56:45.000,1.216100,1.216400,D
173787363,EUR/USD,2005-08-03 00:57:21.000,1.216200,1.216500,D
173787435,EUR/USD,2005-08-03 00:58:56.000,1.216300,1.216600,D
173787464,EUR/USD,2005-08-03 00:59:28.000,1.216200,1.216500,D
173787479,EUR/USD,2005-08-03 01:00:13.000,1.216300,1.216600,D
173787485,EUR/USD,2005-08-03 01:00:25.000,1.216200,1.216500,D
173787530,EUR/USD,2005-08-03 01:02:30.000,1.216100,1.216400,D
173787544,EUR/USD,2005-08-03 01:02:45.000,1.216200,1.216500,D
173787545,EUR/USD,2005-08-03 01:02:46.000,1.216100,1.216400,D
173787551,EUR/USD,2005-08-03 01:02:48.000,1.216000,1.216300,D
173787556,EUR/USD,2005-08-03 01:02:48.000,1.216100,1.216400,D
173787579,EUR/USD,2005-08-03 01:03:27.000,1.216000,1.216300,D
173787619,EUR/USD,2005-08-03 01:04:20.000,1.216100,1.216400,D
173787621,EUR/USD,2005-08-03 01:04:20.000,1.216000,1.216300,D
173787630,EUR/USD,2005-08-03 01:04:28.000,1.216100,1.216400,D
173787632,EUR/USD,2005-08-03 01:04:28.000,1.216000,1.216300,D
173787671,EUR/USD,2005-08-03 01:05:14.000,1.216100,1.216400,D
173787676,EUR/USD,2005-08-03 01:05:14.000,1.216000,1.216300,D
173787694,EUR/USD,2005-08-03 01:05:33.000,1.216100,1.216400,D
173787696,EUR/USD,2005-08-03 01:05:34.000,1.216000,1.216300,D
173787750,EUR/USD,2005-08-03 01:06:07.000,1.215900,1.216200,D
173787758,EUR/USD,2005-08-03 01:06:09.000,1.216000,1.216300,D
173787760,EUR/USD,2005-08-03 01:06:09.000,1.215900,1.216200,D
173787765,EUR/USD,2005-08-03 01:06:11.000,1.216000,1.216300,D
173787772,EUR/USD,2005-08-03 01:06:12.000,1.215900,1.216200,D
173787879,EUR/USD,2005-08-03 01:07:45.000,1.216000,1.216300,D
173787885,EUR/USD,2005-08-03 01:07:47.000,1.215900,1.216200,D
173787893,EUR/USD,2005-08-03 01:07:48.000,1.216000,1.216300,D
173787914,EUR/USD,2005-08-03 01:07:59.000,1.215900,1.216200,D
173787965,EUR/USD,2005-08-03 01:08:25.000,1.216000,1.216300,D
173788006,EUR/USD,2005-08-03 01:09:00.000,1.216100,1.216400,D
173788023,EUR/USD,2005-08-03 01:09:25.000,1.216000,1.216300,D
173788029,EUR/USD,2005-08-03 01:09:27.000,1.216100,1.216400,D
173788058,EUR/USD,2005-08-03 01:09:50.000,1.216000,1.216300,D
173788064,EUR/USD,2005-08-03 01:09:54.000,1.216100,1.216400,D
173788078,EUR/USD,2005-08-03 01:10:16.000,1.216000,1.216300,D
173788110,EUR/USD,2005-08-03 01:10:45.000,1.216100,1.216400,D
173788116,EUR/USD,2005-08-03 01:10:55.000,1.216000,1.216300,D
173788130,EUR/USD,2005-08-03 01:11:04.000,1.216100,1.216400,D
173788149,EUR/USD,2005-08-03 01:11:15.000,1.216000,1.216300,D
173788165,EUR/USD,2005-08-03 01:11:19.000,1.216100,1.216400,D
173788200,EUR/USD,2005-08-03 01:12:06.000,1.216200,1.216500,D
173788476,EUR/USD,2005-08-03 01:17:19.000,1.216100,1.216400,D
173788480,EUR/USD,2005-08-03 01:17:23.000,1.216200,1.216500,D
173788568,EUR/USD,2005-08-03 01:19:52.000,1.216300,1.216600,D
173788582,EUR/USD,2005-08-03 01:20:04.000,1.216200,1.216500,D
173788596,EUR/USD,2005-08-03 01:20:09.000,1.216300,1.216600,D
173788639,EUR/USD,2005-08-03 01:21:04.000,1.216200,1.216500,D
173788777,EUR/USD,2005-08-03 01:22:46.000,1.216100,1.216400,D
173788848,EUR/USD,2005-08-03 01:23:30.000,1.216200,1.216500,D
173788925,EUR/USD,2005-08-03 01:24:13.000,1.216100,1.216400,D
173788952,EUR/USD,2005-08-03 01:24:51.000,1.216200,1.216500,D
173788993,EUR/USD,2005-08-03 01:25:22.000,1.216100,1.216400,D
173789174,EUR/USD,2005-08-03 01:29:05.000,1.216000,1.216300,D
173789183,EUR/USD,2005-08-03 01:29:10.000,1.216100,1.216400,D
173789188,EUR/USD,2005-08-03 01:29:10.000,1.216000,1.216300,D
173789194,EUR/USD,2005-08-03 01:29:11.000,1.216100,1.216400,D
173789203,EUR/USD,2005-08-03 01:29:12.000,1.216000,1.216300,D
173789217,EUR/USD,2005-08-03 01:29:28.000,1.216100,1.216400,D
173789230,EUR/USD,2005-08-03 01:29:35.000,1.216000,1.216300,D
173789264,EUR/USD,2005-08-03 01:30:00.000,1.216100,1.216400,D
173789269,EUR/USD,2005-08-03 01:30:02.000,1.216000,1.216300,D
173789299,EUR/USD,2005-08-03 01:30:12.000,1.216100,1.216400,D
173789326,EUR/USD,2005-08-03 01:30:23.000,1.216000,1.216300,D
173789390,EUR/USD,2005-08-03 01:30:49.000,1.216100,1.216400,D
173789423,EUR/USD,2005-08-03 01:31:10.000,1.216200,1.216500,D
173789464,EUR/USD,2005-08-03 01:31:35.000,1.216100,1.216400,D
173789479,EUR/USD,2005-08-03 01:31:40.000,1.216200,1.216500,D
173789510,EUR/USD,2005-08-03 01:32:02.000,1.216100,1.216400,D
173789519,EUR/USD,2005-08-03 01:32:06.000,1.216000,1.216300,D
173789559,EUR/USD,2005-08-03 01:32:23.000,1.215900,1.216200,D
173789579,EUR/USD,2005-08-03 01:32:28.000,1.216000,1.216300,D
173789585,EUR/USD,2005-08-03 01:32:29.000,1.215900,1.216200,D
173789613,EUR/USD,2005-08-03 01:32:33.000,1.215800,1.216100,D
173789637,EUR/USD,2005-08-03 01:32:34.000,1.215900,1.216200,D
173789649,EUR/USD,2005-08-03 01:32:36.000,1.215800,1.216100,D
173789672,EUR/USD,2005-08-03 01:32:41.000,1.215900,1.216200,D
173789680,EUR/USD,2005-08-03 01:32:42.000,1.216000,1.216300,D
173789682,EUR/USD,2005-08-03 01:32:44.000,1.215900,1.216200,D
173789696,EUR/USD,2005-08-03 01:32:52.000,1.216000,1.216300,D
173789704,EUR/USD,2005-08-03 01:32:53.000,1.216100,1.216400,D
173789705,EUR/USD,2005-08-03 01:32:57.000,1.216000,1.216300,D
173789725,EUR/USD,2005-08-03 01:33:19.000,1.216100,1.216400,D
173789859,EUR/USD,2005-08-03 01:35:04.000,1.216000,1.216300,D
173789863,EUR/USD,2005-08-03 01:35:10.000,1.216100,1.216400,D
173789904,EUR/USD,2005-08-03 01:35:51.000,1.216000,1.216300,D
173789933,EUR/USD,2005-08-03 01:36:27.000,1.216100,1.216400,D
173789950,EUR/USD,2005-08-03 01:36:43.000,1.216000,1.216300,D
173790033,EUR/USD,2005-08-03 01:38:13.000,1.216100,1.216400,D
173790039,EUR/USD,2005-08-03 01:38:16.000,1.216000,1.216300,D
173790045,EUR/USD,2005-08-03 01:38:18.000,1.216100,1.216400,D
173790048,EUR/USD,2005-08-03 01:38:23.000,1.216000,1.216300,D
173790052,EUR/USD,2005-08-03 01:38:32.000,1.215900,1.216200,D
173790061,EUR/USD,2005-08-03 01:38:34.000,1.216000,1.216300,D
173790092,EUR/USD,2005-08-03 01:38:49.000,1.215900,1.216200,D
173790097,EUR/USD,2005-08-03 01:38:50.000,1.216000,1.216300,D
173790106,EUR/USD,2005-08-03 01:38:57.000,1.215900,1.216200,D
173790119,EUR/USD,2005-08-03 01:39:07.000,1.216000,1.216300,D
173790126,EUR/USD,2005-08-03 01:39:10.000,1.215900,1.216200,D
173790178,EUR/USD,2005-08-03 01:39:47.000,1.216000,1.216300,D
173790182,EUR/USD,2005-08-03 01:39:48.000,1.216100,1.216400,D
173790187,EUR/USD,2005-08-03 01:39:49.000,1.216000,1.216300,D
173790190,EUR/USD,2005-08-03 01:39:50.000,1.215900,1.216200,D
173790212,EUR/USD,2005-08-03 01:40:03.000,1.216000,1.216300,D
173790216,EUR/USD,2005-08-03 01:40:03.000,1.216100,1.216400,D
173790224,EUR/USD,2005-08-03 01:40:07.000,1.216000,1.216300,D
173790229,EUR/USD,2005-08-03 01:40:08.000,1.216100,1.216400,D
173790241,EUR/USD,2005-08-03 01:40:10.000,1.216000,1.216300,D
173790267,EUR/USD,2005-08-03 01:40:21.000,1.215900,1.216200,D
173790299,EUR/USD,2005-08-03 01:40:37.000,1.216000,1.216300,D
173790304,EUR/USD,2005-08-03 01:40:40.000,1.215900,1.216200,D
173790422,EUR/USD,2005-08-03 01:42:33.000,1.216000,1.216300,D
173790425,EUR/USD,2005-08-03 01:42:34.000,1.216100,1.216400,D
173790433,EUR/USD,2005-08-03 01:42:36.000,1.216000,1.216300,D
173790465,EUR/USD,2005-08-03 01:43:19.000,1.216100,1.216400,D
173790471,EUR/USD,2005-08-03 01:43:22.000,1.216000,1.216300,D
173790480,EUR/USD,2005-08-03 01:43:24.000,1.216100,1.216400,D
173790577,EUR/USD,2005-08-03 01:44:16.000,1.216000,1.216300,D
173790601,EUR/USD,2005-08-03 01:44:26.000,1.216100,1.216400,D
173790608,EUR/USD,2005-08-03 01:44:28.000,1.216000,1.216300,D
173790636,EUR/USD,2005-08-03 01:44:50.000,1.216100,1.216400,D
173790667,EUR/USD,2005-08-03 01:45:20.000,1.216200,1.216500,D
173790685,EUR/USD,2005-08-03 01:45:21.000,1.216100,1.216400,D
173790696,EUR/USD,2005-08-03 01:45:22.000,1.216200,1.216500,D
173790725,EUR/USD,2005-08-03 01:45:34.000,1.216300,1.216600,D
173790743,EUR/USD,2005-08-03 01:45:38.000,1.216200,1.216500,D
173790770,EUR/USD,2005-08-03 01:46:11.000,1.216300,1.216600,D
173790807,EUR/USD,2005-08-03 01:46:23.000,1.216200,1.216500,D
173790839,EUR/USD,2005-08-03 01:46:36.000,1.216100,1.216400,D
173790887,EUR/USD,2005-08-03 01:47:17.000,1.216200,1.216500,D
173790892,EUR/USD,2005-08-03 01:47:19.000,1.216100,1.216400,D
173790909,EUR/USD,2005-08-03 01:47:25.000,1.216200,1.216500,D
173790916,EUR/USD,2005-08-03 01:47:27.000,1.216100,1.216400,D
173790929,EUR/USD,2005-08-03 01:47:41.000,1.216200,1.216500,D
173790934,EUR/USD,2005-08-03 01:47:43.000,1.216100,1.216400,D
173790943,EUR/USD,2005-08-03 01:47:53.000,1.216000,1.216300,D
173790969,EUR/USD,2005-08-03 01:48:12.000,1.216100,1.216400,D
173790997,EUR/USD,2005-08-03 01:48:37.000,1.216000,1.216300,D
173791004,EUR/USD,2005-08-03 01:48:39.000,1.216100,1.216400,D
173791048,EUR/USD,2005-08-03 01:48:49.000,1.216000,1.216300,D
173791107,EUR/USD,2005-08-03 01:50:19.000,1.216100,1.216400,D
173791109,EUR/USD,2005-08-03 01:50:20.000,1.216000,1.216300,D
173791114,EUR/USD,2005-08-03 01:50:24.000,1.216100,1.216400,D
173791118,EUR/USD,2005-08-03 01:50:26.000,1.216000,1.216300,D
173791144,EUR/USD,2005-08-03 01:51:04.000,1.215900,1.216200,D
173791151,EUR/USD,2005-08-03 01:51:07.000,1.216000,1.216300,D
173791168,EUR/USD,2005-08-03 01:51:11.000,1.215900,1.216200,D
173791174,EUR/USD,2005-08-03 01:51:18.000,1.216000,1.216300,D
173791185,EUR/USD,2005-08-03 01:51:22.000,1.215900,1.216200,D
173791191,EUR/USD,2005-08-03 01:51:23.000,1.216000,1.216300,D
173791199,EUR/USD,2005-08-03 01:51:35.000,1.215900,1.216200,D
173791238,EUR/USD,2005-08-03 01:51:52.000,1.216000,1.216300,D
173791256,EUR/USD,2005-08-03 01:52:00.000,1.215900,1.216200,D
173791262,EUR/USD,2005-08-03 01:52:01.000,1.216000,1.216300,D
173791283,EUR/USD,2005-08-03 01:52:12.000,1.216100,1.216400,D
173791293,EUR/USD,2005-08-03 01:52:15.000,1.216000,1.216300,D
173791315,EUR/USD,2005-08-03 01:52:21.000,1.215900,1.216200,D
173791335,EUR/USD,2005-08-03 01:52:30.000,1.216000,1.216300,D
173791345,EUR/USD,2005-08-03 01:52:32.000,1.215900,1.216200,D
173791435,EUR/USD,2005-08-03 01:53:46.000,1.216000,1.216300,D
173791443,EUR/USD,2005-08-03 01:53:51.000,1.216100,1.216400,D
173791448,EUR/USD,2005-08-03 01:53:52.000,1.216200,1.216500,D
173791464,EUR/USD,2005-08-03 01:54:01.000,1.216300,1.216600,D
173791486,EUR/USD,2005-08-03 01:54:04.000,1.216400,1.216700,D
173791491,EUR/USD,2005-08-03 01:54:05.000,1.216500,1.216800,D
173791493,EUR/USD,2005-08-03 01:54:05.000,1.216600,1.216900,D
173791497,EUR/USD,2005-08-03 01:54:05.000,1.216700,1.217000,D
173791523,EUR/USD,2005-08-03 01:54:08.000,1.216800,1.217100,D
173791530,EUR/USD,2005-08-03 01:54:08.000,1.216900,1.217200,D
173791584,EUR/USD,2005-08-03 01:54:16.000,1.216800,1.217100,D
173791606,EUR/USD,2005-08-03 01:54:20.000,1.216700,1.217000,D
173791656,EUR/USD,2005-08-03 01:54:30.000,1.216800,1.217100,D
173791663,EUR/USD,2005-08-03 01:54:31.000,1.216700,1.217000,D
173791749,EUR/USD,2005-08-03 01:54:58.000,1.216600,1.216900,D
173791795,EUR/USD,2005-08-03 01:55:06.000,1.216500,1.216800,D
173791832,EUR/USD,2005-08-03 01:55:30.000,1.216400,1.216700,D
173791858,EUR/USD,2005-08-03 01:55:45.000,1.216500,1.216800,D
173791864,EUR/USD,2005-08-03 01:55:47.000,1.216400,1.216700,D
173791869,EUR/USD,2005-08-03 01:55:47.000,1.216500,1.216800,D
173791882,EUR/USD,2005-08-03 01:55:49.000,1.216400,1.216700,D
173791886,EUR/USD,2005-08-03 01:55:51.000,1.216500,1.216800,D
173791890,EUR/USD,2005-08-03 01:55:53.000,1.216400,1.216700,D
173791895,EUR/USD,2005-08-03 01:55:53.000,1.216500,1.216800,D
173791905,EUR/USD,2005-08-03 01:55:56.000,1.216400,1.216700,D
173791908,EUR/USD,2005-08-03 01:55:57.000,1.216500,1.216800,D
173791912,EUR/USD,2005-08-03 01:55:58.000,1.216400,1.216700,D
173791940,EUR/USD,2005-08-03 01:56:14.000,1.216500,1.216800,D
173791947,EUR/USD,2005-08-03 01:56:17.000,1.216400,1.216700,D
173791979,EUR/USD,2005-08-03 01:56:34.000,1.216500,1.216800,D
173791991,EUR/USD,2005-08-03 01:56:43.000,1.216600,1.216900,D
173792006,EUR/USD,2005-08-03 01:56:55.000,1.216500,1.216800,D
173792023,EUR/USD,2005-08-03 01:57:12.000,1.216600,1.216900,D
173792047,EUR/USD,2005-08-03 01:57:27.000,1.216500,1.216800,D
173792051,EUR/USD,2005-08-03 01:57:28.000,1.216600,1.216900,D
173792064,EUR/USD,2005-08-03 01:57:38.000,1.216500,1.216800,D
173792069,EUR/USD,2005-08-03 01:57:40.000,1.216600,1.216900,D
173792073,EUR/USD,2005-08-03 01:57:42.000,1.216500,1.216800,D
173792096,EUR/USD,2005-08-03 01:57:53.000,1.216600,1.216900,D
173792133,EUR/USD,2005-08-03 01:58:05.000,1.216700,1.217000,D
173792142,EUR/USD,2005-08-03 01:58:11.000,1.216600,1.216900,D
173792178,EUR/USD,2005-08-03 01:58:38.000,1.216700,1.217000,D
173792291,EUR/USD,2005-08-03 02:00:21.000,1.216800,1.217100,D
173792308,EUR/USD,2005-08-03 02:00:31.000,1.216700,1.217000,D
173792344,EUR/USD,2005-08-03 02:01:03.000,1.216600,1.216900,D
173792425,EUR/USD,2005-08-03 02:01:53.000,1.216500,1.216800,D
173792432,EUR/USD,2005-08-03 02:01:57.000,1.216400,1.216700,D
173792485,EUR/USD,2005-08-03 02:02:38.000,1.216300,1.216600,D
173792502,EUR/USD,2005-08-03 02:02:55.000,1.216400,1.216700,D
173792530,EUR/USD,2005-08-03 02:03:25.000,1.216500,1.216800,D
173792704,EUR/USD,2005-08-03 02:04:59.000,1.216600,1.216900,D
173792736,EUR/USD,2005-08-03 02:05:24.000,1.216700,1.217000,D
173792834,EUR/USD,2005-08-03 02:06:04.000,1.216800,1.217100,D
173792857,EUR/USD,2005-08-03 02:06:09.000,1.216700,1.217000,D
173792865,EUR/USD,2005-08-03 02:06:10.000,1.216600,1.216900,D
173792874,EUR/USD,2005-08-03 02:06:15.000,1.216700,1.217000,D
173792894,EUR/USD,2005-08-03 02:06:21.000,1.216600,1.216900,D
173792897,EUR/USD,2005-08-03 02:06:24.000,1.216700,1.217000,D
173792944,EUR/USD,2005-08-03 02:06:50.000,1.216600,1.216900,D
173792950,EUR/USD,2005-08-03 02:06:52.000,1.216700,1.217000,D
173793007,EUR/USD,2005-08-03 02:08:06.000,1.216600,1.216900,D
173793012,EUR/USD,2005-08-03 02:08:11.000,1.216700,1.217000,D
173793037,EUR/USD,2005-08-03 02:08:30.000,1.216800,1.217100,D
173793052,EUR/USD,2005-08-03 02:08:37.000,1.216900,1.217200,D
173793070,EUR/USD,2005-08-03 02:08:43.000,1.217000,1.217300,D
173793084,EUR/USD,2005-08-03 02:08:45.000,1.217100,1.217400,D
173793094,EUR/USD,2005-08-03 02:08:48.000,1.217000,1.217300,D
173793100,EUR/USD,2005-08-03 02:08:48.000,1.217100,1.217400,D
173793108,EUR/USD,2005-08-03 02:08:49.000,1.217200,1.217500,D
173793117,EUR/USD,2005-08-03 02:08:50.000,1.217100,1.217400,D
173793155,EUR/USD,2005-08-03 02:08:58.000,1.217200,1.217500,D
173793179,EUR/USD,2005-08-03 02:09:02.000,1.217300,1.217600,D
173793203,EUR/USD,2005-08-03 02:09:07.000,1.217400,1.217700,D
173793240,EUR/USD,2005-08-03 02:09:15.000,1.217300,1.217600,D
173793249,EUR/USD,2005-08-03 02:09:17.000,1.217400,1.217700,D
173793258,EUR/USD,2005-08-03 02:09:20.000,1.217300,1.217600,D
173793275,EUR/USD,2005-08-03 02:09:25.000,1.217200,1.217500,D
173793285,EUR/USD,2005-08-03 02:09:26.000,1.217300,1.217600,D
173793350,EUR/USD,2005-08-03 02:09:47.000,1.217400,1.217700,D
173793363,EUR/USD,2005-08-03 02:09:49.000,1.217300,1.217600,D
173793368,EUR/USD,2005-08-03 02:09:49.000,1.217400,1.217700,D
173793405,EUR/USD,2005-08-03 02:10:02.000,1.217500,1.217800,D
173793412,EUR/USD,2005-08-03 02:10:04.000,1.217400,1.217700,D
173793421,EUR/USD,2005-08-03 02:10:05.000,1.217500,1.217800,D
173793447,EUR/USD,2005-08-03 02:10:11.000,1.217400,1.217700,D
173793468,EUR/USD,2005-08-03 02:10:17.000,1.217500,1.217800,D
173793505,EUR/USD,2005-08-03 02:10:27.000,1.217600,1.217900,D
173793513,EUR/USD,2005-08-03 02:10:27.000,1.217500,1.217800,D
173793533,EUR/USD,2005-08-03 02:10:37.000,1.217400,1.217700,D
173793550,EUR/USD,2005-08-03 02:10:43.000,1.217300,1.217600,D
173793558,EUR/USD,2005-08-03 02:10:44.000,1.217400,1.217700,D
173793565,EUR/USD,2005-08-03 02:10:46.000,1.217300,1.217600,D
173793571,EUR/USD,2005-08-03 02:10:47.000,1.217400,1.217700,D
173793582,EUR/USD,2005-08-03 02:10:51.000,1.217300,1.217600,D
173793592,EUR/USD,2005-08-03 02:11:01.000,1.217400,1.217700,D
173793611,EUR/USD,2005-08-03 02:11:08.000,1.217300,1.217600,D
173793620,EUR/USD,2005-08-03 02:11:09.000,1.217400,1.217700,D
173793623,EUR/USD,2005-08-03 02:11:10.000,1.217300,1.217600,D
173793630,EUR/USD,2005-08-03 02:11:11.000,1.217400,1.217700,D
173793635,EUR/USD,2005-08-03 02:11:12.000,1.217300,1.217600,D
173793640,EUR/USD,2005-08-03 02:11:13.000,1.217400,1.217700,D
173793650,EUR/USD,2005-08-03 02:11:15.000,1.217300,1.217600,D
173793714,EUR/USD,2005-08-03 02:11:43.000,1.217200,1.217500,D
173793745,EUR/USD,2005-08-03 02:12:00.000,1.217300,1.217600,D
173793756,EUR/USD,2005-08-03 02:12:04.000,1.217200,1.217500,D
173793791,EUR/USD,2005-08-03 02:12:26.000,1.217100,1.217400,D
173793792,EUR/USD,2005-08-03 02:12:27.000,1.217200,1.217500,D
173793795,EUR/USD,2005-08-03 02:12:28.000,1.217100,1.217400,D
173793821,EUR/USD,2005-08-03 02:12:50.000,1.217000,1.217300,D
173793827,EUR/USD,2005-08-03 02:12:52.000,1.217100,1.217400,D
173793844,EUR/USD,2005-08-03 02:13:02.000,1.217000,1.217300,D
173793853,EUR/USD,2005-08-03 02:13:04.000,1.217100,1.217400,D
173793865,EUR/USD,2005-08-03 02:13:11.000,1.217200,1.217500,D
173793877,EUR/USD,2005-08-03 02:13:15.000,1.217100,1.217400,D
173793893,EUR/USD,2005-08-03 02:13:21.000,1.217200,1.217500,D
173793953,EUR/USD,2005-08-03 02:13:38.000,1.217300,1.217600,D
173793957,EUR/USD,2005-08-03 02:13:39.000,1.217200,1.217500,D
173793968,EUR/USD,2005-08-03 02:13:41.000,1.217300,1.217600,D
173793992,EUR/USD,2005-08-03 02:13:47.000,1.217400,1.217700,D
173794008,EUR/USD,2005-08-03 02:13:51.000,1.217300,1.217600,D
173794014,EUR/USD,2005-08-03 02:13:53.000,1.217400,1.217700,D
173794084,EUR/USD,2005-08-03 02:14:23.000,1.217300,1.217600,D
173794124,EUR/USD,2005-08-03 02:14:41.000,1.217400,1.217700,D
173794204,EUR/USD,2005-08-03 02:15:21.000,1.217300,1.217600,D
173794239,EUR/USD,2005-08-03 02:15:39.000,1.217200,1.217500,D
173794289,EUR/USD,2005-08-03 02:16:12.000,1.217100,1.217400,D
173794302,EUR/USD,2005-08-03 02:16:16.000,1.217200,1.217500,D
173794313,EUR/USD,2005-08-03 02:16:18.000,1.217100,1.217400,D
173794326,EUR/USD,2005-08-03 02:16:22.000,1.217000,1.217300,D
173794393,EUR/USD,2005-08-03 02:16:54.000,1.217100,1.217400,D
173794399,EUR/USD,2005-08-03 02:16:54.000,1.217200,1.217500,D
173794412,EUR/USD,2005-08-03 02:16:57.000,1.217100,1.217400,D
173794448,EUR/USD,2005-08-03 02:17:10.000,1.217200,1.217500,D
173794458,EUR/USD,2005-08-03 02:17:12.000,1.217100,1.217400,D
173794465,EUR/USD,2005-08-03 02:17:15.000,1.217200,1.217500,D
173794469,EUR/USD,2005-08-03 02:17:16.000,1.217100,1.217400,D
173794475,EUR/USD,2005-08-03 02:17:21.000,1.217200,1.217500,D
173794487,EUR/USD,2005-08-03 02:17:24.000,1.217100,1.217400,D
173794497,EUR/USD,2005-08-03 02:17:26.000,1.217200,1.217500,D
173794522,EUR/USD,2005-08-03 02:17:37.000,1.217300,1.217600,D
173794535,EUR/USD,2005-08-03 02:17:39.000,1.217200,1.217500,D
173794539,EUR/USD,2005-08-03 02:17:41.000,1.217300,1.217600,D
173794633,EUR/USD,2005-08-03 02:19:01.000,1.217400,1.217700,D
173794639,EUR/USD,2005-08-03 02:19:03.000,1.217300,1.217600,D
173794645,EUR/USD,2005-08-03 02:19:09.000,1.217400,1.217700,D
173794669,EUR/USD,2005-08-03 02:19:12.000,1.217500,1.217800,D
173794682,EUR/USD,2005-08-03 02:19:15.000,1.217400,1.217700,D
173794690,EUR/USD,2005-08-03 02:19:17.000,1.217500,1.217800,D
173794697,EUR/USD,2005-08-03 02:19:19.000,1.217400,1.217700,D
173794708,EUR/USD,2005-08-03 02:19:24.000,1.217500,1.217800,D
173794723,EUR/USD,2005-08-03 02:19:36.000,1.217600,1.217900,D
173794731,EUR/USD,2005-08-03 02:19:40.000,1.217700,1.218000,D
173794737,EUR/USD,2005-08-03 02:19:42.000,1.217600,1.217900,D
173794739,EUR/USD,2005-08-03 02:19:42.000,1.217700,1.218000,D
173794752,EUR/USD,2005-08-03 02:19:48.000,1.217600,1.217900,D
173794810,EUR/USD,2005-08-03 02:20:04.000,1.217500,1.217800,D
173794813,EUR/USD,2005-08-03 02:20:05.000,1.217400,1.217700,D
173794821,EUR/USD,2005-08-03 02:20:05.000,1.217500,1.217800,D
173794827,EUR/USD,2005-08-03 02:20:06.000,1.217400,1.217700,D
173794833,EUR/USD,2005-08-03 02:20:06.000,1.217500,1.217800,D
173794845,EUR/USD,2005-08-03 02:20:08.000,1.217400,1.217700,D
173794863,EUR/USD,2005-08-03 02:20:18.000,1.217500,1.217800,D
173794877,EUR/USD,2005-08-03 02:20:24.000,1.217600,1.217900,D
173794909,EUR/USD,2005-08-03 02:20:30.000,1.217700,1.218000,D
173794923,EUR/USD,2005-08-03 02:20:37.000,1.217800,1.218100,D
173794939,EUR/USD,2005-08-03 02:20:41.000,1.217900,1.218200,D
173794947,EUR/USD,2005-08-03 02:20:43.000,1.218000,1.218300,D
173794954,EUR/USD,2005-08-03 02:20:44.000,1.218100,1.218400,D
173794974,EUR/USD,2005-08-03 02:20:47.000,1.218200,1.218500,D
173795001,EUR/USD,2005-08-03 02:20:51.000,1.218100,1.218400,D
173795026,EUR/USD,2005-08-03 02:20:55.000,1.218000,1.218300,D
173795052,EUR/USD,2005-08-03 02:21:01.000,1.217900,1.218200,D
173795057,EUR/USD,2005-08-03 02:21:03.000,1.218000,1.218300,D
173795083,EUR/USD,2005-08-03 02:21:23.000,1.218100,1.218400,D
173795095,EUR/USD,2005-08-03 02:21:25.000,1.217900,1.218200,D
173795105,EUR/USD,2005-08-03 02:21:26.000,1.218000,1.218300,D
173795120,EUR/USD,2005-08-03 02:21:28.000,1.217900,1.218200,D
173795129,EUR/USD,2005-08-03 02:21:31.000,1.218000,1.218300,D
173795149,EUR/USD,2005-08-03 02:21:35.000,1.217900,1.218200,D
173795161,EUR/USD,2005-08-03 02:21:43.000,1.218000,1.218300,D
173795162,EUR/USD,2005-08-03 02:21:44.000,1.217900,1.218200,D
173795167,EUR/USD,2005-08-03 02:21:45.000,1.218000,1.218300,D
173795168,EUR/USD,2005-08-03 02:21:46.000,1.218100,1.218400,D
173795180,EUR/USD,2005-08-03 02:21:48.000,1.218000,1.218300,D
173795185,EUR/USD,2005-08-03 02:21:50.000,1.218100,1.218400,D
173795203,EUR/USD,2005-08-03 02:21:57.000,1.218000,1.218300,D
173795209,EUR/USD,2005-08-03 02:21:58.000,1.218100,1.218400,D
173795214,EUR/USD,2005-08-03 02:22:00.000,1.218000,1.218300,D
173795222,EUR/USD,2005-08-03 02:22:05.000,1.218100,1.218400,D
173795228,EUR/USD,2005-08-03 02:22:06.000,1.218000,1.218300,D
173795281,EUR/USD,2005-08-03 02:22:21.000,1.218100,1.218400,D
173795309,EUR/USD,2005-08-03 02:22:32.000,1.218000,1.218300,D
173795317,EUR/USD,2005-08-03 02:22:38.000,1.218100,1.218400,D
173795320,EUR/USD,2005-08-03 02:22:39.000,1.218000,1.218300,D
173795324,EUR/USD,2005-08-03 02:22:45.000,1.218100,1.218400,D
173795351,EUR/USD,2005-08-03 02:22:57.000,1.218200,1.218500,D
173795356,EUR/USD,2005-08-03 02:22:59.000,1.218100,1.218400,D
173795367,EUR/USD,2005-08-03 02:23:03.000,1.218200,1.218500,D
173795393,EUR/USD,2005-08-03 02:23:09.000,1.218300,1.218600,D
173795399,EUR/USD,2005-08-03 02:23:10.000,1.218200,1.218500,D
173795406,EUR/USD,2005-08-03 02:23:11.000,1.218300,1.218600,D
173795419,EUR/USD,2005-08-03 02:23:13.000,1.218200,1.218500,D
173795424,EUR/USD,2005-08-03 02:23:14.000,1.218300,1.218600,D
173795428,EUR/USD,2005-08-03 02:23:14.000,1.218400,1.218700,D
173795439,EUR/USD,2005-08-03 02:23:15.000,1.218300,1.218600,D
173795457,EUR/USD,2005-08-03 02:23:19.000,1.218400,1.218700,D
173795479,EUR/USD,2005-08-03 02:23:25.000,1.218500,1.218800,D
173795496,EUR/USD,2005-08-03 02:23:27.000,1.218400,1.218700,D
173795557,EUR/USD,2005-08-03 02:23:44.000,1.218300,1.218600,D
173795570,EUR/USD,2005-08-03 02:23:47.000,1.218400,1.218700,D
173795586,EUR/USD,2005-08-03 02:23:49.000,1.218500,1.218800,D
173795595,EUR/USD,2005-08-03 02:23:50.000,1.218600,1.218900,D
173795623,EUR/USD,2005-08-03 02:23:56.000,1.218500,1.218800,D
173795629,EUR/USD,2005-08-03 02:23:57.000,1.218600,1.218900,D
173795656,EUR/USD,2005-08-03 02:24:04.000,1.218500,1.218800,D
173795657,EUR/USD,2005-08-03 02:24:04.000,1.218600,1.218900,D
173795667,EUR/USD,2005-08-03 02:24:05.000,1.218500,1.218800,D
173795707,EUR/USD,2005-08-03 02:24:14.000,1.218600,1.218900,D
173795767,EUR/USD,2005-08-03 02:24:24.000,1.218500,1.218800,D
173795807,EUR/USD,2005-08-03 02:24:31.000,1.218400,1.218700,D
173795812,EUR/USD,2005-08-03 02:24:32.000,1.218500,1.218800,D
173795839,EUR/USD,2005-08-03 02:24:40.000,1.218400,1.218700,D
173795897,EUR/USD,2005-08-03 02:24:50.000,1.218300,1.218600,D
173795912,EUR/USD,2005-08-03 02:24:58.000,1.218200,1.218500,D
173795941,EUR/USD,2005-08-03 02:25:03.000,1.218300,1.218600,D
173795950,EUR/USD,2005-08-03 02:25:08.000,1.218400,1.218700,D
173795955,EUR/USD,2005-08-03 02:25:08.000,1.218300,1.218600,D
173795957,EUR/USD,2005-08-03 02:25:08.000,1.218400,1.218700,D
173795965,EUR/USD,2005-08-03 02:25:10.000,1.218300,1.218600,D
173796028,EUR/USD,2005-08-03 02:25:25.000,1.218200,1.218500,D
173796035,EUR/USD,2005-08-03 02:25:27.000,1.218300,1.218600,D
173796057,EUR/USD,2005-08-03 02:25:32.000,1.218400,1.218700,D
173796063,EUR/USD,2005-08-03 02:25:34.000,1.218300,1.218600,D
173796065,EUR/USD,2005-08-03 02:25:36.000,1.218400,1.218700,D
173796136,EUR/USD,2005-08-03 02:25:56.000,1.218500,1.218800,D
173796166,EUR/USD,2005-08-03 02:26:05.000,1.218600,1.218900,D
173796180,EUR/USD,2005-08-03 02:26:07.000,1.218500,1.218800,D
173796201,EUR/USD,2005-08-03 02:26:10.000,1.218600,1.218900,D
173796215,EUR/USD,2005-08-03 02:26:15.000,1.218700,1.219000,D
173796238,EUR/USD,2005-08-03 02:26:19.000,1.218800,1.219100,D
173796255,EUR/USD,2005-08-03 02:26:22.000,1.218700,1.219000,D
173796281,EUR/USD,2005-08-03 02:26:27.000,1.218800,1.219100,D
173796299,EUR/USD,2005-08-03 02:26:30.000,1.218700,1.219000,D
173796324,EUR/USD,2005-08-03 02:26:36.000,1.218800,1.219100,D
173796339,EUR/USD,2005-08-03 02:26:39.000,1.218900,1.219200,D
173796352,EUR/USD,2005-08-03 02:26:43.000,1.219000,1.219300,D
173796361,EUR/USD,2005-08-03 02:26:45.000,1.218900,1.219200,D
173796380,EUR/USD,2005-08-03 02:26:47.000,1.218800,1.219100,D
173796424,EUR/USD,2005-08-03 02:26:55.000,1.218700,1.219000,D
173796436,EUR/USD,2005-08-03 02:26:56.000,1.218600,1.218900,D
173796441,EUR/USD,2005-08-03 02:26:57.000,1.218700,1.219000,D
173796455,EUR/USD,2005-08-03 02:26:59.000,1.218800,1.219100,D
173796466,EUR/USD,2005-08-03 02:27:01.000,1.218700,1.219000,D
173796471,EUR/USD,2005-08-03 02:27:02.000,1.218800,1.219100,D
173796472,EUR/USD,2005-08-03 02:27:03.000,1.218700,1.219000,D
173796478,EUR/USD,2005-08-03 02:27:04.000,1.218800,1.219100,D
173796490,EUR/USD,2005-08-03 02:27:07.000,1.218900,1.219200,D
173796500,EUR/USD,2005-08-03 02:27:10.000,1.218800,1.219100,D
173796515,EUR/USD,2005-08-03 02:27:15.000,1.218700,1.219000,D
173796521,EUR/USD,2005-08-03 02:27:17.000,1.218800,1.219100,D
173796534,EUR/USD,2005-08-03 02:27:23.000,1.218900,1.219200,D
173796543,EUR/USD,2005-08-03 02:27:25.000,1.219000,1.219300,D
173796550,EUR/USD,2005-08-03 02:27:27.000,1.218900,1.219200,D
173796570,EUR/USD,2005-08-03 02:27:33.000,1.218800,1.219100,D
173796585,EUR/USD,2005-08-03 02:27:37.000,1.218900,1.219200,D
173796603,EUR/USD,2005-08-03 02:27:40.000,1.219000,1.219300,D
173796622,EUR/USD,2005-08-03 02:27:46.000,1.218900,1.219200,D
173796648,EUR/USD,2005-08-03 02:27:51.000,1.218800,1.219100,D
173796691,EUR/USD,2005-08-03 02:28:04.000,1.218900,1.219200,D
173796734,EUR/USD,2005-08-03 02:28:17.000,1.218800,1.219100,D
173796743,EUR/USD,2005-08-03 02:28:18.000,1.218900,1.219200,D
173796782,EUR/USD,2005-08-03 02:28:32.000,1.219000,1.219300,D
173796792,EUR/USD,2005-08-03 02:28:34.000,1.218900,1.219200,D
173796797,EUR/USD,2005-08-03 02:28:35.000,1.219000,1.219300,D
173796812,EUR/USD,2005-08-03 02:28:38.000,1.219100,1.219400,D
173796816,EUR/USD,2005-08-03 02:28:39.000,1.219000,1.219300,D
173796822,EUR/USD,2005-08-03 02:28:39.000,1.219100,1.219400,D
173796834,EUR/USD,2005-08-03 02:28:41.000,1.219000,1.219300,D
173796890,EUR/USD,2005-08-03 02:28:59.000,1.218900,1.219200,D
173796915,EUR/USD,2005-08-03 02:29:04.000,1.219000,1.219300,D
173796931,EUR/USD,2005-08-03 02:29:06.000,1.218900,1.219200,D
173796986,EUR/USD,2005-08-03 02:29:35.000,1.219000,1.219300,D
173796994,EUR/USD,2005-08-03 02:29:37.000,1.218900,1.219200,D
173796998,EUR/USD,2005-08-03 02:29:39.000,1.219000,1.219300,D
173797027,EUR/USD,2005-08-03 02:29:48.000,1.218900,1.219200,D
173797029,EUR/USD,2005-08-03 02:29:48.000,1.219000,1.219300,D
173797044,EUR/USD,2005-08-03 02:29:53.000,1.219100,1.219400,D
173797064,EUR/USD,2005-08-03 02:29:55.000,1.219000,1.219300,D
173797087,EUR/USD,2005-08-03 02:30:00.000,1.218900,1.219200,D
173797099,EUR/USD,2005-08-03 02:30:02.000,1.219000,1.219300,D
173797133,EUR/USD,2005-08-03 02:30:07.000,1.218900,1.219200,D
173797135,EUR/USD,2005-08-03 02:30:08.000,1.219000,1.219300,D
173797143,EUR/USD,2005-08-03 02:30:10.000,1.218900,1.219200,D
173797162,EUR/USD,2005-08-03 02:30:16.000,1.219000,1.219300,D
173797191,EUR/USD,2005-08-03 02:30:30.000,1.218900,1.219200,D
173797197,EUR/USD,2005-08-03 02:30:31.000,1.219000,1.219300,D
173797206,EUR/USD,2005-08-03 02:30:33.000,1.218900,1.219200,D
173797218,EUR/USD,2005-08-03 02:30:35.000,1.219000,1.219300,D
173797235,EUR/USD,2005-08-03 02:30:41.000,1.218900,1.219200,D
173797246,EUR/USD,2005-08-03 02:30:43.000,1.219000,1.219300,D
173797261,EUR/USD,2005-08-03 02:30:46.000,1.218900,1.219200,D
173797290,EUR/USD,2005-08-03 02:30:55.000,1.218800,1.219100,D
173797304,EUR/USD,2005-08-03 02:30:58.000,1.218900,1.219200,D
173797361,EUR/USD,2005-08-03 02:31:28.000,1.218800,1.219100,D
173797368,EUR/USD,2005-08-03 02:31:30.000,1.218900,1.219200,D
173797406,EUR/USD,2005-08-03 02:31:42.000,1.218800,1.219100,D
173797415,EUR/USD,2005-08-03 02:31:45.000,1.218900,1.219200,D
173797422,EUR/USD,2005-08-03 02:31:46.000,1.218800,1.219100,D
173797433,EUR/USD,2005-08-03 02:31:48.000,1.218900,1.219200,D
173797476,EUR/USD,2005-08-03 02:31:59.000,1.219000,1.219300,D
173797507,EUR/USD,2005-08-03 02:32:07.000,1.218900,1.219200,D
173797571,EUR/USD,2005-08-03 02:32:55.000,1.218800,1.219100,D
173797590,EUR/USD,2005-08-03 02:33:01.000,1.218700,1.219000,D
173797614,EUR/USD,2005-08-03 02:33:09.000,1.218600,1.218900,D
173797621,EUR/USD,2005-08-03 02:33:10.000,1.218700,1.219000,D
173797716,EUR/USD,2005-08-03 02:33:41.000,1.218600,1.218900,D
173797721,EUR/USD,2005-08-03 02:33:42.000,1.218700,1.219000,D
173797742,EUR/USD,2005-08-03 02:33:49.000,1.218600,1.218900,D
173797779,EUR/USD,2005-08-03 02:34:09.000,1.218700,1.219000,D
173797795,EUR/USD,2005-08-03 02:34:11.000,1.218600,1.218900,D
173797800,EUR/USD,2005-08-03 02:34:13.000,1.218700,1.219000,D
173797874,EUR/USD,2005-08-03 02:34:37.000,1.218600,1.218900,D
173797879,EUR/USD,2005-08-03 02:34:37.000,1.218700,1.219000,D
173797888,EUR/USD,2005-08-03 02:34:45.000,1.218600,1.218900,D
173797900,EUR/USD,2005-08-03 02:34:47.000,1.218700,1.219000,D
173797906,EUR/USD,2005-08-03 02:34:48.000,1.218600,1.218900,D
173797909,EUR/USD,2005-08-03 02:34:49.000,1.218700,1.219000,D
173797916,EUR/USD,2005-08-03 02:34:50.000,1.218600,1.218900,D
173797934,EUR/USD,2005-08-03 02:34:53.000,1.218700,1.219000,D
173797942,EUR/USD,2005-08-03 02:34:56.000,1.218600,1.218900,D
173797969,EUR/USD,2005-08-03 02:35:13.000,1.218700,1.219000,D
173798003,EUR/USD,2005-08-03 02:35:27.000,1.218800,1.219100,D
173798019,EUR/USD,2005-08-03 02:35:29.000,1.218700,1.219000,D
173798028,EUR/USD,2005-08-03 02:35:32.000,1.218800,1.219100,D
173798032,EUR/USD,2005-08-03 02:35:33.000,1.218700,1.219000,D
173798038,EUR/USD,2005-08-03 02:35:33.000,1.218800,1.219100,D
173798046,EUR/USD,2005-08-03 02:35:35.000,1.218700,1.219000,D
173798098,EUR/USD,2005-08-03 02:35:51.000,1.218600,1.218900,D
173798131,EUR/USD,2005-08-03 02:36:00.000,1.218700,1.219000,D
173798138,EUR/USD,2005-08-03 02:36:01.000,1.218600,1.218900,D
173798145,EUR/USD,2005-08-03 02:36:05.000,1.218700,1.219000,D
173798152,EUR/USD,2005-08-03 02:36:07.000,1.218600,1.218900,D
173798158,EUR/USD,2005-08-03 02:36:07.000,1.218700,1.219000,D
173798198,EUR/USD,2005-08-03 02:36:23.000,1.218800,1.219100,D
173798247,EUR/USD,2005-08-03 02:36:39.000,1.218900,1.219200,D
173798260,EUR/USD,2005-08-03 02:36:42.000,1.219000,1.219300,D
173798303,EUR/USD,2005-08-03 02:36:53.000,1.218900,1.219200,D
173798315,EUR/USD,2005-08-03 02:36:58.000,1.219000,1.219300,D
173798330,EUR/USD,2005-08-03 02:37:03.000,1.218900,1.219200,D
173798349,EUR/USD,2005-08-03 02:37:05.000,1.219000,1.219300,D
173798356,EUR/USD,2005-08-03 02:37:08.000,1.219100,1.219400,D
173798369,EUR/USD,2005-08-03 02:37:09.000,1.219000,1.219300,D
173798375,EUR/USD,2005-08-03 02:37:10.000,1.219100,1.219400,D
173798379,EUR/USD,2005-08-03 02:37:10.000,1.219000,1.219300,D
173798383,EUR/USD,2005-08-03 02:37:11.000,1.219100,1.219400,D
173798405,EUR/USD,2005-08-03 02:37:13.000,1.219200,1.219500,D
173798419,EUR/USD,2005-08-03 02:37:16.000,1.219300,1.219600,D
173798433,EUR/USD,2005-08-03 02:37:18.000,1.219400,1.219700,D
173798439,EUR/USD,2005-08-03 02:37:19.000,1.219300,1.219600,D
173798449,EUR/USD,2005-08-03 02:37:20.000,1.219400,1.219700,D
173798455,EUR/USD,2005-08-03 02:37:20.000,1.219300,1.219600,D
173798467,EUR/USD,2005-08-03 02:37:22.000,1.219400,1.219700,D
173798472,EUR/USD,2005-08-03 02:37:22.000,1.219300,1.219600,D
173798491,EUR/USD,2005-08-03 02:37:24.000,1.219400,1.219700,D
173798528,EUR/USD,2005-08-03 02:37:32.000,1.219300,1.219600,D
173798534,EUR/USD,2005-08-03 02:37:32.000,1.219400,1.219700,D
173798541,EUR/USD,2005-08-03 02:37:33.000,1.219300,1.219600,D
173798631,EUR/USD,2005-08-03 02:37:59.000,1.219200,1.219500,D
173798664,EUR/USD,2005-08-03 02:38:05.000,1.219300,1.219600,D
173798726,EUR/USD,2005-08-03 02:38:26.000,1.219200,1.219500,D
173798734,EUR/USD,2005-08-03 02:38:28.000,1.219300,1.219600,D
173798754,EUR/USD,2005-08-03 02:38:33.000,1.219200,1.219500,D
173798774,EUR/USD,2005-08-03 02:38:39.000,1.219100,1.219400,D
173798779,EUR/USD,2005-08-03 02:38:40.000,1.219200,1.219500,D
173798816,EUR/USD,2005-08-03 02:38:58.000,1.219100,1.219400,D
173798825,EUR/USD,2005-08-03 02:38:59.000,1.219200,1.219500,D
173798832,EUR/USD,2005-08-03 02:38:59.000,1.219100,1.219400,D
173798838,EUR/USD,2005-08-03 02:39:00.000,1.219200,1.219500,D
173798873,EUR/USD,2005-08-03 02:39:07.000,1.219100,1.219400,D
173798882,EUR/USD,2005-08-03 02:39:08.000,1.219200,1.219500,D
173798927,EUR/USD,2005-08-03 02:39:31.000,1.219300,1.219600,D
173798951,EUR/USD,2005-08-03 02:39:39.000,1.219200,1.219500,D
173798961,EUR/USD,2005-08-03 02:39:44.000,1.219100,1.219400,D
173798966,EUR/USD,2005-08-03 02:39:46.000,1.219200,1.219500,D
173798971,EUR/USD,2005-08-03 02:39:47.000,1.219100,1.219400,D
173798985,EUR/USD,2005-08-03 02:39:53.000,1.219200,1.219500,D
173799007,EUR/USD,2005-08-03 02:40:00.000,1.219100,1.219400,D
173799024,EUR/USD,2005-08-03 02:40:03.000,1.219200,1.219500,D
173799040,EUR/USD,2005-08-03 02:40:15.000,1.219100,1.219400,D
173799047,EUR/USD,2005-08-03 02:40:16.000,1.219200,1.219500,D
173799064,EUR/USD,2005-08-03 02:40:20.000,1.219100,1.219400,D
173799076,EUR/USD,2005-08-03 02:40:29.000,1.219200,1.219500,D
173799082,EUR/USD,2005-08-03 02:40:30.000,1.219100,1.219400,D
173799110,EUR/USD,2005-08-03 02:40:42.000,1.219000,1.219300,D
173799115,EUR/USD,2005-08-03 02:40:43.000,1.219100,1.219400,D
173799174,EUR/USD,2005-08-03 02:41:15.000,1.219000,1.219300,D
173799179,EUR/USD,2005-08-03 02:41:17.000,1.219100,1.219400,D
173799184,EUR/USD,2005-08-03 02:41:18.000,1.219000,1.219300,D
173799188,EUR/USD,2005-08-03 02:41:18.000,1.219100,1.219400,D
173799196,EUR/USD,2005-08-03 02:41:20.000,1.219000,1.219300,D
173799203,EUR/USD,2005-08-03 02:41:20.000,1.219100,1.219400,D
173799220,EUR/USD,2005-08-03 02:41:25.000,1.219000,1.219300,D
173799235,EUR/USD,2005-08-03 02:41:39.000,1.218900,1.219200,D
173799243,EUR/USD,2005-08-03 02:41:45.000,1.219000,1.219300,D
173799249,EUR/USD,2005-08-03 02:41:46.000,1.218900,1.219200,D
173799262,EUR/USD,2005-08-03 02:41:53.000,1.219000,1.219300,D
173799283,EUR/USD,2005-08-03 02:41:57.000,1.219100,1.219400,D
173799288,EUR/USD,2005-08-03 02:41:58.000,1.219000,1.219300,D
173799292,EUR/USD,2005-08-03 02:41:59.000,1.219100,1.219400,D
173799317,EUR/USD,2005-08-03 02:42:06.000,1.219000,1.219300,D
173799330,EUR/USD,2005-08-03 02:42:08.000,1.219100,1.219400,D
173799376,EUR/USD,2005-08-03 02:42:40.000,1.219200,1.219500,D
173799386,EUR/USD,2005-08-03 02:42:45.000,1.219300,1.219600,D
173799401,EUR/USD,2005-08-03 02:42:49.000,1.219400,1.219700,D
173799409,EUR/USD,2005-08-03 02:42:49.000,1.219300,1.219600,D
173799419,EUR/USD,2005-08-03 02:42:52.000,1.219400,1.219700,D
173799441,EUR/USD,2005-08-03 02:42:55.000,1.219500,1.219800,D
173799452,EUR/USD,2005-08-03 02:42:57.000,1.219600,1.219900,D
173799457,EUR/USD,2005-08-03 02:42:57.000,1.219500,1.219800,D
173799463,EUR/USD,2005-08-03 02:42:58.000,1.219600,1.219900,D
173799498,EUR/USD,2005-08-03 02:43:05.000,1.219700,1.220000,D
173799502,EUR/USD,2005-08-03 02:43:06.000,1.219600,1.219900,D
173799513,EUR/USD,2005-08-03 02:43:08.000,1.219700,1.220000,D
173799526,EUR/USD,2005-08-03 02:43:10.000,1.219600,1.219900,D
173799535,EUR/USD,2005-08-03 02:43:11.000,1.219700,1.220000,D
173799542,EUR/USD,2005-08-03 02:43:13.000,1.219600,1.219900,D
173799550,EUR/USD,2005-08-03 02:43:14.000,1.219700,1.220000,D
173799557,EUR/USD,2005-08-03 02:43:14.000,1.219600,1.219900,D
173799571,EUR/USD,2005-08-03 02:43:19.000,1.219500,1.219800,D
173799606,EUR/USD,2005-08-03 02:43:23.000,1.219400,1.219700,D
173799629,EUR/USD,2005-08-03 02:43:27.000,1.219500,1.219800,D
173799632,EUR/USD,2005-08-03 02:43:27.000,1.219400,1.219700,D
173799635,EUR/USD,2005-08-03 02:43:29.000,1.219500,1.219800,D
173799637,EUR/USD,2005-08-03 02:43:29.000,1.219400,1.219700,D
173799651,EUR/USD,2005-08-03 02:43:35.000,1.219300,1.219600,D
173799656,EUR/USD,2005-08-03 02:43:36.000,1.219400,1.219700,D
173799662,EUR/USD,2005-08-03 02:43:37.000,1.219300,1.219600,D
173799668,EUR/USD,2005-08-03 02:43:40.000,1.219400,1.219700,D
173799670,EUR/USD,2005-08-03 02:43:41.000,1.219300,1.219600,D
173799673,EUR/USD,2005-08-03 02:43:42.000,1.219400,1.219700,D
173799684,EUR/USD,2005-08-03 02:43:46.000,1.219300,1.219600,D
173799690,EUR/USD,2005-08-03 02:43:46.000,1.219400,1.219700,D
173799704,EUR/USD,2005-08-03 02:43:49.000,1.219500,1.219800,D
173799757,EUR/USD,2005-08-03 02:44:05.000,1.219600,1.219900,D
173799791,EUR/USD,2005-08-03 02:44:21.000,1.219700,1.220000,D
173799817,EUR/USD,2005-08-03 02:44:24.000,1.219800,1.220100,D
173799833,EUR/USD,2005-08-03 02:44:26.000,1.219900,1.220200,D
173799853,EUR/USD,2005-08-03 02:44:29.000,1.220000,1.220300,D
173799876,EUR/USD,2005-08-03 02:44:32.000,1.220100,1.220400,D
173799879,EUR/USD,2005-08-03 02:44:32.000,1.220000,1.220300,D
173799894,EUR/USD,2005-08-03 02:44:34.000,1.219900,1.220200,D
173799906,EUR/USD,2005-08-03 02:44:35.000,1.219800,1.220100,D
173799908,EUR/USD,2005-08-03 02:44:36.000,1.219900,1.220200,D
173799929,EUR/USD,2005-08-03 02:44:39.000,1.219800,1.220100,D
173799940,EUR/USD,2005-08-03 02:44:40.000,1.219900,1.220200,D
173799946,EUR/USD,2005-08-03 02:44:42.000,1.219800,1.220100,D
173799956,EUR/USD,2005-08-03 02:44:43.000,1.219700,1.220000,D
173799963,EUR/USD,2005-08-03 02:44:43.000,1.219800,1.220100,D
173799975,EUR/USD,2005-08-03 02:44:47.000,1.219900,1.220200,D
173800016,EUR/USD,2005-08-03 02:44:53.000,1.220000,1.220300,D
173800036,EUR/USD,2005-08-03 02:44:56.000,1.220100,1.220400,D
173800063,EUR/USD,2005-08-03 02:45:01.000,1.220000,1.220300,D
173800071,EUR/USD,2005-08-03 02:45:02.000,1.220100,1.220400,D
173800082,EUR/USD,2005-08-03 02:45:06.000,1.220000,1.220300,D
173800091,EUR/USD,2005-08-03 02:45:11.000,1.219900,1.220200,D
173800114,EUR/USD,2005-08-03 02:45:18.000,1.219800,1.220100,D
173800146,EUR/USD,2005-08-03 02:45:24.000,1.219700,1.220000,D
173800175,EUR/USD,2005-08-03 02:45:29.000,1.219800,1.220100,D
173800183,EUR/USD,2005-08-03 02:45:30.000,1.219900,1.220200,D
173800213,EUR/USD,2005-08-03 02:45:36.000,1.220000,1.220300,D
173800231,EUR/USD,2005-08-03 02:45:38.000,1.219900,1.220200,D
173800243,EUR/USD,2005-08-03 02:45:39.000,1.219800,1.220100,D
173800246,EUR/USD,2005-08-03 02:45:39.000,1.219900,1.220200,D
173800260,EUR/USD,2005-08-03 02:45:46.000,1.219800,1.220100,D
173800296,EUR/USD,2005-08-03 02:45:59.000,1.219700,1.220000,D
173800321,EUR/USD,2005-08-03 02:46:09.000,1.219800,1.220100,D
173800331,EUR/USD,2005-08-03 02:46:11.000,1.219700,1.220000,D
173800340,EUR/USD,2005-08-03 02:46:13.000,1.219600,1.219900,D
173800351,EUR/USD,2005-08-03 02:46:16.000,1.219700,1.220000,D
173800360,EUR/USD,2005-08-03 02:46:18.000,1.219600,1.219900,D
173800371,EUR/USD,2005-08-03 02:46:20.000,1.219700,1.220000,D
173800377,EUR/USD,2005-08-03 02:46:21.000,1.219600,1.219900,D
173800416,EUR/USD,2005-08-03 02:46:42.000,1.219500,1.219800,D
173800434,EUR/USD,2005-08-03 02:46:47.000,1.219600,1.219900,D
173800460,EUR/USD,2005-08-03 02:46:57.000,1.219500,1.219800,D
173800498,EUR/USD,2005-08-03 02:47:10.000,1.219600,1.219900,D
173800517,EUR/USD,2005-08-03 02:47:13.000,1.219500,1.219800,D
173800530,EUR/USD,2005-08-03 02:47:14.000,1.219600,1.219900,D
173800559,EUR/USD,2005-08-03 02:47:37.000,1.219500,1.219800,D
173800577,EUR/USD,2005-08-03 02:47:49.000,1.219400,1.219700,D
173800598,EUR/USD,2005-08-03 02:47:55.000,1.219500,1.219800,D
173800610,EUR/USD,2005-08-03 02:47:55.000,1.219400,1.219700,D
173800620,EUR/USD,2005-08-03 02:47:56.000,1.219500,1.219800,D
173800668,EUR/USD,2005-08-03 02:48:14.000,1.219600,1.219900,D
173800689,EUR/USD,2005-08-03 02:48:20.000,1.219500,1.219800,D
173800709,EUR/USD,2005-08-03 02:48:29.000,1.219400,1.219700,D
173800762,EUR/USD,2005-08-03 02:48:51.000,1.219300,1.219600,D
173800780,EUR/USD,2005-08-03 02:48:56.000,1.219200,1.219500,D
173800801,EUR/USD,2005-08-03 02:49:04.000,1.219100,1.219400,D
173800810,EUR/USD,2005-08-03 02:49:05.000,1.219200,1.219500,D
173800816,EUR/USD,2005-08-03 02:49:06.000,1.219100,1.219400,D
173800830,EUR/USD,2005-08-03 02:49:16.000,1.219200,1.219500,D
173800861,EUR/USD,2005-08-03 02:49:24.000,1.219300,1.219600,D
173800911,EUR/USD,2005-08-03 02:49:53.000,1.219400,1.219700,D
173800943,EUR/USD,2005-08-03 02:50:09.000,1.219500,1.219800,D
173800953,EUR/USD,2005-08-03 02:50:11.000,1.219400,1.219700,D
173800957,EUR/USD,2005-08-03 02:50:11.000,1.219500,1.219800,D
173800980,EUR/USD,2005-08-03 02:50:22.000,1.219600,1.219900,D
173801060,EUR/USD,2005-08-03 02:50:40.000,1.219500,1.219800,D
173801093,EUR/USD,2005-08-03 02:50:54.000,1.219400,1.219700,D
173801100,EUR/USD,2005-08-03 02:50:58.000,1.219300,1.219600,D
173801153,EUR/USD,2005-08-03 02:51:19.000,1.219200,1.219500,D
173801164,EUR/USD,2005-08-03 02:51:27.000,1.219300,1.219600,D
173801168,EUR/USD,2005-08-03 02:51:29.000,1.219200,1.219500,D
173801198,EUR/USD,2005-08-03 02:52:02.000,1.219100,1.219400,D
173801207,EUR/USD,2005-08-03 02:52:04.000,1.219200,1.219500,D
173801235,EUR/USD,2005-08-03 02:52:13.000,1.219300,1.219600,D
173801248,EUR/USD,2005-08-03 02:52:20.000,1.219400,1.219700,D
173801298,EUR/USD,2005-08-03 02:52:38.000,1.219500,1.219800,D
173801318,EUR/USD,2005-08-03 02:52:42.000,1.219600,1.219900,D
173801341,EUR/USD,2005-08-03 02:52:46.000,1.219700,1.220000,D
173801357,EUR/USD,2005-08-03 02:52:48.000,1.219600,1.219900,D
173801388,EUR/USD,2005-08-03 02:52:53.000,1.219500,1.219800,D
173801393,EUR/USD,2005-08-03 02:52:54.000,1.219600,1.219900,D
173801405,EUR/USD,2005-08-03 02:52:55.000,1.219500,1.219800,D
173801418,EUR/USD,2005-08-03 02:52:56.000,1.219600,1.219900,D
173801427,EUR/USD,2005-08-03 02:52:59.000,1.219500,1.219800,D
173801445,EUR/USD,2005-08-03 02:53:04.000,1.219600,1.219900,D
173801453,EUR/USD,2005-08-03 02:53:07.000,1.219500,1.219800,D
173801463,EUR/USD,2005-08-03 02:53:09.000,1.219600,1.219900,D
173801478,EUR/USD,2005-08-03 02:53:12.000,1.219500,1.219800,D
173801487,EUR/USD,2005-08-03 02:53:19.000,1.219600,1.219900,D
173801493,EUR/USD,2005-08-03 02:53:21.000,1.219500,1.219800,D
173801511,EUR/USD,2005-08-03 02:53:29.000,1.219400,1.219700,D
173801519,EUR/USD,2005-08-03 02:53:30.000,1.219500,1.219800,D
173801528,EUR/USD,2005-08-03 02:53:33.000,1.219400,1.219700,D
173801561,EUR/USD,2005-08-03 02:54:23.000,1.219500,1.219800,D
173801592,EUR/USD,2005-08-03 02:54:47.000,1.219400,1.219700,D
173801597,EUR/USD,2005-08-03 02:54:49.000,1.219500,1.219800,D
173801608,EUR/USD,2005-08-03 02:54:52.000,1.219400,1.219700,D
173801616,EUR/USD,2005-08-03 02:54:56.000,1.219500,1.219800,D
173801679,EUR/USD,2005-08-03 02:55:20.000,1.219600,1.219900,D
173801699,EUR/USD,2005-08-03 02:55:24.000,1.219500,1.219800,D
173801714,EUR/USD,2005-08-03 02:55:26.000,1.219600,1.219900,D
173801721,EUR/USD,2005-08-03 02:55:26.000,1.219500,1.219800,D
173801730,EUR/USD,2005-08-03 02:55:27.000,1.219600,1.219900,D
173801738,EUR/USD,2005-08-03 02:55:30.000,1.219700,1.220000,D
173801768,EUR/USD,2005-08-03 02:55:35.000,1.219800,1.220100,D
173801782,EUR/USD,2005-08-03 02:55:37.000,1.219900,1.220200,D
173801794,EUR/USD,2005-08-03 02:55:38.000,1.219800,1.220100,D
173801799,EUR/USD,2005-08-03 02:55:39.000,1.219900,1.220200,D
173801805,EUR/USD,2005-08-03 02:55:40.000,1.219800,1.220100,D
173801811,EUR/USD,2005-08-03 02:55:41.000,1.219900,1.220200,D
173801834,EUR/USD,2005-08-03 02:55:45.000,1.220000,1.220300,D
173801843,EUR/USD,2005-08-03 02:55:47.000,1.219900,1.220200,D
173801847,EUR/USD,2005-08-03 02:55:48.000,1.220000,1.220300,D
173801851,EUR/USD,2005-08-03 02:55:48.000,1.219900,1.220200,D
173801856,EUR/USD,2005-08-03 02:55:50.000,1.220000,1.220300,D
173801863,EUR/USD,2005-08-03 02:55:51.000,1.219900,1.220200,D
173801876,EUR/USD,2005-08-03 02:55:53.000,1.220000,1.220300,D
173801880,EUR/USD,2005-08-03 02:55:53.000,1.219900,1.220200,D
173801898,EUR/USD,2005-08-03 02:55:58.000,1.220000,1.220300,D
173801903,EUR/USD,2005-08-03 02:55:59.000,1.219900,1.220200,D
173801916,EUR/USD,2005-08-03 02:56:04.000,1.220000,1.220300,D
173801927,EUR/USD,2005-08-03 02:56:07.000,1.220100,1.220400,D
173801935,EUR/USD,2005-08-03 02:56:08.000,1.220200,1.220500,D
173801964,EUR/USD,2005-08-03 02:56:14.000,1.220100,1.220400,D
173801984,EUR/USD,2005-08-03 02:56:18.000,1.220000,1.220300,D
173802013,EUR/USD,2005-08-03 02:56:26.000,1.219900,1.220200,D
173802034,EUR/USD,2005-08-03 02:56:31.000,1.220000,1.220300,D
173802042,EUR/USD,2005-08-03 02:56:31.000,1.219900,1.220200,D
173802072,EUR/USD,2005-08-03 02:56:41.000,1.220000,1.220300,D
173802079,EUR/USD,2005-08-03 02:56:42.000,1.219900,1.220200,D
173802092,EUR/USD,2005-08-03 02:56:47.000,1.219800,1.220100,D
173802107,EUR/USD,2005-08-03 02:56:51.000,1.219700,1.220000,D
173802111,EUR/USD,2005-08-03 02:56:52.000,1.219800,1.220100,D
173802118,EUR/USD,2005-08-03 02:56:53.000,1.219700,1.220000,D
173802134,EUR/USD,2005-08-03 02:57:01.000,1.219800,1.220100,D
173802144,EUR/USD,2005-08-03 02:57:03.000,1.219700,1.220000,D
173802160,EUR/USD,2005-08-03 02:57:07.000,1.219800,1.220100,D
173802184,EUR/USD,2005-08-03 02:57:13.000,1.219700,1.220000,D
173802196,EUR/USD,2005-08-03 02:57:17.000,1.219800,1.220100,D
173802228,EUR/USD,2005-08-03 02:57:29.000,1.219900,1.220200,D
173802264,EUR/USD,2005-08-03 02:57:53.000,1.219800,1.220100,D
173802277,EUR/USD,2005-08-03 02:57:55.000,1.219900,1.220200,D
173802282,EUR/USD,2005-08-03 02:57:55.000,1.219800,1.220100,D
173802301,EUR/USD,2005-08-03 02:57:58.000,1.219900,1.220200,D
173802354,EUR/USD,2005-08-03 02:58:15.000,1.220000,1.220300,D
173802358,EUR/USD,2005-08-03 02:58:17.000,1.219900,1.220200,D
173802388,EUR/USD,2005-08-03 02:58:26.000,1.220000,1.220300,D
173802394,EUR/USD,2005-08-03 02:58:28.000,1.220100,1.220400,D
173802408,EUR/USD,2005-08-03 02:58:31.000,1.220200,1.220500,D
173802426,EUR/USD,2005-08-03 02:58:37.000,1.220100,1.220400,D
173802439,EUR/USD,2005-08-03 02:58:40.000,1.220200,1.220500,D
173802443,EUR/USD,2005-08-03 02:58:43.000,1.220100,1.220400,D
173802445,EUR/USD,2005-08-03 02:58:43.000,1.220200,1.220500,D
173802449,EUR/USD,2005-08-03 02:58:44.000,1.220100,1.220400,D
173802462,EUR/USD,2005-08-03 02:58:48.000,1.220200,1.220500,D
173802465,EUR/USD,2005-08-03 02:58:48.000,1.220100,1.220400,D
173802471,EUR/USD,2005-08-03 02:58:51.000,1.220200,1.220500,D
173802489,EUR/USD,2005-08-03 02:58:57.000,1.220300,1.220600,D
173802506,EUR/USD,2005-08-03 02:59:02.000,1.220200,1.220500,D
173802514,EUR/USD,2005-08-03 02:59:03.000,1.220300,1.220600,D
173802533,EUR/USD,2005-08-03 02:59:07.000,1.220200,1.220500,D
173802538,EUR/USD,2005-08-03 02:59:10.000,1.220300,1.220600,D
173802544,EUR/USD,2005-08-03 02:59:13.000,1.220200,1.220500,D
173802547,EUR/USD,2005-08-03 02:59:13.000,1.220300,1.220600,D
173802560,EUR/USD,2005-08-03 02:59:19.000,1.220400,1.220700,D
173802575,EUR/USD,2005-08-03 02:59:25.000,1.220500,1.220800,D
173802595,EUR/USD,2005-08-03 02:59:28.000,1.220400,1.220700,D
173802612,EUR/USD,2005-08-03 02:59:30.000,1.220300,1.220600,D
173802626,EUR/USD,2005-08-03 02:59:31.000,1.220400,1.220700,D
173802636,EUR/USD,2005-08-03 02:59:32.000,1.220300,1.220600,D
173802645,EUR/USD,2005-08-03 02:59:35.000,1.220400,1.220700,D
173802649,EUR/USD,2005-08-03 02:59:36.000,1.220300,1.220600,D
173802654,EUR/USD,2005-08-03 02:59:36.000,1.220400,1.220700,D
173802659,EUR/USD,2005-08-03 02:59:37.000,1.220300,1.220600,D
173802694,EUR/USD,2005-08-03 02:59:51.000,1.220200,1.220500,D
173802706,EUR/USD,2005-08-03 02:59:52.000,1.220300,1.220600,D
173802736,EUR/USD,2005-08-03 03:00:00.000,1.220400,1.220700,D
173802742,EUR/USD,2005-08-03 03:00:02.000,1.220300,1.220600,D
173802752,EUR/USD,2005-08-03 03:00:03.000,1.220400,1.220700,D
173802757,EUR/USD,2005-08-03 03:00:03.000,1.220300,1.220600,D
173802765,EUR/USD,2005-08-03 03:00:04.000,1.220400,1.220700,D
173802781,EUR/USD,2005-08-03 03:00:08.000,1.220500,1.220800,D
173802798,EUR/USD,2005-08-03 03:00:13.000,1.220400,1.220700,D
173802825,EUR/USD,2005-08-03 03:00:34.000,1.220300,1.220600,D
173802858,EUR/USD,2005-08-03 03:00:40.000,1.220200,1.220500,D
173802885,EUR/USD,2005-08-03 03:00:47.000,1.220100,1.220400,D
173802889,EUR/USD,2005-08-03 03:00:48.000,1.220200,1.220500,D
173802900,EUR/USD,2005-08-03 03:00:50.000,1.220100,1.220400,D
173802918,EUR/USD,2005-08-03 03:00:55.000,1.220000,1.220300,D
173802940,EUR/USD,2005-08-03 03:01:00.000,1.219900,1.220200,D
173802999,EUR/USD,2005-08-03 03:01:11.000,1.219800,1.220100,D
173803075,EUR/USD,2005-08-03 03:01:39.000,1.219700,1.220000,D
173803099,EUR/USD,2005-08-03 03:01:45.000,1.219800,1.220100,D
173803111,EUR/USD,2005-08-03 03:01:47.000,1.219700,1.220000,D
173803116,EUR/USD,2005-08-03 03:01:47.000,1.219800,1.220100,D
173803134,EUR/USD,2005-08-03 03:01:50.000,1.219700,1.220000,D
173803147,EUR/USD,2005-08-03 03:01:53.000,1.219800,1.220100,D
173803154,EUR/USD,2005-08-03 03:01:55.000,1.219700,1.220000,D
173803167,EUR/USD,2005-08-03 03:01:57.000,1.219800,1.220100,D
173803173,EUR/USD,2005-08-03 03:01:58.000,1.219700,1.220000,D
173803182,EUR/USD,2005-08-03 03:02:03.000,1.219800,1.220100,D
173803191,EUR/USD,2005-08-03 03:02:04.000,1.219700,1.220000,D
173803197,EUR/USD,2005-08-03 03:02:05.000,1.219800,1.220100,D
173803228,EUR/USD,2005-08-03 03:02:16.000,1.219700,1.220000,D
173803231,EUR/USD,2005-08-03 03:02:17.000,1.219800,1.220100,D
173803314,EUR/USD,2005-08-03 03:02:53.000,1.219900,1.220200,D
173803328,EUR/USD,2005-08-03 03:02:59.000,1.219800,1.220100,D
173803364,EUR/USD,2005-08-03 03:03:15.000,1.219900,1.220200,D
173803382,EUR/USD,2005-08-03 03:03:20.000,1.220000,1.220300,D
173803421,EUR/USD,2005-08-03 03:03:35.000,1.219900,1.220200,D
173803439,EUR/USD,2005-08-03 03:03:39.000,1.220000,1.220300,D
173803448,EUR/USD,2005-08-03 03:03:41.000,1.219900,1.220200,D
173803455,EUR/USD,2005-08-03 03:03:42.000,1.220000,1.220300,D
173803467,EUR/USD,2005-08-03 03:03:49.000,1.220100,1.220400,D
173803485,EUR/USD,2005-08-03 03:03:58.000,1.220200,1.220500,D
173803498,EUR/USD,2005-08-03 03:04:02.000,1.220100,1.220400,D
173803509,EUR/USD,2005-08-03 03:04:04.000,1.220200,1.220500,D
173803517,EUR/USD,2005-08-03 03:04:05.000,1.220100,1.220400,D
173803524,EUR/USD,2005-08-03 03:04:09.000,1.220200,1.220500,D
173803559,EUR/USD,2005-08-03 03:04:20.000,1.220100,1.220400,D
173803566,EUR/USD,2005-08-03 03:04:21.000,1.220200,1.220500,D
173803585,EUR/USD,2005-08-03 03:04:26.000,1.220300,1.220600,D
173803601,EUR/USD,2005-08-03 03:04:30.000,1.220400,1.220700,D
173803607,EUR/USD,2005-08-03 03:04:30.000,1.220300,1.220600,D
173803612,EUR/USD,2005-08-03 03:04:31.000,1.220200,1.220500,D
173803629,EUR/USD,2005-08-03 03:04:34.000,1.220300,1.220600,D
173803641,EUR/USD,2005-08-03 03:04:37.000,1.220200,1.220500,D
173803653,EUR/USD,2005-08-03 03:04:41.000,1.220300,1.220600,D
173803669,EUR/USD,2005-08-03 03:04:54.000,1.220200,1.220500,D
173803699,EUR/USD,2005-08-03 03:05:01.000,1.220100,1.220400,D
173803705,EUR/USD,2005-08-03 03:05:03.000,1.219900,1.220200,D
173803736,EUR/USD,2005-08-03 03:05:07.000,1.219800,1.220100,D
173803746,EUR/USD,2005-08-03 03:05:08.000,1.219900,1.220200,D
173803767,EUR/USD,2005-08-03 03:05:10.000,1.220000,1.220300,D
173803774,EUR/USD,2005-08-03 03:05:11.000,1.219900,1.220200,D
173803805,EUR/USD,2005-08-03 03:05:14.000,1.220000,1.220300,D
173803815,EUR/USD,2005-08-03 03:05:15.000,1.219900,1.220200,D
173803859,EUR/USD,2005-08-03 03:05:32.000,1.219800,1.220100,D
173803870,EUR/USD,2005-08-03 03:05:35.000,1.219900,1.220200,D
173803878,EUR/USD,2005-08-03 03:05:36.000,1.219800,1.220100,D
173803883,EUR/USD,2005-08-03 03:05:38.000,1.219900,1.220200,D
173803889,EUR/USD,2005-08-03 03:05:44.000,1.219800,1.220100,D
173803903,EUR/USD,2005-08-03 03:05:48.000,1.219700,1.220000,D
173803921,EUR/USD,2005-08-03 03:05:52.000,1.219800,1.220100,D
173803937,EUR/USD,2005-08-03 03:05:55.000,1.219700,1.220000,D
173803938,EUR/USD,2005-08-03 03:05:56.000,1.219800,1.220100,D
173803947,EUR/USD,2005-08-03 03:06:00.000,1.219700,1.220000,D
173804022,EUR/USD,2005-08-03 03:06:25.000,1.219600,1.219900,D
173804025,EUR/USD,2005-08-03 03:06:29.000,1.219700,1.220000,D
173804034,EUR/USD,2005-08-03 03:06:34.000,1.219600,1.219900,D
173804038,EUR/USD,2005-08-03 03:06:35.000,1.219700,1.220000,D
173804046,EUR/USD,2005-08-03 03:06:36.000,1.219600,1.219900,D
173804053,EUR/USD,2005-08-03 03:06:37.000,1.219700,1.220000,D
173804145,EUR/USD,2005-08-03 03:07:29.000,1.219800,1.220100,D
173804150,EUR/USD,2005-08-03 03:07:30.000,1.219700,1.220000,D
173804164,EUR/USD,2005-08-03 03:07:36.000,1.219600,1.219900,D
173804174,EUR/USD,2005-08-03 03:07:40.000,1.219500,1.219800,D
173804236,EUR/USD,2005-08-03 03:08:16.000,1.219600,1.219900,D
173804247,EUR/USD,2005-08-03 03:08:19.000,1.219500,1.219800,D
173804260,EUR/USD,2005-08-03 03:08:20.000,1.219600,1.219900,D
173804268,EUR/USD,2005-08-03 03:08:22.000,1.219500,1.219800,D
173804275,EUR/USD,2005-08-03 03:08:24.000,1.219600,1.219900,D
173804285,EUR/USD,2005-08-03 03:08:27.000,1.219700,1.220000,D
173804299,EUR/USD,2005-08-03 03:08:29.000,1.219600,1.219900,D
173804305,EUR/USD,2005-08-03 03:08:30.000,1.219700,1.220000,D
173804322,EUR/USD,2005-08-03 03:08:37.000,1.219800,1.220100,D
173804331,EUR/USD,2005-08-03 03:08:42.000,1.219900,1.220200,D
173804367,EUR/USD,2005-08-03 03:08:52.000,1.219800,1.220100,D
173804404,EUR/USD,2005-08-03 03:08:59.000,1.219700,1.220000,D
173804406,EUR/USD,2005-08-03 03:08:59.000,1.219800,1.220100,D
173804455,EUR/USD,2005-08-03 03:09:26.000,1.219700,1.220000,D
173804466,EUR/USD,2005-08-03 03:09:31.000,1.219800,1.220100,D
173804521,EUR/USD,2005-08-03 03:10:46.000,1.219700,1.220000,D
173804554,EUR/USD,2005-08-03 03:11:08.000,1.219800,1.220100,D
173804557,EUR/USD,2005-08-03 03:11:09.000,1.219700,1.220000,D
173804561,EUR/USD,2005-08-03 03:11:10.000,1.219800,1.220100,D
173804565,EUR/USD,2005-08-03 03:11:11.000,1.219700,1.220000,D
173804595,EUR/USD,2005-08-03 03:11:24.000,1.219600,1.219900,D
173804638,EUR/USD,2005-08-03 03:11:44.000,1.219700,1.220000,D
173804666,EUR/USD,2005-08-03 03:11:52.000,1.219600,1.219900,D
173804681,EUR/USD,2005-08-03 03:11:54.000,1.219700,1.220000,D
173804688,EUR/USD,2005-08-03 03:11:55.000,1.219600,1.219900,D
173804722,EUR/USD,2005-08-03 03:12:07.000,1.219500,1.219800,D
173804728,EUR/USD,2005-08-03 03:12:09.000,1.219600,1.219900,D
173804762,EUR/USD,2005-08-03 03:12:38.000,1.219700,1.220000,D
173804798,EUR/USD,2005-08-03 03:12:48.000,1.219800,1.220100,D
173804815,EUR/USD,2005-08-03 03:12:55.000,1.219900,1.220200,D
173804828,EUR/USD,2005-08-03 03:13:01.000,1.220000,1.220300,D
173804852,EUR/USD,2005-08-03 03:13:07.000,1.220100,1.220400,D
173804860,EUR/USD,2005-08-03 03:13:08.000,1.220000,1.220300,D
173804875,EUR/USD,2005-08-03 03:13:10.000,1.220100,1.220400,D
173804889,EUR/USD,2005-08-03 03:13:14.000,1.220200,1.220500,D
173804906,EUR/USD,2005-08-03 03:13:19.000,1.220300,1.220600,D
173804923,EUR/USD,2005-08-03 03:13:22.000,1.220200,1.220500,D
173804961,EUR/USD,2005-08-03 03:13:30.000,1.220300,1.220600,D
173804965,EUR/USD,2005-08-03 03:13:31.000,1.220200,1.220500,D
173804987,EUR/USD,2005-08-03 03:13:34.000,1.220100,1.220400,D
173804996,EUR/USD,2005-08-03 03:13:36.000,1.220200,1.220500,D
173805011,EUR/USD,2005-08-03 03:13:38.000,1.220300,1.220600,D
173805044,EUR/USD,2005-08-03 03:13:42.000,1.220200,1.220500,D
173805061,EUR/USD,2005-08-03 03:13:46.000,1.220100,1.220400,D
173805067,EUR/USD,2005-08-03 03:13:47.000,1.220200,1.220500,D
173805079,EUR/USD,2005-08-03 03:13:49.000,1.220100,1.220400,D
173805083,EUR/USD,2005-08-03 03:13:50.000,1.220200,1.220500,D
173805104,EUR/USD,2005-08-03 03:13:55.000,1.220300,1.220600,D
173805111,EUR/USD,2005-08-03 03:13:56.000,1.220200,1.220500,D
173805126,EUR/USD,2005-08-03 03:13:58.000,1.220300,1.220600,D
173805135,EUR/USD,2005-08-03 03:14:03.000,1.220400,1.220700,D
173805148,EUR/USD,2005-08-03 03:14:05.000,1.220500,1.220800,D
173805184,EUR/USD,2005-08-03 03:14:08.000,1.220600,1.220900,D
173805210,EUR/USD,2005-08-03 03:14:10.000,1.220700,1.221000,D
173805221,EUR/USD,2005-08-03 03:14:11.000,1.220600,1.220900,D
173805242,EUR/USD,2005-08-03 03:14:22.000,1.220700,1.221000,D
173805272,EUR/USD,2005-08-03 03:14:30.000,1.220600,1.220900,D
173805302,EUR/USD,2005-08-03 03:14:38.000,1.220500,1.220800,D
173805327,EUR/USD,2005-08-03 03:14:47.000,1.220600,1.220900,D
173805333,EUR/USD,2005-08-03 03:14:48.000,1.220500,1.220800,D
173805345,EUR/USD,2005-08-03 03:14:52.000,1.220600,1.220900,D
173805384,EUR/USD,2005-08-03 03:15:14.000,1.220700,1.221000,D
173805409,EUR/USD,2005-08-03 03:15:19.000,1.220800,1.221100,D
173805417,EUR/USD,2005-08-03 03:15:21.000,1.220700,1.221000,D
173805432,EUR/USD,2005-08-03 03:15:23.000,1.220600,1.220900,D
173805443,EUR/USD,2005-08-03 03:15:26.000,1.220700,1.221000,D
173805454,EUR/USD,2005-08-03 03:15:27.000,1.220600,1.220900,D
173805461,EUR/USD,2005-08-03 03:15:29.000,1.220500,1.220800,D
173805464,EUR/USD,2005-08-03 03:15:29.000,1.220600,1.220900,D
173805492,EUR/USD,2005-08-03 03:15:35.000,1.220500,1.220800,D
173805526,EUR/USD,2005-08-03 03:15:48.000,1.220600,1.220900,D
173805529,EUR/USD,2005-08-03 03:15:51.000,1.220500,1.220800,D
173805537,EUR/USD,2005-08-03 03:15:54.000,1.220600,1.220900,D
173805541,EUR/USD,2005-08-03 03:15:55.000,1.220500,1.220800,D
173805579,EUR/USD,2005-08-03 03:16:03.000,1.220600,1.220900,D
173805602,EUR/USD,2005-08-03 03:16:17.000,1.220500,1.220800,D
173805631,EUR/USD,2005-08-03 03:16:27.000,1.220400,1.220700,D
173805636,EUR/USD,2005-08-03 03:16:28.000,1.220500,1.220800,D
173805642,EUR/USD,2005-08-03 03:16:29.000,1.220400,1.220700,D
173805648,EUR/USD,2005-08-03 03:16:30.000,1.220300,1.220600,D
173805651,EUR/USD,2005-08-03 03:16:31.000,1.220400,1.220700,D
173805684,EUR/USD,2005-08-03 03:16:48.000,1.220500,1.220800,D
173805704,EUR/USD,2005-08-03 03:16:50.000,1.220600,1.220900,D
173805728,EUR/USD,2005-08-03 03:16:57.000,1.220700,1.221000,D
173805736,EUR/USD,2005-08-03 03:16:59.000,1.220600,1.220900,D
173805747,EUR/USD,2005-08-03 03:17:02.000,1.220700,1.221000,D
173805759,EUR/USD,2005-08-03 03:17:04.000,1.220600,1.220900,D
173805785,EUR/USD,2005-08-03 03:17:07.000,1.220700,1.221000,D
173805831,EUR/USD,2005-08-03 03:17:17.000,1.220600,1.220900,D
173805873,EUR/USD,2005-08-03 03:17:35.000,1.220500,1.220800,D
173805875,EUR/USD,2005-08-03 03:17:36.000,1.220600,1.220900,D
173805882,EUR/USD,2005-08-03 03:17:36.000,1.220500,1.220800,D
173805899,EUR/USD,2005-08-03 03:17:44.000,1.220600,1.220900,D
173805917,EUR/USD,2005-08-03 03:18:07.000,1.220500,1.220800,D
173805924,EUR/USD,2005-08-03 03:18:08.000,1.220600,1.220900,D
173805943,EUR/USD,2005-08-03 03:18:15.000,1.220500,1.220800,D
173805948,EUR/USD,2005-08-03 03:18:17.000,1.220600,1.220900,D
173805971,EUR/USD,2005-08-03 03:18:27.000,1.220700,1.221000,D
173806017,EUR/USD,2005-08-03 03:18:38.000,1.220600,1.220900,D
173806079,EUR/USD,2005-08-03 03:18:55.000,1.220500,1.220800,D
173806100,EUR/USD,2005-08-03 03:18:58.000,1.220600,1.220900,D
173806121,EUR/USD,2005-08-03 03:19:11.000,1.220500,1.220800,D
173806132,EUR/USD,2005-08-03 03:19:12.000,1.220600,1.220900,D
173806139,EUR/USD,2005-08-03 03:19:14.000,1.220500,1.220800,D
173806147,EUR/USD,2005-08-03 03:19:16.000,1.220600,1.220900,D
173806176,EUR/USD,2005-08-03 03:19:26.000,1.220700,1.221000,D
173806199,EUR/USD,2005-08-03 03:19:30.000,1.220600,1.220900,D
173806221,EUR/USD,2005-08-03 03:19:41.000,1.220700,1.221000,D
173806239,EUR/USD,2005-08-03 03:19:44.000,1.220600,1.220900,D
173806272,EUR/USD,2005-08-03 03:20:24.000,1.220700,1.221000,D
173806279,EUR/USD,2005-08-03 03:20:26.000,1.220600,1.220900,D
173806310,EUR/USD,2005-08-03 03:20:45.000,1.220700,1.221000,D
173806318,EUR/USD,2005-08-03 03:20:47.000,1.220600,1.220900,D
173806380,EUR/USD,2005-08-03 03:21:20.000,1.220700,1.221000,D
173806408,EUR/USD,2005-08-03 03:21:33.000,1.220600,1.220900,D
173806432,EUR/USD,2005-08-03 03:21:39.000,1.220700,1.221000,D
173806436,EUR/USD,2005-08-03 03:21:41.000,1.220800,1.221100,D
173806494,EUR/USD,2005-08-03 03:22:06.000,1.220900,1.221200,D
173806497,EUR/USD,2005-08-03 03:22:07.000,1.220800,1.221100,D
173806503,EUR/USD,2005-08-03 03:22:08.000,1.220700,1.221000,D
173806510,EUR/USD,2005-08-03 03:22:10.000,1.220800,1.221100,D
173806537,EUR/USD,2005-08-03 03:22:19.000,1.220900,1.221200,D
173806550,EUR/USD,2005-08-03 03:22:22.000,1.221000,1.221300,D
173806561,EUR/USD,2005-08-03 03:22:25.000,1.220900,1.221200,D
173806572,EUR/USD,2005-08-03 03:22:27.000,1.220800,1.221100,D
173806582,EUR/USD,2005-08-03 03:22:29.000,1.220700,1.221000,D
173806585,EUR/USD,2005-08-03 03:22:29.000,1.220800,1.221100,D
173806597,EUR/USD,2005-08-03 03:22:31.000,1.220700,1.221000,D
173806612,EUR/USD,2005-08-03 03:22:34.000,1.220800,1.221100,D
173806645,EUR/USD,2005-08-03 03:22:55.000,1.220700,1.221000,D
173806681,EUR/USD,2005-08-03 03:23:10.000,1.220600,1.220900,D
173806728,EUR/USD,2005-08-03 03:23:37.000,1.220500,1.220800,D
173806733,EUR/USD,2005-08-03 03:23:38.000,1.220600,1.220900,D
173806750,EUR/USD,2005-08-03 03:23:42.000,1.220500,1.220800,D
173806767,EUR/USD,2005-08-03 03:23:45.000,1.220600,1.220900,D
173806798,EUR/USD,2005-08-03 03:23:52.000,1.220700,1.221000,D
173806809,EUR/USD,2005-08-03 03:23:56.000,1.220600,1.220900,D
173806930,EUR/USD,2005-08-03 03:25:37.000,1.220700,1.221000,D
173806984,EUR/USD,2005-08-03 03:26:05.000,1.220800,1.221100,D
173806994,EUR/USD,2005-08-03 03:26:07.000,1.220700,1.221000,D
173807000,EUR/USD,2005-08-03 03:26:10.000,1.220800,1.221100,D
173807009,EUR/USD,2005-08-03 03:26:11.000,1.220700,1.221000,D
173807029,EUR/USD,2005-08-03 03:26:30.000,1.220800,1.221100,D
173807033,EUR/USD,2005-08-03 03:26:31.000,1.220900,1.221200,D
173807051,EUR/USD,2005-08-03 03:26:52.000,1.220800,1.221100,D
173807087,EUR/USD,2005-08-03 03:27:03.000,1.220700,1.221000,D
173807097,EUR/USD,2005-08-03 03:27:07.000,1.220600,1.220900,D
173807102,EUR/USD,2005-08-03 03:27:07.000,1.220700,1.221000,D
173807111,EUR/USD,2005-08-03 03:27:13.000,1.220600,1.220900,D
173807122,EUR/USD,2005-08-03 03:27:19.000,1.220700,1.221000,D
173807127,EUR/USD,2005-08-03 03:27:30.000,1.220600,1.220900,D
173807133,EUR/USD,2005-08-03 03:27:30.000,1.220700,1.221000,D
173807141,EUR/USD,2005-08-03 03:27:31.000,1.220600,1.220900,D
173807145,EUR/USD,2005-08-03 03:27:33.000,1.220700,1.221000,D
173807158,EUR/USD,2005-08-03 03:27:59.000,1.220600,1.220900,D
173807236,EUR/USD,2005-08-03 03:28:48.000,1.220700,1.221000,D
173807244,EUR/USD,2005-08-03 03:28:50.000,1.220600,1.220900,D
173807268,EUR/USD,2005-08-03 03:29:03.000,1.220500,1.220800,D
173807297,EUR/USD,2005-08-03 03:29:18.000,1.220400,1.220700,D
173807302,EUR/USD,2005-08-03 03:29:19.000,1.220500,1.220800,D
173807308,EUR/USD,2005-08-03 03:29:21.000,1.220400,1.220700,D
173807362,EUR/USD,2005-08-03 03:29:45.000,1.220500,1.220800,D
173807366,EUR/USD,2005-08-03 03:29:46.000,1.220400,1.220700,D
173807379,EUR/USD,2005-08-03 03:29:49.000,1.220500,1.220800,D
173807419,EUR/USD,2005-08-03 03:30:13.000,1.220400,1.220700,D
173807423,EUR/USD,2005-08-03 03:30:14.000,1.220500,1.220800,D
173807431,EUR/USD,2005-08-03 03:30:15.000,1.220400,1.220700,D
173807440,EUR/USD,2005-08-03 03:30:17.000,1.220500,1.220800,D
173807467,EUR/USD,2005-08-03 03:30:35.000,1.220400,1.220700,D
173807473,EUR/USD,2005-08-03 03:30:42.000,1.220500,1.220800,D
173807509,EUR/USD,2005-08-03 03:31:07.000,1.220400,1.220700,D
173807559,EUR/USD,2005-08-03 03:31:58.000,1.220500,1.220800,D
173807574,EUR/USD,2005-08-03 03:32:03.000,1.220400,1.220700,D
173807579,EUR/USD,2005-08-03 03:32:05.000,1.220500,1.220800,D
173807591,EUR/USD,2005-08-03 03:32:08.000,1.220400,1.220700,D
173807598,EUR/USD,2005-08-03 03:32:14.000,1.220500,1.220800,D
173807637,EUR/USD,2005-08-03 03:32:44.000,1.220400,1.220700,D
173807668,EUR/USD,2005-08-03 03:33:07.000,1.220500,1.220800,D
173807714,EUR/USD,2005-08-03 03:33:34.000,1.220400,1.220700,D
173807729,EUR/USD,2005-08-03 03:33:57.000,1.220500,1.220800,D
173807743,EUR/USD,2005-08-03 03:34:11.000,1.220400,1.220700,D
173807779,EUR/USD,2005-08-03 03:34:47.000,1.220500,1.220800,D
173807790,EUR/USD,2005-08-03 03:34:49.000,1.220400,1.220700,D
173807809,EUR/USD,2005-08-03 03:34:59.000,1.220500,1.220800,D
173807832,EUR/USD,2005-08-03 03:35:11.000,1.220600,1.220900,D
173807876,EUR/USD,2005-08-03 03:35:34.000,1.220500,1.220800,D
173807916,EUR/USD,2005-08-03 03:35:45.000,1.220400,1.220700,D
173807920,EUR/USD,2005-08-03 03:35:45.000,1.220500,1.220800,D
173807957,EUR/USD,2005-08-03 03:36:00.000,1.220600,1.220900,D
173807967,EUR/USD,2005-08-03 03:36:02.000,1.220500,1.220800,D
173807977,EUR/USD,2005-08-03 03:36:06.000,1.220600,1.220900,D
173808002,EUR/USD,2005-08-03 03:36:23.000,1.220500,1.220800,D
173808007,EUR/USD,2005-08-03 03:36:24.000,1.220600,1.220900,D
173808029,EUR/USD,2005-08-03 03:36:36.000,1.220500,1.220800,D
173808042,EUR/USD,2005-08-03 03:36:40.000,1.220400,1.220700,D
173808059,EUR/USD,2005-08-03 03:36:53.000,1.220500,1.220800,D
173808066,EUR/USD,2005-08-03 03:36:55.000,1.220400,1.220700,D
173808089,EUR/USD,2005-08-03 03:37:05.000,1.220500,1.220800,D
173808157,EUR/USD,2005-08-03 03:37:33.000,1.220400,1.220700,D
173808182,EUR/USD,2005-08-03 03:37:53.000,1.220300,1.220600,D
173808250,EUR/USD,2005-08-03 03:38:54.000,1.220200,1.220500,D
173808274,EUR/USD,2005-08-03 03:39:07.000,1.220300,1.220600,D
173808281,EUR/USD,2005-08-03 03:39:10.000,1.220200,1.220500,D
173808295,EUR/USD,2005-08-03 03:39:16.000,1.220300,1.220600,D
173808322,EUR/USD,2005-08-03 03:39:23.000,1.220200,1.220500,D
173808369,EUR/USD,2005-08-03 03:39:42.000,1.220300,1.220600,D
173808411,EUR/USD,2005-08-03 03:40:06.000,1.220400,1.220700,D
173808419,EUR/USD,2005-08-03 03:40:08.000,1.220300,1.220600,D
173808526,EUR/USD,2005-08-03 03:41:35.000,1.220200,1.220500,D
173808544,EUR/USD,2005-08-03 03:41:39.000,1.220300,1.220600,D
173808553,EUR/USD,2005-08-03 03:41:41.000,1.220200,1.220500,D
173808727,EUR/USD,2005-08-03 03:43:17.000,1.220300,1.220600,D
173808753,EUR/USD,2005-08-03 03:43:24.000,1.220400,1.220700,D
173808769,EUR/USD,2005-08-03 03:43:26.000,1.220300,1.220600,D
173808775,EUR/USD,2005-08-03 03:43:26.000,1.220200,1.220500,D
173808780,EUR/USD,2005-08-03 03:43:27.000,1.220300,1.220600,D
173808782,EUR/USD,2005-08-03 03:43:28.000,1.220400,1.220700,D
173808788,EUR/USD,2005-08-03 03:43:28.000,1.220300,1.220600,D
173808790,EUR/USD,2005-08-03 03:43:29.000,1.220400,1.220700,D
173808803,EUR/USD,2005-08-03 03:43:33.000,1.220500,1.220800,D
173808821,EUR/USD,2005-08-03 03:43:40.000,1.220400,1.220700,D
173808826,EUR/USD,2005-08-03 03:43:40.000,1.220500,1.220800,D
173808832,EUR/USD,2005-08-03 03:43:41.000,1.220400,1.220700,D
173808884,EUR/USD,2005-08-03 03:44:03.000,1.220500,1.220800,D
173808895,EUR/USD,2005-08-03 03:44:03.000,1.220400,1.220700,D
173808925,EUR/USD,2005-08-03 03:44:18.000,1.220500,1.220800,D
173808932,EUR/USD,2005-08-03 03:44:21.000,1.220400,1.220700,D
173808933,EUR/USD,2005-08-03 03:44:22.000,1.220500,1.220800,D
173808941,EUR/USD,2005-08-03 03:44:25.000,1.220400,1.220700,D
173808951,EUR/USD,2005-08-03 03:44:29.000,1.220500,1.220800,D
173809013,EUR/USD,2005-08-03 03:44:56.000,1.220600,1.220900,D
173809027,EUR/USD,2005-08-03 03:44:59.000,1.220500,1.220800,D
173809031,EUR/USD,2005-08-03 03:44:59.000,1.220600,1.220900,D
173809037,EUR/USD,2005-08-03 03:45:00.000,1.220700,1.221000,D
173809045,EUR/USD,2005-08-03 03:45:01.000,1.220600,1.220900,D
173809052,EUR/USD,2005-08-03 03:45:02.000,1.220700,1.221000,D
173809055,EUR/USD,2005-08-03 03:45:03.000,1.220600,1.220900,D
173809085,EUR/USD,2005-08-03 03:45:15.000,1.220500,1.220800,D
173809097,EUR/USD,2005-08-03 03:45:22.000,1.220600,1.220900,D
173809126,EUR/USD,2005-08-03 03:45:35.000,1.220700,1.221000,D
173809142,EUR/USD,2005-08-03 03:45:40.000,1.220600,1.220900,D
173809170,EUR/USD,2005-08-03 03:45:46.000,1.220700,1.221000,D
173809198,EUR/USD,2005-08-03 03:45:59.000,1.220600,1.220900,D
173809245,EUR/USD,2005-08-03 03:46:22.000,1.220500,1.220800,D
173809253,EUR/USD,2005-08-03 03:46:28.000,1.220600,1.220900,D
173809256,EUR/USD,2005-08-03 03:46:29.000,1.220500,1.220800,D
173809277,EUR/USD,2005-08-03 03:46:33.000,1.220400,1.220700,D
173809321,EUR/USD,2005-08-03 03:47:05.000,1.220500,1.220800,D
173809326,EUR/USD,2005-08-03 03:47:06.000,1.220400,1.220700,D
173809332,EUR/USD,2005-08-03 03:47:08.000,1.220500,1.220800,D
173809362,EUR/USD,2005-08-03 03:47:48.000,1.220600,1.220900,D
173809364,EUR/USD,2005-08-03 03:47:48.000,1.220500,1.220800,D
173809365,EUR/USD,2005-08-03 03:47:49.000,1.220600,1.220900,D
173809438,EUR/USD,2005-08-03 03:48:14.000,1.220500,1.220800,D
173809511,EUR/USD,2005-08-03 03:49:29.000,1.220400,1.220700,D
173809518,EUR/USD,2005-08-03 03:49:30.000,1.220500,1.220800,D
173809593,EUR/USD,2005-08-03 03:50:21.000,1.220600,1.220900,D
173809607,EUR/USD,2005-08-03 03:50:32.000,1.220700,1.221000,D
173809622,EUR/USD,2005-08-03 03:50:37.000,1.220600,1.220900,D
173809642,EUR/USD,2005-08-03 03:50:46.000,1.220700,1.221000,D
173809655,EUR/USD,2005-08-03 03:50:47.000,1.220600,1.220900,D
173809660,EUR/USD,2005-08-03 03:50:49.000,1.220700,1.221000,D
173809664,EUR/USD,2005-08-03 03:50:50.000,1.220600,1.220900,D
173809670,EUR/USD,2005-08-03 03:50:53.000,1.220700,1.221000,D
173809676,EUR/USD,2005-08-03 03:50:55.000,1.220800,1.221100,D
173809691,EUR/USD,2005-08-03 03:51:00.000,1.220900,1.221200,D
173809710,EUR/USD,2005-08-03 03:51:05.000,1.221000,1.221300,D
173809729,EUR/USD,2005-08-03 03:51:08.000,1.221100,1.221400,D
173809735,EUR/USD,2005-08-03 03:51:09.000,1.221000,1.221300,D
173809744,EUR/USD,2005-08-03 03:51:10.000,1.221100,1.221400,D
173809750,EUR/USD,2005-08-03 03:51:11.000,1.221000,1.221300,D
173809758,EUR/USD,2005-08-03 03:51:13.000,1.221100,1.221400,D
173809764,EUR/USD,2005-08-03 03:51:14.000,1.221000,1.221300,D
173809768,EUR/USD,2005-08-03 03:51:15.000,1.221100,1.221400,D
173809776,EUR/USD,2005-08-03 03:51:17.000,1.221000,1.221300,D
173809793,EUR/USD,2005-08-03 03:51:21.000,1.220900,1.221200,D
173809797,EUR/USD,2005-08-03 03:51:22.000,1.221000,1.221300,D
173809800,EUR/USD,2005-08-03 03:51:24.000,1.220900,1.221200,D
173809820,EUR/USD,2005-08-03 03:51:27.000,1.220800,1.221100,D
173809825,EUR/USD,2005-08-03 03:51:29.000,1.220700,1.221000,D
173809833,EUR/USD,2005-08-03 03:51:29.000,1.220800,1.221100,D
173809870,EUR/USD,2005-08-03 03:51:43.000,1.220700,1.221000,D
173809888,EUR/USD,2005-08-03 03:51:49.000,1.220600,1.220900,D
173809897,EUR/USD,2005-08-03 03:51:50.000,1.220700,1.221000,D
173809913,EUR/USD,2005-08-03 03:51:54.000,1.220600,1.220900,D
173809922,EUR/USD,2005-08-03 03:51:55.000,1.220700,1.221000,D
173809931,EUR/USD,2005-08-03 03:51:56.000,1.220600,1.220900,D
173809935,EUR/USD,2005-08-03 03:51:56.000,1.220700,1.221000,D
173809944,EUR/USD,2005-08-03 03:51:57.000,1.220600,1.220900,D
173809980,EUR/USD,2005-08-03 03:52:41.000,1.220700,1.221000,D
173810007,EUR/USD,2005-08-03 03:52:56.000,1.220800,1.221100,D
173810022,EUR/USD,2005-08-03 03:52:57.000,1.220700,1.221000,D
173810030,EUR/USD,2005-08-03 03:52:59.000,1.220800,1.221100,D
173810038,EUR/USD,2005-08-03 03:53:01.000,1.220900,1.221200,D
173810050,EUR/USD,2005-08-03 03:53:07.000,1.220800,1.221100,D
173810056,EUR/USD,2005-08-03 03:53:08.000,1.220700,1.221000,D
173810059,EUR/USD,2005-08-03 03:53:08.000,1.220800,1.221100,D
173810063,EUR/USD,2005-08-03 03:53:08.000,1.220900,1.221200,D
173810091,EUR/USD,2005-08-03 03:53:30.000,1.220800,1.221100,D
173810102,EUR/USD,2005-08-03 03:53:35.000,1.220700,1.221000,D
173810121,EUR/USD,2005-08-03 03:53:39.000,1.220800,1.221100,D
173810136,EUR/USD,2005-08-03 03:53:44.000,1.220700,1.221000,D
173810175,EUR/USD,2005-08-03 03:54:12.000,1.220800,1.221100,D
173810183,EUR/USD,2005-08-03 03:54:14.000,1.220700,1.221000,D
173810209,EUR/USD,2005-08-03 03:54:32.000,1.220600,1.220900,D
173810212,EUR/USD,2005-08-03 03:54:33.000,1.220700,1.221000,D
173810238,EUR/USD,2005-08-03 03:54:59.000,1.220800,1.221100,D
173810241,EUR/USD,2005-08-03 03:55:00.000,1.220700,1.221000,D
173810242,EUR/USD,2005-08-03 03:55:01.000,1.220800,1.221100,D
173810245,EUR/USD,2005-08-03 03:55:04.000,1.220700,1.221000,D
173810265,EUR/USD,2005-08-03 03:55:13.000,1.220800,1.221100,D
173810283,EUR/USD,2005-08-03 03:55:23.000,1.220900,1.221200,D
173810305,EUR/USD,2005-08-03 03:55:43.000,1.221000,1.221300,D
173810325,EUR/USD,2005-08-03 03:55:52.000,1.221100,1.221400,D
173810333,EUR/USD,2005-08-03 03:55:57.000,1.221000,1.221300,D
173810342,EUR/USD,2005-08-03 03:56:03.000,1.220900,1.221200,D
173810351,EUR/USD,2005-08-03 03:56:04.000,1.221000,1.221300,D
173810368,EUR/USD,2005-08-03 03:56:07.000,1.220900,1.221200,D
173810372,EUR/USD,2005-08-03 03:56:07.000,1.221000,1.221300,D
173810384,EUR/USD,2005-08-03 03:56:08.000,1.220900,1.221200,D
173810418,EUR/USD,2005-08-03 03:56:22.000,1.221000,1.221300,D
173810426,EUR/USD,2005-08-03 03:56:23.000,1.221100,1.221400,D
173810445,EUR/USD,2005-08-03 03:56:25.000,1.221000,1.221300,D
173810472,EUR/USD,2005-08-03 03:56:44.000,1.221100,1.221400,D
173810476,EUR/USD,2005-08-03 03:56:44.000,1.221000,1.221300,D
173810485,EUR/USD,2005-08-03 03:56:56.000,1.221100,1.221400,D
173810497,EUR/USD,2005-08-03 03:57:01.000,1.221000,1.221300,D
173810520,EUR/USD,2005-08-03 03:57:11.000,1.220900,1.221200,D
173810527,EUR/USD,2005-08-03 03:57:14.000,1.220800,1.221100,D
173810538,EUR/USD,2005-08-03 03:57:17.000,1.220700,1.221000,D
173810573,EUR/USD,2005-08-03 03:57:26.000,1.220800,1.221100,D
173810655,EUR/USD,2005-08-03 03:58:14.000,1.220700,1.221000,D
173810707,EUR/USD,2005-08-03 03:58:59.000,1.220800,1.221100,D
173810725,EUR/USD,2005-08-03 03:59:09.000,1.220900,1.221200,D
173810738,EUR/USD,2005-08-03 03:59:14.000,1.220800,1.221100,D
173810748,EUR/USD,2005-08-03 03:59:17.000,1.220900,1.221200,D
173810768,EUR/USD,2005-08-03 03:59:20.000,1.220800,1.221100,D
173810795,EUR/USD,2005-08-03 03:59:38.000,1.220900,1.221200,D
173810827,EUR/USD,2005-08-03 03:59:52.000,1.220800,1.221100,D
173810863,EUR/USD,2005-08-03 04:00:04.000,1.220700,1.221000,D
173810911,EUR/USD,2005-08-03 04:00:22.000,1.220800,1.221100,D
173810920,EUR/USD,2005-08-03 04:00:26.000,1.220700,1.221000,D
173810958,EUR/USD,2005-08-03 04:00:43.000,1.220800,1.221100,D
173811029,EUR/USD,2005-08-03 04:01:48.000,1.220700,1.221000,D
173811034,EUR/USD,2005-08-03 04:01:49.000,1.220800,1.221100,D
173811041,EUR/USD,2005-08-03 04:01:53.000,1.220700,1.221000,D
173811048,EUR/USD,2005-08-03 04:01:55.000,1.220800,1.221100,D
173811051,EUR/USD,2005-08-03 04:01:55.000,1.220700,1.221000,D
173811057,EUR/USD,2005-08-03 04:02:00.000,1.220800,1.221100,D
173811064,EUR/USD,2005-08-03 04:02:12.000,1.220700,1.221000,D
173811069,EUR/USD,2005-08-03 04:02:13.000,1.220800,1.221100,D
173811082,EUR/USD,2005-08-03 04:02:32.000,1.220700,1.221000,D
173811118,EUR/USD,2005-08-03 04:03:18.000,1.220600,1.220900,D
173811126,EUR/USD,2005-08-03 04:03:20.000,1.220700,1.221000,D
173811141,EUR/USD,2005-08-03 04:03:30.000,1.220800,1.221100,D
173811154,EUR/USD,2005-08-03 04:03:32.000,1.220700,1.221000,D
173811157,EUR/USD,2005-08-03 04:03:33.000,1.220800,1.221100,D
173811173,EUR/USD,2005-08-03 04:03:39.000,1.220900,1.221200,D
173811175,EUR/USD,2005-08-03 04:03:40.000,1.220800,1.221100,D
173811179,EUR/USD,2005-08-03 04:03:40.000,1.220900,1.221200,D
173811192,EUR/USD,2005-08-03 04:03:45.000,1.221000,1.221300,D
173811198,EUR/USD,2005-08-03 04:03:45.000,1.220900,1.221200,D
173811202,EUR/USD,2005-08-03 04:03:46.000,1.221000,1.221300,D
173811206,EUR/USD,2005-08-03 04:03:48.000,1.220900,1.221200,D
173811221,EUR/USD,2005-08-03 04:03:52.000,1.220800,1.221100,D
173811231,EUR/USD,2005-08-03 04:03:53.000,1.220900,1.221200,D
173811241,EUR/USD,2005-08-03 04:03:53.000,1.220800,1.221100,D
173811246,EUR/USD,2005-08-03 04:03:55.000,1.220900,1.221200,D
173811264,EUR/USD,2005-08-03 04:03:59.000,1.220800,1.221100,D
173811275,EUR/USD,2005-08-03 04:04:03.000,1.220900,1.221200,D
173811291,EUR/USD,2005-08-03 04:04:21.000,1.221000,1.221300,D
173811297,EUR/USD,2005-08-03 04:04:22.000,1.220900,1.221200,D
173811315,EUR/USD,2005-08-03 04:04:32.000,1.221000,1.221300,D
173811329,EUR/USD,2005-08-03 04:04:40.000,1.221100,1.221400,D
173811341,EUR/USD,2005-08-03 04:04:43.000,1.221200,1.221500,D
173811358,EUR/USD,2005-08-03 04:04:45.000,1.221100,1.221400,D
173811366,EUR/USD,2005-08-03 04:04:46.000,1.221200,1.221500,D
173811371,EUR/USD,2005-08-03 04:04:48.000,1.221100,1.221400,D
173811388,EUR/USD,2005-08-03 04:04:51.000,1.221000,1.221300,D
173811424,EUR/USD,2005-08-03 04:05:13.000,1.221100,1.221400,D
173811433,EUR/USD,2005-08-03 04:05:16.000,1.221000,1.221300,D
173811438,EUR/USD,2005-08-03 04:05:17.000,1.221100,1.221400,D
173811450,EUR/USD,2005-08-03 04:05:29.000,1.221200,1.221500,D
173811460,EUR/USD,2005-08-03 04:05:32.000,1.221300,1.221600,D
173811461,EUR/USD,2005-08-03 04:05:32.000,1.221200,1.221500,D
173811462,EUR/USD,2005-08-03 04:05:33.000,1.221100,1.221400,D
173811468,EUR/USD,2005-08-03 04:05:45.000,1.221200,1.221500,D
173811475,EUR/USD,2005-08-03 04:05:46.000,1.221100,1.221400,D
173811526,EUR/USD,2005-08-03 04:06:06.000,1.221000,1.221300,D
173811559,EUR/USD,2005-08-03 04:06:14.000,1.221100,1.221400,D
173811570,EUR/USD,2005-08-03 04:06:18.000,1.221200,1.221500,D
173811580,EUR/USD,2005-08-03 04:06:19.000,1.221100,1.221400,D
173811586,EUR/USD,2005-08-03 04:06:20.000,1.221200,1.221500,D
173811592,EUR/USD,2005-08-03 04:06:22.000,1.221100,1.221400,D
173811597,EUR/USD,2005-08-03 04:06:28.000,1.221200,1.221500,D
173811602,EUR/USD,2005-08-03 04:06:33.000,1.221100,1.221400,D
173811611,EUR/USD,2005-08-03 04:06:38.000,1.221200,1.221500,D
173811618,EUR/USD,2005-08-03 04:06:42.000,1.221100,1.221400,D
173811630,EUR/USD,2005-08-03 04:06:49.000,1.221200,1.221500,D
173811634,EUR/USD,2005-08-03 04:06:50.000,1.221100,1.221400,D
173811642,EUR/USD,2005-08-03 04:06:55.000,1.221200,1.221500,D
173811664,EUR/USD,2005-08-03 04:07:11.000,1.221300,1.221600,D
173811675,EUR/USD,2005-08-03 04:07:13.000,1.221400,1.221700,D
173811714,EUR/USD,2005-08-03 04:07:23.000,1.221500,1.221800,D
173811720,EUR/USD,2005-08-03 04:07:25.000,1.221600,1.221900,D
173811740,EUR/USD,2005-08-03 04:07:29.000,1.221500,1.221800,D
173811774,EUR/USD,2005-08-03 04:07:36.000,1.221400,1.221700,D
173811780,EUR/USD,2005-08-03 04:07:37.000,1.221500,1.221800,D
173811796,EUR/USD,2005-08-03 04:07:41.000,1.221600,1.221900,D
173811842,EUR/USD,2005-08-03 04:07:53.000,1.221500,1.221800,D
173811871,EUR/USD,2005-08-03 04:08:03.000,1.221600,1.221900,D
173811875,EUR/USD,2005-08-03 04:08:04.000,1.221500,1.221800,D
173811887,EUR/USD,2005-08-03 04:08:12.000,1.221400,1.221700,D
173811890,EUR/USD,2005-08-03 04:08:13.000,1.221500,1.221800,D
173811906,EUR/USD,2005-08-03 04:08:15.000,1.221400,1.221700,D
173811913,EUR/USD,2005-08-03 04:08:15.000,1.221500,1.221800,D
173811921,EUR/USD,2005-08-03 04:08:17.000,1.221400,1.221700,D
173811976,EUR/USD,2005-08-03 04:08:50.000,1.221500,1.221800,D
173812004,EUR/USD,2005-08-03 04:09:04.000,1.221600,1.221900,D
173812029,EUR/USD,2005-08-03 04:09:10.000,1.221500,1.221800,D
173812036,EUR/USD,2005-08-03 04:09:11.000,1.221600,1.221900,D
173812044,EUR/USD,2005-08-03 04:09:12.000,1.221500,1.221800,D
173812073,EUR/USD,2005-08-03 04:09:33.000,1.221600,1.221900,D
173812086,EUR/USD,2005-08-03 04:09:37.000,1.221500,1.221800,D
173812101,EUR/USD,2005-08-03 04:09:45.000,1.221600,1.221900,D
173812138,EUR/USD,2005-08-03 04:10:01.000,1.221700,1.222000,D
173812141,EUR/USD,2005-08-03 04:10:01.000,1.221600,1.221900,D
173812145,EUR/USD,2005-08-03 04:10:02.000,1.221700,1.222000,D
173812148,EUR/USD,2005-08-03 04:10:02.000,1.221600,1.221900,D
173812150,EUR/USD,2005-08-03 04:10:03.000,1.221700,1.222000,D
173812156,EUR/USD,2005-08-03 04:10:04.000,1.221600,1.221900,D
173812157,EUR/USD,2005-08-03 04:10:05.000,1.221700,1.222000,D
173812159,EUR/USD,2005-08-03 04:10:05.000,1.221600,1.221900,D
173812173,EUR/USD,2005-08-03 04:10:08.000,1.221700,1.222000,D
173812190,EUR/USD,2005-08-03 04:10:13.000,1.221600,1.221900,D
173812216,EUR/USD,2005-08-03 04:10:25.000,1.221500,1.221800,D
173812232,EUR/USD,2005-08-03 04:10:30.000,1.221600,1.221900,D
173812279,EUR/USD,2005-08-03 04:11:03.000,1.221500,1.221800,D
173812297,EUR/USD,2005-08-03 04:11:13.000,1.221400,1.221700,D
173812304,EUR/USD,2005-08-03 04:11:15.000,1.221500,1.221800,D
173812344,EUR/USD,2005-08-03 04:11:41.000,1.221600,1.221900,D
173812370,EUR/USD,2005-08-03 04:11:55.000,1.221700,1.222000,D
173812384,EUR/USD,2005-08-03 04:12:00.000,1.221600,1.221900,D
173812405,EUR/USD,2005-08-03 04:12:07.000,1.221700,1.222000,D
173812416,EUR/USD,2005-08-03 04:12:09.000,1.221600,1.221900,D
173812427,EUR/USD,2005-08-03 04:12:15.000,1.221700,1.222000,D
173812432,EUR/USD,2005-08-03 04:12:17.000,1.221600,1.221900,D
173812443,EUR/USD,2005-08-03 04:12:23.000,1.221500,1.221800,D
173812446,EUR/USD,2005-08-03 04:12:24.000,1.221600,1.221900,D
173812456,EUR/USD,2005-08-03 04:12:27.000,1.221500,1.221800,D
173812465,EUR/USD,2005-08-03 04:12:28.000,1.221600,1.221900,D
173812473,EUR/USD,2005-08-03 04:12:30.000,1.221500,1.221800,D
173812481,EUR/USD,2005-08-03 04:12:31.000,1.221600,1.221900,D
173812486,EUR/USD,2005-08-03 04:12:32.000,1.221500,1.221800,D
173812502,EUR/USD,2005-08-03 04:12:34.000,1.221600,1.221900,D
173812510,EUR/USD,2005-08-03 04:12:35.000,1.221500,1.221800,D
173812531,EUR/USD,2005-08-03 04:12:41.000,1.221600,1.221900,D
173812556,EUR/USD,2005-08-03 04:12:52.000,1.221500,1.221800,D
173812582,EUR/USD,2005-08-03 04:12:59.000,1.221600,1.221900,D
173812622,EUR/USD,2005-08-03 04:13:09.000,1.221500,1.221800,D
173812642,EUR/USD,2005-08-03 04:13:15.000,1.221600,1.221900,D
173812724,EUR/USD,2005-08-03 04:13:53.000,1.221700,1.222000,D
173812764,EUR/USD,2005-08-03 04:14:02.000,1.221800,1.222100,D
173812814,EUR/USD,2005-08-03 04:14:13.000,1.221700,1.222000,D
173812845,EUR/USD,2005-08-03 04:14:21.000,1.221600,1.221900,D
173812882,EUR/USD,2005-08-03 04:14:31.000,1.221700,1.222000,D
173812891,EUR/USD,2005-08-03 04:14:34.000,1.221600,1.221900,D
173812897,EUR/USD,2005-08-03 04:14:35.000,1.221700,1.222000,D
173812950,EUR/USD,2005-08-03 04:14:51.000,1.221600,1.221900,D
173812987,EUR/USD,2005-08-03 04:15:17.000,1.221500,1.221800,D
173812992,EUR/USD,2005-08-03 04:15:18.000,1.221600,1.221900,D
173813007,EUR/USD,2005-08-03 04:15:31.000,1.221500,1.221800,D
173813021,EUR/USD,2005-08-03 04:15:39.000,1.221600,1.221900,D
173813041,EUR/USD,2005-08-03 04:15:49.000,1.221500,1.221800,D
173813088,EUR/USD,2005-08-03 04:16:18.000,1.221400,1.221700,D
173813132,EUR/USD,2005-08-03 04:16:57.000,1.221500,1.221800,D
173813137,EUR/USD,2005-08-03 04:16:58.000,1.221400,1.221700,D
173813138,EUR/USD,2005-08-03 04:16:59.000,1.221500,1.221800,D
173813141,EUR/USD,2005-08-03 04:17:03.000,1.221400,1.221700,D
173813145,EUR/USD,2005-08-03 04:17:05.000,1.221500,1.221800,D
173813154,EUR/USD,2005-08-03 04:17:08.000,1.221400,1.221700,D
173813220,EUR/USD,2005-08-03 04:18:01.000,1.221300,1.221600,D
173813226,EUR/USD,2005-08-03 04:18:03.000,1.221400,1.221700,D
173813230,EUR/USD,2005-08-03 04:18:04.000,1.221300,1.221600,D
173813237,EUR/USD,2005-08-03 04:18:06.000,1.221400,1.221700,D
173813245,EUR/USD,2005-08-03 04:18:07.000,1.221300,1.221600,D
173813248,EUR/USD,2005-08-03 04:18:08.000,1.221400,1.221700,D
173813263,EUR/USD,2005-08-03 04:18:11.000,1.221300,1.221600,D
173813266,EUR/USD,2005-08-03 04:18:11.000,1.221400,1.221700,D
173813303,EUR/USD,2005-08-03 04:18:39.000,1.221300,1.221600,D
173813309,EUR/USD,2005-08-03 04:18:41.000,1.221400,1.221700,D
173813314,EUR/USD,2005-08-03 04:18:42.000,1.221300,1.221600,D
173813318,EUR/USD,2005-08-03 04:18:45.000,1.221400,1.221700,D
173813375,EUR/USD,2005-08-03 04:19:13.000,1.221500,1.221800,D
173813393,EUR/USD,2005-08-03 04:19:19.000,1.221600,1.221900,D
173813413,EUR/USD,2005-08-03 04:19:27.000,1.221500,1.221800,D
173813417,EUR/USD,2005-08-03 04:19:27.000,1.221600,1.221900,D
173813424,EUR/USD,2005-08-03 04:19:28.000,1.221700,1.222000,D
173813439,EUR/USD,2005-08-03 04:19:31.000,1.221800,1.222100,D
173813445,EUR/USD,2005-08-03 04:19:31.000,1.221700,1.222000,D
173813450,EUR/USD,2005-08-03 04:19:32.000,1.221800,1.222100,D
173813465,EUR/USD,2005-08-03 04:19:36.000,1.221700,1.222000,D
173813496,EUR/USD,2005-08-03 04:19:46.000,1.221800,1.222100,D
173813514,EUR/USD,2005-08-03 04:19:52.000,1.221700,1.222000,D
173813517,EUR/USD,2005-08-03 04:19:53.000,1.221800,1.222100,D
173813523,EUR/USD,2005-08-03 04:19:54.000,1.221700,1.222000,D
173813529,EUR/USD,2005-08-03 04:19:54.000,1.221800,1.222100,D
173813532,EUR/USD,2005-08-03 04:19:55.000,1.221700,1.222000,D
173813540,EUR/USD,2005-08-03 04:19:59.000,1.221600,1.221900,D
173813667,EUR/USD,2005-08-03 04:20:45.000,1.221700,1.222000,D
173813670,EUR/USD,2005-08-03 04:20:47.000,1.221600,1.221900,D
173813678,EUR/USD,2005-08-03 04:20:48.000,1.221700,1.222000,D
173813691,EUR/USD,2005-08-03 04:21:00.000,1.221600,1.221900,D
173813702,EUR/USD,2005-08-03 04:21:02.000,1.221700,1.222000,D
173813727,EUR/USD,2005-08-03 04:21:14.000,1.221600,1.221900,D
173813764,EUR/USD,2005-08-03 04:21:23.000,1.221500,1.221800,D
173813775,EUR/USD,2005-08-03 04:21:24.000,1.221600,1.221900,D
173813823,EUR/USD,2005-08-03 04:21:36.000,1.221700,1.222000,D
173813832,EUR/USD,2005-08-03 04:21:39.000,1.221600,1.221900,D
173813846,EUR/USD,2005-08-03 04:21:41.000,1.221700,1.222000,D
173813850,EUR/USD,2005-08-03 04:21:43.000,1.221600,1.221900,D
173813852,EUR/USD,2005-08-03 04:21:44.000,1.221700,1.222000,D
173813855,EUR/USD,2005-08-03 04:21:46.000,1.221600,1.221900,D
173813876,EUR/USD,2005-08-03 04:22:01.000,1.221700,1.222000,D
173813895,EUR/USD,2005-08-03 04:22:08.000,1.221600,1.221900,D
173813903,EUR/USD,2005-08-03 04:22:08.000,1.221700,1.222000,D
173813908,EUR/USD,2005-08-03 04:22:11.000,1.221600,1.221900,D
173813912,EUR/USD,2005-08-03 04:22:13.000,1.221700,1.222000,D
173813917,EUR/USD,2005-08-03 04:22:17.000,1.221600,1.221900,D
173813937,EUR/USD,2005-08-03 04:22:48.000,1.221700,1.222000,D
173813951,EUR/USD,2005-08-03 04:22:52.000,1.221600,1.221900,D
173813966,EUR/USD,2005-08-03 04:22:56.000,1.221700,1.222000,D
173813974,EUR/USD,2005-08-03 04:22:58.000,1.221800,1.222100,D
173813985,EUR/USD,2005-08-03 04:23:01.000,1.221700,1.222000,D
173813987,EUR/USD,2005-08-03 04:23:01.000,1.221800,1.222100,D
173813994,EUR/USD,2005-08-03 04:23:03.000,1.221900,1.222200,D
173814014,EUR/USD,2005-08-03 04:23:04.000,1.221800,1.222100,D
173814023,EUR/USD,2005-08-03 04:23:05.000,1.221900,1.222200,D
173814026,EUR/USD,2005-08-03 04:23:05.000,1.222000,1.222300,D
173814045,EUR/USD,2005-08-03 04:23:08.000,1.222100,1.222400,D
173814049,EUR/USD,2005-08-03 04:23:08.000,1.222000,1.222300,D
173814067,EUR/USD,2005-08-03 04:23:10.000,1.221900,1.222200,D
173814071,EUR/USD,2005-08-03 04:23:11.000,1.222000,1.222300,D
173814086,EUR/USD,2005-08-03 04:23:13.000,1.221900,1.222200,D
173814129,EUR/USD,2005-08-03 04:23:21.000,1.222000,1.222300,D
173814147,EUR/USD,2005-08-03 04:23:23.000,1.222100,1.222400,D
173814149,EUR/USD,2005-08-03 04:23:24.000,1.222200,1.222500,D
173814168,EUR/USD,2005-08-03 04:23:26.000,1.222100,1.222400,D
173814191,EUR/USD,2005-08-03 04:23:36.000,1.222000,1.222300,D
173814196,EUR/USD,2005-08-03 04:23:36.000,1.222100,1.222400,D
173814204,EUR/USD,2005-08-03 04:23:37.000,1.222000,1.222300,D
173814220,EUR/USD,2005-08-03 04:23:39.000,1.222100,1.222400,D
173814224,EUR/USD,2005-08-03 04:23:40.000,1.222000,1.222300,D
173814231,EUR/USD,2005-08-03 04:23:40.000,1.221900,1.222200,D
173814235,EUR/USD,2005-08-03 04:23:41.000,1.222000,1.222300,D
173814245,EUR/USD,2005-08-03 04:23:45.000,1.222100,1.222400,D
173814261,EUR/USD,2005-08-03 04:23:47.000,1.222200,1.222500,D
173814275,EUR/USD,2005-08-03 04:23:48.000,1.222100,1.222400,D
173814295,EUR/USD,2005-08-03 04:23:53.000,1.222200,1.222500,D
173814309,EUR/USD,2005-08-03 04:23:55.000,1.222300,1.222600,D
173814320,EUR/USD,2005-08-03 04:23:56.000,1.222400,1.222700,D
173814333,EUR/USD,2005-08-03 04:23:58.000,1.222500,1.222800,D
173814346,EUR/USD,2005-08-03 04:24:01.000,1.222400,1.222700,D
173814353,EUR/USD,2005-08-03 04:24:01.000,1.222500,1.222800,D
173814370,EUR/USD,2005-08-03 04:24:06.000,1.222400,1.222700,D
173814397,EUR/USD,2005-08-03 04:24:10.000,1.222500,1.222800,D
173814405,EUR/USD,2005-08-03 04:24:12.000,1.222400,1.222700,D
173814418,EUR/USD,2005-08-03 04:24:14.000,1.222500,1.222800,D
173814422,EUR/USD,2005-08-03 04:24:15.000,1.222400,1.222700,D
173814438,EUR/USD,2005-08-03 04:24:22.000,1.222300,1.222600,D
173814446,EUR/USD,2005-08-03 04:24:25.000,1.222400,1.222700,D
173814471,EUR/USD,2005-08-03 04:24:32.000,1.222500,1.222800,D
173814480,EUR/USD,2005-08-03 04:24:34.000,1.222400,1.222700,D
173814488,EUR/USD,2005-08-03 04:24:35.000,1.222500,1.222800,D
173814492,EUR/USD,2005-08-03 04:24:36.000,1.222400,1.222700,D
173814515,EUR/USD,2005-08-03 04:24:54.000,1.222500,1.222800,D
173814534,EUR/USD,2005-08-03 04:25:02.000,1.222600,1.222900,D
173814593,EUR/USD,2005-08-03 04:25:13.000,1.222500,1.222800,D
173814621,EUR/USD,2005-08-03 04:25:19.000,1.222400,1.222700,D
173814627,EUR/USD,2005-08-03 04:25:20.000,1.222500,1.222800,D
173814642,EUR/USD,2005-08-03 04:25:31.000,1.222600,1.222900,D
173814651,EUR/USD,2005-08-03 04:25:33.000,1.222500,1.222800,D
173814656,EUR/USD,2005-08-03 04:25:34.000,1.222600,1.222900,D
173814663,EUR/USD,2005-08-03 04:25:35.000,1.222500,1.222800,D
173814679,EUR/USD,2005-08-03 04:25:40.000,1.222400,1.222700,D
173814688,EUR/USD,2005-08-03 04:25:43.000,1.222500,1.222800,D
173814692,EUR/USD,2005-08-03 04:25:45.000,1.222400,1.222700,D
173814706,EUR/USD,2005-08-03 04:25:53.000,1.222300,1.222600,D
173814712,EUR/USD,2005-08-03 04:25:55.000,1.222400,1.222700,D
173814731,EUR/USD,2005-08-03 04:26:05.000,1.222300,1.222600,D
173814767,EUR/USD,2005-08-03 04:26:28.000,1.222400,1.222700,D
173814781,EUR/USD,2005-08-03 04:26:33.000,1.222500,1.222800,D
173814822,EUR/USD,2005-08-03 04:26:48.000,1.222400,1.222700,D
173814835,EUR/USD,2005-08-03 04:26:50.000,1.222500,1.222800,D
173814846,EUR/USD,2005-08-03 04:26:52.000,1.222400,1.222700,D
173814917,EUR/USD,2005-08-03 04:27:10.000,1.222300,1.222600,D
173814975,EUR/USD,2005-08-03 04:27:38.000,1.222400,1.222700,D
173814979,EUR/USD,2005-08-03 04:27:38.000,1.222300,1.222600,D
173814985,EUR/USD,2005-08-03 04:27:42.000,1.222400,1.222700,D
173815010,EUR/USD,2005-08-03 04:27:48.000,1.222500,1.222800,D
173815094,EUR/USD,2005-08-03 04:28:32.000,1.222600,1.222900,D
173815123,EUR/USD,2005-08-03 04:28:46.000,1.222700,1.223000,D
173815142,EUR/USD,2005-08-03 04:28:51.000,1.222800,1.223100,D
173815157,EUR/USD,2005-08-03 04:28:54.000,1.222700,1.223000,D
173815186,EUR/USD,2005-08-03 04:29:02.000,1.222600,1.222900,D
173815203,EUR/USD,2005-08-03 04:29:04.000,1.222700,1.223000,D
173815209,EUR/USD,2005-08-03 04:29:05.000,1.222600,1.222900,D
173815240,EUR/USD,2005-08-03 04:29:13.000,1.222500,1.222800,D
173815252,EUR/USD,2005-08-03 04:29:15.000,1.222600,1.222900,D
173815265,EUR/USD,2005-08-03 04:29:19.000,1.222500,1.222800,D
173815268,EUR/USD,2005-08-03 04:29:19.000,1.222600,1.222900,D
173815279,EUR/USD,2005-08-03 04:29:22.000,1.222500,1.222800,D
173815286,EUR/USD,2005-08-03 04:29:23.000,1.222600,1.222900,D
173815308,EUR/USD,2005-08-03 04:29:29.000,1.222500,1.222800,D
173815334,EUR/USD,2005-08-03 04:29:37.000,1.222400,1.222700,D
173815394,EUR/USD,2005-08-03 04:29:52.000,1.222500,1.222800,D
173815437,EUR/USD,2005-08-03 04:30:03.000,1.222400,1.222700,D
173815451,EUR/USD,2005-08-03 04:30:06.000,1.222500,1.222800,D
173815473,EUR/USD,2005-08-03 04:30:08.000,1.222400,1.222700,D
173815529,EUR/USD,2005-08-03 04:30:16.000,1.222500,1.222800,D
173815549,EUR/USD,2005-08-03 04:30:19.000,1.222400,1.222700,D
173815557,EUR/USD,2005-08-03 04:30:20.000,1.222500,1.222800,D
173815579,EUR/USD,2005-08-03 04:30:27.000,1.222600,1.222900,D
173815586,EUR/USD,2005-08-03 04:30:28.000,1.222700,1.223000,D
173815607,EUR/USD,2005-08-03 04:30:36.000,1.222600,1.222900,D
173815659,EUR/USD,2005-08-03 04:30:51.000,1.222700,1.223000,D
173815661,EUR/USD,2005-08-03 04:30:51.000,1.222600,1.222900,D
173815687,EUR/USD,2005-08-03 04:31:01.000,1.222500,1.222800,D
173815688,EUR/USD,2005-08-03 04:31:01.000,1.222600,1.222900,D
173815704,EUR/USD,2005-08-03 04:31:07.000,1.222500,1.222800,D
173815707,EUR/USD,2005-08-03 04:31:07.000,1.222600,1.222900,D
173815710,EUR/USD,2005-08-03 04:31:09.000,1.222500,1.222800,D
173815847,EUR/USD,2005-08-03 04:31:45.000,1.222400,1.222700,D
173815854,EUR/USD,2005-08-03 04:31:46.000,1.222500,1.222800,D
173815864,EUR/USD,2005-08-03 04:31:49.000,1.222400,1.222700,D
173815872,EUR/USD,2005-08-03 04:31:52.000,1.222500,1.222800,D
173815895,EUR/USD,2005-08-03 04:31:55.000,1.222400,1.222700,D
173815902,EUR/USD,2005-08-03 04:31:56.000,1.222500,1.222800,D
173815910,EUR/USD,2005-08-03 04:31:57.000,1.222400,1.222700,D
173815959,EUR/USD,2005-08-03 04:32:06.000,1.222500,1.222800,D
173815977,EUR/USD,2005-08-03 04:32:12.000,1.222400,1.222700,D
173815996,EUR/USD,2005-08-03 04:32:15.000,1.222300,1.222600,D
173816019,EUR/USD,2005-08-03 04:32:22.000,1.222400,1.222700,D
173816030,EUR/USD,2005-08-03 04:32:23.000,1.222300,1.222600,D
173816050,EUR/USD,2005-08-03 04:32:28.000,1.222400,1.222700,D
173816087,EUR/USD,2005-08-03 04:32:42.000,1.222500,1.222800,D
173816102,EUR/USD,2005-08-03 04:32:54.000,1.222400,1.222700,D
173816213,EUR/USD,2005-08-03 04:33:30.000,1.222500,1.222800,D
173816237,EUR/USD,2005-08-03 04:33:40.000,1.222400,1.222700,D
173816326,EUR/USD,2005-08-03 04:34:32.000,1.222300,1.222600,D
173816355,EUR/USD,2005-08-03 04:34:38.000,1.222400,1.222700,D
173816356,EUR/USD,2005-08-03 04:34:39.000,1.222300,1.222600,D
173816376,EUR/USD,2005-08-03 04:34:43.000,1.222400,1.222700,D
173816401,EUR/USD,2005-08-03 04:34:54.000,1.222500,1.222800,D
173816417,EUR/USD,2005-08-03 04:34:59.000,1.222600,1.222900,D
173816432,EUR/USD,2005-08-03 04:35:03.000,1.222700,1.223000,D
173816441,EUR/USD,2005-08-03 04:35:03.000,1.222600,1.222900,D
173816459,EUR/USD,2005-08-03 04:35:07.000,1.222700,1.223000,D
173816507,EUR/USD,2005-08-03 04:35:14.000,1.222600,1.222900,D
173816573,EUR/USD,2005-08-03 04:35:32.000,1.222500,1.222800,D
173816582,EUR/USD,2005-08-03 04:35:32.000,1.222400,1.222700,D
173816593,EUR/USD,2005-08-03 04:35:34.000,1.222500,1.222800,D
173816621,EUR/USD,2005-08-03 04:35:38.000,1.222600,1.222900,D
173816635,EUR/USD,2005-08-03 04:35:40.000,1.222500,1.222800,D
173816649,EUR/USD,2005-08-03 04:35:42.000,1.222600,1.222900,D
173816658,EUR/USD,2005-08-03 04:35:43.000,1.222500,1.222800,D
173816726,EUR/USD,2005-08-03 04:35:50.000,1.222400,1.222700,D
173816729,EUR/USD,2005-08-03 04:35:51.000,1.222500,1.222800,D
173816740,EUR/USD,2005-08-03 04:35:53.000,1.222400,1.222700,D
173816794,EUR/USD,2005-08-03 04:36:07.000,1.222300,1.222600,D
173816811,EUR/USD,2005-08-03 04:36:14.000,1.222400,1.222700,D
173816830,EUR/USD,2005-08-03 04:36:19.000,1.222300,1.222600,D
173816840,EUR/USD,2005-08-03 04:36:24.000,1.222200,1.222500,D
173816843,EUR/USD,2005-08-03 04:36:25.000,1.222300,1.222600,D
173816853,EUR/USD,2005-08-03 04:36:29.000,1.222400,1.222700,D
173816862,EUR/USD,2005-08-03 04:36:30.000,1.222300,1.222600,D
173816874,EUR/USD,2005-08-03 04:36:33.000,1.222400,1.222700,D
173816898,EUR/USD,2005-08-03 04:36:42.000,1.222500,1.222800,D
173816939,EUR/USD,2005-08-03 04:36:50.000,1.222600,1.222900,D
173816946,EUR/USD,2005-08-03 04:36:51.000,1.222500,1.222800,D
173816961,EUR/USD,2005-08-03 04:36:52.000,1.222400,1.222700,D
173816976,EUR/USD,2005-08-03 04:36:54.000,1.222500,1.222800,D
173817014,EUR/USD,2005-08-03 04:37:02.000,1.222400,1.222700,D
173817043,EUR/USD,2005-08-03 04:37:17.000,1.222500,1.222800,D
173817065,EUR/USD,2005-08-03 04:37:24.000,1.222600,1.222900,D
173817105,EUR/USD,2005-08-03 04:37:39.000,1.222700,1.223000,D
173817129,EUR/USD,2005-08-03 04:37:43.000,1.222800,1.223100,D
173817135,EUR/USD,2005-08-03 04:37:44.000,1.222700,1.223000,D
173817158,EUR/USD,2005-08-03 04:37:49.000,1.222800,1.223100,D
173817162,EUR/USD,2005-08-03 04:37:50.000,1.222700,1.223000,D
173817208,EUR/USD,2005-08-03 04:38:03.000,1.222800,1.223100,D
173817216,EUR/USD,2005-08-03 04:38:04.000,1.222700,1.223000,D
173817223,EUR/USD,2005-08-03 04:38:05.000,1.222800,1.223100,D
173817240,EUR/USD,2005-08-03 04:38:11.000,1.222700,1.223000,D
173817243,EUR/USD,2005-08-03 04:38:11.000,1.222800,1.223100,D
173817260,EUR/USD,2005-08-03 04:38:16.000,1.222900,1.223200,D
173817270,EUR/USD,2005-08-03 04:38:17.000,1.222800,1.223100,D
173817280,EUR/USD,2005-08-03 04:38:19.000,1.222900,1.223200,D
173817303,EUR/USD,2005-08-03 04:38:26.000,1.222800,1.223100,D
173817313,EUR/USD,2005-08-03 04:38:31.000,1.222900,1.223200,D
173817326,EUR/USD,2005-08-03 04:38:36.000,1.222800,1.223100,D
173817330,EUR/USD,2005-08-03 04:38:36.000,1.222900,1.223200,D
173817338,EUR/USD,2005-08-03 04:38:40.000,1.222800,1.223100,D
173817344,EUR/USD,2005-08-03 04:38:41.000,1.222900,1.223200,D
173817350,EUR/USD,2005-08-03 04:38:43.000,1.222800,1.223100,D
173817355,EUR/USD,2005-08-03 04:38:43.000,1.222900,1.223200,D
173817360,EUR/USD,2005-08-03 04:38:44.000,1.222800,1.223100,D
173817364,EUR/USD,2005-08-03 04:38:45.000,1.222900,1.223200,D
173817373,EUR/USD,2005-08-03 04:38:46.000,1.222800,1.223100,D
173817378,EUR/USD,2005-08-03 04:38:47.000,1.222900,1.223200,D
173817382,EUR/USD,2005-08-03 04:38:48.000,1.222700,1.223000,D
173817402,EUR/USD,2005-08-03 04:38:49.000,1.222800,1.223100,D
173817440,EUR/USD,2005-08-03 04:38:57.000,1.222700,1.223000,D
173817496,EUR/USD,2005-08-03 04:39:14.000,1.222600,1.222900,D
173817511,EUR/USD,2005-08-03 04:39:22.000,1.222700,1.223000,D
173817516,EUR/USD,2005-08-03 04:39:23.000,1.222600,1.222900,D
173817527,EUR/USD,2005-08-03 04:39:29.000,1.222700,1.223000,D
173817646,EUR/USD,2005-08-03 04:40:39.000,1.222800,1.223100,D
173817683,EUR/USD,2005-08-03 04:40:51.000,1.222900,1.223200,D
173817685,EUR/USD,2005-08-03 04:40:53.000,1.222800,1.223100,D
173817733,EUR/USD,2005-08-03 04:41:16.000,1.222900,1.223200,D
173817741,EUR/USD,2005-08-03 04:41:17.000,1.222800,1.223100,D
173817749,EUR/USD,2005-08-03 04:41:25.000,1.222900,1.223200,D
173817762,EUR/USD,2005-08-03 04:41:29.000,1.223000,1.223300,D
173817815,EUR/USD,2005-08-03 04:41:42.000,1.222900,1.223200,D
173817852,EUR/USD,2005-08-03 04:41:50.000,1.223000,1.223300,D
173817871,EUR/USD,2005-08-03 04:41:54.000,1.223100,1.223400,D
173817883,EUR/USD,2005-08-03 04:41:55.000,1.223200,1.223500,D
173817900,EUR/USD,2005-08-03 04:41:58.000,1.223300,1.223600,D
173817919,EUR/USD,2005-08-03 04:42:01.000,1.223400,1.223700,D
173817927,EUR/USD,2005-08-03 04:42:04.000,1.223500,1.223800,D
173817950,EUR/USD,2005-08-03 04:42:07.000,1.223600,1.223900,D
173818000,EUR/USD,2005-08-03 04:42:13.000,1.223500,1.223800,D
173818023,EUR/USD,2005-08-03 04:42:17.000,1.223400,1.223700,D
173818043,EUR/USD,2005-08-03 04:42:21.000,1.223500,1.223800,D
173818047,EUR/USD,2005-08-03 04:42:21.000,1.223400,1.223700,D
173818053,EUR/USD,2005-08-03 04:42:22.000,1.223500,1.223800,D
173818061,EUR/USD,2005-08-03 04:42:24.000,1.223400,1.223700,D
173818062,EUR/USD,2005-08-03 04:42:24.000,1.223500,1.223800,D
173818099,EUR/USD,2005-08-03 04:42:30.000,1.223600,1.223900,D
173818110,EUR/USD,2005-08-03 04:42:31.000,1.223500,1.223800,D
173818184,EUR/USD,2005-08-03 04:42:42.000,1.223400,1.223700,D
173818219,EUR/USD,2005-08-03 04:42:47.000,1.223300,1.223600,D
173818261,EUR/USD,2005-08-03 04:42:52.000,1.223400,1.223700,D
173818274,EUR/USD,2005-08-03 04:42:59.000,1.223300,1.223600,D
173818282,EUR/USD,2005-08-03 04:43:01.000,1.223400,1.223700,D
173818332,EUR/USD,2005-08-03 04:43:11.000,1.223300,1.223600,D
173818336,EUR/USD,2005-08-03 04:43:13.000,1.223400,1.223700,D
173818347,EUR/USD,2005-08-03 04:43:14.000,1.223300,1.223600,D
173818364,EUR/USD,2005-08-03 04:43:15.000,1.223400,1.223700,D
173818385,EUR/USD,2005-08-03 04:43:19.000,1.223300,1.223600,D
173818402,EUR/USD,2005-08-03 04:43:23.000,1.223400,1.223700,D
173818416,EUR/USD,2005-08-03 04:43:27.000,1.223300,1.223600,D
173818427,EUR/USD,2005-08-03 04:43:29.000,1.223400,1.223700,D
173818440,EUR/USD,2005-08-03 04:43:31.000,1.223500,1.223800,D
173818452,EUR/USD,2005-08-03 04:43:34.000,1.223400,1.223700,D
173818473,EUR/USD,2005-08-03 04:43:37.000,1.223300,1.223600,D
173818478,EUR/USD,2005-08-03 04:43:37.000,1.223400,1.223700,D
173818495,EUR/USD,2005-08-03 04:43:41.000,1.223500,1.223800,D
173818508,EUR/USD,2005-08-03 04:43:42.000,1.223400,1.223700,D
173818547,EUR/USD,2005-08-03 04:43:53.000,1.223300,1.223600,D
173818558,EUR/USD,2005-08-03 04:43:55.000,1.223400,1.223700,D
173818584,EUR/USD,2005-08-03 04:44:02.000,1.223500,1.223800,D
173818594,EUR/USD,2005-08-03 04:44:03.000,1.223400,1.223700,D
173818604,EUR/USD,2005-08-03 04:44:06.000,1.223500,1.223800,D
173818623,EUR/USD,2005-08-03 04:44:12.000,1.223400,1.223700,D
173818651,EUR/USD,2005-08-03 04:44:17.000,1.223300,1.223600,D
173818681,EUR/USD,2005-08-03 04:44:28.000,1.223200,1.223500,D
173818697,EUR/USD,2005-08-03 04:44:31.000,1.223300,1.223600,D
173818722,EUR/USD,2005-08-03 04:44:36.000,1.223400,1.223700,D
173818730,EUR/USD,2005-08-03 04:44:37.000,1.223300,1.223600,D
173818826,EUR/USD,2005-08-03 04:45:00.000,1.223200,1.223500,D
173818832,EUR/USD,2005-08-03 04:45:10.000,1.223100,1.223400,D
173818857,EUR/USD,2005-08-03 04:45:12.000,1.223200,1.223500,D
173818863,EUR/USD,2005-08-03 04:45:16.000,1.223100,1.223400,D
173818896,EUR/USD,2005-08-03 04:45:35.000,1.223000,1.223300,D
173818903,EUR/USD,2005-08-03 04:45:36.000,1.223100,1.223400,D
173818911,EUR/USD,2005-08-03 04:45:38.000,1.223000,1.223300,D
173818925,EUR/USD,2005-08-03 04:45:41.000,1.223100,1.223400,D
173818938,EUR/USD,2005-08-03 04:45:51.000,1.223200,1.223500,D
173818955,EUR/USD,2005-08-03 04:45:55.000,1.223100,1.223400,D
173819021,EUR/USD,2005-08-03 04:46:19.000,1.223000,1.223300,D
173819046,EUR/USD,2005-08-03 04:46:32.000,1.222900,1.223200,D
173819113,EUR/USD,2005-08-03 04:46:47.000,1.222800,1.223100,D
173819131,EUR/USD,2005-08-03 04:46:51.000,1.222900,1.223200,D
173819134,EUR/USD,2005-08-03 04:46:51.000,1.223000,1.223300,D
173819145,EUR/USD,2005-08-03 04:46:53.000,1.222900,1.223200,D
173819214,EUR/USD,2005-08-03 04:47:23.000,1.223000,1.223300,D
173819253,EUR/USD,2005-08-03 04:47:34.000,1.223100,1.223400,D
173819258,EUR/USD,2005-08-03 04:47:34.000,1.223000,1.223300,D
173819262,EUR/USD,2005-08-03 04:47:35.000,1.223100,1.223400,D
173819293,EUR/USD,2005-08-03 04:47:51.000,1.223200,1.223500,D
173819307,EUR/USD,2005-08-03 04:47:54.000,1.223300,1.223600,D
173819325,EUR/USD,2005-08-03 04:47:59.000,1.223200,1.223500,D
173819366,EUR/USD,2005-08-03 04:48:11.000,1.223100,1.223400,D
173819435,EUR/USD,2005-08-03 04:48:36.000,1.223200,1.223500,D
173819438,EUR/USD,2005-08-03 04:48:37.000,1.223100,1.223400,D
173819448,EUR/USD,2005-08-03 04:48:38.000,1.223200,1.223500,D
173819462,EUR/USD,2005-08-03 04:48:41.000,1.223100,1.223400,D
173819477,EUR/USD,2005-08-03 04:48:48.000,1.223200,1.223500,D
173819529,EUR/USD,2005-08-03 04:49:02.000,1.223300,1.223600,D
173819535,EUR/USD,2005-08-03 04:49:04.000,1.223200,1.223500,D
173819540,EUR/USD,2005-08-03 04:49:05.000,1.223300,1.223600,D
173819563,EUR/USD,2005-08-03 04:49:13.000,1.223200,1.223500,D
173819568,EUR/USD,2005-08-03 04:49:15.000,1.223300,1.223600,D
173819575,EUR/USD,2005-08-03 04:49:16.000,1.223200,1.223500,D
173819577,EUR/USD,2005-08-03 04:49:17.000,1.223300,1.223600,D
173819588,EUR/USD,2005-08-03 04:49:18.000,1.223200,1.223500,D
173819611,EUR/USD,2005-08-03 04:49:29.000,1.223300,1.223600,D
173819621,EUR/USD,2005-08-03 04:49:32.000,1.223200,1.223500,D
173819645,EUR/USD,2005-08-03 04:49:38.000,1.223300,1.223600,D
173819653,EUR/USD,2005-08-03 04:49:40.000,1.223200,1.223500,D
173819658,EUR/USD,2005-08-03 04:49:40.000,1.223100,1.223400,D
173819663,EUR/USD,2005-08-03 04:49:43.000,1.223200,1.223500,D
173819665,EUR/USD,2005-08-03 04:49:44.000,1.223300,1.223600,D
173819692,EUR/USD,2005-08-03 04:50:06.000,1.223200,1.223500,D
173819703,EUR/USD,2005-08-03 04:50:12.000,1.223100,1.223400,D
173819713,EUR/USD,2005-08-03 04:50:18.000,1.223200,1.223500,D
173819718,EUR/USD,2005-08-03 04:50:20.000,1.223100,1.223400,D
173819726,EUR/USD,2005-08-03 04:50:22.000,1.223200,1.223500,D
173819782,EUR/USD,2005-08-03 04:50:59.000,1.223100,1.223400,D
173819785,EUR/USD,2005-08-03 04:51:00.000,1.223200,1.223500,D
173819790,EUR/USD,2005-08-03 04:51:01.000,1.223100,1.223400,D
173819823,EUR/USD,2005-08-03 04:51:16.000,1.223200,1.223500,D
173819826,EUR/USD,2005-08-03 04:51:17.000,1.223100,1.223400,D
173819851,EUR/USD,2005-08-03 04:51:24.000,1.223200,1.223500,D
173819854,EUR/USD,2005-08-03 04:51:26.000,1.223100,1.223400,D
173819860,EUR/USD,2005-08-03 04:51:28.000,1.223200,1.223500,D
173819868,EUR/USD,2005-08-03 04:51:35.000,1.223100,1.223400,D
173819880,EUR/USD,2005-08-03 04:51:37.000,1.223200,1.223500,D
173819888,EUR/USD,2005-08-03 04:51:38.000,1.223100,1.223400,D
173819896,EUR/USD,2005-08-03 04:51:41.000,1.223200,1.223500,D
173819902,EUR/USD,2005-08-03 04:51:42.000,1.223100,1.223400,D
173819918,EUR/USD,2005-08-03 04:51:45.000,1.223200,1.223500,D
173819924,EUR/USD,2005-08-03 04:51:47.000,1.223100,1.223400,D
173819933,EUR/USD,2005-08-03 04:51:49.000,1.223200,1.223500,D
173819942,EUR/USD,2005-08-03 04:51:54.000,1.223100,1.223400,D
173819958,EUR/USD,2005-08-03 04:52:00.000,1.223000,1.223300,D
173819966,EUR/USD,2005-08-03 04:52:01.000,1.223100,1.223400,D
173819980,EUR/USD,2005-08-03 04:52:12.000,1.223000,1.223300,D
173819985,EUR/USD,2005-08-03 04:52:13.000,1.223100,1.223400,D
173820019,EUR/USD,2005-08-03 04:52:28.000,1.223200,1.223500,D
173820043,EUR/USD,2005-08-03 04:52:39.000,1.223300,1.223600,D
173820048,EUR/USD,2005-08-03 04:52:39.000,1.223200,1.223500,D
173820072,EUR/USD,2005-08-03 04:52:43.000,1.223300,1.223600,D
173820080,EUR/USD,2005-08-03 04:52:44.000,1.223200,1.223500,D
173820098,EUR/USD,2005-08-03 04:52:48.000,1.223300,1.223600,D
173820118,EUR/USD,2005-08-03 04:52:52.000,1.223400,1.223700,D
173820136,EUR/USD,2005-08-03 04:52:54.000,1.223500,1.223800,D
173820143,EUR/USD,2005-08-03 04:52:55.000,1.223400,1.223700,D
173820149,EUR/USD,2005-08-03 04:52:56.000,1.223500,1.223800,D
173820158,EUR/USD,2005-08-03 04:52:57.000,1.223400,1.223700,D
173820161,EUR/USD,2005-08-03 04:52:57.000,1.223500,1.223800,D
173820162,EUR/USD,2005-08-03 04:52:58.000,1.223400,1.223700,D
173820168,EUR/USD,2005-08-03 04:52:58.000,1.223500,1.223800,D
173820176,EUR/USD,2005-08-03 04:53:00.000,1.223400,1.223700,D
173820187,EUR/USD,2005-08-03 04:53:01.000,1.223500,1.223800,D
173820201,EUR/USD,2005-08-03 04:53:04.000,1.223600,1.223900,D
173820229,EUR/USD,2005-08-03 04:53:09.000,1.223500,1.223800,D
173820236,EUR/USD,2005-08-03 04:53:09.000,1.223400,1.223700,D
173820251,EUR/USD,2005-08-03 04:53:11.000,1.223500,1.223800,D
173820297,EUR/USD,2005-08-03 04:53:24.000,1.223600,1.223900,D
173820308,EUR/USD,2005-08-03 04:53:27.000,1.223700,1.224000,D
173820319,EUR/USD,2005-08-03 04:53:28.000,1.223600,1.223900,D
173820383,EUR/USD,2005-08-03 04:53:43.000,1.223700,1.224000,D
173820397,EUR/USD,2005-08-03 04:53:48.000,1.223600,1.223900,D
173820412,EUR/USD,2005-08-03 04:53:52.000,1.223500,1.223800,D
173820426,EUR/USD,2005-08-03 04:53:54.000,1.223400,1.223700,D
173820442,EUR/USD,2005-08-03 04:53:57.000,1.223300,1.223600,D
173820470,EUR/USD,2005-08-03 04:53:59.000,1.223400,1.223700,D
173820493,EUR/USD,2005-08-03 04:54:02.000,1.223500,1.223800,D
173820509,EUR/USD,2005-08-03 04:54:05.000,1.223400,1.223700,D
173820521,EUR/USD,2005-08-03 04:54:07.000,1.223500,1.223800,D
173820528,EUR/USD,2005-08-03 04:54:10.000,1.223400,1.223700,D
173820550,EUR/USD,2005-08-03 04:54:12.000,1.223500,1.223800,D
173820558,EUR/USD,2005-08-03 04:54:13.000,1.223400,1.223700,D
173820571,EUR/USD,2005-08-03 04:54:16.000,1.223500,1.223800,D
173820579,EUR/USD,2005-08-03 04:54:18.000,1.223400,1.223700,D
173820584,EUR/USD,2005-08-03 04:54:18.000,1.223500,1.223800,D
173820604,EUR/USD,2005-08-03 04:54:24.000,1.223600,1.223900,D
173820611,EUR/USD,2005-08-03 04:54:25.000,1.223500,1.223800,D
173820631,EUR/USD,2005-08-03 04:54:30.000,1.223600,1.223900,D
173820644,EUR/USD,2005-08-03 04:54:34.000,1.223700,1.224000,D
173820647,EUR/USD,2005-08-03 04:54:35.000,1.223800,1.224100,D
173820659,EUR/USD,2005-08-03 04:54:37.000,1.223700,1.224000,D
173820703,EUR/USD,2005-08-03 04:54:50.000,1.223800,1.224100,D
173820710,EUR/USD,2005-08-03 04:54:51.000,1.223700,1.224000,D
173820734,EUR/USD,2005-08-03 04:54:59.000,1.223800,1.224100,D
173820744,EUR/USD,2005-08-03 04:55:01.000,1.223700,1.224000,D
173820766,EUR/USD,2005-08-03 04:55:07.000,1.223600,1.223900,D
173820789,EUR/USD,2005-08-03 04:55:09.000,1.223700,1.224000,D
173820807,EUR/USD,2005-08-03 04:55:14.000,1.223800,1.224100,D
173820817,EUR/USD,2005-08-03 04:55:17.000,1.223900,1.224200,D
173820836,EUR/USD,2005-08-03 04:55:22.000,1.224000,1.224300,D
173820847,EUR/USD,2005-08-03 04:55:22.000,1.223800,1.224100,D
173820856,EUR/USD,2005-08-03 04:55:23.000,1.223900,1.224200,D
173820880,EUR/USD,2005-08-03 04:55:29.000,1.224000,1.224300,D
173820886,EUR/USD,2005-08-03 04:55:29.000,1.223900,1.224200,D
173820893,EUR/USD,2005-08-03 04:55:31.000,1.224000,1.224300,D
173820896,EUR/USD,2005-08-03 04:55:33.000,1.223900,1.224200,D
173820901,EUR/USD,2005-08-03 04:55:33.000,1.224000,1.224300,D
173820912,EUR/USD,2005-08-03 04:55:37.000,1.223900,1.224200,D
173820938,EUR/USD,2005-08-03 04:55:46.000,1.223800,1.224100,D
173820951,EUR/USD,2005-08-03 04:55:48.000,1.223700,1.224000,D
173821020,EUR/USD,2005-08-03 04:56:04.000,1.223600,1.223900,D
173821051,EUR/USD,2005-08-03 04:56:16.000,1.223500,1.223800,D
173821055,EUR/USD,2005-08-03 04:56:16.000,1.223600,1.223900,D
173821068,EUR/USD,2005-08-03 04:56:21.000,1.223500,1.223800,D
173821096,EUR/USD,2005-08-03 04:56:28.000,1.223400,1.223700,D
173821107,EUR/USD,2005-08-03 04:56:34.000,1.223500,1.223800,D
173821110,EUR/USD,2005-08-03 04:56:34.000,1.223400,1.223700,D
173821140,EUR/USD,2005-08-03 04:56:42.000,1.223300,1.223600,D
173821154,EUR/USD,2005-08-03 04:56:46.000,1.223200,1.223500,D
173821158,EUR/USD,2005-08-03 04:56:47.000,1.223300,1.223600,D
173821166,EUR/USD,2005-08-03 04:56:48.000,1.223200,1.223500,D
173821172,EUR/USD,2005-08-03 04:56:50.000,1.223300,1.223600,D
173821175,EUR/USD,2005-08-03 04:56:51.000,1.223200,1.223500,D
173821189,EUR/USD,2005-08-03 04:56:53.000,1.223300,1.223600,D
173821194,EUR/USD,2005-08-03 04:56:53.000,1.223200,1.223500,D
173821202,EUR/USD,2005-08-03 04:56:55.000,1.223300,1.223600,D
173821215,EUR/USD,2005-08-03 04:56:59.000,1.223400,1.223700,D
173821226,EUR/USD,2005-08-03 04:57:06.000,1.223500,1.223800,D
173821250,EUR/USD,2005-08-03 04:57:10.000,1.223600,1.223900,D
173821253,EUR/USD,2005-08-03 04:57:11.000,1.223500,1.223800,D
173821256,EUR/USD,2005-08-03 04:57:12.000,1.223600,1.223900,D
173821260,EUR/USD,2005-08-03 04:57:12.000,1.223500,1.223800,D
173821264,EUR/USD,2005-08-03 04:57:14.000,1.223600,1.223900,D
173821271,EUR/USD,2005-08-03 04:57:17.000,1.223500,1.223800,D
173821274,EUR/USD,2005-08-03 04:57:17.000,1.223600,1.223900,D
173821281,EUR/USD,2005-08-03 04:57:19.000,1.223500,1.223800,D
173821298,EUR/USD,2005-08-03 04:57:23.000,1.223600,1.223900,D
173821315,EUR/USD,2005-08-03 04:57:28.000,1.223700,1.224000,D
173821337,EUR/USD,2005-08-03 04:57:32.000,1.223800,1.224100,D
173821356,EUR/USD,2005-08-03 04:57:35.000,1.223900,1.224200,D
173821381,EUR/USD,2005-08-03 04:57:38.000,1.224000,1.224300,D
173821387,EUR/USD,2005-08-03 04:57:38.000,1.223900,1.224200,D
173821395,EUR/USD,2005-08-03 04:57:39.000,1.224000,1.224300,D
173821406,EUR/USD,2005-08-03 04:57:39.000,1.223900,1.224200,D
173821416,EUR/USD,2005-08-03 04:57:40.000,1.224000,1.224300,D
173821428,EUR/USD,2005-08-03 04:57:43.000,1.224100,1.224400,D
173821445,EUR/USD,2005-08-03 04:57:46.000,1.224200,1.224500,D
173821471,EUR/USD,2005-08-03 04:57:50.000,1.224100,1.224400,D
173821479,EUR/USD,2005-08-03 04:57:51.000,1.224000,1.224300,D
173821495,EUR/USD,2005-08-03 04:57:54.000,1.223900,1.224200,D
173821508,EUR/USD,2005-08-03 04:57:55.000,1.224000,1.224300,D
173821529,EUR/USD,2005-08-03 04:57:59.000,1.224100,1.224400,D
173821557,EUR/USD,2005-08-03 04:58:10.000,1.224000,1.224300,D
173821563,EUR/USD,2005-08-03 04:58:12.000,1.223900,1.224200,D
173821576,EUR/USD,2005-08-03 04:58:14.000,1.223800,1.224100,D
173821587,EUR/USD,2005-08-03 04:58:15.000,1.223900,1.224200,D
173821611,EUR/USD,2005-08-03 04:58:17.000,1.223800,1.224100,D
173821614,EUR/USD,2005-08-03 04:58:18.000,1.223900,1.224200,D
173821622,EUR/USD,2005-08-03 04:58:20.000,1.224000,1.224300,D
173821626,EUR/USD,2005-08-03 04:58:20.000,1.223900,1.224200,D
173821674,EUR/USD,2005-08-03 04:58:34.000,1.224000,1.224300,D
173821678,EUR/USD,2005-08-03 04:58:35.000,1.223900,1.224200,D
173821688,EUR/USD,2005-08-03 04:58:38.000,1.224000,1.224300,D
173821694,EUR/USD,2005-08-03 04:58:38.000,1.223900,1.224200,D
173821698,EUR/USD,2005-08-03 04:58:39.000,1.224000,1.224300,D
173821701,EUR/USD,2005-08-03 04:58:39.000,1.223900,1.224200,D
173821727,EUR/USD,2005-08-03 04:58:49.000,1.224000,1.224300,D
173821732,EUR/USD,2005-08-03 04:58:50.000,1.223900,1.224200,D
173821756,EUR/USD,2005-08-03 04:58:53.000,1.224000,1.224300,D
173821764,EUR/USD,2005-08-03 04:58:53.000,1.223900,1.224200,D
173821779,EUR/USD,2005-08-03 04:58:56.000,1.224000,1.224300,D
173821786,EUR/USD,2005-08-03 04:58:57.000,1.223900,1.224200,D
173821793,EUR/USD,2005-08-03 04:58:58.000,1.224000,1.224300,D
173821801,EUR/USD,2005-08-03 04:59:00.000,1.224100,1.224400,D
173821812,EUR/USD,2005-08-03 04:59:02.000,1.224000,1.224300,D
173821819,EUR/USD,2005-08-03 04:59:02.000,1.224100,1.224400,D
173821829,EUR/USD,2005-08-03 04:59:03.000,1.224000,1.224300,D
173821831,EUR/USD,2005-08-03 04:59:03.000,1.224100,1.224400,D
173821843,EUR/USD,2005-08-03 04:59:05.000,1.224200,1.224500,D
173821855,EUR/USD,2005-08-03 04:59:07.000,1.224300,1.224600,D
173821877,EUR/USD,2005-08-03 04:59:09.000,1.224200,1.224500,D
173821878,EUR/USD,2005-08-03 04:59:09.000,1.224300,1.224600,D
173821885,EUR/USD,2005-08-03 04:59:09.000,1.224400,1.224700,D
173821901,EUR/USD,2005-08-03 04:59:11.000,1.224300,1.224600,D
173821937,EUR/USD,2005-08-03 04:59:19.000,1.224400,1.224700,D
173821946,EUR/USD,2005-08-03 04:59:20.000,1.224300,1.224600,D
173821950,EUR/USD,2005-08-03 04:59:21.000,1.224400,1.224700,D
173821969,EUR/USD,2005-08-03 04:59:27.000,1.224300,1.224600,D
173821981,EUR/USD,2005-08-03 04:59:34.000,1.224200,1.224500,D
173821996,EUR/USD,2005-08-03 04:59:41.000,1.224100,1.224400,D
173822009,EUR/USD,2005-08-03 04:59:44.000,1.224200,1.224500,D
173822036,EUR/USD,2005-08-03 04:59:53.000,1.224100,1.224400,D
173822039,EUR/USD,2005-08-03 04:59:54.000,1.224200,1.224500,D
173822045,EUR/USD,2005-08-03 04:59:56.000,1.224100,1.224400,D
173822051,EUR/USD,2005-08-03 04:59:56.000,1.224200,1.224500,D
173822071,EUR/USD,2005-08-03 05:00:02.000,1.224100,1.224400,D
173822081,EUR/USD,2005-08-03 05:00:10.000,1.224200,1.224500,D
173822104,EUR/USD,2005-08-03 05:00:19.000,1.224300,1.224600,D
173822132,EUR/USD,2005-08-03 05:00:25.000,1.224200,1.224500,D
173822140,EUR/USD,2005-08-03 05:00:27.000,1.224300,1.224600,D
173822153,EUR/USD,2005-08-03 05:00:30.000,1.224200,1.224500,D
173822156,EUR/USD,2005-08-03 05:00:31.000,1.224300,1.224600,D
173822160,EUR/USD,2005-08-03 05:00:32.000,1.224200,1.224500,D
173822199,EUR/USD,2005-08-03 05:00:50.000,1.224300,1.224600,D
173822218,EUR/USD,2005-08-03 05:00:55.000,1.224400,1.224700,D
173822238,EUR/USD,2005-08-03 05:01:01.000,1.224500,1.224800,D
173822249,EUR/USD,2005-08-03 05:01:03.000,1.224400,1.224700,D
173822258,EUR/USD,2005-08-03 05:01:04.000,1.224500,1.224800,D
173822268,EUR/USD,2005-08-03 05:01:05.000,1.224400,1.224700,D
173822284,EUR/USD,2005-08-03 05:01:08.000,1.224300,1.224600,D
173822296,EUR/USD,2005-08-03 05:01:13.000,1.224400,1.224700,D
173822311,EUR/USD,2005-08-03 05:01:14.000,1.224500,1.224800,D
173822317,EUR/USD,2005-08-03 05:01:15.000,1.224400,1.224700,D
173822321,EUR/USD,2005-08-03 05:01:15.000,1.224500,1.224800,D
173822338,EUR/USD,2005-08-03 05:01:23.000,1.224400,1.224700,D
173822356,EUR/USD,2005-08-03 05:01:33.000,1.224500,1.224800,D
173822371,EUR/USD,2005-08-03 05:01:40.000,1.224400,1.224700,D
173822375,EUR/USD,2005-08-03 05:01:40.000,1.224500,1.224800,D
173822380,EUR/USD,2005-08-03 05:01:41.000,1.224600,1.224900,D
173822396,EUR/USD,2005-08-03 05:01:43.000,1.224700,1.225000,D
173822406,EUR/USD,2005-08-03 05:01:44.000,1.224600,1.224900,D
173822408,EUR/USD,2005-08-03 05:01:44.000,1.224700,1.225000,D
173822420,EUR/USD,2005-08-03 05:01:45.000,1.224800,1.225100,D
173822446,EUR/USD,2005-08-03 05:01:47.000,1.224900,1.225200,D
173822459,EUR/USD,2005-08-03 05:01:48.000,1.225000,1.225300,D
173822479,EUR/USD,2005-08-03 05:01:52.000,1.225100,1.225400,D
173822490,EUR/USD,2005-08-03 05:01:53.000,1.225200,1.225500,D
173822515,EUR/USD,2005-08-03 05:01:55.000,1.225100,1.225400,D
173822519,EUR/USD,2005-08-03 05:01:55.000,1.225200,1.225500,D
173822534,EUR/USD,2005-08-03 05:01:56.000,1.225400,1.225500,D
173822545,EUR/USD,2005-08-03 05:01:57.000,1.225400,1.225600,D
173822560,EUR/USD,2005-08-03 05:01:58.000,1.225400,1.225700,D
173822582,EUR/USD,2005-08-03 05:01:59.000,1.225800,1.226100,D
173822598,EUR/USD,2005-08-03 05:01:59.000,1.225900,1.226200,D
173822620,EUR/USD,2005-08-03 05:02:01.000,1.226200,1.226400,D
173822631,EUR/USD,2005-08-03 05:02:01.000,1.226400,1.226700,D
173822636,EUR/USD,2005-08-03 05:02:02.000,1.226300,1.226400,D
173822642,EUR/USD,2005-08-03 05:02:02.000,1.226400,1.226700,D
173822668,EUR/USD,2005-08-03 05:02:04.000,1.226500,1.226800,D
173822676,EUR/USD,2005-08-03 05:02:04.000,1.226600,1.226900,D
173822684,EUR/USD,2005-08-03 05:02:05.000,1.226700,1.227000,D
173822715,EUR/USD,2005-08-03 05:02:06.000,1.226800,1.227100,D
173822727,EUR/USD,2005-08-03 05:02:07.000,1.226700,1.226900,D
173822737,EUR/USD,2005-08-03 05:02:07.000,1.226400,1.226700,D
173822788,EUR/USD,2005-08-03 05:02:10.000,1.226600,1.226900,D
173822803,EUR/USD,2005-08-03 05:02:10.000,1.226400,1.226700,D
173822818,EUR/USD,2005-08-03 05:02:11.000,1.226500,1.226800,D
173822829,EUR/USD,2005-08-03 05:02:11.000,1.226400,1.226700,D
173822848,EUR/USD,2005-08-03 05:02:12.000,1.226500,1.226800,D
173822861,EUR/USD,2005-08-03 05:02:12.000,1.226600,1.226900,D
173822866,EUR/USD,2005-08-03 05:02:13.000,1.226500,1.226800,D
173822879,EUR/USD,2005-08-03 05:02:13.000,1.226600,1.226900,D
173822891,EUR/USD,2005-08-03 05:02:14.000,1.226700,1.227000,D
173822929,EUR/USD,2005-08-03 05:02:17.000,1.226800,1.227100,D
173822938,EUR/USD,2005-08-03 05:02:17.000,1.226700,1.227000,D
173822950,EUR/USD,2005-08-03 05:02:18.000,1.226800,1.227100,D
173822952,EUR/USD,2005-08-03 05:02:18.000,1.226700,1.227000,D
173822968,EUR/USD,2005-08-03 05:02:19.000,1.226600,1.226900,D
173823015,EUR/USD,2005-08-03 05:02:22.000,1.226700,1.227000,D
173823026,EUR/USD,2005-08-03 05:02:23.000,1.226800,1.227100,D
173823041,EUR/USD,2005-08-03 05:02:24.000,1.226900,1.227200,D
173823045,EUR/USD,2005-08-03 05:02:24.000,1.227000,1.227300,D
173823077,EUR/USD,2005-08-03 05:02:27.000,1.227100,1.227400,D
173823104,EUR/USD,2005-08-03 05:02:29.000,1.227000,1.227300,D
173823105,EUR/USD,2005-08-03 05:02:30.000,1.227100,1.227400,D
173823117,EUR/USD,2005-08-03 05:02:30.000,1.227200,1.227500,D
173823143,EUR/USD,2005-08-03 05:02:32.000,1.227100,1.227400,D
173823164,EUR/USD,2005-08-03 05:02:34.000,1.227000,1.227300,D
173823190,EUR/USD,2005-08-03 05:02:37.000,1.226900,1.227200,D
173823194,EUR/USD,2005-08-03 05:02:38.000,1.227000,1.227300,D
173823208,EUR/USD,2005-08-03 05:02:40.000,1.226900,1.227200,D
173823211,EUR/USD,2005-08-03 05:02:41.000,1.227000,1.227300,D
173823216,EUR/USD,2005-08-03 05:02:42.000,1.226900,1.227200,D
173823223,EUR/USD,2005-08-03 05:02:42.000,1.226800,1.227100,D
173823231,EUR/USD,2005-08-03 05:02:44.000,1.226900,1.227200,D
173823246,EUR/USD,2005-08-03 05:02:46.000,1.226800,1.227100,D
173823261,EUR/USD,2005-08-03 05:02:48.000,1.226900,1.227200,D
173823266,EUR/USD,2005-08-03 05:02:48.000,1.226800,1.227100,D
173823270,EUR/USD,2005-08-03 05:02:48.000,1.226900,1.227200,D
173823272,EUR/USD,2005-08-03 05:02:49.000,1.226800,1.227100,D
173823275,EUR/USD,2005-08-03 05:02:49.000,1.226900,1.227200,D
173823285,EUR/USD,2005-08-03 05:02:49.000,1.226800,1.227100,D
173823287,EUR/USD,2005-08-03 05:02:50.000,1.226900,1.227200,D
173823311,EUR/USD,2005-08-03 05:02:51.000,1.226800,1.227100,D
173823324,EUR/USD,2005-08-03 05:02:53.000,1.226900,1.227200,D
173823325,EUR/USD,2005-08-03 05:02:53.000,1.226800,1.227100,D
173823333,EUR/USD,2005-08-03 05:02:53.000,1.226700,1.227000,D
173823343,EUR/USD,2005-08-03 05:02:54.000,1.226800,1.227100,D
173823360,EUR/USD,2005-08-03 05:02:55.000,1.226700,1.227000,D
173823363,EUR/USD,2005-08-03 05:02:55.000,1.226800,1.227100,D
173823382,EUR/USD,2005-08-03 05:02:57.000,1.226900,1.227200,D
173823398,EUR/USD,2005-08-03 05:02:58.000,1.227000,1.227300,D
173823418,EUR/USD,2005-08-03 05:02:59.000,1.226900,1.227200,D
173823437,EUR/USD,2005-08-03 05:03:02.000,1.227000,1.227300,D
173823447,EUR/USD,2005-08-03 05:03:04.000,1.227100,1.227400,D
173823474,EUR/USD,2005-08-03 05:03:07.000,1.227200,1.227500,D
173823493,EUR/USD,2005-08-03 05:03:10.000,1.227300,1.227600,D
173823508,EUR/USD,2005-08-03 05:03:12.000,1.227400,1.227700,D
173823546,EUR/USD,2005-08-03 05:03:16.000,1.227300,1.227600,D
173823569,EUR/USD,2005-08-03 05:03:17.000,1.227200,1.227500,D
173823574,EUR/USD,2005-08-03 05:03:18.000,1.227100,1.227400,D
173823587,EUR/USD,2005-08-03 05:03:19.000,1.227200,1.227500,D
173823599,EUR/USD,2005-08-03 05:03:20.000,1.227100,1.227400,D
173823605,EUR/USD,2005-08-03 05:03:20.000,1.227200,1.227500,D
173823610,EUR/USD,2005-08-03 05:03:21.000,1.227300,1.227600,D
173823620,EUR/USD,2005-08-03 05:03:22.000,1.227200,1.227500,D
173823627,EUR/USD,2005-08-03 05:03:22.000,1.227300,1.227600,D
173823630,EUR/USD,2005-08-03 05:03:23.000,1.227200,1.227500,D
173823637,EUR/USD,2005-08-03 05:03:23.000,1.227300,1.227600,D
173823661,EUR/USD,2005-08-03 05:03:25.000,1.227200,1.227500,D
173823674,EUR/USD,2005-08-03 05:03:28.000,1.227300,1.227600,D
173823677,EUR/USD,2005-08-03 05:03:28.000,1.227400,1.227700,D
173823685,EUR/USD,2005-08-03 05:03:29.000,1.227300,1.227600,D
173823733,EUR/USD,2005-08-03 05:03:33.000,1.227200,1.227500,D
173823763,EUR/USD,2005-08-03 05:03:38.000,1.227100,1.227400,D
173823771,EUR/USD,2005-08-03 05:03:39.000,1.227200,1.227500,D
173823778,EUR/USD,2005-08-03 05:03:41.000,1.227100,1.227400,D
173823799,EUR/USD,2005-08-03 05:03:43.000,1.227000,1.227300,D
173823809,EUR/USD,2005-08-03 05:03:45.000,1.227100,1.227400,D
173823838,EUR/USD,2005-08-03 05:03:50.000,1.227200,1.227500,D
173823854,EUR/USD,2005-08-03 05:03:52.000,1.227300,1.227600,D
173823873,EUR/USD,2005-08-03 05:03:54.000,1.227400,1.227700,D
173823882,EUR/USD,2005-08-03 05:03:54.000,1.227500,1.227800,D
173823906,EUR/USD,2005-08-03 05:03:56.000,1.227400,1.227700,D
173823930,EUR/USD,2005-08-03 05:03:58.000,1.227500,1.227800,D
173823934,EUR/USD,2005-08-03 05:03:58.000,1.227600,1.227900,D
173823953,EUR/USD,2005-08-03 05:04:01.000,1.227700,1.228000,D
173823965,EUR/USD,2005-08-03 05:04:03.000,1.227600,1.227900,D
173823967,EUR/USD,2005-08-03 05:04:03.000,1.227700,1.228000,D
173824004,EUR/USD,2005-08-03 05:04:08.000,1.227600,1.227900,D
173824012,EUR/USD,2005-08-03 05:04:09.000,1.227500,1.227800,D
173824029,EUR/USD,2005-08-03 05:04:12.000,1.227400,1.227700,D
173824059,EUR/USD,2005-08-03 05:04:16.000,1.227300,1.227600,D
173824061,EUR/USD,2005-08-03 05:04:17.000,1.227200,1.227500,D
173824069,EUR/USD,2005-08-03 05:04:19.000,1.227100,1.227400,D
173824098,EUR/USD,2005-08-03 05:04:22.000,1.227200,1.227500,D
173824144,EUR/USD,2005-08-03 05:04:26.000,1.227300,1.227600,D
173824148,EUR/USD,2005-08-03 05:04:26.000,1.227400,1.227700,D
173824226,EUR/USD,2005-08-03 05:04:37.000,1.227300,1.227600,D
173824231,EUR/USD,2005-08-03 05:04:37.000,1.227200,1.227500,D
173824232,EUR/USD,2005-08-03 05:04:37.000,1.227300,1.227600,D
173824239,EUR/USD,2005-08-03 05:04:39.000,1.227200,1.227500,D
173824244,EUR/USD,2005-08-03 05:04:40.000,1.227300,1.227600,D
173824248,EUR/USD,2005-08-03 05:04:40.000,1.227200,1.227500,D
173824258,EUR/USD,2005-08-03 05:04:41.000,1.227300,1.227600,D
173824268,EUR/USD,2005-08-03 05:04:42.000,1.227200,1.227500,D
173824310,EUR/USD,2005-08-03 05:04:47.000,1.227300,1.227600,D
173824326,EUR/USD,2005-08-03 05:04:49.000,1.227200,1.227500,D
173824337,EUR/USD,2005-08-03 05:04:50.000,1.227300,1.227600,D
173824352,EUR/USD,2005-08-03 05:04:52.000,1.227200,1.227500,D
173824366,EUR/USD,2005-08-03 05:04:53.000,1.227300,1.227600,D
173824380,EUR/USD,2005-08-03 05:04:54.000,1.227200,1.227500,D
173824389,EUR/USD,2005-08-03 05:04:56.000,1.227300,1.227600,D
173824399,EUR/USD,2005-08-03 05:04:57.000,1.227200,1.227500,D
173824409,EUR/USD,2005-08-03 05:04:57.000,1.227300,1.227600,D
173824455,EUR/USD,2005-08-03 05:05:07.000,1.227400,1.227700,D
173824497,EUR/USD,2005-08-03 05:05:21.000,1.227300,1.227600,D
173824498,EUR/USD,2005-08-03 05:05:21.000,1.227200,1.227500,D
173824508,EUR/USD,2005-08-03 05:05:23.000,1.227300,1.227600,D
173824514,EUR/USD,2005-08-03 05:05:23.000,1.227200,1.227500,D
173824524,EUR/USD,2005-08-03 05:05:25.000,1.227100,1.227400,D
173824545,EUR/USD,2005-08-03 05:05:30.000,1.227000,1.227300,D
173824554,EUR/USD,2005-08-03 05:05:31.000,1.227100,1.227400,D
173824559,EUR/USD,2005-08-03 05:05:32.000,1.227000,1.227300,D
173824581,EUR/USD,2005-08-03 05:05:37.000,1.227100,1.227400,D
173824604,EUR/USD,2005-08-03 05:05:40.000,1.227200,1.227500,D
173824635,EUR/USD,2005-08-03 05:05:47.000,1.227300,1.227600,D
173824636,EUR/USD,2005-08-03 05:05:47.000,1.227200,1.227500,D
173824639,EUR/USD,2005-08-03 05:05:48.000,1.227300,1.227600,D
173824678,EUR/USD,2005-08-03 05:05:56.000,1.227200,1.227500,D
173824698,EUR/USD,2005-08-03 05:05:59.000,1.227100,1.227400,D
173824729,EUR/USD,2005-08-03 05:06:07.000,1.227000,1.227300,D
173824740,EUR/USD,2005-08-03 05:06:09.000,1.227100,1.227400,D
173824742,EUR/USD,2005-08-03 05:06:10.000,1.227000,1.227300,D
173824745,EUR/USD,2005-08-03 05:06:10.000,1.227100,1.227400,D
173824747,EUR/USD,2005-08-03 05:06:11.000,1.227200,1.227500,D
173824754,EUR/USD,2005-08-03 05:06:11.000,1.227100,1.227400,D
173824784,EUR/USD,2005-08-03 05:06:17.000,1.227200,1.227500,D
173824799,EUR/USD,2005-08-03 05:06:19.000,1.227300,1.227600,D
173824802,EUR/USD,2005-08-03 05:06:19.000,1.227200,1.227500,D
173824806,EUR/USD,2005-08-03 05:06:20.000,1.227300,1.227600,D
173824816,EUR/USD,2005-08-03 05:06:21.000,1.227200,1.227500,D
173824823,EUR/USD,2005-08-03 05:06:23.000,1.227300,1.227600,D
173824826,EUR/USD,2005-08-03 05:06:24.000,1.227200,1.227500,D
173824828,EUR/USD,2005-08-03 05:06:24.000,1.227300,1.227600,D
173824837,EUR/USD,2005-08-03 05:06:25.000,1.227200,1.227500,D
173824860,EUR/USD,2005-08-03 05:06:29.000,1.227100,1.227400,D
173824883,EUR/USD,2005-08-03 05:06:33.000,1.227200,1.227500,D
173824887,EUR/USD,2005-08-03 05:06:35.000,1.227300,1.227600,D
173824902,EUR/USD,2005-08-03 05:06:36.000,1.227200,1.227500,D
173824952,EUR/USD,2005-08-03 05:06:49.000,1.227300,1.227600,D
173824966,EUR/USD,2005-08-03 05:06:49.000,1.227200,1.227500,D
173824995,EUR/USD,2005-08-03 05:06:56.000,1.227100,1.227400,D
173825000,EUR/USD,2005-08-03 05:06:57.000,1.227200,1.227500,D
173825019,EUR/USD,2005-08-03 05:07:02.000,1.227100,1.227400,D
173825024,EUR/USD,2005-08-03 05:07:02.000,1.227200,1.227500,D
173825031,EUR/USD,2005-08-03 05:07:04.000,1.227100,1.227400,D
173825053,EUR/USD,2005-08-03 05:07:10.000,1.227200,1.227500,D
173825059,EUR/USD,2005-08-03 05:07:11.000,1.227300,1.227600,D
173825093,EUR/USD,2005-08-03 05:07:16.000,1.227400,1.227700,D
173825109,EUR/USD,2005-08-03 05:07:17.000,1.227500,1.227800,D
173825113,EUR/USD,2005-08-03 05:07:18.000,1.227600,1.227900,D
173825122,EUR/USD,2005-08-03 05:07:18.000,1.227800,1.228100,D
173825133,EUR/USD,2005-08-03 05:07:18.000,1.227600,1.227900,D
173825138,EUR/USD,2005-08-03 05:07:18.000,1.227500,1.227800,D
173825162,EUR/USD,2005-08-03 05:07:20.000,1.227600,1.227900,D
173825177,EUR/USD,2005-08-03 05:07:21.000,1.227700,1.228000,D
173825189,EUR/USD,2005-08-03 05:07:22.000,1.227800,1.228100,D
173825205,EUR/USD,2005-08-03 05:07:23.000,1.227900,1.228200,D
173825217,EUR/USD,2005-08-03 05:07:24.000,1.228000,1.228300,D
173825237,EUR/USD,2005-08-03 05:07:25.000,1.227900,1.228200,D
173825241,EUR/USD,2005-08-03 05:07:25.000,1.228000,1.228300,D
173825264,EUR/USD,2005-08-03 05:07:26.000,1.228100,1.228400,D
173825268,EUR/USD,2005-08-03 05:07:27.000,1.228200,1.228500,D
173825286,EUR/USD,2005-08-03 05:07:29.000,1.228300,1.228600,D
173825325,EUR/USD,2005-08-03 05:07:32.000,1.228400,1.228700,D
173825338,EUR/USD,2005-08-03 05:07:33.000,1.228500,1.228800,D
173825345,EUR/USD,2005-08-03 05:07:33.000,1.228400,1.228700,D
173825355,EUR/USD,2005-08-03 05:07:34.000,1.228500,1.228800,D
173825373,EUR/USD,2005-08-03 05:07:35.000,1.228400,1.228700,D
173825397,EUR/USD,2005-08-03 05:07:38.000,1.228300,1.228600,D
173825403,EUR/USD,2005-08-03 05:07:38.000,1.228400,1.228700,D
173825421,EUR/USD,2005-08-03 05:07:40.000,1.228300,1.228600,D
173825430,EUR/USD,2005-08-03 05:07:40.000,1.228200,1.228500,D
173825442,EUR/USD,2005-08-03 05:07:42.000,1.228300,1.228600,D
173825475,EUR/USD,2005-08-03 05:07:44.000,1.228400,1.228700,D
173825483,EUR/USD,2005-08-03 05:07:45.000,1.228300,1.228600,D
173825488,EUR/USD,2005-08-03 05:07:45.000,1.228400,1.228700,D
173825551,EUR/USD,2005-08-03 05:07:56.000,1.228500,1.228800,D
173825584,EUR/USD,2005-08-03 05:08:00.000,1.228400,1.228700,D
173825587,EUR/USD,2005-08-03 05:08:00.000,1.228500,1.228800,D
173825591,EUR/USD,2005-08-03 05:08:01.000,1.228600,1.228900,D
173825615,EUR/USD,2005-08-03 05:08:04.000,1.228700,1.229000,D
173825631,EUR/USD,2005-08-03 05:08:06.000,1.228800,1.229100,D
173825644,EUR/USD,2005-08-03 05:08:08.000,1.228900,1.229200,D
173825663,EUR/USD,2005-08-03 05:08:09.000,1.229000,1.229300,D
173825683,EUR/USD,2005-08-03 05:08:11.000,1.229100,1.229400,D
173825693,EUR/USD,2005-08-03 05:08:12.000,1.229200,1.229500,D
173825706,EUR/USD,2005-08-03 05:08:13.000,1.229300,1.229600,D
173825728,EUR/USD,2005-08-03 05:08:14.000,1.229400,1.229700,D
173825734,EUR/USD,2005-08-03 05:08:15.000,1.229500,1.229800,D
173825752,EUR/USD,2005-08-03 05:08:16.000,1.229400,1.229700,D
173825769,EUR/USD,2005-08-03 05:08:17.000,1.229300,1.229600,D
173825799,EUR/USD,2005-08-03 05:08:19.000,1.229200,1.229500,D
173825808,EUR/USD,2005-08-03 05:08:21.000,1.229100,1.229400,D
173825818,EUR/USD,2005-08-03 05:08:22.000,1.229200,1.229500,D
173825837,EUR/USD,2005-08-03 05:08:24.000,1.229100,1.229400,D
173825866,EUR/USD,2005-08-03 05:08:27.000,1.229200,1.229500,D
173825877,EUR/USD,2005-08-03 05:08:28.000,1.229300,1.229600,D
173825886,EUR/USD,2005-08-03 05:08:30.000,1.229400,1.229700,D
173825911,EUR/USD,2005-08-03 05:08:32.000,1.229500,1.229800,D
173825916,EUR/USD,2005-08-03 05:08:33.000,1.229400,1.229700,D
173825919,EUR/USD,2005-08-03 05:08:33.000,1.229500,1.229800,D
173825923,EUR/USD,2005-08-03 05:08:34.000,1.229400,1.229700,D
173825930,EUR/USD,2005-08-03 05:08:35.000,1.229300,1.229600,D
173825950,EUR/USD,2005-08-03 05:08:39.000,1.229400,1.229700,D
173825957,EUR/USD,2005-08-03 05:08:40.000,1.229300,1.229600,D
173825987,EUR/USD,2005-08-03 05:08:44.000,1.229200,1.229500,D
173826004,EUR/USD,2005-08-03 05:08:46.000,1.229100,1.229400,D
173826024,EUR/USD,2005-08-03 05:08:48.000,1.229000,1.229300,D
173826045,EUR/USD,2005-08-03 05:08:51.000,1.228900,1.229200,D
173826062,EUR/USD,2005-08-03 05:08:52.000,1.228800,1.229100,D
173826084,EUR/USD,2005-08-03 05:08:53.000,1.228700,1.229000,D
173826101,EUR/USD,2005-08-03 05:08:54.000,1.228800,1.229100,D
173826104,EUR/USD,2005-08-03 05:08:55.000,1.228900,1.229200,D
173826123,EUR/USD,2005-08-03 05:08:56.000,1.228800,1.229100,D
173826133,EUR/USD,2005-08-03 05:08:57.000,1.228900,1.229200,D
173826141,EUR/USD,2005-08-03 05:08:57.000,1.229000,1.229300,D
173826159,EUR/USD,2005-08-03 05:08:59.000,1.228900,1.229200,D
173826206,EUR/USD,2005-08-03 05:09:04.000,1.229000,1.229300,D
173826215,EUR/USD,2005-08-03 05:09:05.000,1.228900,1.229200,D
173826239,EUR/USD,2005-08-03 05:09:07.000,1.228800,1.229100,D
173826297,EUR/USD,2005-08-03 05:09:18.000,1.228700,1.229000,D
173826303,EUR/USD,2005-08-03 05:09:20.000,1.228800,1.229100,D
173826358,EUR/USD,2005-08-03 05:09:30.000,1.228700,1.229000,D
173826386,EUR/USD,2005-08-03 05:09:35.000,1.228600,1.228900,D
173826411,EUR/USD,2005-08-03 05:09:41.000,1.228700,1.229000,D
173826431,EUR/USD,2005-08-03 05:09:47.000,1.228600,1.228900,D
173826439,EUR/USD,2005-08-03 05:09:48.000,1.228500,1.228800,D
173826443,EUR/USD,2005-08-03 05:09:50.000,1.228400,1.228700,D
173826454,EUR/USD,2005-08-03 05:09:52.000,1.228500,1.228800,D
173826465,EUR/USD,2005-08-03 05:09:55.000,1.228400,1.228700,D
173826468,EUR/USD,2005-08-03 05:09:56.000,1.228300,1.228600,D
173826474,EUR/USD,2005-08-03 05:09:57.000,1.228400,1.228700,D
173826477,EUR/USD,2005-08-03 05:09:58.000,1.228300,1.228600,D
173826515,EUR/USD,2005-08-03 05:10:03.000,1.228200,1.228500,D
173826520,EUR/USD,2005-08-03 05:10:04.000,1.228100,1.228400,D
173826540,EUR/USD,2005-08-03 05:10:06.000,1.228200,1.228500,D
173826579,EUR/USD,2005-08-03 05:10:09.000,1.228100,1.228400,D
173826594,EUR/USD,2005-08-03 05:10:11.000,1.228200,1.228500,D
173826604,EUR/USD,2005-08-03 05:10:14.000,1.228100,1.228400,D
173826614,EUR/USD,2005-08-03 05:10:15.000,1.228200,1.228500,D
173826625,EUR/USD,2005-08-03 05:10:16.000,1.228100,1.228400,D
173826643,EUR/USD,2005-08-03 05:10:18.000,1.228000,1.228300,D
173826654,EUR/USD,2005-08-03 05:10:19.000,1.228100,1.228400,D
173826679,EUR/USD,2005-08-03 05:10:25.000,1.228200,1.228500,D
173826714,EUR/USD,2005-08-03 05:10:31.000,1.228100,1.228400,D
173826719,EUR/USD,2005-08-03 05:10:34.000,1.228200,1.228500,D
173826725,EUR/USD,2005-08-03 05:10:35.000,1.228100,1.228400,D
173826731,EUR/USD,2005-08-03 05:10:35.000,1.228200,1.228500,D
173826754,EUR/USD,2005-08-03 05:10:39.000,1.228300,1.228600,D
173826798,EUR/USD,2005-08-03 05:10:44.000,1.228200,1.228500,D
173826817,EUR/USD,2005-08-03 05:10:49.000,1.228100,1.228400,D
173826835,EUR/USD,2005-08-03 05:10:52.000,1.228000,1.228300,D
173826843,EUR/USD,2005-08-03 05:10:52.000,1.228100,1.228400,D
173826865,EUR/USD,2005-08-03 05:10:56.000,1.228000,1.228300,D
173826894,EUR/USD,2005-08-03 05:11:05.000,1.228100,1.228400,D
173826914,EUR/USD,2005-08-03 05:11:08.000,1.228000,1.228300,D
173826919,EUR/USD,2005-08-03 05:11:09.000,1.228100,1.228400,D
173826932,EUR/USD,2005-08-03 05:11:10.000,1.228000,1.228300,D
173826946,EUR/USD,2005-08-03 05:11:14.000,1.227900,1.228200,D
173826949,EUR/USD,2005-08-03 05:11:15.000,1.227800,1.228100,D
173826962,EUR/USD,2005-08-03 05:11:16.000,1.227700,1.228000,D
173826994,EUR/USD,2005-08-03 05:11:18.000,1.227600,1.227900,D
173827000,EUR/USD,2005-08-03 05:11:18.000,1.227500,1.227800,D
173827025,EUR/USD,2005-08-03 05:11:22.000,1.227400,1.227700,D
173827029,EUR/USD,2005-08-03 05:11:22.000,1.227500,1.227800,D
173827048,EUR/USD,2005-08-03 05:11:24.000,1.227600,1.227900,D
173827092,EUR/USD,2005-08-03 05:11:29.000,1.227500,1.227800,D
173827103,EUR/USD,2005-08-03 05:11:30.000,1.227600,1.227900,D
173827118,EUR/USD,2005-08-03 05:11:32.000,1.227700,1.228000,D
173827136,EUR/USD,2005-08-03 05:11:34.000,1.227600,1.227900,D
173827160,EUR/USD,2005-08-03 05:11:37.000,1.227700,1.228000,D
173827171,EUR/USD,2005-08-03 05:11:40.000,1.227800,1.228100,D
173827178,EUR/USD,2005-08-03 05:11:41.000,1.227900,1.228200,D
173827188,EUR/USD,2005-08-03 05:11:42.000,1.227800,1.228100,D
173827229,EUR/USD,2005-08-03 05:11:47.000,1.227700,1.228000,D
173827235,EUR/USD,2005-08-03 05:11:47.000,1.227800,1.228100,D
173827263,EUR/USD,2005-08-03 05:11:51.000,1.227700,1.228000,D
173827272,EUR/USD,2005-08-03 05:11:51.000,1.227800,1.228100,D
173827283,EUR/USD,2005-08-03 05:11:53.000,1.227700,1.228000,D
173827317,EUR/USD,2005-08-03 05:11:55.000,1.227600,1.227900,D
173827331,EUR/USD,2005-08-03 05:11:56.000,1.227500,1.227800,D
173827349,EUR/USD,2005-08-03 05:12:00.000,1.227400,1.227700,D
173827362,EUR/USD,2005-08-03 05:12:01.000,1.227500,1.227800,D
173827376,EUR/USD,2005-08-03 05:12:03.000,1.227600,1.227900,D
173827431,EUR/USD,2005-08-03 05:12:12.000,1.227500,1.227800,D
173827451,EUR/USD,2005-08-03 05:12:14.000,1.227400,1.227700,D
173827478,EUR/USD,2005-08-03 05:12:19.000,1.227300,1.227600,D
173827486,EUR/USD,2005-08-03 05:12:21.000,1.227400,1.227700,D
173827489,EUR/USD,2005-08-03 05:12:22.000,1.227300,1.227600,D
173827495,EUR/USD,2005-08-03 05:12:23.000,1.227400,1.227700,D
173827507,EUR/USD,2005-08-03 05:12:25.000,1.227300,1.227600,D
173827514,EUR/USD,2005-08-03 05:12:25.000,1.227400,1.227700,D
173827548,EUR/USD,2005-08-03 05:12:32.000,1.227300,1.227600,D
173827554,EUR/USD,2005-08-03 05:12:32.000,1.227400,1.227700,D
173827562,EUR/USD,2005-08-03 05:12:34.000,1.227300,1.227600,D
173827564,EUR/USD,2005-08-03 05:12:34.000,1.227400,1.227700,D
173827642,EUR/USD,2005-08-03 05:12:48.000,1.227300,1.227600,D
173827706,EUR/USD,2005-08-03 05:13:01.000,1.227200,1.227500,D
173827710,EUR/USD,2005-08-03 05:13:01.000,1.227300,1.227600,D
173827713,EUR/USD,2005-08-03 05:13:02.000,1.227400,1.227700,D
173827721,EUR/USD,2005-08-03 05:13:02.000,1.227300,1.227600,D
173827727,EUR/USD,2005-08-03 05:13:03.000,1.227200,1.227500,D
173827730,EUR/USD,2005-08-03 05:13:03.000,1.227300,1.227600,D
173827748,EUR/USD,2005-08-03 05:13:06.000,1.227200,1.227500,D
173827749,EUR/USD,2005-08-03 05:13:06.000,1.227300,1.227600,D
173827759,EUR/USD,2005-08-03 05:13:07.000,1.227200,1.227500,D
173827772,EUR/USD,2005-08-03 05:13:09.000,1.227300,1.227600,D
173827786,EUR/USD,2005-08-03 05:13:12.000,1.227400,1.227700,D
173827806,EUR/USD,2005-08-03 05:13:18.000,1.227500,1.227800,D
173827829,EUR/USD,2005-08-03 05:13:22.000,1.227600,1.227900,D
173827865,EUR/USD,2005-08-03 05:13:26.000,1.227500,1.227800,D
173827884,EUR/USD,2005-08-03 05:13:27.000,1.227400,1.227700,D
173827903,EUR/USD,2005-08-03 05:13:30.000,1.227300,1.227600,D
173827930,EUR/USD,2005-08-03 05:13:41.000,1.227400,1.227700,D
173827933,EUR/USD,2005-08-03 05:13:41.000,1.227300,1.227600,D
173827936,EUR/USD,2005-08-03 05:13:41.000,1.227200,1.227500,D
173827957,EUR/USD,2005-08-03 05:13:52.000,1.227100,1.227400,D
173827961,EUR/USD,2005-08-03 05:13:53.000,1.227200,1.227500,D
173827974,EUR/USD,2005-08-03 05:13:57.000,1.227300,1.227600,D
173828022,EUR/USD,2005-08-03 05:14:05.000,1.227400,1.227700,D
173828081,EUR/USD,2005-08-03 05:14:20.000,1.227500,1.227800,D
173828096,EUR/USD,2005-08-03 05:14:22.000,1.227400,1.227700,D
173828107,EUR/USD,2005-08-03 05:14:24.000,1.227500,1.227800,D
173828128,EUR/USD,2005-08-03 05:14:27.000,1.227600,1.227900,D
173828133,EUR/USD,2005-08-03 05:14:28.000,1.227500,1.227800,D
173828137,EUR/USD,2005-08-03 05:14:29.000,1.227600,1.227900,D
173828169,EUR/USD,2005-08-03 05:14:35.000,1.227700,1.228000,D
173828184,EUR/USD,2005-08-03 05:14:42.000,1.227600,1.227900,D
173828214,EUR/USD,2005-08-03 05:14:51.000,1.227500,1.227800,D
173828221,EUR/USD,2005-08-03 05:14:53.000,1.227600,1.227900,D
173828269,EUR/USD,2005-08-03 05:15:08.000,1.227700,1.228000,D
173828319,EUR/USD,2005-08-03 05:15:21.000,1.227800,1.228100,D
173828325,EUR/USD,2005-08-03 05:15:22.000,1.227700,1.228000,D
173828350,EUR/USD,2005-08-03 05:15:28.000,1.227600,1.227900,D
173828360,EUR/USD,2005-08-03 05:15:31.000,1.227500,1.227800,D
173828383,EUR/USD,2005-08-03 05:15:35.000,1.227600,1.227900,D
173828414,EUR/USD,2005-08-03 05:15:41.000,1.227500,1.227800,D
173828425,EUR/USD,2005-08-03 05:15:47.000,1.227600,1.227900,D
173828434,EUR/USD,2005-08-03 05:15:50.000,1.227500,1.227800,D
173828438,EUR/USD,2005-08-03 05:15:51.000,1.227600,1.227900,D
173828448,EUR/USD,2005-08-03 05:15:54.000,1.227700,1.228000,D
173828468,EUR/USD,2005-08-03 05:15:56.000,1.227800,1.228100,D
173828477,EUR/USD,2005-08-03 05:15:57.000,1.227700,1.228000,D
173828498,EUR/USD,2005-08-03 05:16:00.000,1.227800,1.228100,D
173828513,EUR/USD,2005-08-03 05:16:02.000,1.227700,1.228000,D
173828523,EUR/USD,2005-08-03 05:16:03.000,1.227800,1.228100,D
173828532,EUR/USD,2005-08-03 05:16:04.000,1.227700,1.228000,D
173828544,EUR/USD,2005-08-03 05:16:07.000,1.227600,1.227900,D
173828559,EUR/USD,2005-08-03 05:16:09.000,1.227700,1.228000,D
173828569,EUR/USD,2005-08-03 05:16:10.000,1.227600,1.227900,D
173828582,EUR/USD,2005-08-03 05:16:13.000,1.227500,1.227800,D
173828585,EUR/USD,2005-08-03 05:16:15.000,1.227600,1.227900,D
173828606,EUR/USD,2005-08-03 05:16:24.000,1.227700,1.228000,D
173828611,EUR/USD,2005-08-03 05:16:25.000,1.227600,1.227900,D
173828665,EUR/USD,2005-08-03 05:16:39.000,1.227500,1.227800,D
173828669,EUR/USD,2005-08-03 05:16:41.000,1.227600,1.227900,D
173828680,EUR/USD,2005-08-03 05:16:42.000,1.227700,1.228000,D
173828691,EUR/USD,2005-08-03 05:16:44.000,1.227600,1.227900,D
173828696,EUR/USD,2005-08-03 05:16:44.000,1.227700,1.228000,D
173828699,EUR/USD,2005-08-03 05:16:45.000,1.227800,1.228100,D
173828733,EUR/USD,2005-08-03 05:16:50.000,1.227700,1.228000,D
173828745,EUR/USD,2005-08-03 05:16:51.000,1.227800,1.228100,D
173828748,EUR/USD,2005-08-03 05:16:52.000,1.227700,1.228000,D
173828769,EUR/USD,2005-08-03 05:16:55.000,1.227800,1.228100,D
173828794,EUR/USD,2005-08-03 05:17:02.000,1.227900,1.228200,D
173828805,EUR/USD,2005-08-03 05:17:04.000,1.227800,1.228100,D
173828812,EUR/USD,2005-08-03 05:17:05.000,1.227900,1.228200,D
173828836,EUR/USD,2005-08-03 05:17:09.000,1.228000,1.228300,D
173828838,EUR/USD,2005-08-03 05:17:09.000,1.227900,1.228200,D
173828854,EUR/USD,2005-08-03 05:17:11.000,1.228000,1.228300,D
173828869,EUR/USD,2005-08-03 05:17:15.000,1.228100,1.228400,D
173828906,EUR/USD,2005-08-03 05:17:21.000,1.228200,1.228500,D
173828911,EUR/USD,2005-08-03 05:17:21.000,1.228100,1.228400,D
173828918,EUR/USD,2005-08-03 05:17:23.000,1.228200,1.228500,D
173828941,EUR/USD,2005-08-03 05:17:26.000,1.228300,1.228600,D
173829007,EUR/USD,2005-08-03 05:17:38.000,1.228200,1.228500,D
173829039,EUR/USD,2005-08-03 05:17:45.000,1.228100,1.228400,D
173829045,EUR/USD,2005-08-03 05:17:45.000,1.228200,1.228500,D
173829058,EUR/USD,2005-08-03 05:17:47.000,1.228100,1.228400,D
173829061,EUR/USD,2005-08-03 05:17:47.000,1.228000,1.228300,D
173829072,EUR/USD,2005-08-03 05:17:48.000,1.228100,1.228400,D
173829094,EUR/USD,2005-08-03 05:18:00.000,1.228000,1.228300,D
173829121,EUR/USD,2005-08-03 05:18:05.000,1.227900,1.228200,D
173829146,EUR/USD,2005-08-03 05:18:11.000,1.228000,1.228300,D
173829173,EUR/USD,2005-08-03 05:18:16.000,1.228100,1.228400,D
173829179,EUR/USD,2005-08-03 05:18:17.000,1.228200,1.228500,D
173829191,EUR/USD,2005-08-03 05:18:19.000,1.228300,1.228600,D
173829197,EUR/USD,2005-08-03 05:18:19.000,1.228400,1.228700,D
173829209,EUR/USD,2005-08-03 05:18:21.000,1.228300,1.228600,D
173829223,EUR/USD,2005-08-03 05:18:24.000,1.228200,1.228500,D
173829291,EUR/USD,2005-08-03 05:18:34.000,1.228300,1.228600,D
173829322,EUR/USD,2005-08-03 05:18:37.000,1.228200,1.228500,D
173829339,EUR/USD,2005-08-03 05:18:39.000,1.228300,1.228600,D
173829356,EUR/USD,2005-08-03 05:18:43.000,1.228400,1.228700,D
173829379,EUR/USD,2005-08-03 05:18:47.000,1.228300,1.228600,D
173829400,EUR/USD,2005-08-03 05:18:49.000,1.228400,1.228700,D
173829427,EUR/USD,2005-08-03 05:18:51.000,1.228500,1.228800,D
173829432,EUR/USD,2005-08-03 05:18:52.000,1.228600,1.228900,D
173829475,EUR/USD,2005-08-03 05:18:56.000,1.228700,1.229000,D
173829486,EUR/USD,2005-08-03 05:18:57.000,1.228600,1.228900,D
173829496,EUR/USD,2005-08-03 05:18:59.000,1.228500,1.228800,D
173829499,EUR/USD,2005-08-03 05:18:59.000,1.228600,1.228900,D
173829513,EUR/USD,2005-08-03 05:19:00.000,1.228500,1.228800,D
173829550,EUR/USD,2005-08-03 05:19:06.000,1.228600,1.228900,D
173829573,EUR/USD,2005-08-03 05:19:09.000,1.228500,1.228800,D
173829584,EUR/USD,2005-08-03 05:19:11.000,1.228600,1.228900,D
173829597,EUR/USD,2005-08-03 05:19:13.000,1.228500,1.228800,D
173829601,EUR/USD,2005-08-03 05:19:13.000,1.228400,1.228700,D
173829606,EUR/USD,2005-08-03 05:19:13.000,1.228500,1.228800,D
173829624,EUR/USD,2005-08-03 05:19:15.000,1.228400,1.228700,D
173829630,EUR/USD,2005-08-03 05:19:17.000,1.228500,1.228800,D
173829634,EUR/USD,2005-08-03 05:19:18.000,1.228400,1.228700,D
173829643,EUR/USD,2005-08-03 05:19:18.000,1.228300,1.228600,D
173829655,EUR/USD,2005-08-03 05:19:20.000,1.228400,1.228700,D
173829670,EUR/USD,2005-08-03 05:19:21.000,1.228300,1.228600,D
173829685,EUR/USD,2005-08-03 05:19:23.000,1.228400,1.228700,D
173829714,EUR/USD,2005-08-03 05:19:28.000,1.228500,1.228800,D
173829719,EUR/USD,2005-08-03 05:19:28.000,1.228400,1.228700,D
173829728,EUR/USD,2005-08-03 05:19:29.000,1.228500,1.228800,D
173829748,EUR/USD,2005-08-03 05:19:33.000,1.228400,1.228700,D
173829757,EUR/USD,2005-08-03 05:19:33.000,1.228500,1.228800,D
173829791,EUR/USD,2005-08-03 05:19:37.000,1.228600,1.228900,D
173829796,EUR/USD,2005-08-03 05:19:38.000,1.228500,1.228800,D
173829801,EUR/USD,2005-08-03 05:19:38.000,1.228400,1.228700,D
173829805,EUR/USD,2005-08-03 05:19:38.000,1.228500,1.228800,D
173829823,EUR/USD,2005-08-03 05:19:41.000,1.228400,1.228700,D
173829834,EUR/USD,2005-08-03 05:19:42.000,1.228500,1.228800,D
173829847,EUR/USD,2005-08-03 05:19:43.000,1.228600,1.228900,D
173829870,EUR/USD,2005-08-03 05:19:47.000,1.228700,1.229000,D
173829882,EUR/USD,2005-08-03 05:19:51.000,1.228800,1.229100,D
173829897,EUR/USD,2005-08-03 05:19:52.000,1.228900,1.229200,D
173829904,EUR/USD,2005-08-03 05:19:53.000,1.229000,1.229300,D
173829922,EUR/USD,2005-08-03 05:19:56.000,1.229100,1.229400,D
173829939,EUR/USD,2005-08-03 05:19:57.000,1.229200,1.229500,D
173829973,EUR/USD,2005-08-03 05:20:02.000,1.229100,1.229400,D
173829996,EUR/USD,2005-08-03 05:20:06.000,1.229000,1.229300,D
173830008,EUR/USD,2005-08-03 05:20:07.000,1.228900,1.229200,D
173830020,EUR/USD,2005-08-03 05:20:08.000,1.228800,1.229100,D
173830023,EUR/USD,2005-08-03 05:20:09.000,1.228700,1.229000,D
173830028,EUR/USD,2005-08-03 05:20:09.000,1.228800,1.229100,D
173830032,EUR/USD,2005-08-03 05:20:09.000,1.228900,1.229200,D
173830039,EUR/USD,2005-08-03 05:20:10.000,1.228800,1.229100,D
173830056,EUR/USD,2005-08-03 05:20:13.000,1.228700,1.229000,D
173830090,EUR/USD,2005-08-03 05:20:20.000,1.228800,1.229100,D
173830103,EUR/USD,2005-08-03 05:20:21.000,1.228900,1.229200,D
173830107,EUR/USD,2005-08-03 05:20:21.000,1.228800,1.229100,D
173830115,EUR/USD,2005-08-03 05:20:22.000,1.228900,1.229200,D
173830134,EUR/USD,2005-08-03 05:20:25.000,1.228800,1.229100,D
173830150,EUR/USD,2005-08-03 05:20:28.000,1.228700,1.229000,D
173830154,EUR/USD,2005-08-03 05:20:28.000,1.228800,1.229100,D
173830159,EUR/USD,2005-08-03 05:20:29.000,1.229000,1.229300,D
173830187,EUR/USD,2005-08-03 05:20:31.000,1.229100,1.229400,D
173830208,EUR/USD,2005-08-03 05:20:33.000,1.229200,1.229500,D
173830223,EUR/USD,2005-08-03 05:20:36.000,1.229100,1.229400,D
173830240,EUR/USD,2005-08-03 05:20:38.000,1.229000,1.229300,D
173830248,EUR/USD,2005-08-03 05:20:39.000,1.229100,1.229400,D
173830252,EUR/USD,2005-08-03 05:20:40.000,1.229000,1.229300,D
173830254,EUR/USD,2005-08-03 05:20:40.000,1.229100,1.229400,D
173830320,EUR/USD,2005-08-03 05:20:53.000,1.229000,1.229300,D
173830348,EUR/USD,2005-08-03 05:20:58.000,1.229100,1.229400,D
173830351,EUR/USD,2005-08-03 05:20:58.000,1.229300,1.229600,D
173830389,EUR/USD,2005-08-03 05:21:04.000,1.229200,1.229500,D
173830397,EUR/USD,2005-08-03 05:21:06.000,1.229100,1.229400,D
173830406,EUR/USD,2005-08-03 05:21:06.000,1.229200,1.229500,D
173830413,EUR/USD,2005-08-03 05:21:08.000,1.229100,1.229400,D
173830449,EUR/USD,2005-08-03 05:21:15.000,1.229000,1.229300,D
173830476,EUR/USD,2005-08-03 05:21:21.000,1.228900,1.229200,D
173830484,EUR/USD,2005-08-03 05:21:23.000,1.229000,1.229300,D
173830489,EUR/USD,2005-08-03 05:21:24.000,1.228900,1.229200,D
173830516,EUR/USD,2005-08-03 05:21:27.000,1.228800,1.229100,D
173830527,EUR/USD,2005-08-03 05:21:29.000,1.228700,1.229000,D
173830541,EUR/USD,2005-08-03 05:21:32.000,1.228800,1.229100,D
173830564,EUR/USD,2005-08-03 05:21:41.000,1.228700,1.229000,D
173830573,EUR/USD,2005-08-03 05:21:42.000,1.228800,1.229100,D
173830640,EUR/USD,2005-08-03 05:21:50.000,1.228700,1.229000,D
173830647,EUR/USD,2005-08-03 05:21:50.000,1.228800,1.229100,D
173830654,EUR/USD,2005-08-03 05:21:51.000,1.228700,1.229000,D
173830667,EUR/USD,2005-08-03 05:21:52.000,1.228800,1.229100,D
173830679,EUR/USD,2005-08-03 05:21:53.000,1.228900,1.229200,D
173830689,EUR/USD,2005-08-03 05:21:56.000,1.229000,1.229300,D
173830706,EUR/USD,2005-08-03 05:21:59.000,1.229100,1.229400,D
173830722,EUR/USD,2005-08-03 05:22:06.000,1.229000,1.229300,D
173830736,EUR/USD,2005-08-03 05:22:09.000,1.228900,1.229200,D
173830738,EUR/USD,2005-08-03 05:22:10.000,1.228800,1.229100,D
173830748,EUR/USD,2005-08-03 05:22:10.000,1.228900,1.229200,D
173830756,EUR/USD,2005-08-03 05:22:13.000,1.228800,1.229100,D
173830771,EUR/USD,2005-08-03 05:22:15.000,1.228900,1.229200,D
173830772,EUR/USD,2005-08-03 05:22:15.000,1.228800,1.229100,D
173830776,EUR/USD,2005-08-03 05:22:15.000,1.228700,1.229000,D
173830786,EUR/USD,2005-08-03 05:22:16.000,1.228800,1.229100,D
173830800,EUR/USD,2005-08-03 05:22:17.000,1.228900,1.229200,D
173830802,EUR/USD,2005-08-03 05:22:18.000,1.228800,1.229100,D
173830815,EUR/USD,2005-08-03 05:22:20.000,1.228900,1.229200,D
173830863,EUR/USD,2005-08-03 05:22:27.000,1.228800,1.229100,D
173830879,EUR/USD,2005-08-03 05:22:30.000,1.228700,1.229000,D
173830889,EUR/USD,2005-08-03 05:22:31.000,1.228800,1.229100,D
173830895,EUR/USD,2005-08-03 05:22:32.000,1.228900,1.229200,D
173830897,EUR/USD,2005-08-03 05:22:32.000,1.228800,1.229100,D
173830909,EUR/USD,2005-08-03 05:22:33.000,1.228700,1.229000,D
173830912,EUR/USD,2005-08-03 05:22:34.000,1.228800,1.229100,D
173830915,EUR/USD,2005-08-03 05:22:35.000,1.228700,1.229000,D
173830930,EUR/USD,2005-08-03 05:22:36.000,1.228800,1.229100,D
173830940,EUR/USD,2005-08-03 05:22:37.000,1.228900,1.229200,D
173830967,EUR/USD,2005-08-03 05:22:40.000,1.229000,1.229300,D
173830977,EUR/USD,2005-08-03 05:22:40.000,1.229100,1.229400,D
173830983,EUR/USD,2005-08-03 05:22:40.000,1.229000,1.229300,D
173830989,EUR/USD,2005-08-03 05:22:42.000,1.229100,1.229400,D
173831000,EUR/USD,2005-08-03 05:22:43.000,1.229200,1.229500,D
173831002,EUR/USD,2005-08-03 05:22:43.000,1.229300,1.229600,D
173831005,EUR/USD,2005-08-03 05:22:43.000,1.229200,1.229500,D
173831010,EUR/USD,2005-08-03 05:22:44.000,1.229300,1.229600,D
173831029,EUR/USD,2005-08-03 05:22:45.000,1.229400,1.229700,D
173831043,EUR/USD,2005-08-03 05:22:47.000,1.229300,1.229600,D
173831066,EUR/USD,2005-08-03 05:22:50.000,1.229200,1.229500,D
173831070,EUR/USD,2005-08-03 05:22:51.000,1.229100,1.229400,D
173831094,EUR/USD,2005-08-03 05:22:53.000,1.229000,1.229300,D
173831139,EUR/USD,2005-08-03 05:22:59.000,1.229200,1.229500,D
173831144,EUR/USD,2005-08-03 05:22:59.000,1.229400,1.229700,D
173831155,EUR/USD,2005-08-03 05:22:59.000,1.229300,1.229600,D
173831217,EUR/USD,2005-08-03 05:23:08.000,1.229200,1.229500,D
173831364,EUR/USD,2005-08-03 05:23:40.000,1.229100,1.229400,D
173831388,EUR/USD,2005-08-03 05:23:44.000,1.229200,1.229500,D
173831421,EUR/USD,2005-08-03 05:23:48.000,1.229300,1.229600,D
173831432,EUR/USD,2005-08-03 05:23:50.000,1.229400,1.229700,D
173831443,EUR/USD,2005-08-03 05:23:52.000,1.229500,1.229800,D
173831477,EUR/USD,2005-08-03 05:23:56.000,1.229400,1.229700,D
173831533,EUR/USD,2005-08-03 05:24:11.000,1.229300,1.229600,D
173831536,EUR/USD,2005-08-03 05:24:11.000,1.229400,1.229700,D
173831550,EUR/USD,2005-08-03 05:24:15.000,1.229500,1.229800,D
173831577,EUR/USD,2005-08-03 05:24:19.000,1.229600,1.229900,D
173831586,EUR/USD,2005-08-03 05:24:21.000,1.229700,1.230000,D
173831592,EUR/USD,2005-08-03 05:24:21.000,1.229900,1.230200,D
173831639,EUR/USD,2005-08-03 05:24:25.000,1.229700,1.230000,D
173831649,EUR/USD,2005-08-03 05:24:26.000,1.229800,1.230100,D
173831668,EUR/USD,2005-08-03 05:24:28.000,1.229700,1.230000,D
173831677,EUR/USD,2005-08-03 05:24:29.000,1.229600,1.229900,D
173831684,EUR/USD,2005-08-03 05:24:29.000,1.229700,1.230000,D
173831715,EUR/USD,2005-08-03 05:24:32.000,1.229800,1.230100,D
173831722,EUR/USD,2005-08-03 05:24:32.000,1.229900,1.230200,D
173831726,EUR/USD,2005-08-03 05:24:33.000,1.230000,1.230300,D
173831744,EUR/USD,2005-08-03 05:24:34.000,1.230100,1.230400,D
173831761,EUR/USD,2005-08-03 05:24:35.000,1.230200,1.230500,D
173831775,EUR/USD,2005-08-03 05:24:36.000,1.230300,1.230600,D
173831789,EUR/USD,2005-08-03 05:24:36.000,1.230200,1.230500,D
173831812,EUR/USD,2005-08-03 05:24:37.000,1.230300,1.230600,D
173831837,EUR/USD,2005-08-03 05:24:40.000,1.230400,1.230700,D
173831851,EUR/USD,2005-08-03 05:24:41.000,1.230300,1.230600,D
173831903,EUR/USD,2005-08-03 05:24:49.000,1.230400,1.230700,D
173831905,EUR/USD,2005-08-03 05:24:49.000,1.230500,1.230800,D
173831936,EUR/USD,2005-08-03 05:24:53.000,1.230700,1.231000,D
173831955,EUR/USD,2005-08-03 05:24:55.000,1.230800,1.231100,D
173831977,EUR/USD,2005-08-03 05:24:56.000,1.230900,1.231200,D
173831987,EUR/USD,2005-08-03 05:24:57.000,1.231000,1.231300,D
173831996,EUR/USD,2005-08-03 05:24:57.000,1.231100,1.231400,D
173832009,EUR/USD,2005-08-03 05:24:58.000,1.231200,1.231500,D
173832025,EUR/USD,2005-08-03 05:24:59.000,1.231300,1.231600,D
173832046,EUR/USD,2005-08-03 05:25:00.000,1.231400,1.231700,D
173832063,EUR/USD,2005-08-03 05:25:01.000,1.231500,1.231800,D
173832077,EUR/USD,2005-08-03 05:25:02.000,1.231400,1.231700,D
173832087,EUR/USD,2005-08-03 05:25:03.000,1.231500,1.231800,D
173832091,EUR/USD,2005-08-03 05:25:03.000,1.231400,1.231700,D
173832099,EUR/USD,2005-08-03 05:25:04.000,1.231300,1.231600,D
173832107,EUR/USD,2005-08-03 05:25:04.000,1.231200,1.231500,D
173832124,EUR/USD,2005-08-03 05:25:05.000,1.231300,1.231600,D
173832130,EUR/USD,2005-08-03 05:25:05.000,1.231400,1.231700,D
173832133,EUR/USD,2005-08-03 05:25:05.000,1.231300,1.231600,D
173832140,EUR/USD,2005-08-03 05:25:05.000,1.231200,1.231500,D
173832145,EUR/USD,2005-08-03 05:25:06.000,1.231100,1.231400,D
173832176,EUR/USD,2005-08-03 05:25:08.000,1.231000,1.231300,D
173832190,EUR/USD,2005-08-03 05:25:10.000,1.230900,1.231200,D
173832193,EUR/USD,2005-08-03 05:25:10.000,1.231000,1.231300,D
173832199,EUR/USD,2005-08-03 05:25:12.000,1.231100,1.231400,D
173832215,EUR/USD,2005-08-03 05:25:13.000,1.231000,1.231300,D
173832222,EUR/USD,2005-08-03 05:25:14.000,1.230900,1.231200,D
173832262,EUR/USD,2005-08-03 05:25:17.000,1.231000,1.231300,D
173832285,EUR/USD,2005-08-03 05:25:19.000,1.231100,1.231400,D
173832308,EUR/USD,2005-08-03 05:25:20.000,1.231200,1.231500,D
173832318,EUR/USD,2005-08-03 05:25:22.000,1.231300,1.231600,D
173832336,EUR/USD,2005-08-03 05:25:25.000,1.231400,1.231700,D
173832345,EUR/USD,2005-08-03 05:25:25.000,1.231500,1.231800,D
173832376,EUR/USD,2005-08-03 05:25:29.000,1.231400,1.231700,D
173832387,EUR/USD,2005-08-03 05:25:30.000,1.231300,1.231600,D
173832408,EUR/USD,2005-08-03 05:25:33.000,1.231200,1.231500,D
173832415,EUR/USD,2005-08-03 05:25:33.000,1.231100,1.231400,D
173832502,EUR/USD,2005-08-03 05:25:42.000,1.231000,1.231300,D
173832529,EUR/USD,2005-08-03 05:25:45.000,1.230900,1.231200,D
173832547,EUR/USD,2005-08-03 05:25:46.000,1.230800,1.231100,D
173832551,EUR/USD,2005-08-03 05:25:47.000,1.230900,1.231200,D
173832564,EUR/USD,2005-08-03 05:25:47.000,1.230800,1.231100,D
173832585,EUR/USD,2005-08-03 05:25:50.000,1.230700,1.231000,D
173832628,EUR/USD,2005-08-03 05:25:55.000,1.230800,1.231100,D
173832675,EUR/USD,2005-08-03 05:26:03.000,1.230900,1.231200,D
173832697,EUR/USD,2005-08-03 05:26:06.000,1.230800,1.231100,D
173832719,EUR/USD,2005-08-03 05:26:13.000,1.230700,1.231000,D
173832756,EUR/USD,2005-08-03 05:26:17.000,1.230600,1.230900,D
173832764,EUR/USD,2005-08-03 05:26:18.000,1.230500,1.230800,D
173832767,EUR/USD,2005-08-03 05:26:18.000,1.230600,1.230900,D
173832776,EUR/USD,2005-08-03 05:26:18.000,1.230500,1.230800,D
173832778,EUR/USD,2005-08-03 05:26:19.000,1.230600,1.230900,D
173832797,EUR/USD,2005-08-03 05:26:21.000,1.230700,1.231000,D
173832803,EUR/USD,2005-08-03 05:26:21.000,1.230600,1.230900,D
173832808,EUR/USD,2005-08-03 05:26:22.000,1.230700,1.231000,D
173832825,EUR/USD,2005-08-03 05:26:23.000,1.230600,1.230900,D
173832843,EUR/USD,2005-08-03 05:26:26.000,1.230700,1.231000,D
173832856,EUR/USD,2005-08-03 05:26:29.000,1.230600,1.230900,D
173832860,EUR/USD,2005-08-03 05:26:29.000,1.230700,1.231000,D
173832914,EUR/USD,2005-08-03 05:26:37.000,1.230600,1.230900,D
173832930,EUR/USD,2005-08-03 05:26:41.000,1.230700,1.231000,D
173832965,EUR/USD,2005-08-03 05:26:45.000,1.230600,1.230900,D
173832986,EUR/USD,2005-08-03 05:26:50.000,1.230700,1.231000,D
173833013,EUR/USD,2005-08-03 05:26:54.000,1.230600,1.230900,D
173833061,EUR/USD,2005-08-03 05:27:04.000,1.230700,1.231000,D
173833084,EUR/USD,2005-08-03 05:27:08.000,1.230800,1.231100,D
173833093,EUR/USD,2005-08-03 05:27:08.000,1.230700,1.231000,D
173833110,EUR/USD,2005-08-03 05:27:10.000,1.230800,1.231100,D
173833130,EUR/USD,2005-08-03 05:27:11.000,1.230900,1.231200,D
173833143,EUR/USD,2005-08-03 05:27:12.000,1.230800,1.231100,D
173833148,EUR/USD,2005-08-03 05:27:13.000,1.230900,1.231200,D
173833155,EUR/USD,2005-08-03 05:27:13.000,1.231000,1.231300,D
173833223,EUR/USD,2005-08-03 05:27:19.000,1.231100,1.231400,D
173833243,EUR/USD,2005-08-03 05:27:22.000,1.231000,1.231300,D
173833244,EUR/USD,2005-08-03 05:27:22.000,1.231100,1.231400,D
173833250,EUR/USD,2005-08-03 05:27:23.000,1.231000,1.231300,D
173833257,EUR/USD,2005-08-03 05:27:23.000,1.230900,1.231200,D
173833300,EUR/USD,2005-08-03 05:27:32.000,1.230800,1.231100,D
173833305,EUR/USD,2005-08-03 05:27:33.000,1.230900,1.231200,D
173833313,EUR/USD,2005-08-03 05:27:34.000,1.230800,1.231100,D
173833340,EUR/USD,2005-08-03 05:27:36.000,1.230900,1.231200,D
173833358,EUR/USD,2005-08-03 05:27:39.000,1.230800,1.231100,D
173833427,EUR/USD,2005-08-03 05:27:52.000,1.230700,1.231000,D
173833459,EUR/USD,2005-08-03 05:27:57.000,1.230800,1.231100,D
173833483,EUR/USD,2005-08-03 05:28:00.000,1.230900,1.231200,D
173833489,EUR/USD,2005-08-03 05:28:00.000,1.230800,1.231100,D
173833494,EUR/USD,2005-08-03 05:28:00.000,1.230900,1.231200,D
173833502,EUR/USD,2005-08-03 05:28:01.000,1.230800,1.231100,D
173833515,EUR/USD,2005-08-03 05:28:06.000,1.230900,1.231200,D
173833525,EUR/USD,2005-08-03 05:28:07.000,1.230800,1.231100,D
173833527,EUR/USD,2005-08-03 05:28:07.000,1.230900,1.231200,D
173833546,EUR/USD,2005-08-03 05:28:09.000,1.231000,1.231300,D
173833560,EUR/USD,2005-08-03 05:28:11.000,1.230900,1.231200,D
173833573,EUR/USD,2005-08-03 05:28:12.000,1.231000,1.231300,D
173833614,EUR/USD,2005-08-03 05:28:20.000,1.230900,1.231200,D
173833643,EUR/USD,2005-08-03 05:28:23.000,1.231000,1.231300,D
173833676,EUR/USD,2005-08-03 05:28:27.000,1.231100,1.231400,D
173833680,EUR/USD,2005-08-03 05:28:27.000,1.231000,1.231300,D
173833694,EUR/USD,2005-08-03 05:28:29.000,1.231100,1.231400,D
173833734,EUR/USD,2005-08-03 05:28:33.000,1.231200,1.231500,D
173833745,EUR/USD,2005-08-03 05:28:35.000,1.231300,1.231600,D
173833756,EUR/USD,2005-08-03 05:28:36.000,1.231400,1.231700,D
173833762,EUR/USD,2005-08-03 05:28:37.000,1.231300,1.231600,D
173833768,EUR/USD,2005-08-03 05:28:37.000,1.231200,1.231500,D
173833802,EUR/USD,2005-08-03 05:28:46.000,1.231300,1.231600,D
173833805,EUR/USD,2005-08-03 05:28:46.000,1.231200,1.231500,D
173833807,EUR/USD,2005-08-03 05:28:47.000,1.231300,1.231600,D
173833809,EUR/USD,2005-08-03 05:28:47.000,1.231400,1.231700,D
173833832,EUR/USD,2005-08-03 05:28:50.000,1.231500,1.231800,D
173833852,EUR/USD,2005-08-03 05:28:51.000,1.231600,1.231900,D
173833871,EUR/USD,2005-08-03 05:28:55.000,1.231500,1.231800,D
173833882,EUR/USD,2005-08-03 05:28:57.000,1.231400,1.231700,D
173833900,EUR/USD,2005-08-03 05:28:59.000,1.231300,1.231600,D
173833909,EUR/USD,2005-08-03 05:28:59.000,1.231400,1.231700,D
173833918,EUR/USD,2005-08-03 05:29:00.000,1.231300,1.231600,D
173833923,EUR/USD,2005-08-03 05:29:01.000,1.231200,1.231500,D
173833935,EUR/USD,2005-08-03 05:29:02.000,1.231300,1.231600,D
173833949,EUR/USD,2005-08-03 05:29:04.000,1.231400,1.231700,D
173833995,EUR/USD,2005-08-03 05:29:10.000,1.231300,1.231600,D
173834006,EUR/USD,2005-08-03 05:29:11.000,1.231200,1.231500,D
173834028,EUR/USD,2005-08-03 05:29:15.000,1.231300,1.231600,D
173834030,EUR/USD,2005-08-03 05:29:15.000,1.231200,1.231500,D
173834062,EUR/USD,2005-08-03 05:29:21.000,1.231300,1.231600,D
173834084,EUR/USD,2005-08-03 05:29:24.000,1.231200,1.231500,D
173834089,EUR/USD,2005-08-03 05:29:25.000,1.231300,1.231600,D
173834101,EUR/USD,2005-08-03 05:29:27.000,1.231200,1.231500,D
173834109,EUR/USD,2005-08-03 05:29:27.000,1.231300,1.231600,D
173834134,EUR/USD,2005-08-03 05:29:33.000,1.231400,1.231700,D
173834168,EUR/USD,2005-08-03 05:29:40.000,1.231300,1.231600,D
173834205,EUR/USD,2005-08-03 05:29:49.000,1.231200,1.231500,D
173834261,EUR/USD,2005-08-03 05:30:04.000,1.231300,1.231600,D
173834275,EUR/USD,2005-08-03 05:30:07.000,1.231200,1.231500,D
173834285,EUR/USD,2005-08-03 05:30:08.000,1.231300,1.231600,D
173834296,EUR/USD,2005-08-03 05:30:09.000,1.231200,1.231500,D
173834325,EUR/USD,2005-08-03 05:30:13.000,1.231300,1.231600,D
173834342,EUR/USD,2005-08-03 05:30:15.000,1.231200,1.231500,D
173834387,EUR/USD,2005-08-03 05:30:21.000,1.231300,1.231600,D
173834393,EUR/USD,2005-08-03 05:30:21.000,1.231200,1.231500,D
173834405,EUR/USD,2005-08-03 05:30:23.000,1.231300,1.231600,D
173834431,EUR/USD,2005-08-03 05:30:25.000,1.231400,1.231700,D
173834441,EUR/USD,2005-08-03 05:30:26.000,1.231500,1.231800,D
173834455,EUR/USD,2005-08-03 05:30:29.000,1.231600,1.231900,D
173834457,EUR/USD,2005-08-03 05:30:29.000,1.231700,1.232000,D
173834489,EUR/USD,2005-08-03 05:30:33.000,1.231600,1.231900,D
173834515,EUR/USD,2005-08-03 05:30:35.000,1.231500,1.231800,D
173834535,EUR/USD,2005-08-03 05:30:36.000,1.231400,1.231700,D
173834566,EUR/USD,2005-08-03 05:30:41.000,1.231500,1.231800,D
173834604,EUR/USD,2005-08-03 05:30:46.000,1.231600,1.231900,D
173834622,EUR/USD,2005-08-03 05:30:48.000,1.231500,1.231800,D
173834632,EUR/USD,2005-08-03 05:30:49.000,1.231600,1.231900,D
173834642,EUR/USD,2005-08-03 05:30:52.000,1.231500,1.231800,D
173834674,EUR/USD,2005-08-03 05:30:56.000,1.231400,1.231700,D
173834699,EUR/USD,2005-08-03 05:31:00.000,1.231300,1.231600,D
173834718,EUR/USD,2005-08-03 05:31:02.000,1.231200,1.231500,D
173834741,EUR/USD,2005-08-03 05:31:08.000,1.231100,1.231400,D
173834768,EUR/USD,2005-08-03 05:31:13.000,1.231200,1.231500,D
173834785,EUR/USD,2005-08-03 05:31:16.000,1.231500,1.231800,D
173834813,EUR/USD,2005-08-03 05:31:19.000,1.231400,1.231700,D
173834824,EUR/USD,2005-08-03 05:31:20.000,1.231300,1.231600,D
173834836,EUR/USD,2005-08-03 05:31:21.000,1.231400,1.231700,D
173834839,EUR/USD,2005-08-03 05:31:21.000,1.231500,1.231800,D
173834868,EUR/USD,2005-08-03 05:31:24.000,1.231400,1.231700,D
173834869,EUR/USD,2005-08-03 05:31:25.000,1.231500,1.231800,D
173834891,EUR/USD,2005-08-03 05:31:30.000,1.231600,1.231900,D
173834903,EUR/USD,2005-08-03 05:31:31.000,1.231700,1.232000,D
173834922,EUR/USD,2005-08-03 05:31:34.000,1.231800,1.232100,D
173834931,EUR/USD,2005-08-03 05:31:35.000,1.231900,1.232200,D
173834934,EUR/USD,2005-08-03 05:31:35.000,1.231800,1.232100,D
173834942,EUR/USD,2005-08-03 05:31:36.000,1.231900,1.232200,D
173834957,EUR/USD,2005-08-03 05:31:38.000,1.231800,1.232100,D
173834967,EUR/USD,2005-08-03 05:31:39.000,1.231700,1.232000,D
173834995,EUR/USD,2005-08-03 05:31:41.000,1.231600,1.231900,D
173834999,EUR/USD,2005-08-03 05:31:41.000,1.231700,1.232000,D
173835017,EUR/USD,2005-08-03 05:31:42.000,1.231800,1.232100,D
173835020,EUR/USD,2005-08-03 05:31:43.000,1.231700,1.232000,D
173835025,EUR/USD,2005-08-03 05:31:45.000,1.231800,1.232100,D
173835036,EUR/USD,2005-08-03 05:31:47.000,1.231700,1.232000,D
173835050,EUR/USD,2005-08-03 05:31:50.000,1.231600,1.231900,D
173835072,EUR/USD,2005-08-03 05:31:55.000,1.231500,1.231800,D
173835081,EUR/USD,2005-08-03 05:31:56.000,1.231600,1.231900,D
173835086,EUR/USD,2005-08-03 05:31:57.000,1.231700,1.232000,D
173835090,EUR/USD,2005-08-03 05:31:58.000,1.231600,1.231900,D
173835098,EUR/USD,2005-08-03 05:31:58.000,1.231500,1.231800,D
173835102,EUR/USD,2005-08-03 05:32:00.000,1.231600,1.231900,D
173835145,EUR/USD,2005-08-03 05:32:06.000,1.231500,1.231800,D
173835152,EUR/USD,2005-08-03 05:32:07.000,1.231600,1.231900,D
173835165,EUR/USD,2005-08-03 05:32:10.000,1.231500,1.231800,D
173835185,EUR/USD,2005-08-03 05:32:12.000,1.231600,1.231900,D
173835204,EUR/USD,2005-08-03 05:32:14.000,1.231500,1.231800,D
173835208,EUR/USD,2005-08-03 05:32:15.000,1.231600,1.231900,D
173835236,EUR/USD,2005-08-03 05:32:22.000,1.231500,1.231800,D
173835245,EUR/USD,2005-08-03 05:32:24.000,1.231400,1.231700,D
173835267,EUR/USD,2005-08-03 05:32:29.000,1.231300,1.231600,D
173835292,EUR/USD,2005-08-03 05:32:31.000,1.231200,1.231500,D
173835305,EUR/USD,2005-08-03 05:32:32.000,1.231100,1.231400,D
173835314,EUR/USD,2005-08-03 05:32:33.000,1.231200,1.231500,D
173835342,EUR/USD,2005-08-03 05:32:36.000,1.231100,1.231400,D
173835348,EUR/USD,2005-08-03 05:32:37.000,1.231200,1.231500,D
173835378,EUR/USD,2005-08-03 05:32:40.000,1.231100,1.231400,D
173835405,EUR/USD,2005-08-03 05:32:42.000,1.231200,1.231500,D
173835431,EUR/USD,2005-08-03 05:32:45.000,1.231100,1.231400,D
173835480,EUR/USD,2005-08-03 05:32:53.000,1.231200,1.231500,D
173835497,EUR/USD,2005-08-03 05:32:54.000,1.231100,1.231400,D
173835529,EUR/USD,2005-08-03 05:33:01.000,1.231000,1.231300,D
173835580,EUR/USD,2005-08-03 05:33:13.000,1.231100,1.231400,D
173835584,EUR/USD,2005-08-03 05:33:14.000,1.231000,1.231300,D
173835604,EUR/USD,2005-08-03 05:33:20.000,1.231100,1.231400,D
173835614,EUR/USD,2005-08-03 05:33:25.000,1.231000,1.231300,D
173835637,EUR/USD,2005-08-03 05:33:28.000,1.231100,1.231400,D
173835667,EUR/USD,2005-08-03 05:33:42.000,1.231200,1.231500,D
173835724,EUR/USD,2005-08-03 05:33:59.000,1.231100,1.231400,D
173835737,EUR/USD,2005-08-03 05:34:01.000,1.231200,1.231500,D
173835741,EUR/USD,2005-08-03 05:34:01.000,1.231100,1.231400,D
173835770,EUR/USD,2005-08-03 05:34:09.000,1.231200,1.231500,D
173835777,EUR/USD,2005-08-03 05:34:10.000,1.231100,1.231400,D
173835801,EUR/USD,2005-08-03 05:34:15.000,1.231000,1.231300,D
173835829,EUR/USD,2005-08-03 05:34:18.000,1.230900,1.231200,D
173835874,EUR/USD,2005-08-03 05:34:27.000,1.230800,1.231100,D
173835920,EUR/USD,2005-08-03 05:34:34.000,1.230700,1.231000,D
173835926,EUR/USD,2005-08-03 05:34:34.000,1.230800,1.231100,D
173835941,EUR/USD,2005-08-03 05:34:37.000,1.230900,1.231200,D
173835958,EUR/USD,2005-08-03 05:34:40.000,1.230800,1.231100,D
173835985,EUR/USD,2005-08-03 05:34:47.000,1.230900,1.231200,D
173835999,EUR/USD,2005-08-03 05:34:48.000,1.230800,1.231100,D
173836000,EUR/USD,2005-08-03 05:34:49.000,1.230900,1.231200,D
173836021,EUR/USD,2005-08-03 05:34:51.000,1.230800,1.231100,D
173836023,EUR/USD,2005-08-03 05:34:52.000,1.230900,1.231200,D
173836054,EUR/USD,2005-08-03 05:34:58.000,1.230800,1.231100,D
173836069,EUR/USD,2005-08-03 05:35:00.000,1.230900,1.231200,D
173836088,EUR/USD,2005-08-03 05:35:04.000,1.231000,1.231300,D
173836120,EUR/USD,2005-08-03 05:35:13.000,1.230900,1.231200,D
173836131,EUR/USD,2005-08-03 05:35:15.000,1.230800,1.231100,D
173836148,EUR/USD,2005-08-03 05:35:18.000,1.230900,1.231200,D
173836161,EUR/USD,2005-08-03 05:35:19.000,1.230800,1.231100,D
173836174,EUR/USD,2005-08-03 05:35:21.000,1.230700,1.231000,D
173836202,EUR/USD,2005-08-03 05:35:25.000,1.230600,1.230900,D
173836237,EUR/USD,2005-08-03 05:35:31.000,1.230700,1.231000,D
173836274,EUR/USD,2005-08-03 05:35:45.000,1.230600,1.230900,D
173836308,EUR/USD,2005-08-03 05:35:50.000,1.230500,1.230800,D
173836351,EUR/USD,2005-08-03 05:35:54.000,1.230600,1.230900,D
173836382,EUR/USD,2005-08-03 05:35:58.000,1.230700,1.231000,D
173836389,EUR/USD,2005-08-03 05:36:00.000,1.230600,1.230900,D
173836414,EUR/USD,2005-08-03 05:36:03.000,1.230700,1.231000,D
173836419,EUR/USD,2005-08-03 05:36:03.000,1.230800,1.231100,D
173836422,EUR/USD,2005-08-03 05:36:04.000,1.230700,1.231000,D
173836487,EUR/USD,2005-08-03 05:36:22.000,1.230600,1.230900,D
173836506,EUR/USD,2005-08-03 05:36:26.000,1.230700,1.231000,D
173836515,EUR/USD,2005-08-03 05:36:28.000,1.230600,1.230900,D
173836540,EUR/USD,2005-08-03 05:36:33.000,1.230700,1.231000,D
173836558,EUR/USD,2005-08-03 05:36:36.000,1.230600,1.230900,D
173836579,EUR/USD,2005-08-03 05:36:38.000,1.230700,1.231000,D
173836587,EUR/USD,2005-08-03 05:36:38.000,1.230600,1.230900,D
173836624,EUR/USD,2005-08-03 05:36:43.000,1.230500,1.230800,D
173836641,EUR/USD,2005-08-03 05:36:44.000,1.230600,1.230900,D
173836643,EUR/USD,2005-08-03 05:36:45.000,1.230500,1.230800,D
173836651,EUR/USD,2005-08-03 05:36:45.000,1.230600,1.230900,D
173836660,EUR/USD,2005-08-03 05:36:46.000,1.230500,1.230800,D
173836693,EUR/USD,2005-08-03 05:36:55.000,1.230600,1.230900,D
173836696,EUR/USD,2005-08-03 05:36:55.000,1.230500,1.230800,D
173836730,EUR/USD,2005-08-03 05:37:02.000,1.230400,1.230700,D
173836772,EUR/USD,2005-08-03 05:37:14.000,1.230500,1.230800,D
173836782,EUR/USD,2005-08-03 05:37:20.000,1.230400,1.230700,D
173836783,EUR/USD,2005-08-03 05:37:21.000,1.230500,1.230800,D
173836785,EUR/USD,2005-08-03 05:37:24.000,1.230400,1.230700,D
173836811,EUR/USD,2005-08-03 05:37:32.000,1.230300,1.230600,D
173836830,EUR/USD,2005-08-03 05:37:36.000,1.230400,1.230700,D
173836920,EUR/USD,2005-08-03 05:37:55.000,1.230300,1.230600,D
173837039,EUR/USD,2005-08-03 05:38:24.000,1.230400,1.230700,D
173837048,EUR/USD,2005-08-03 05:38:25.000,1.230300,1.230600,D
173837065,EUR/USD,2005-08-03 05:38:30.000,1.230200,1.230500,D
173837114,EUR/USD,2005-08-03 05:38:43.000,1.230300,1.230600,D
173837117,EUR/USD,2005-08-03 05:38:43.000,1.230200,1.230500,D
173837120,EUR/USD,2005-08-03 05:38:43.000,1.230100,1.230400,D
173837129,EUR/USD,2005-08-03 05:38:44.000,1.230200,1.230500,D
173837141,EUR/USD,2005-08-03 05:38:47.000,1.230100,1.230400,D
173837167,EUR/USD,2005-08-03 05:38:53.000,1.230200,1.230500,D
173837169,EUR/USD,2005-08-03 05:38:54.000,1.230100,1.230400,D
173837180,EUR/USD,2005-08-03 05:38:57.000,1.230200,1.230500,D
173837193,EUR/USD,2005-08-03 05:39:02.000,1.230300,1.230600,D
173837208,EUR/USD,2005-08-03 05:39:05.000,1.230200,1.230500,D
173837217,EUR/USD,2005-08-03 05:39:08.000,1.230300,1.230600,D
173837255,EUR/USD,2005-08-03 05:39:19.000,1.230200,1.230500,D
173837318,EUR/USD,2005-08-03 05:39:31.000,1.230300,1.230600,D
173837331,EUR/USD,2005-08-03 05:39:34.000,1.230400,1.230700,D
173837343,EUR/USD,2005-08-03 05:39:35.000,1.230300,1.230600,D
173837357,EUR/USD,2005-08-03 05:39:37.000,1.230400,1.230700,D
173837363,EUR/USD,2005-08-03 05:39:37.000,1.230300,1.230600,D
173837378,EUR/USD,2005-08-03 05:39:40.000,1.230400,1.230700,D
173837406,EUR/USD,2005-08-03 05:39:50.000,1.230500,1.230800,D
173837411,EUR/USD,2005-08-03 05:39:51.000,1.230400,1.230700,D
173837434,EUR/USD,2005-08-03 05:39:56.000,1.230300,1.230600,D
173837476,EUR/USD,2005-08-03 05:40:10.000,1.230400,1.230700,D
173837481,EUR/USD,2005-08-03 05:40:11.000,1.230300,1.230600,D
173837485,EUR/USD,2005-08-03 05:40:12.000,1.230400,1.230700,D
173837491,EUR/USD,2005-08-03 05:40:13.000,1.230300,1.230600,D
173837508,EUR/USD,2005-08-03 05:40:25.000,1.230400,1.230700,D
173837527,EUR/USD,2005-08-03 05:40:28.000,1.230500,1.230800,D
173837543,EUR/USD,2005-08-03 05:40:30.000,1.230600,1.230900,D
173837575,EUR/USD,2005-08-03 05:40:36.000,1.230500,1.230800,D
173837588,EUR/USD,2005-08-03 05:40:48.000,1.230400,1.230700,D
173837600,EUR/USD,2005-08-03 05:40:55.000,1.230500,1.230800,D
173837604,EUR/USD,2005-08-03 05:40:55.000,1.230400,1.230700,D
173837607,EUR/USD,2005-08-03 05:40:56.000,1.230500,1.230800,D
173837608,EUR/USD,2005-08-03 05:40:57.000,1.230600,1.230900,D
173837612,EUR/USD,2005-08-03 05:40:57.000,1.230500,1.230800,D
173837614,EUR/USD,2005-08-03 05:40:57.000,1.230600,1.230900,D
173837634,EUR/USD,2005-08-03 05:40:59.000,1.230500,1.230800,D
173837648,EUR/USD,2005-08-03 05:41:03.000,1.230600,1.230900,D
173837655,EUR/USD,2005-08-03 05:41:05.000,1.230500,1.230800,D
173837694,EUR/USD,2005-08-03 05:41:21.000,1.230600,1.230900,D
173837704,EUR/USD,2005-08-03 05:41:23.000,1.230500,1.230800,D
173837713,EUR/USD,2005-08-03 05:41:24.000,1.230600,1.230900,D
173837722,EUR/USD,2005-08-03 05:41:27.000,1.230500,1.230800,D
173837738,EUR/USD,2005-08-03 05:41:34.000,1.230600,1.230900,D
173837770,EUR/USD,2005-08-03 05:41:39.000,1.230700,1.231000,D
173837858,EUR/USD,2005-08-03 05:41:58.000,1.230600,1.230900,D
173837922,EUR/USD,2005-08-03 05:42:13.000,1.230700,1.231000,D
173838002,EUR/USD,2005-08-03 05:42:43.000,1.230800,1.231100,D
173838003,EUR/USD,2005-08-03 05:42:45.000,1.230700,1.231000,D
173838016,EUR/USD,2005-08-03 05:42:48.000,1.230800,1.231100,D
173838028,EUR/USD,2005-08-03 05:42:49.000,1.230900,1.231200,D
173838045,EUR/USD,2005-08-03 05:42:52.000,1.231000,1.231300,D
173838053,EUR/USD,2005-08-03 05:42:53.000,1.231100,1.231400,D
173838055,EUR/USD,2005-08-03 05:42:53.000,1.231000,1.231300,D
173838061,EUR/USD,2005-08-03 05:42:54.000,1.230900,1.231200,D
173838082,EUR/USD,2005-08-03 05:42:57.000,1.230800,1.231100,D
173838090,EUR/USD,2005-08-03 05:42:58.000,1.230900,1.231200,D
173838109,EUR/USD,2005-08-03 05:43:01.000,1.231000,1.231300,D
173838113,EUR/USD,2005-08-03 05:43:02.000,1.231100,1.231400,D
173838119,EUR/USD,2005-08-03 05:43:02.000,1.231000,1.231300,D
173838139,EUR/USD,2005-08-03 05:43:05.000,1.230900,1.231200,D
173838157,EUR/USD,2005-08-03 05:43:07.000,1.230800,1.231100,D
173838171,EUR/USD,2005-08-03 05:43:08.000,1.230900,1.231200,D
173838196,EUR/USD,2005-08-03 05:43:11.000,1.230800,1.231100,D
173838225,EUR/USD,2005-08-03 05:43:18.000,1.230700,1.231000,D
173838269,EUR/USD,2005-08-03 05:43:35.000,1.230600,1.230900,D
173838282,EUR/USD,2005-08-03 05:43:37.000,1.230700,1.231000,D
173838334,EUR/USD,2005-08-03 05:43:49.000,1.230800,1.231100,D
173838347,EUR/USD,2005-08-03 05:43:50.000,1.230900,1.231200,D
173838385,EUR/USD,2005-08-03 05:43:57.000,1.231000,1.231300,D
173838398,EUR/USD,2005-08-03 05:43:59.000,1.230900,1.231200,D
173838415,EUR/USD,2005-08-03 05:44:03.000,1.231000,1.231300,D
173838420,EUR/USD,2005-08-03 05:44:04.000,1.230900,1.231200,D
173838434,EUR/USD,2005-08-03 05:44:08.000,1.231000,1.231300,D
173838445,EUR/USD,2005-08-03 05:44:11.000,1.231100,1.231400,D
173838468,EUR/USD,2005-08-03 05:44:15.000,1.231200,1.231500,D
173838475,EUR/USD,2005-08-03 05:44:16.000,1.231100,1.231400,D
173838488,EUR/USD,2005-08-03 05:44:18.000,1.231200,1.231500,D
173838530,EUR/USD,2005-08-03 05:44:23.000,1.231300,1.231600,D
173838537,EUR/USD,2005-08-03 05:44:24.000,1.231200,1.231500,D
173838555,EUR/USD,2005-08-03 05:44:26.000,1.231100,1.231400,D
173838557,EUR/USD,2005-08-03 05:44:26.000,1.231200,1.231500,D
173838561,EUR/USD,2005-08-03 05:44:27.000,1.231100,1.231400,D
173838572,EUR/USD,2005-08-03 05:44:30.000,1.231000,1.231300,D
173838614,EUR/USD,2005-08-03 05:44:37.000,1.230900,1.231200,D
173838623,EUR/USD,2005-08-03 05:44:39.000,1.231000,1.231300,D
173838650,EUR/USD,2005-08-03 05:44:47.000,1.231100,1.231400,D
173838664,EUR/USD,2005-08-03 05:44:50.000,1.231000,1.231300,D
173838681,EUR/USD,2005-08-03 05:44:55.000,1.230900,1.231200,D
173838694,EUR/USD,2005-08-03 05:44:56.000,1.231000,1.231300,D
173838724,EUR/USD,2005-08-03 05:45:00.000,1.231100,1.231400,D
173838753,EUR/USD,2005-08-03 05:45:07.000,1.231200,1.231500,D
173838760,EUR/USD,2005-08-03 05:45:08.000,1.231300,1.231600,D
173838764,EUR/USD,2005-08-03 05:45:09.000,1.231200,1.231500,D
173838775,EUR/USD,2005-08-03 05:45:10.000,1.231300,1.231600,D
173838797,EUR/USD,2005-08-03 05:45:16.000,1.231200,1.231500,D
173838812,EUR/USD,2005-08-03 05:45:21.000,1.231300,1.231600,D
173838815,EUR/USD,2005-08-03 05:45:21.000,1.231200,1.231500,D
173838879,EUR/USD,2005-08-03 05:45:36.000,1.231300,1.231600,D
173838895,EUR/USD,2005-08-03 05:45:39.000,1.231400,1.231700,D
173838939,EUR/USD,2005-08-03 05:45:45.000,1.231300,1.231600,D
173838958,EUR/USD,2005-08-03 05:45:46.000,1.231400,1.231700,D
173838966,EUR/USD,2005-08-03 05:45:47.000,1.231300,1.231600,D
173838989,EUR/USD,2005-08-03 05:45:51.000,1.231200,1.231500,D
173839007,EUR/USD,2005-08-03 05:45:54.000,1.231100,1.231400,D
173839085,EUR/USD,2005-08-03 05:46:15.000,1.231000,1.231300,D
173839095,EUR/USD,2005-08-03 05:46:16.000,1.231100,1.231400,D
173839112,EUR/USD,2005-08-03 05:46:20.000,1.231000,1.231300,D
173839122,EUR/USD,2005-08-03 05:46:21.000,1.231100,1.231400,D
173839145,EUR/USD,2005-08-03 05:46:27.000,1.231000,1.231300,D
173839152,EUR/USD,2005-08-03 05:46:28.000,1.231100,1.231400,D
173839175,EUR/USD,2005-08-03 05:46:40.000,1.231000,1.231300,D
173839178,EUR/USD,2005-08-03 05:46:40.000,1.231100,1.231400,D
173839196,EUR/USD,2005-08-03 05:46:44.000,1.231200,1.231500,D
173839205,EUR/USD,2005-08-03 05:46:45.000,1.231100,1.231400,D
173839223,EUR/USD,2005-08-03 05:46:48.000,1.231200,1.231500,D
173839247,EUR/USD,2005-08-03 05:47:05.000,1.231100,1.231400,D
173839254,EUR/USD,2005-08-03 05:47:09.000,1.231200,1.231500,D
173839268,EUR/USD,2005-08-03 05:47:14.000,1.231100,1.231400,D
173839303,EUR/USD,2005-08-03 05:47:18.000,1.231200,1.231500,D
173839313,EUR/USD,2005-08-03 05:47:20.000,1.231100,1.231400,D
173839341,EUR/USD,2005-08-03 05:47:27.000,1.231000,1.231300,D
173839394,EUR/USD,2005-08-03 05:47:42.000,1.230900,1.231200,D
173839412,EUR/USD,2005-08-03 05:47:45.000,1.231000,1.231300,D
173839440,EUR/USD,2005-08-03 05:47:57.000,1.231100,1.231400,D
173839447,EUR/USD,2005-08-03 05:47:58.000,1.231000,1.231300,D
173839452,EUR/USD,2005-08-03 05:47:59.000,1.231100,1.231400,D
173839455,EUR/USD,2005-08-03 05:47:59.000,1.231000,1.231300,D
173839558,EUR/USD,2005-08-03 05:48:36.000,1.231100,1.231400,D
173839565,EUR/USD,2005-08-03 05:48:40.000,1.231000,1.231300,D
173839576,EUR/USD,2005-08-03 05:48:43.000,1.231100,1.231400,D
173839578,EUR/USD,2005-08-03 05:48:44.000,1.231000,1.231300,D
173839595,EUR/USD,2005-08-03 05:48:46.000,1.231100,1.231400,D
173839615,EUR/USD,2005-08-03 05:48:48.000,1.231000,1.231300,D
173839635,EUR/USD,2005-08-03 05:48:51.000,1.230900,1.231200,D
173839647,EUR/USD,2005-08-03 05:49:02.000,1.230800,1.231100,D
173839676,EUR/USD,2005-08-03 05:49:09.000,1.230900,1.231200,D
173839680,EUR/USD,2005-08-03 05:49:10.000,1.230800,1.231100,D
173839684,EUR/USD,2005-08-03 05:49:10.000,1.230900,1.231200,D
173839707,EUR/USD,2005-08-03 05:49:17.000,1.231000,1.231300,D
173839728,EUR/USD,2005-08-03 05:49:23.000,1.230900,1.231200,D
173839735,EUR/USD,2005-08-03 05:49:24.000,1.231000,1.231300,D
173839737,EUR/USD,2005-08-03 05:49:24.000,1.230900,1.231200,D
173839773,EUR/USD,2005-08-03 05:49:27.000,1.231000,1.231300,D
173839781,EUR/USD,2005-08-03 05:49:28.000,1.230900,1.231200,D
173839787,EUR/USD,2005-08-03 05:49:29.000,1.231000,1.231300,D
173839801,EUR/USD,2005-08-03 05:49:33.000,1.231100,1.231400,D
173839825,EUR/USD,2005-08-03 05:49:39.000,1.231000,1.231300,D
173839834,EUR/USD,2005-08-03 05:49:40.000,1.231100,1.231400,D
173839854,EUR/USD,2005-08-03 05:49:46.000,1.231200,1.231500,D
173839905,EUR/USD,2005-08-03 05:49:59.000,1.231100,1.231400,D
173839911,EUR/USD,2005-08-03 05:50:00.000,1.231200,1.231500,D
173839917,EUR/USD,2005-08-03 05:50:00.000,1.231100,1.231400,D
173839933,EUR/USD,2005-08-03 05:50:04.000,1.231000,1.231300,D
173839948,EUR/USD,2005-08-03 05:50:06.000,1.231100,1.231400,D
173839983,EUR/USD,2005-08-03 05:50:16.000,1.231000,1.231300,D
173840015,EUR/USD,2005-08-03 05:50:25.000,1.231100,1.231400,D
173840017,EUR/USD,2005-08-03 05:50:26.000,1.231000,1.231300,D
173840021,EUR/USD,2005-08-03 05:50:26.000,1.231100,1.231400,D
173840028,EUR/USD,2005-08-03 05:50:27.000,1.231000,1.231300,D
173840081,EUR/USD,2005-08-03 05:50:47.000,1.230900,1.231200,D
173840087,EUR/USD,2005-08-03 05:50:48.000,1.231000,1.231300,D
173840127,EUR/USD,2005-08-03 05:51:01.000,1.230900,1.231200,D
173840133,EUR/USD,2005-08-03 05:51:03.000,1.231000,1.231300,D
173840151,EUR/USD,2005-08-03 05:51:07.000,1.230900,1.231200,D
173840154,EUR/USD,2005-08-03 05:51:08.000,1.231000,1.231300,D
173840170,EUR/USD,2005-08-03 05:51:11.000,1.230900,1.231200,D
173840183,EUR/USD,2005-08-03 05:51:15.000,1.231000,1.231300,D
173840206,EUR/USD,2005-08-03 05:51:18.000,1.231100,1.231400,D
173840248,EUR/USD,2005-08-03 05:51:28.000,1.231000,1.231300,D
173840270,EUR/USD,2005-08-03 05:51:31.000,1.231100,1.231400,D
173840288,EUR/USD,2005-08-03 05:51:35.000,1.231200,1.231500,D
173840294,EUR/USD,2005-08-03 05:51:36.000,1.231100,1.231400,D
173840295,EUR/USD,2005-08-03 05:51:36.000,1.231200,1.231500,D
173840309,EUR/USD,2005-08-03 05:51:48.000,1.231100,1.231400,D
173840311,EUR/USD,2005-08-03 05:51:48.000,1.231200,1.231500,D
173840321,EUR/USD,2005-08-03 05:51:51.000,1.231100,1.231400,D
173840351,EUR/USD,2005-08-03 05:52:12.000,1.231000,1.231300,D
173840498,EUR/USD,2005-08-03 05:52:49.000,1.230900,1.231200,D
173840566,EUR/USD,2005-08-03 05:53:18.000,1.231000,1.231300,D
173840578,EUR/USD,2005-08-03 05:53:20.000,1.230900,1.231200,D
173840674,EUR/USD,2005-08-03 05:53:48.000,1.230800,1.231100,D
173840679,EUR/USD,2005-08-03 05:53:48.000,1.230900,1.231200,D
173840686,EUR/USD,2005-08-03 05:53:50.000,1.230800,1.231100,D
173840746,EUR/USD,2005-08-03 05:54:13.000,1.230700,1.231000,D
173840762,EUR/USD,2005-08-03 05:54:18.000,1.230600,1.230900,D
173840775,EUR/USD,2005-08-03 05:54:20.000,1.230700,1.231000,D
173840781,EUR/USD,2005-08-03 05:54:21.000,1.230600,1.230900,D
173840880,EUR/USD,2005-08-03 05:54:48.000,1.230500,1.230800,D
173840967,EUR/USD,2005-08-03 05:55:15.000,1.230400,1.230700,D
173840970,EUR/USD,2005-08-03 05:55:16.000,1.230500,1.230800,D
173840971,EUR/USD,2005-08-03 05:55:17.000,1.230400,1.230700,D
173840993,EUR/USD,2005-08-03 05:55:24.000,1.230500,1.230800,D
173840998,EUR/USD,2005-08-03 05:55:25.000,1.230400,1.230700,D
173841015,EUR/USD,2005-08-03 05:55:37.000,1.230500,1.230800,D
173841016,EUR/USD,2005-08-03 05:55:38.000,1.230400,1.230700,D
173841023,EUR/USD,2005-08-03 05:55:39.000,1.230500,1.230800,D
173841028,EUR/USD,2005-08-03 05:55:40.000,1.230400,1.230700,D
173841039,EUR/USD,2005-08-03 05:55:42.000,1.230500,1.230800,D
173841054,EUR/USD,2005-08-03 05:55:46.000,1.230600,1.230900,D
173841068,EUR/USD,2005-08-03 05:55:47.000,1.230500,1.230800,D
173841090,EUR/USD,2005-08-03 05:55:54.000,1.230600,1.230900,D
173841107,EUR/USD,2005-08-03 05:55:57.000,1.230700,1.231000,D
173841126,EUR/USD,2005-08-03 05:56:03.000,1.230800,1.231100,D
173841147,EUR/USD,2005-08-03 05:56:08.000,1.230700,1.231000,D
173841161,EUR/USD,2005-08-03 05:56:10.000,1.230800,1.231100,D
173841189,EUR/USD,2005-08-03 05:56:15.000,1.230900,1.231200,D
173841233,EUR/USD,2005-08-03 05:56:29.000,1.230800,1.231100,D
173841236,EUR/USD,2005-08-03 05:56:30.000,1.230900,1.231200,D
173841239,EUR/USD,2005-08-03 05:56:30.000,1.230800,1.231100,D
173841249,EUR/USD,2005-08-03 05:56:31.000,1.230900,1.231200,D
173841255,EUR/USD,2005-08-03 05:56:33.000,1.230800,1.231100,D
173841262,EUR/USD,2005-08-03 05:56:34.000,1.230900,1.231200,D
173841288,EUR/USD,2005-08-03 05:56:37.000,1.230800,1.231100,D
173841316,EUR/USD,2005-08-03 05:56:46.000,1.230900,1.231200,D
173841320,EUR/USD,2005-08-03 05:56:47.000,1.230800,1.231100,D
173841353,EUR/USD,2005-08-03 05:57:07.000,1.230900,1.231200,D
173841356,EUR/USD,2005-08-03 05:57:08.000,1.230800,1.231100,D
173841365,EUR/USD,2005-08-03 05:57:10.000,1.230900,1.231200,D
173841380,EUR/USD,2005-08-03 05:57:12.000,1.230800,1.231100,D
173841424,EUR/USD,2005-08-03 05:57:29.000,1.230900,1.231200,D
173841433,EUR/USD,2005-08-03 05:57:32.000,1.230800,1.231100,D
173841446,EUR/USD,2005-08-03 05:57:40.000,1.230900,1.231200,D
173841458,EUR/USD,2005-08-03 05:57:47.000,1.230800,1.231100,D
173841483,EUR/USD,2005-08-03 05:57:53.000,1.230900,1.231200,D
173841530,EUR/USD,2005-08-03 05:58:24.000,1.231000,1.231300,D
173841532,EUR/USD,2005-08-03 05:58:24.000,1.230900,1.231200,D
173841536,EUR/USD,2005-08-03 05:58:25.000,1.231000,1.231300,D
173841575,EUR/USD,2005-08-03 05:58:35.000,1.230900,1.231200,D
173841586,EUR/USD,2005-08-03 05:58:39.000,1.231000,1.231300,D
173841589,EUR/USD,2005-08-03 05:58:39.000,1.230900,1.231200,D
173841621,EUR/USD,2005-08-03 05:58:52.000,1.230800,1.231100,D
173841637,EUR/USD,2005-08-03 05:58:55.000,1.230700,1.231000,D
173841666,EUR/USD,2005-08-03 05:59:01.000,1.230600,1.230900,D
173841678,EUR/USD,2005-08-03 05:59:05.000,1.230700,1.231000,D
173841701,EUR/USD,2005-08-03 05:59:13.000,1.230600,1.230900,D
173841769,EUR/USD,2005-08-03 06:00:02.000,1.230500,1.230800,D
173841776,EUR/USD,2005-08-03 06:00:04.000,1.230600,1.230900,D
173841786,EUR/USD,2005-08-03 06:00:05.000,1.230500,1.230800,D
173841791,EUR/USD,2005-08-03 06:00:06.000,1.230600,1.230900,D
173841805,EUR/USD,2005-08-03 06:00:14.000,1.230500,1.230800,D
173841817,EUR/USD,2005-08-03 06:00:17.000,1.230600,1.230900,D
173841834,EUR/USD,2005-08-03 06:00:24.000,1.230700,1.231000,D
173841852,EUR/USD,2005-08-03 06:00:30.000,1.230600,1.230900,D
173841866,EUR/USD,2005-08-03 06:00:35.000,1.230700,1.231000,D
173841880,EUR/USD,2005-08-03 06:00:39.000,1.230800,1.231100,D
173841909,EUR/USD,2005-08-03 06:00:43.000,1.230900,1.231200,D
173841951,EUR/USD,2005-08-03 06:00:52.000,1.230800,1.231100,D
173841962,EUR/USD,2005-08-03 06:00:58.000,1.230900,1.231200,D
173842006,EUR/USD,2005-08-03 06:01:04.000,1.230800,1.231100,D
173842097,EUR/USD,2005-08-03 06:01:20.000,1.230700,1.231000,D
173842106,EUR/USD,2005-08-03 06:01:20.000,1.230800,1.231100,D
173842159,EUR/USD,2005-08-03 06:01:31.000,1.230700,1.231000,D
173842212,EUR/USD,2005-08-03 06:01:43.000,1.230800,1.231100,D
173842243,EUR/USD,2005-08-03 06:01:51.000,1.230900,1.231200,D
173842273,EUR/USD,2005-08-03 06:02:06.000,1.230800,1.231100,D
173842279,EUR/USD,2005-08-03 06:02:07.000,1.230900,1.231200,D
173842300,EUR/USD,2005-08-03 06:02:09.000,1.231000,1.231300,D
173842314,EUR/USD,2005-08-03 06:02:11.000,1.231100,1.231400,D
173842320,EUR/USD,2005-08-03 06:02:12.000,1.231200,1.231500,D
173842324,EUR/USD,2005-08-03 06:02:13.000,1.231100,1.231400,D
173842330,EUR/USD,2005-08-03 06:02:14.000,1.231200,1.231500,D
173842349,EUR/USD,2005-08-03 06:02:17.000,1.231300,1.231600,D
173842376,EUR/USD,2005-08-03 06:02:20.000,1.231200,1.231500,D
173842383,EUR/USD,2005-08-03 06:02:22.000,1.231300,1.231600,D
173842406,EUR/USD,2005-08-03 06:02:33.000,1.231400,1.231700,D
173842462,EUR/USD,2005-08-03 06:02:49.000,1.231500,1.231800,D
173842499,EUR/USD,2005-08-03 06:02:54.000,1.231600,1.231900,D
173842506,EUR/USD,2005-08-03 06:02:55.000,1.231500,1.231800,D
173842552,EUR/USD,2005-08-03 06:03:00.000,1.231400,1.231700,D
173842577,EUR/USD,2005-08-03 06:03:05.000,1.231300,1.231600,D
173842604,EUR/USD,2005-08-03 06:03:13.000,1.231200,1.231500,D
173842606,EUR/USD,2005-08-03 06:03:13.000,1.231100,1.231400,D
173842620,EUR/USD,2005-08-03 06:03:15.000,1.231200,1.231500,D
173842686,EUR/USD,2005-08-03 06:03:34.000,1.231300,1.231600,D
173842689,EUR/USD,2005-08-03 06:03:35.000,1.231200,1.231500,D
173842691,EUR/USD,2005-08-03 06:03:35.000,1.231300,1.231600,D
173842716,EUR/USD,2005-08-03 06:03:43.000,1.231400,1.231700,D
173842742,EUR/USD,2005-08-03 06:03:55.000,1.231300,1.231600,D
173842799,EUR/USD,2005-08-03 06:04:29.000,1.231200,1.231500,D
173842842,EUR/USD,2005-08-03 06:05:03.000,1.231300,1.231600,D
173842850,EUR/USD,2005-08-03 06:05:04.000,1.231200,1.231500,D
173842863,EUR/USD,2005-08-03 06:05:07.000,1.231300,1.231600,D
173842964,EUR/USD,2005-08-03 06:06:03.000,1.231200,1.231500,D
173842974,EUR/USD,2005-08-03 06:06:08.000,1.231300,1.231600,D
173842996,EUR/USD,2005-08-03 06:06:20.000,1.231200,1.231500,D
173843006,EUR/USD,2005-08-03 06:06:22.000,1.231300,1.231600,D
173843039,EUR/USD,2005-08-03 06:06:32.000,1.231200,1.231500,D
173843047,EUR/USD,2005-08-03 06:06:35.000,1.231300,1.231600,D
173843057,EUR/USD,2005-08-03 06:06:37.000,1.231400,1.231700,D
173843096,EUR/USD,2005-08-03 06:06:53.000,1.231300,1.231600,D
173843145,EUR/USD,2005-08-03 06:07:23.000,1.231400,1.231700,D
173843146,EUR/USD,2005-08-03 06:07:23.000,1.231300,1.231600,D
173843147,EUR/USD,2005-08-03 06:07:24.000,1.231400,1.231700,D
173843198,EUR/USD,2005-08-03 06:07:43.000,1.231500,1.231800,D
173843200,EUR/USD,2005-08-03 06:07:44.000,1.231400,1.231700,D
173843204,EUR/USD,2005-08-03 06:07:45.000,1.231500,1.231800,D
173843215,EUR/USD,2005-08-03 06:07:50.000,1.231600,1.231900,D
173843251,EUR/USD,2005-08-03 06:07:59.000,1.231700,1.232000,D
173843263,EUR/USD,2005-08-03 06:08:03.000,1.231600,1.231900,D
173843279,EUR/USD,2005-08-03 06:08:05.000,1.231500,1.231800,D
173843280,EUR/USD,2005-08-03 06:08:05.000,1.231600,1.231900,D
173843294,EUR/USD,2005-08-03 06:08:06.000,1.231500,1.231800,D
173843298,EUR/USD,2005-08-03 06:08:07.000,1.231400,1.231700,D
173843315,EUR/USD,2005-08-03 06:08:10.000,1.231500,1.231800,D
173843330,EUR/USD,2005-08-03 06:08:16.000,1.231600,1.231900,D
173843401,EUR/USD,2005-08-03 06:08:30.000,1.231500,1.231800,D
173843406,EUR/USD,2005-08-03 06:08:30.000,1.231600,1.231900,D
173843436,EUR/USD,2005-08-03 06:08:36.000,1.231700,1.232000,D
173843450,EUR/USD,2005-08-03 06:08:40.000,1.231600,1.231900,D
173843568,EUR/USD,2005-08-03 06:09:25.000,1.231500,1.231800,D
173843610,EUR/USD,2005-08-03 06:09:35.000,1.231600,1.231900,D
173843796,EUR/USD,2005-08-03 06:10:28.000,1.231500,1.231800,D
173843867,EUR/USD,2005-08-03 06:10:41.000,1.231400,1.231700,D
173843874,EUR/USD,2005-08-03 06:10:42.000,1.231500,1.231800,D
173843890,EUR/USD,2005-08-03 06:10:53.000,1.231400,1.231700,D
173844100,EUR/USD,2005-08-03 06:12:14.000,1.231500,1.231800,D
173844138,EUR/USD,2005-08-03 06:12:24.000,1.231400,1.231700,D
173844149,EUR/USD,2005-08-03 06:12:26.000,1.231500,1.231800,D
173844171,EUR/USD,2005-08-03 06:12:41.000,1.231400,1.231700,D
173844180,EUR/USD,2005-08-03 06:12:46.000,1.231300,1.231600,D
173844188,EUR/USD,2005-08-03 06:12:47.000,1.231200,1.231500,D
173844195,EUR/USD,2005-08-03 06:12:48.000,1.231300,1.231600,D
173844203,EUR/USD,2005-08-03 06:12:49.000,1.231400,1.231700,D
173844213,EUR/USD,2005-08-03 06:12:51.000,1.231300,1.231600,D
173844219,EUR/USD,2005-08-03 06:12:53.000,1.231200,1.231500,D
173844220,EUR/USD,2005-08-03 06:12:53.000,1.231300,1.231600,D
173844228,EUR/USD,2005-08-03 06:12:58.000,1.231200,1.231500,D
173844233,EUR/USD,2005-08-03 06:12:59.000,1.231300,1.231600,D
173844242,EUR/USD,2005-08-03 06:13:03.000,1.231200,1.231500,D
173844249,EUR/USD,2005-08-03 06:13:03.000,1.231300,1.231600,D
173844256,EUR/USD,2005-08-03 06:13:06.000,1.231200,1.231500,D
173844259,EUR/USD,2005-08-03 06:13:06.000,1.231300,1.231600,D
173844274,EUR/USD,2005-08-03 06:13:07.000,1.231400,1.231700,D
173844335,EUR/USD,2005-08-03 06:13:21.000,1.231300,1.231600,D
173844339,EUR/USD,2005-08-03 06:13:22.000,1.231200,1.231500,D
173844344,EUR/USD,2005-08-03 06:13:23.000,1.231300,1.231600,D
173844350,EUR/USD,2005-08-03 06:13:24.000,1.231400,1.231700,D
173844515,EUR/USD,2005-08-03 06:14:40.000,1.231300,1.231600,D
173844521,EUR/USD,2005-08-03 06:14:40.000,1.231200,1.231500,D
173844523,EUR/USD,2005-08-03 06:14:42.000,1.231300,1.231600,D
173844534,EUR/USD,2005-08-03 06:14:44.000,1.231200,1.231500,D
173844540,EUR/USD,2005-08-03 06:14:45.000,1.231300,1.231600,D
173844552,EUR/USD,2005-08-03 06:14:51.000,1.231400,1.231700,D
173844574,EUR/USD,2005-08-03 06:15:22.000,1.231300,1.231600,D
173844586,EUR/USD,2005-08-03 06:15:35.000,1.231200,1.231500,D
173844597,EUR/USD,2005-08-03 06:15:37.000,1.231300,1.231600,D
173844611,EUR/USD,2005-08-03 06:15:48.000,1.231200,1.231500,D
173844615,EUR/USD,2005-08-03 06:15:50.000,1.231300,1.231600,D
173844621,EUR/USD,2005-08-03 06:15:53.000,1.231200,1.231500,D
173844654,EUR/USD,2005-08-03 06:16:14.000,1.231100,1.231400,D
173844675,EUR/USD,2005-08-03 06:16:22.000,1.231000,1.231300,D
173844704,EUR/USD,2005-08-03 06:16:48.000,1.230900,1.231200,D
173844708,EUR/USD,2005-08-03 06:16:50.000,1.231000,1.231300,D
173844720,EUR/USD,2005-08-03 06:16:52.000,1.230900,1.231200,D
173844737,EUR/USD,2005-08-03 06:16:56.000,1.231000,1.231300,D
173844739,EUR/USD,2005-08-03 06:16:56.000,1.230900,1.231200,D
173844746,EUR/USD,2005-08-03 06:17:03.000,1.231000,1.231300,D
173844764,EUR/USD,2005-08-03 06:17:16.000,1.230900,1.231200,D
173844797,EUR/USD,2005-08-03 06:17:35.000,1.231000,1.231300,D
173844816,EUR/USD,2005-08-03 06:17:43.000,1.230900,1.231200,D
173844824,EUR/USD,2005-08-03 06:17:44.000,1.231000,1.231300,D
173844827,EUR/USD,2005-08-03 06:17:44.000,1.230900,1.231200,D
173844840,EUR/USD,2005-08-03 06:17:53.000,1.231000,1.231300,D
173844905,EUR/USD,2005-08-03 06:18:26.000,1.231100,1.231400,D
173844908,EUR/USD,2005-08-03 06:18:26.000,1.231000,1.231300,D
173844914,EUR/USD,2005-08-03 06:18:26.000,1.231100,1.231400,D
173844921,EUR/USD,2005-08-03 06:18:28.000,1.231000,1.231300,D
173844923,EUR/USD,2005-08-03 06:18:28.000,1.231100,1.231400,D
173844996,EUR/USD,2005-08-03 06:19:15.000,1.231000,1.231300,D
173845038,EUR/USD,2005-08-03 06:19:29.000,1.230900,1.231200,D
173845062,EUR/USD,2005-08-03 06:19:40.000,1.230800,1.231100,D
173845074,EUR/USD,2005-08-03 06:19:48.000,1.230900,1.231200,D
173845084,EUR/USD,2005-08-03 06:19:50.000,1.230800,1.231100,D
173845088,EUR/USD,2005-08-03 06:19:51.000,1.230900,1.231200,D
173845100,EUR/USD,2005-08-03 06:19:59.000,1.231000,1.231300,D
173845106,EUR/USD,2005-08-03 06:20:00.000,1.230900,1.231200,D
173845123,EUR/USD,2005-08-03 06:20:02.000,1.231000,1.231300,D
173845128,EUR/USD,2005-08-03 06:20:04.000,1.230900,1.231200,D
173845138,EUR/USD,2005-08-03 06:20:06.000,1.231000,1.231300,D
173845143,EUR/USD,2005-08-03 06:20:07.000,1.230900,1.231200,D
173845152,EUR/USD,2005-08-03 06:20:11.000,1.231000,1.231300,D
173845213,EUR/USD,2005-08-03 06:20:40.000,1.230900,1.231200,D
173845241,EUR/USD,2005-08-03 06:20:44.000,1.231000,1.231300,D
173845267,EUR/USD,2005-08-03 06:20:58.000,1.230900,1.231200,D
173845276,EUR/USD,2005-08-03 06:21:03.000,1.231000,1.231300,D
173845280,EUR/USD,2005-08-03 06:21:03.000,1.230900,1.231200,D
173845290,EUR/USD,2005-08-03 06:21:05.000,1.231000,1.231300,D
173845291,EUR/USD,2005-08-03 06:21:05.000,1.230900,1.231200,D
173845309,EUR/USD,2005-08-03 06:21:12.000,1.230800,1.231100,D
173845313,EUR/USD,2005-08-03 06:21:13.000,1.230900,1.231200,D
173845341,EUR/USD,2005-08-03 06:21:35.000,1.230800,1.231100,D
173845354,EUR/USD,2005-08-03 06:21:48.000,1.230900,1.231200,D
173845357,EUR/USD,2005-08-03 06:21:52.000,1.230800,1.231100,D
173845367,EUR/USD,2005-08-03 06:21:53.000,1.230900,1.231200,D
173845375,EUR/USD,2005-08-03 06:21:55.000,1.230800,1.231100,D
173845433,EUR/USD,2005-08-03 06:22:20.000,1.230900,1.231200,D
173845434,EUR/USD,2005-08-03 06:22:21.000,1.230800,1.231100,D
173845444,EUR/USD,2005-08-03 06:22:23.000,1.230900,1.231200,D
173845449,EUR/USD,2005-08-03 06:22:24.000,1.230800,1.231100,D
173845471,EUR/USD,2005-08-03 06:22:47.000,1.230900,1.231200,D
173845475,EUR/USD,2005-08-03 06:22:48.000,1.230800,1.231100,D
173845486,EUR/USD,2005-08-03 06:22:54.000,1.230900,1.231200,D
173845511,EUR/USD,2005-08-03 06:23:12.000,1.230800,1.231100,D
173845521,EUR/USD,2005-08-03 06:23:14.000,1.230900,1.231200,D
173845573,EUR/USD,2005-08-03 06:23:38.000,1.230800,1.231100,D
173845671,EUR/USD,2005-08-03 06:24:38.000,1.230700,1.231000,D
173845683,EUR/USD,2005-08-03 06:24:43.000,1.230600,1.230900,D
173845692,EUR/USD,2005-08-03 06:24:47.000,1.230700,1.231000,D
173845703,EUR/USD,2005-08-03 06:24:50.000,1.230600,1.230900,D
173845706,EUR/USD,2005-08-03 06:24:50.000,1.230700,1.231000,D
173845711,EUR/USD,2005-08-03 06:24:50.000,1.230800,1.231100,D
173845730,EUR/USD,2005-08-03 06:24:53.000,1.230700,1.231000,D
173845739,EUR/USD,2005-08-03 06:24:54.000,1.230800,1.231100,D
173845746,EUR/USD,2005-08-03 06:24:54.000,1.230700,1.231000,D
173845760,EUR/USD,2005-08-03 06:24:56.000,1.230800,1.231100,D
173845776,EUR/USD,2005-08-03 06:25:03.000,1.230900,1.231200,D
173845783,EUR/USD,2005-08-03 06:25:04.000,1.230800,1.231100,D
173845793,EUR/USD,2005-08-03 06:25:08.000,1.230900,1.231200,D
173845796,EUR/USD,2005-08-03 06:25:09.000,1.230800,1.231100,D
173845806,EUR/USD,2005-08-03 06:25:09.000,1.230900,1.231200,D
173845859,EUR/USD,2005-08-03 06:25:33.000,1.231000,1.231300,D
173845900,EUR/USD,2005-08-03 06:25:53.000,1.230900,1.231200,D
173845909,EUR/USD,2005-08-03 06:25:55.000,1.231000,1.231300,D
173845935,EUR/USD,2005-08-03 06:26:07.000,1.231100,1.231400,D
173845938,EUR/USD,2005-08-03 06:26:09.000,1.231200,1.231500,D
173845941,EUR/USD,2005-08-03 06:26:11.000,1.231100,1.231400,D
173846021,EUR/USD,2005-08-03 06:26:28.000,1.231200,1.231500,D
173846066,EUR/USD,2005-08-03 06:26:43.000,1.231100,1.231400,D
173846089,EUR/USD,2005-08-03 06:26:49.000,1.231200,1.231500,D
173846105,EUR/USD,2005-08-03 06:26:53.000,1.231300,1.231600,D
173846115,EUR/USD,2005-08-03 06:26:55.000,1.231400,1.231700,D
173846131,EUR/USD,2005-08-03 06:26:57.000,1.231500,1.231800,D
173846147,EUR/USD,2005-08-03 06:26:58.000,1.231600,1.231900,D
173846237,EUR/USD,2005-08-03 06:27:19.000,1.231500,1.231800,D
173846248,EUR/USD,2005-08-03 06:27:20.000,1.231600,1.231900,D
173846269,EUR/USD,2005-08-03 06:27:22.000,1.231500,1.231800,D
173846406,EUR/USD,2005-08-03 06:27:55.000,1.231400,1.231700,D
173846435,EUR/USD,2005-08-03 06:28:00.000,1.231300,1.231600,D
173846453,EUR/USD,2005-08-03 06:28:03.000,1.231400,1.231700,D
173846463,EUR/USD,2005-08-03 06:28:05.000,1.231300,1.231600,D
173846468,EUR/USD,2005-08-03 06:28:05.000,1.231400,1.231700,D
173846476,EUR/USD,2005-08-03 06:28:06.000,1.231300,1.231600,D
173846493,EUR/USD,2005-08-03 06:28:13.000,1.231400,1.231700,D
173846503,EUR/USD,2005-08-03 06:28:15.000,1.231300,1.231600,D
173846515,EUR/USD,2005-08-03 06:28:25.000,1.231400,1.231700,D
173846548,EUR/USD,2005-08-03 06:28:49.000,1.231300,1.231600,D
173846556,EUR/USD,2005-08-03 06:28:53.000,1.231400,1.231700,D
173846580,EUR/USD,2005-08-03 06:29:03.000,1.231500,1.231800,D
173846607,EUR/USD,2005-08-03 06:29:15.000,1.231400,1.231700,D
173846623,EUR/USD,2005-08-03 06:29:26.000,1.231500,1.231800,D
173846659,EUR/USD,2005-08-03 06:29:53.000,1.231400,1.231700,D
173846671,EUR/USD,2005-08-03 06:30:00.000,1.231500,1.231800,D
173846722,EUR/USD,2005-08-03 06:30:23.000,1.231400,1.231700,D
173846770,EUR/USD,2005-08-03 06:30:48.000,1.231500,1.231800,D
173846786,EUR/USD,2005-08-03 06:30:55.000,1.231400,1.231700,D
173846807,EUR/USD,2005-08-03 06:31:00.000,1.231500,1.231800,D
173846901,EUR/USD,2005-08-03 06:31:41.000,1.231400,1.231700,D
173847127,EUR/USD,2005-08-03 06:33:43.000,1.231300,1.231600,D
173847147,EUR/USD,2005-08-03 06:34:10.000,1.231400,1.231700,D
173847219,EUR/USD,2005-08-03 06:35:00.000,1.231300,1.231600,D
173847220,EUR/USD,2005-08-03 06:35:01.000,1.231400,1.231700,D
173847259,EUR/USD,2005-08-03 06:35:27.000,1.231500,1.231800,D
173847287,EUR/USD,2005-08-03 06:35:46.000,1.231600,1.231900,D
173847303,EUR/USD,2005-08-03 06:35:58.000,1.231500,1.231800,D
173847331,EUR/USD,2005-08-03 06:36:11.000,1.231400,1.231700,D
173847335,EUR/USD,2005-08-03 06:36:16.000,1.231500,1.231800,D
173847360,EUR/USD,2005-08-03 06:36:27.000,1.231400,1.231700,D
173847395,EUR/USD,2005-08-03 06:36:47.000,1.231500,1.231800,D
173847408,EUR/USD,2005-08-03 06:36:50.000,1.231400,1.231700,D
173847411,EUR/USD,2005-08-03 06:36:50.000,1.231500,1.231800,D
173847427,EUR/USD,2005-08-03 06:36:55.000,1.231600,1.231900,D
173847441,EUR/USD,2005-08-03 06:37:00.000,1.231700,1.232000,D
173847479,EUR/USD,2005-08-03 06:37:11.000,1.231600,1.231900,D
173847493,EUR/USD,2005-08-03 06:37:15.000,1.231500,1.231800,D
173847522,EUR/USD,2005-08-03 06:37:19.000,1.231400,1.231700,D
173847530,EUR/USD,2005-08-03 06:37:26.000,1.231500,1.231800,D
173847536,EUR/USD,2005-08-03 06:37:31.000,1.231600,1.231900,D
173847607,EUR/USD,2005-08-03 06:37:53.000,1.231500,1.231800,D
173847616,EUR/USD,2005-08-03 06:37:55.000,1.231600,1.231900,D
173847665,EUR/USD,2005-08-03 06:38:35.000,1.231700,1.232000,D
173847830,EUR/USD,2005-08-03 06:39:18.000,1.231600,1.231900,D
173847896,EUR/USD,2005-08-03 06:39:32.000,1.231700,1.232000,D
173847910,EUR/USD,2005-08-03 06:39:42.000,1.231600,1.231900,D
173847930,EUR/USD,2005-08-03 06:39:46.000,1.231700,1.232000,D
173847974,EUR/USD,2005-08-03 06:40:09.000,1.231600,1.231900,D
173847982,EUR/USD,2005-08-03 06:40:10.000,1.231700,1.232000,D
173847988,EUR/USD,2005-08-03 06:40:11.000,1.231600,1.231900,D
173848010,EUR/USD,2005-08-03 06:40:26.000,1.231500,1.231800,D
173848014,EUR/USD,2005-08-03 06:40:27.000,1.231600,1.231900,D
173848070,EUR/USD,2005-08-03 06:40:50.000,1.231500,1.231800,D
173848111,EUR/USD,2005-08-03 06:41:17.000,1.231600,1.231900,D
173848117,EUR/USD,2005-08-03 06:41:18.000,1.231500,1.231800,D
173848126,EUR/USD,2005-08-03 06:41:23.000,1.231600,1.231900,D
173848136,EUR/USD,2005-08-03 06:41:27.000,1.231700,1.232000,D
173848184,EUR/USD,2005-08-03 06:41:53.000,1.231600,1.231900,D
173848198,EUR/USD,2005-08-03 06:42:00.000,1.231700,1.232000,D
173848229,EUR/USD,2005-08-03 06:42:11.000,1.231600,1.231900,D
173848247,EUR/USD,2005-08-03 06:42:15.000,1.231500,1.231800,D
173848295,EUR/USD,2005-08-03 06:42:48.000,1.231600,1.231900,D
173848337,EUR/USD,2005-08-03 06:43:01.000,1.231500,1.231800,D
173848350,EUR/USD,2005-08-03 06:43:09.000,1.231400,1.231700,D
173848357,EUR/USD,2005-08-03 06:43:16.000,1.231500,1.231800,D
173848377,EUR/USD,2005-08-03 06:43:21.000,1.231400,1.231700,D
173848493,EUR/USD,2005-08-03 06:44:08.000,1.231300,1.231600,D
173848510,EUR/USD,2005-08-03 06:44:13.000,1.231400,1.231700,D
173848542,EUR/USD,2005-08-03 06:44:17.000,1.231300,1.231600,D
173848568,EUR/USD,2005-08-03 06:44:25.000,1.231200,1.231500,D
173848579,EUR/USD,2005-08-03 06:44:27.000,1.231300,1.231600,D
173848583,EUR/USD,2005-08-03 06:44:27.000,1.231200,1.231500,D
173848623,EUR/USD,2005-08-03 06:44:40.000,1.231100,1.231400,D
173848654,EUR/USD,2005-08-03 06:44:51.000,1.231000,1.231300,D
173848709,EUR/USD,2005-08-03 06:45:28.000,1.231100,1.231400,D
173848723,EUR/USD,2005-08-03 06:45:33.000,1.231000,1.231300,D
173848748,EUR/USD,2005-08-03 06:45:43.000,1.231100,1.231400,D
173848880,EUR/USD,2005-08-03 06:46:25.000,1.231200,1.231500,D
173848890,EUR/USD,2005-08-03 06:46:30.000,1.231100,1.231400,D
173848894,EUR/USD,2005-08-03 06:46:31.000,1.231200,1.231500,D
173848909,EUR/USD,2005-08-03 06:46:33.000,1.231100,1.231400,D
173848923,EUR/USD,2005-08-03 06:46:36.000,1.231200,1.231500,D
173848940,EUR/USD,2005-08-03 06:46:44.000,1.231300,1.231600,D
173848951,EUR/USD,2005-08-03 06:46:48.000,1.231200,1.231500,D
173848961,EUR/USD,2005-08-03 06:46:52.000,1.231300,1.231600,D
173848969,EUR/USD,2005-08-03 06:46:55.000,1.231200,1.231500,D
173848972,EUR/USD,2005-08-03 06:46:55.000,1.231300,1.231600,D
173848983,EUR/USD,2005-08-03 06:46:58.000,1.231200,1.231500,D
173848991,EUR/USD,2005-08-03 06:47:00.000,1.231300,1.231600,D
173849030,EUR/USD,2005-08-03 06:47:27.000,1.231200,1.231500,D
173849040,EUR/USD,2005-08-03 06:47:28.000,1.231100,1.231400,D
173849106,EUR/USD,2005-08-03 06:47:52.000,1.231000,1.231300,D
173849107,EUR/USD,2005-08-03 06:47:52.000,1.231100,1.231400,D
173849113,EUR/USD,2005-08-03 06:47:54.000,1.231000,1.231300,D
173849116,EUR/USD,2005-08-03 06:47:55.000,1.231100,1.231400,D
173849126,EUR/USD,2005-08-03 06:47:56.000,1.231000,1.231300,D
173849135,EUR/USD,2005-08-03 06:47:57.000,1.230900,1.231200,D
173849154,EUR/USD,2005-08-03 06:47:59.000,1.231000,1.231300,D
173849160,EUR/USD,2005-08-03 06:48:00.000,1.230900,1.231200,D
173849186,EUR/USD,2005-08-03 06:48:06.000,1.231000,1.231300,D
173849217,EUR/USD,2005-08-03 06:48:13.000,1.230900,1.231200,D
173849226,EUR/USD,2005-08-03 06:48:15.000,1.231000,1.231300,D
173849256,EUR/USD,2005-08-03 06:48:28.000,1.230900,1.231200,D
173849264,EUR/USD,2005-08-03 06:48:38.000,1.231000,1.231300,D
173849274,EUR/USD,2005-08-03 06:48:42.000,1.230900,1.231200,D
173849305,EUR/USD,2005-08-03 06:48:57.000,1.231000,1.231300,D
173849314,EUR/USD,2005-08-03 06:48:59.000,1.230900,1.231200,D
173849330,EUR/USD,2005-08-03 06:49:09.000,1.231000,1.231300,D
173849344,EUR/USD,2005-08-03 06:49:14.000,1.230900,1.231200,D
173849399,EUR/USD,2005-08-03 06:49:46.000,1.230800,1.231100,D
173849415,EUR/USD,2005-08-03 06:49:49.000,1.230900,1.231200,D
173849486,EUR/USD,2005-08-03 06:50:42.000,1.230800,1.231100,D
173849487,EUR/USD,2005-08-03 06:50:43.000,1.230900,1.231200,D
173849529,EUR/USD,2005-08-03 06:51:03.000,1.230800,1.231100,D
173849564,EUR/USD,2005-08-03 06:51:42.000,1.230900,1.231200,D
173849590,EUR/USD,2005-08-03 06:51:52.000,1.231000,1.231300,D
173849662,EUR/USD,2005-08-03 06:52:13.000,1.231100,1.231400,D
173849673,EUR/USD,2005-08-03 06:52:15.000,1.231000,1.231300,D
173849706,EUR/USD,2005-08-03 06:52:23.000,1.231100,1.231400,D
173849739,EUR/USD,2005-08-03 06:52:39.000,1.231000,1.231300,D
173849751,EUR/USD,2005-08-03 06:52:45.000,1.230900,1.231200,D
173849792,EUR/USD,2005-08-03 06:52:59.000,1.231000,1.231300,D
173849796,EUR/USD,2005-08-03 06:53:01.000,1.230900,1.231200,D
173849912,EUR/USD,2005-08-03 06:53:58.000,1.231000,1.231300,D
173849947,EUR/USD,2005-08-03 06:54:09.000,1.231100,1.231400,D
173849969,EUR/USD,2005-08-03 06:54:25.000,1.231000,1.231300,D
173850018,EUR/USD,2005-08-03 06:55:03.000,1.230900,1.231200,D
173850054,EUR/USD,2005-08-03 06:55:11.000,1.230800,1.231100,D
173850056,EUR/USD,2005-08-03 06:55:11.000,1.230900,1.231200,D
173850065,EUR/USD,2005-08-03 06:55:13.000,1.230800,1.231100,D
173850083,EUR/USD,2005-08-03 06:55:23.000,1.230900,1.231200,D
173850092,EUR/USD,2005-08-03 06:55:25.000,1.230800,1.231100,D
173850103,EUR/USD,2005-08-03 06:55:32.000,1.230900,1.231200,D
173850109,EUR/USD,2005-08-03 06:55:34.000,1.230800,1.231100,D
173850112,EUR/USD,2005-08-03 06:55:35.000,1.230900,1.231200,D
173850188,EUR/USD,2005-08-03 06:56:03.000,1.231000,1.231300,D
173850201,EUR/USD,2005-08-03 06:56:25.000,1.231100,1.231400,D
173850221,EUR/USD,2005-08-03 06:56:33.000,1.231000,1.231300,D
173850231,EUR/USD,2005-08-03 06:56:34.000,1.231100,1.231400,D
173850249,EUR/USD,2005-08-03 06:56:37.000,1.231000,1.231300,D
173850255,EUR/USD,2005-08-03 06:56:41.000,1.231100,1.231400,D
173850292,EUR/USD,2005-08-03 06:57:00.000,1.231000,1.231300,D
173850317,EUR/USD,2005-08-03 06:57:20.000,1.230900,1.231200,D
173850336,EUR/USD,2005-08-03 06:57:25.000,1.230800,1.231100,D
173850352,EUR/USD,2005-08-03 06:57:31.000,1.230900,1.231200,D
173850365,EUR/USD,2005-08-03 06:57:34.000,1.230800,1.231100,D
173850384,EUR/USD,2005-08-03 06:57:50.000,1.230700,1.231000,D
173850407,EUR/USD,2005-08-03 06:57:54.000,1.230600,1.230900,D
173850420,EUR/USD,2005-08-03 06:57:57.000,1.230500,1.230800,D
173850442,EUR/USD,2005-08-03 06:57:59.000,1.230400,1.230700,D
173850479,EUR/USD,2005-08-03 06:58:03.000,1.230500,1.230800,D
173850501,EUR/USD,2005-08-03 06:58:16.000,1.230400,1.230700,D
173850519,EUR/USD,2005-08-03 06:58:28.000,1.230500,1.230800,D
173850527,EUR/USD,2005-08-03 06:58:30.000,1.230400,1.230700,D
173850529,EUR/USD,2005-08-03 06:58:31.000,1.230500,1.230800,D
173850543,EUR/USD,2005-08-03 06:58:32.000,1.230400,1.230700,D
173850561,EUR/USD,2005-08-03 06:58:41.000,1.230500,1.230800,D
173850568,EUR/USD,2005-08-03 06:58:43.000,1.230400,1.230700,D
173850621,EUR/USD,2005-08-03 06:59:29.000,1.230300,1.230600,D
173850674,EUR/USD,2005-08-03 06:59:47.000,1.230400,1.230700,D
173850689,EUR/USD,2005-08-03 06:59:49.000,1.230300,1.230600,D
173850699,EUR/USD,2005-08-03 06:59:52.000,1.230200,1.230500,D
173850726,EUR/USD,2005-08-03 06:59:57.000,1.230100,1.230400,D
173850740,EUR/USD,2005-08-03 07:00:02.000,1.230200,1.230500,D
173850757,EUR/USD,2005-08-03 07:00:07.000,1.230300,1.230600,D
173850761,EUR/USD,2005-08-03 07:00:09.000,1.230400,1.230700,D
173850780,EUR/USD,2005-08-03 07:00:13.000,1.230300,1.230600,D
173850792,EUR/USD,2005-08-03 07:00:15.000,1.230400,1.230700,D
173850812,EUR/USD,2005-08-03 07:00:20.000,1.230500,1.230800,D
173850823,EUR/USD,2005-08-03 07:00:23.000,1.230600,1.230900,D
173850839,EUR/USD,2005-08-03 07:00:27.000,1.230700,1.231000,D
173850853,EUR/USD,2005-08-03 07:00:29.000,1.230600,1.230900,D
173850882,EUR/USD,2005-08-03 07:00:36.000,1.230700,1.231000,D
173850897,EUR/USD,2005-08-03 07:00:38.000,1.230600,1.230900,D
173850939,EUR/USD,2005-08-03 07:00:49.000,1.230500,1.230800,D
173850943,EUR/USD,2005-08-03 07:00:51.000,1.230600,1.230900,D
173850947,EUR/USD,2005-08-03 07:00:53.000,1.230500,1.230800,D
173850959,EUR/USD,2005-08-03 07:01:03.000,1.230400,1.230700,D
173850981,EUR/USD,2005-08-03 07:01:08.000,1.230500,1.230800,D
173850987,EUR/USD,2005-08-03 07:01:08.000,1.230400,1.230700,D
173851024,EUR/USD,2005-08-03 07:01:31.000,1.230500,1.230800,D
173851033,EUR/USD,2005-08-03 07:01:33.000,1.230400,1.230700,D
173851043,EUR/USD,2005-08-03 07:01:38.000,1.230500,1.230800,D
173851063,EUR/USD,2005-08-03 07:01:44.000,1.230400,1.230700,D
173851072,EUR/USD,2005-08-03 07:01:47.000,1.230500,1.230800,D
173851083,EUR/USD,2005-08-03 07:01:50.000,1.230400,1.230700,D
173851133,EUR/USD,2005-08-03 07:02:15.000,1.230500,1.230800,D
173851136,EUR/USD,2005-08-03 07:02:15.000,1.230400,1.230700,D
173851157,EUR/USD,2005-08-03 07:02:33.000,1.230300,1.230600,D
173851204,EUR/USD,2005-08-03 07:02:46.000,1.230200,1.230500,D
173851208,EUR/USD,2005-08-03 07:02:47.000,1.230300,1.230600,D
173851222,EUR/USD,2005-08-03 07:02:49.000,1.230200,1.230500,D
173851242,EUR/USD,2005-08-03 07:02:59.000,1.230300,1.230600,D
173851245,EUR/USD,2005-08-03 07:03:00.000,1.230200,1.230500,D
173851284,EUR/USD,2005-08-03 07:03:11.000,1.230100,1.230400,D
173851298,EUR/USD,2005-08-03 07:03:19.000,1.230200,1.230500,D
173851353,EUR/USD,2005-08-03 07:03:51.000,1.230100,1.230400,D
173851364,EUR/USD,2005-08-03 07:03:53.000,1.230000,1.230300,D
173851374,EUR/USD,2005-08-03 07:03:56.000,1.229900,1.230200,D
173851392,EUR/USD,2005-08-03 07:04:04.000,1.230000,1.230300,D
173851412,EUR/USD,2005-08-03 07:04:09.000,1.230100,1.230400,D
173851434,EUR/USD,2005-08-03 07:04:16.000,1.230000,1.230300,D
173851455,EUR/USD,2005-08-03 07:04:35.000,1.230100,1.230400,D
173851468,EUR/USD,2005-08-03 07:04:42.000,1.230000,1.230300,D
173851474,EUR/USD,2005-08-03 07:04:49.000,1.229900,1.230200,D
173851492,EUR/USD,2005-08-03 07:04:53.000,1.229800,1.230100,D
173851499,EUR/USD,2005-08-03 07:04:59.000,1.229900,1.230200,D
173851511,EUR/USD,2005-08-03 07:05:03.000,1.230000,1.230300,D
173851515,EUR/USD,2005-08-03 07:05:05.000,1.229900,1.230200,D
173851517,EUR/USD,2005-08-03 07:05:06.000,1.230000,1.230300,D
173851531,EUR/USD,2005-08-03 07:05:29.000,1.229900,1.230200,D
173851535,EUR/USD,2005-08-03 07:05:33.000,1.230000,1.230300,D
173851546,EUR/USD,2005-08-03 07:05:34.000,1.229900,1.230200,D
173851564,EUR/USD,2005-08-03 07:05:42.000,1.230000,1.230300,D
173851568,EUR/USD,2005-08-03 07:05:42.000,1.229900,1.230200,D
173851572,EUR/USD,2005-08-03 07:05:43.000,1.230000,1.230300,D
173851593,EUR/USD,2005-08-03 07:05:49.000,1.229900,1.230200,D
173851603,EUR/USD,2005-08-03 07:05:53.000,1.230000,1.230300,D
173851617,EUR/USD,2005-08-03 07:05:57.000,1.230100,1.230400,D
173851633,EUR/USD,2005-08-03 07:06:06.000,1.230000,1.230300,D
173851641,EUR/USD,2005-08-03 07:06:08.000,1.230100,1.230400,D
173851644,EUR/USD,2005-08-03 07:06:10.000,1.230000,1.230300,D
173851661,EUR/USD,2005-08-03 07:06:17.000,1.230100,1.230400,D
173851680,EUR/USD,2005-08-03 07:06:22.000,1.230000,1.230300,D
173851836,EUR/USD,2005-08-03 07:07:44.000,1.229900,1.230200,D
173851841,EUR/USD,2005-08-03 07:07:45.000,1.230000,1.230300,D
173851845,EUR/USD,2005-08-03 07:07:46.000,1.229900,1.230200,D
173851855,EUR/USD,2005-08-03 07:07:52.000,1.230000,1.230300,D
173851878,EUR/USD,2005-08-03 07:08:00.000,1.229900,1.230200,D
173851895,EUR/USD,2005-08-03 07:08:14.000,1.230000,1.230300,D
173851903,EUR/USD,2005-08-03 07:08:16.000,1.229900,1.230200,D
173851909,EUR/USD,2005-08-03 07:08:20.000,1.230000,1.230300,D
173851914,EUR/USD,2005-08-03 07:08:21.000,1.229900,1.230200,D
173851920,EUR/USD,2005-08-03 07:08:24.000,1.230000,1.230300,D
173851923,EUR/USD,2005-08-03 07:08:27.000,1.229900,1.230200,D
173851932,EUR/USD,2005-08-03 07:08:34.000,1.229800,1.230100,D
173851953,EUR/USD,2005-08-03 07:08:40.000,1.229900,1.230200,D
173851962,EUR/USD,2005-08-03 07:08:42.000,1.229800,1.230100,D
173851969,EUR/USD,2005-08-03 07:08:43.000,1.229900,1.230200,D
173851982,EUR/USD,2005-08-03 07:08:47.000,1.229800,1.230100,D
173851984,EUR/USD,2005-08-03 07:08:47.000,1.229900,1.230200,D
173852003,EUR/USD,2005-08-03 07:08:53.000,1.229800,1.230100,D
173852009,EUR/USD,2005-08-03 07:08:53.000,1.229900,1.230200,D
173852013,EUR/USD,2005-08-03 07:08:54.000,1.229800,1.230100,D
173852017,EUR/USD,2005-08-03 07:08:55.000,1.229900,1.230200,D
173852034,EUR/USD,2005-08-03 07:09:03.000,1.230000,1.230300,D
173852050,EUR/USD,2005-08-03 07:09:08.000,1.229900,1.230200,D
173852061,EUR/USD,2005-08-03 07:09:11.000,1.230000,1.230300,D
173852072,EUR/USD,2005-08-03 07:09:14.000,1.229900,1.230200,D
173852079,EUR/USD,2005-08-03 07:09:23.000,1.230000,1.230300,D
173852090,EUR/USD,2005-08-03 07:09:33.000,1.230100,1.230400,D
173852094,EUR/USD,2005-08-03 07:09:36.000,1.230000,1.230300,D
173852111,EUR/USD,2005-08-03 07:09:47.000,1.230100,1.230400,D
173852122,EUR/USD,2005-08-03 07:09:47.000,1.230000,1.230300,D
173852207,EUR/USD,2005-08-03 07:10:29.000,1.230100,1.230400,D
173852236,EUR/USD,2005-08-03 07:10:48.000,1.230200,1.230500,D
173852247,EUR/USD,2005-08-03 07:10:54.000,1.230100,1.230400,D
173852254,EUR/USD,2005-08-03 07:10:56.000,1.230200,1.230500,D
173852274,EUR/USD,2005-08-03 07:11:06.000,1.230100,1.230400,D
173852287,EUR/USD,2005-08-03 07:11:08.000,1.230200,1.230500,D
173852328,EUR/USD,2005-08-03 07:11:19.000,1.230100,1.230400,D
173852343,EUR/USD,2005-08-03 07:11:24.000,1.230200,1.230500,D
173852363,EUR/USD,2005-08-03 07:11:42.000,1.230300,1.230600,D
173852374,EUR/USD,2005-08-03 07:11:46.000,1.230200,1.230500,D
173852376,EUR/USD,2005-08-03 07:11:47.000,1.230300,1.230600,D
173852379,EUR/USD,2005-08-03 07:11:48.000,1.230200,1.230500,D
173852407,EUR/USD,2005-08-03 07:11:56.000,1.230300,1.230600,D
173852421,EUR/USD,2005-08-03 07:12:00.000,1.230200,1.230500,D
173852436,EUR/USD,2005-08-03 07:12:02.000,1.230300,1.230600,D
173852444,EUR/USD,2005-08-03 07:12:04.000,1.230200,1.230500,D
173852476,EUR/USD,2005-08-03 07:12:16.000,1.230300,1.230600,D
173852478,EUR/USD,2005-08-03 07:12:17.000,1.230200,1.230500,D
173852486,EUR/USD,2005-08-03 07:12:20.000,1.230300,1.230600,D
173852504,EUR/USD,2005-08-03 07:12:23.000,1.230200,1.230500,D
173852509,EUR/USD,2005-08-03 07:12:24.000,1.230300,1.230600,D
173852519,EUR/USD,2005-08-03 07:12:29.000,1.230400,1.230700,D
173852543,EUR/USD,2005-08-03 07:12:37.000,1.230300,1.230600,D
173852553,EUR/USD,2005-08-03 07:12:39.000,1.230400,1.230700,D
173852575,EUR/USD,2005-08-03 07:12:43.000,1.230300,1.230600,D
173852576,EUR/USD,2005-08-03 07:12:44.000,1.230400,1.230700,D
173852592,EUR/USD,2005-08-03 07:12:47.000,1.230300,1.230600,D
173852596,EUR/USD,2005-08-03 07:12:48.000,1.230400,1.230700,D
173852662,EUR/USD,2005-08-03 07:13:25.000,1.230300,1.230600,D
173852666,EUR/USD,2005-08-03 07:13:26.000,1.230400,1.230700,D
173852687,EUR/USD,2005-08-03 07:13:39.000,1.230300,1.230600,D
173852696,EUR/USD,2005-08-03 07:13:42.000,1.230200,1.230500,D
173852774,EUR/USD,2005-08-03 07:14:08.000,1.230100,1.230400,D
173852795,EUR/USD,2005-08-03 07:14:11.000,1.230000,1.230300,D
173852802,EUR/USD,2005-08-03 07:14:12.000,1.230100,1.230400,D
173852804,EUR/USD,2005-08-03 07:14:13.000,1.230000,1.230300,D
173852816,EUR/USD,2005-08-03 07:14:17.000,1.230100,1.230400,D
173852854,EUR/USD,2005-08-03 07:14:48.000,1.230200,1.230500,D
173852889,EUR/USD,2005-08-03 07:15:02.000,1.230100,1.230400,D
173852928,EUR/USD,2005-08-03 07:15:09.000,1.230200,1.230500,D
173852955,EUR/USD,2005-08-03 07:15:22.000,1.230300,1.230600,D
173853018,EUR/USD,2005-08-03 07:15:58.000,1.230400,1.230700,D
173853032,EUR/USD,2005-08-03 07:16:01.000,1.230300,1.230600,D
173853051,EUR/USD,2005-08-03 07:16:09.000,1.230200,1.230500,D
173853060,EUR/USD,2005-08-03 07:16:13.000,1.230100,1.230400,D
173853068,EUR/USD,2005-08-03 07:16:15.000,1.230200,1.230500,D
173853097,EUR/USD,2005-08-03 07:16:39.000,1.230300,1.230600,D
173853103,EUR/USD,2005-08-03 07:16:44.000,1.230200,1.230500,D
173853108,EUR/USD,2005-08-03 07:16:46.000,1.230300,1.230600,D
173853171,EUR/USD,2005-08-03 07:17:07.000,1.230200,1.230500,D
173853174,EUR/USD,2005-08-03 07:17:07.000,1.230300,1.230600,D
173853198,EUR/USD,2005-08-03 07:17:22.000,1.230400,1.230700,D
173853214,EUR/USD,2005-08-03 07:17:23.000,1.230300,1.230600,D
173853225,EUR/USD,2005-08-03 07:17:33.000,1.230400,1.230700,D
173853228,EUR/USD,2005-08-03 07:17:39.000,1.230300,1.230600,D
173853267,EUR/USD,2005-08-03 07:18:14.000,1.230400,1.230700,D
173853284,EUR/USD,2005-08-03 07:18:21.000,1.230300,1.230600,D
173853333,EUR/USD,2005-08-03 07:19:06.000,1.230200,1.230500,D
173853404,EUR/USD,2005-08-03 07:20:17.000,1.230100,1.230400,D
173853420,EUR/USD,2005-08-03 07:20:22.000,1.230200,1.230500,D
173853433,EUR/USD,2005-08-03 07:20:28.000,1.230100,1.230400,D
173853464,EUR/USD,2005-08-03 07:20:39.000,1.230200,1.230500,D
173853471,EUR/USD,2005-08-03 07:20:42.000,1.230100,1.230400,D
173853473,EUR/USD,2005-08-03 07:20:42.000,1.230200,1.230500,D
173853496,EUR/USD,2005-08-03 07:20:47.000,1.230100,1.230400,D
173853519,EUR/USD,2005-08-03 07:20:53.000,1.230200,1.230500,D
173853538,EUR/USD,2005-08-03 07:20:58.000,1.230100,1.230400,D
173853557,EUR/USD,2005-08-03 07:21:11.000,1.230200,1.230500,D
173853575,EUR/USD,2005-08-03 07:21:15.000,1.230100,1.230400,D
173853611,EUR/USD,2005-08-03 07:21:36.000,1.230200,1.230500,D
173853616,EUR/USD,2005-08-03 07:21:36.000,1.230300,1.230600,D
173853619,EUR/USD,2005-08-03 07:21:36.000,1.230200,1.230500,D
173853621,EUR/USD,2005-08-03 07:21:37.000,1.230100,1.230400,D
173853633,EUR/USD,2005-08-03 07:21:39.000,1.230200,1.230500,D
173853641,EUR/USD,2005-08-03 07:21:41.000,1.230100,1.230400,D
173853652,EUR/USD,2005-08-03 07:21:42.000,1.230200,1.230500,D
173853674,EUR/USD,2005-08-03 07:21:47.000,1.230300,1.230600,D
173853751,EUR/USD,2005-08-03 07:22:16.000,1.230200,1.230500,D
173853786,EUR/USD,2005-08-03 07:22:28.000,1.230300,1.230600,D
173853796,EUR/USD,2005-08-03 07:22:30.000,1.230200,1.230500,D
173853820,EUR/USD,2005-08-03 07:23:02.000,1.230300,1.230600,D
173853834,EUR/USD,2005-08-03 07:23:21.000,1.230400,1.230700,D
173853838,EUR/USD,2005-08-03 07:23:22.000,1.230300,1.230600,D
173853840,EUR/USD,2005-08-03 07:23:24.000,1.230400,1.230700,D
173853866,EUR/USD,2005-08-03 07:23:42.000,1.230300,1.230600,D
173853872,EUR/USD,2005-08-03 07:23:43.000,1.230400,1.230700,D
173853908,EUR/USD,2005-08-03 07:24:02.000,1.230500,1.230800,D
173853916,EUR/USD,2005-08-03 07:24:03.000,1.230400,1.230700,D
173853926,EUR/USD,2005-08-03 07:24:06.000,1.230500,1.230800,D
173853966,EUR/USD,2005-08-03 07:24:22.000,1.230400,1.230700,D
173853967,EUR/USD,2005-08-03 07:24:22.000,1.230500,1.230800,D
173853974,EUR/USD,2005-08-03 07:24:24.000,1.230400,1.230700,D
173853998,EUR/USD,2005-08-03 07:24:33.000,1.230300,1.230600,D
173854023,EUR/USD,2005-08-03 07:24:47.000,1.230400,1.230700,D
173854091,EUR/USD,2005-08-03 07:25:50.000,1.230500,1.230800,D
173854166,EUR/USD,2005-08-03 07:26:26.000,1.230600,1.230900,D
173854186,EUR/USD,2005-08-03 07:26:35.000,1.230500,1.230800,D
173854189,EUR/USD,2005-08-03 07:26:36.000,1.230600,1.230900,D
173854217,EUR/USD,2005-08-03 07:26:57.000,1.230500,1.230800,D
173854233,EUR/USD,2005-08-03 07:27:01.000,1.230400,1.230700,D
173854256,EUR/USD,2005-08-03 07:27:50.000,1.230500,1.230800,D
173854269,EUR/USD,2005-08-03 07:27:55.000,1.230400,1.230700,D
173854273,EUR/USD,2005-08-03 07:27:55.000,1.230500,1.230800,D
173854276,EUR/USD,2005-08-03 07:27:56.000,1.230400,1.230700,D
173854299,EUR/USD,2005-08-03 07:28:09.000,1.230300,1.230600,D
173854318,EUR/USD,2005-08-03 07:28:17.000,1.230200,1.230500,D
173854341,EUR/USD,2005-08-03 07:28:25.000,1.230100,1.230400,D
173854398,EUR/USD,2005-08-03 07:28:52.000,1.230200,1.230500,D
173854401,EUR/USD,2005-08-03 07:28:52.000,1.230100,1.230400,D
173854407,EUR/USD,2005-08-03 07:28:55.000,1.230200,1.230500,D
173854461,EUR/USD,2005-08-03 07:29:47.000,1.230300,1.230600,D
173854488,EUR/USD,2005-08-03 07:30:08.000,1.230200,1.230500,D
173854576,EUR/USD,2005-08-03 07:31:21.000,1.230300,1.230600,D
173854597,EUR/USD,2005-08-03 07:31:26.000,1.230400,1.230700,D
173854610,EUR/USD,2005-08-03 07:31:29.000,1.230300,1.230600,D
173854620,EUR/USD,2005-08-03 07:31:31.000,1.230200,1.230500,D
173854630,EUR/USD,2005-08-03 07:31:32.000,1.230300,1.230600,D
173854638,EUR/USD,2005-08-03 07:31:34.000,1.230200,1.230500,D
173854641,EUR/USD,2005-08-03 07:31:35.000,1.230300,1.230600,D
173854682,EUR/USD,2005-08-03 07:31:59.000,1.230200,1.230500,D
173854699,EUR/USD,2005-08-03 07:32:15.000,1.230300,1.230600,D
173854720,EUR/USD,2005-08-03 07:32:30.000,1.230200,1.230500,D
173854734,EUR/USD,2005-08-03 07:32:36.000,1.230100,1.230400,D
173854766,EUR/USD,2005-08-03 07:32:41.000,1.230000,1.230300,D
173854787,EUR/USD,2005-08-03 07:32:43.000,1.229900,1.230200,D
173854810,EUR/USD,2005-08-03 07:32:46.000,1.229800,1.230100,D
173854846,EUR/USD,2005-08-03 07:32:52.000,1.229900,1.230200,D
173854864,EUR/USD,2005-08-03 07:32:58.000,1.230000,1.230300,D
173854870,EUR/USD,2005-08-03 07:32:59.000,1.229900,1.230200,D
173854910,EUR/USD,2005-08-03 07:33:15.000,1.229800,1.230100,D
173854913,EUR/USD,2005-08-03 07:33:15.000,1.229900,1.230200,D
173854915,EUR/USD,2005-08-03 07:33:16.000,1.229800,1.230100,D
173854927,EUR/USD,2005-08-03 07:33:17.000,1.229900,1.230200,D
173854940,EUR/USD,2005-08-03 07:33:22.000,1.229800,1.230100,D
173854947,EUR/USD,2005-08-03 07:33:25.000,1.229900,1.230200,D
173854957,EUR/USD,2005-08-03 07:33:41.000,1.229800,1.230100,D
173854964,EUR/USD,2005-08-03 07:33:46.000,1.229900,1.230200,D
173854981,EUR/USD,2005-08-03 07:33:54.000,1.230000,1.230300,D
173854986,EUR/USD,2005-08-03 07:33:55.000,1.229900,1.230200,D
173855108,EUR/USD,2005-08-03 07:35:59.000,1.230000,1.230300,D
173855119,EUR/USD,2005-08-03 07:36:02.000,1.229900,1.230200,D
173855131,EUR/USD,2005-08-03 07:36:04.000,1.230000,1.230300,D
173855137,EUR/USD,2005-08-03 07:36:06.000,1.229900,1.230200,D
173855147,EUR/USD,2005-08-03 07:36:10.000,1.229800,1.230100,D
173855164,EUR/USD,2005-08-03 07:36:26.000,1.229900,1.230200,D
173855169,EUR/USD,2005-08-03 07:36:29.000,1.229800,1.230100,D
173855179,EUR/USD,2005-08-03 07:36:30.000,1.229900,1.230200,D
173855183,EUR/USD,2005-08-03 07:36:31.000,1.229800,1.230100,D
173855207,EUR/USD,2005-08-03 07:36:56.000,1.229900,1.230200,D
173855216,EUR/USD,2005-08-03 07:37:05.000,1.229800,1.230100,D
173855220,EUR/USD,2005-08-03 07:37:06.000,1.229900,1.230200,D
173855240,EUR/USD,2005-08-03 07:37:19.000,1.229800,1.230100,D
173855261,EUR/USD,2005-08-03 07:37:35.000,1.229900,1.230200,D
173855266,EUR/USD,2005-08-03 07:37:37.000,1.229800,1.230100,D
173855283,EUR/USD,2005-08-03 07:37:49.000,1.229900,1.230200,D
173855291,EUR/USD,2005-08-03 07:37:58.000,1.229800,1.230100,D
173855299,EUR/USD,2005-08-03 07:38:00.000,1.229900,1.230200,D
173855303,EUR/USD,2005-08-03 07:38:03.000,1.229800,1.230100,D
173855335,EUR/USD,2005-08-03 07:38:21.000,1.229700,1.230000,D
173855364,EUR/USD,2005-08-03 07:38:32.000,1.229600,1.229900,D
173855372,EUR/USD,2005-08-03 07:38:35.000,1.229700,1.230000,D
173855376,EUR/USD,2005-08-03 07:38:35.000,1.229600,1.229900,D
173855380,EUR/USD,2005-08-03 07:38:36.000,1.229700,1.230000,D
173855390,EUR/USD,2005-08-03 07:38:39.000,1.229800,1.230100,D
173855401,EUR/USD,2005-08-03 07:38:41.000,1.229700,1.230000,D
173855425,EUR/USD,2005-08-03 07:38:45.000,1.229800,1.230100,D
173855434,EUR/USD,2005-08-03 07:38:47.000,1.229700,1.230000,D
173855452,EUR/USD,2005-08-03 07:38:49.000,1.229600,1.229900,D
173855478,EUR/USD,2005-08-03 07:38:55.000,1.229700,1.230000,D
173855482,EUR/USD,2005-08-03 07:38:56.000,1.229800,1.230100,D
173855488,EUR/USD,2005-08-03 07:38:57.000,1.229700,1.230000,D
173855526,EUR/USD,2005-08-03 07:39:10.000,1.229600,1.229900,D
173855536,EUR/USD,2005-08-03 07:39:12.000,1.229700,1.230000,D
173855545,EUR/USD,2005-08-03 07:39:15.000,1.229600,1.229900,D
173855554,EUR/USD,2005-08-03 07:39:19.000,1.229700,1.230000,D
173855560,EUR/USD,2005-08-03 07:39:20.000,1.229800,1.230100,D
173855582,EUR/USD,2005-08-03 07:39:24.000,1.229900,1.230200,D
173855591,EUR/USD,2005-08-03 07:39:26.000,1.229800,1.230100,D
173855600,EUR/USD,2005-08-03 07:39:27.000,1.229900,1.230200,D
173855636,EUR/USD,2005-08-03 07:39:43.000,1.229800,1.230100,D
173855642,EUR/USD,2005-08-03 07:39:46.000,1.229900,1.230200,D
173855645,EUR/USD,2005-08-03 07:39:47.000,1.229800,1.230100,D
173855656,EUR/USD,2005-08-03 07:39:55.000,1.229900,1.230200,D
173855675,EUR/USD,2005-08-03 07:40:02.000,1.230000,1.230300,D
173855685,EUR/USD,2005-08-03 07:40:04.000,1.229900,1.230200,D
173855702,EUR/USD,2005-08-03 07:40:22.000,1.230000,1.230300,D
173855706,EUR/USD,2005-08-03 07:40:24.000,1.229900,1.230200,D
173855719,EUR/USD,2005-08-03 07:40:27.000,1.230000,1.230300,D
173855783,EUR/USD,2005-08-03 07:40:46.000,1.230100,1.230400,D
173855790,EUR/USD,2005-08-03 07:40:49.000,1.230000,1.230300,D
173855804,EUR/USD,2005-08-03 07:40:53.000,1.230100,1.230400,D
173855824,EUR/USD,2005-08-03 07:40:57.000,1.230000,1.230300,D
173855827,EUR/USD,2005-08-03 07:40:58.000,1.230100,1.230400,D
173855848,EUR/USD,2005-08-03 07:41:05.000,1.230000,1.230300,D
173855855,EUR/USD,2005-08-03 07:41:06.000,1.230100,1.230400,D
173855890,EUR/USD,2005-08-03 07:41:21.000,1.230200,1.230500,D
173855913,EUR/USD,2005-08-03 07:41:31.000,1.230100,1.230400,D
173855938,EUR/USD,2005-08-03 07:41:47.000,1.230200,1.230500,D
173855943,EUR/USD,2005-08-03 07:41:49.000,1.230100,1.230400,D
173856011,EUR/USD,2005-08-03 07:43:43.000,1.230000,1.230300,D
173856043,EUR/USD,2005-08-03 07:44:16.000,1.230100,1.230400,D
173856072,EUR/USD,2005-08-03 07:44:21.000,1.230200,1.230500,D
173856087,EUR/USD,2005-08-03 07:44:24.000,1.230300,1.230600,D
173856120,EUR/USD,2005-08-03 07:44:40.000,1.230400,1.230700,D
173856125,EUR/USD,2005-08-03 07:44:43.000,1.230500,1.230800,D
173856152,EUR/USD,2005-08-03 07:44:49.000,1.230600,1.230900,D
173856202,EUR/USD,2005-08-03 07:45:04.000,1.230500,1.230800,D
173856265,EUR/USD,2005-08-03 07:45:22.000,1.230400,1.230700,D
173856367,EUR/USD,2005-08-03 07:46:26.000,1.230300,1.230600,D
173856376,EUR/USD,2005-08-03 07:46:35.000,1.230400,1.230700,D
173856444,EUR/USD,2005-08-03 07:46:53.000,1.230500,1.230800,D
173856463,EUR/USD,2005-08-03 07:46:59.000,1.230600,1.230900,D
173856466,EUR/USD,2005-08-03 07:46:59.000,1.230500,1.230800,D
173856530,EUR/USD,2005-08-03 07:47:25.000,1.230400,1.230700,D
173856564,EUR/USD,2005-08-03 07:47:30.000,1.230300,1.230600,D
173856572,EUR/USD,2005-08-03 07:47:30.000,1.230200,1.230500,D
173856573,EUR/USD,2005-08-03 07:47:31.000,1.230300,1.230600,D
173856623,EUR/USD,2005-08-03 07:47:50.000,1.230200,1.230500,D
173856652,EUR/USD,2005-08-03 07:48:00.000,1.230100,1.230400,D
173856701,EUR/USD,2005-08-03 07:48:14.000,1.230000,1.230300,D
173856705,EUR/USD,2005-08-03 07:48:19.000,1.230100,1.230400,D
173856716,EUR/USD,2005-08-03 07:48:25.000,1.230000,1.230300,D
173856728,EUR/USD,2005-08-03 07:48:38.000,1.230100,1.230400,D
173856747,EUR/USD,2005-08-03 07:48:45.000,1.230000,1.230300,D
173856780,EUR/USD,2005-08-03 07:49:07.000,1.230100,1.230400,D
173856788,EUR/USD,2005-08-03 07:49:07.000,1.230000,1.230300,D
173856792,EUR/USD,2005-08-03 07:49:08.000,1.229900,1.230200,D
173856800,EUR/USD,2005-08-03 07:49:09.000,1.230000,1.230300,D
173856807,EUR/USD,2005-08-03 07:49:12.000,1.230100,1.230400,D
173856852,EUR/USD,2005-08-03 07:49:25.000,1.230200,1.230500,D
173856888,EUR/USD,2005-08-03 07:49:43.000,1.230100,1.230400,D
173856889,EUR/USD,2005-08-03 07:49:44.000,1.230000,1.230300,D
173856908,EUR/USD,2005-08-03 07:49:46.000,1.230100,1.230400,D
173856912,EUR/USD,2005-08-03 07:49:47.000,1.230000,1.230300,D
173856916,EUR/USD,2005-08-03 07:49:47.000,1.230100,1.230400,D
173856920,EUR/USD,2005-08-03 07:49:47.000,1.230000,1.230300,D
173856922,EUR/USD,2005-08-03 07:49:48.000,1.229900,1.230200,D
173856933,EUR/USD,2005-08-03 07:49:50.000,1.230000,1.230300,D
173856946,EUR/USD,2005-08-03 07:49:54.000,1.230100,1.230400,D
173856955,EUR/USD,2005-08-03 07:49:55.000,1.230000,1.230300,D
173856990,EUR/USD,2005-08-03 07:50:30.000,1.229900,1.230200,D
173856995,EUR/USD,2005-08-03 07:50:32.000,1.230000,1.230300,D
173857002,EUR/USD,2005-08-03 07:50:34.000,1.229900,1.230200,D
173857005,EUR/USD,2005-08-03 07:50:36.000,1.230000,1.230300,D
173857013,EUR/USD,2005-08-03 07:50:37.000,1.229900,1.230200,D
173857044,EUR/USD,2005-08-03 07:50:48.000,1.230000,1.230300,D
173857047,EUR/USD,2005-08-03 07:50:52.000,1.229900,1.230200,D
173857053,EUR/USD,2005-08-03 07:50:53.000,1.230000,1.230300,D
173857055,EUR/USD,2005-08-03 07:50:53.000,1.229900,1.230200,D
173857068,EUR/USD,2005-08-03 07:50:56.000,1.230000,1.230300,D
173857091,EUR/USD,2005-08-03 07:51:06.000,1.229900,1.230200,D
173857103,EUR/USD,2005-08-03 07:51:08.000,1.230000,1.230300,D
173857105,EUR/USD,2005-08-03 07:51:08.000,1.229900,1.230200,D
173857126,EUR/USD,2005-08-03 07:51:14.000,1.230000,1.230300,D
173857164,EUR/USD,2005-08-03 07:51:23.000,1.230100,1.230400,D
173857184,EUR/USD,2005-08-03 07:51:30.000,1.230000,1.230300,D
173857186,EUR/USD,2005-08-03 07:51:30.000,1.230100,1.230400,D
173857196,EUR/USD,2005-08-03 07:51:33.000,1.230200,1.230500,D
173857227,EUR/USD,2005-08-03 07:51:38.000,1.230100,1.230400,D
173857253,EUR/USD,2005-08-03 07:51:43.000,1.230200,1.230500,D
173857306,EUR/USD,2005-08-03 07:52:05.000,1.230100,1.230400,D
173857329,EUR/USD,2005-08-03 07:52:19.000,1.230200,1.230500,D
173857353,EUR/USD,2005-08-03 07:52:26.000,1.230300,1.230600,D
173857355,EUR/USD,2005-08-03 07:52:26.000,1.230200,1.230500,D
173857359,EUR/USD,2005-08-03 07:52:26.000,1.230300,1.230600,D
173857379,EUR/USD,2005-08-03 07:52:32.000,1.230200,1.230500,D
173857384,EUR/USD,2005-08-03 07:52:34.000,1.230300,1.230600,D
173857390,EUR/USD,2005-08-03 07:52:36.000,1.230200,1.230500,D
173857408,EUR/USD,2005-08-03 07:52:43.000,1.230300,1.230600,D
173857422,EUR/USD,2005-08-03 07:52:54.000,1.230400,1.230700,D
173857435,EUR/USD,2005-08-03 07:52:59.000,1.230300,1.230600,D
173857454,EUR/USD,2005-08-03 07:53:07.000,1.230400,1.230700,D
173857458,EUR/USD,2005-08-03 07:53:09.000,1.230300,1.230600,D
173857463,EUR/USD,2005-08-03 07:53:11.000,1.230400,1.230700,D
173857464,EUR/USD,2005-08-03 07:53:14.000,1.230300,1.230600,D
173857476,EUR/USD,2005-08-03 07:53:18.000,1.230400,1.230700,D
173857478,EUR/USD,2005-08-03 07:53:19.000,1.230300,1.230600,D
173857490,EUR/USD,2005-08-03 07:53:22.000,1.230400,1.230700,D
173857494,EUR/USD,2005-08-03 07:53:22.000,1.230300,1.230600,D
173857501,EUR/USD,2005-08-03 07:53:23.000,1.230400,1.230700,D
173857523,EUR/USD,2005-08-03 07:53:35.000,1.230300,1.230600,D
173857585,EUR/USD,2005-08-03 07:53:58.000,1.230200,1.230500,D
173857614,EUR/USD,2005-08-03 07:54:07.000,1.230100,1.230400,D
173857622,EUR/USD,2005-08-03 07:54:09.000,1.230200,1.230500,D
173857685,EUR/USD,2005-08-03 07:54:28.000,1.230300,1.230600,D
173857736,EUR/USD,2005-08-03 07:55:35.000,1.230200,1.230500,D
173857771,EUR/USD,2005-08-03 07:55:47.000,1.230300,1.230600,D
173857801,EUR/USD,2005-08-03 07:56:16.000,1.230200,1.230500,D
173857807,EUR/USD,2005-08-03 07:56:17.000,1.230300,1.230600,D
173857843,EUR/USD,2005-08-03 07:56:29.000,1.230400,1.230700,D
173857878,EUR/USD,2005-08-03 07:56:43.000,1.230500,1.230800,D
173857971,EUR/USD,2005-08-03 07:57:23.000,1.230600,1.230900,D
173857992,EUR/USD,2005-08-03 07:57:27.000,1.230500,1.230800,D
173857996,EUR/USD,2005-08-03 07:57:28.000,1.230600,1.230900,D
173858007,EUR/USD,2005-08-03 07:57:29.000,1.230500,1.230800,D
173858018,EUR/USD,2005-08-03 07:57:32.000,1.230600,1.230900,D
173858096,EUR/USD,2005-08-03 07:58:04.000,1.230500,1.230800,D
173858103,EUR/USD,2005-08-03 07:58:07.000,1.230600,1.230900,D
173858128,EUR/USD,2005-08-03 07:58:10.000,1.230500,1.230800,D
173858158,EUR/USD,2005-08-03 07:58:25.000,1.230600,1.230900,D
173858163,EUR/USD,2005-08-03 07:58:25.000,1.230500,1.230800,D
173858176,EUR/USD,2005-08-03 07:58:30.000,1.230600,1.230900,D
173858180,EUR/USD,2005-08-03 07:58:31.000,1.230500,1.230800,D
173858189,EUR/USD,2005-08-03 07:58:34.000,1.230600,1.230900,D
173858209,EUR/USD,2005-08-03 07:58:40.000,1.230500,1.230800,D
173858215,EUR/USD,2005-08-03 07:58:42.000,1.230600,1.230900,D
173858222,EUR/USD,2005-08-03 07:58:44.000,1.230500,1.230800,D
173858226,EUR/USD,2005-08-03 07:58:45.000,1.230600,1.230900,D
173858239,EUR/USD,2005-08-03 07:58:49.000,1.230500,1.230800,D
173858263,EUR/USD,2005-08-03 07:58:53.000,1.230600,1.230900,D
173858325,EUR/USD,2005-08-03 07:59:39.000,1.230700,1.231000,D
173858401,EUR/USD,2005-08-03 08:00:00.000,1.230800,1.231100,D
173858434,EUR/USD,2005-08-03 08:00:14.000,1.230900,1.231200,D
173858446,EUR/USD,2005-08-03 08:00:17.000,1.231000,1.231300,D
173858451,EUR/USD,2005-08-03 08:00:17.000,1.230900,1.231200,D
173858473,EUR/USD,2005-08-03 08:00:23.000,1.230800,1.231100,D
173858483,EUR/USD,2005-08-03 08:00:28.000,1.230900,1.231200,D
173858500,EUR/USD,2005-08-03 08:00:33.000,1.230800,1.231100,D
173858532,EUR/USD,2005-08-03 08:00:57.000,1.230900,1.231200,D
173858559,EUR/USD,2005-08-03 08:01:03.000,1.231000,1.231300,D
173858576,EUR/USD,2005-08-03 08:01:12.000,1.230900,1.231200,D
173858585,EUR/USD,2005-08-03 08:01:13.000,1.231000,1.231300,D
173858589,EUR/USD,2005-08-03 08:01:14.000,1.230900,1.231200,D
173858594,EUR/USD,2005-08-03 08:01:14.000,1.231000,1.231300,D
173858605,EUR/USD,2005-08-03 08:01:18.000,1.230900,1.231200,D
173858608,EUR/USD,2005-08-03 08:01:19.000,1.231000,1.231300,D
173858613,EUR/USD,2005-08-03 08:01:20.000,1.230900,1.231200,D
173858625,EUR/USD,2005-08-03 08:01:28.000,1.231000,1.231300,D
173858632,EUR/USD,2005-08-03 08:01:31.000,1.230900,1.231200,D
173858641,EUR/USD,2005-08-03 08:01:38.000,1.231000,1.231300,D
173858647,EUR/USD,2005-08-03 08:01:41.000,1.230900,1.231200,D
173858673,EUR/USD,2005-08-03 08:01:46.000,1.230800,1.231100,D
173858692,EUR/USD,2005-08-03 08:01:50.000,1.230900,1.231200,D
173858706,EUR/USD,2005-08-03 08:01:54.000,1.230800,1.231100,D
173858719,EUR/USD,2005-08-03 08:01:57.000,1.230900,1.231200,D
173858738,EUR/USD,2005-08-03 08:02:02.000,1.231000,1.231300,D
173858791,EUR/USD,2005-08-03 08:02:12.000,1.231100,1.231400,D
173858797,EUR/USD,2005-08-03 08:02:13.000,1.231000,1.231300,D
173858836,EUR/USD,2005-08-03 08:02:24.000,1.231100,1.231400,D
173858850,EUR/USD,2005-08-03 08:02:39.000,1.231000,1.231300,D
173858856,EUR/USD,2005-08-03 08:02:40.000,1.231100,1.231400,D
173858861,EUR/USD,2005-08-03 08:02:41.000,1.231000,1.231300,D
173858867,EUR/USD,2005-08-03 08:02:43.000,1.231100,1.231400,D
173858892,EUR/USD,2005-08-03 08:02:52.000,1.231000,1.231300,D
173858896,EUR/USD,2005-08-03 08:02:56.000,1.231100,1.231400,D
173858906,EUR/USD,2005-08-03 08:03:00.000,1.231200,1.231500,D
173858913,EUR/USD,2005-08-03 08:03:03.000,1.231100,1.231400,D
173858922,EUR/USD,2005-08-03 08:03:04.000,1.231200,1.231500,D
173858963,EUR/USD,2005-08-03 08:03:22.000,1.231300,1.231600,D
173858969,EUR/USD,2005-08-03 08:03:23.000,1.231200,1.231500,D
173858990,EUR/USD,2005-08-03 08:03:29.000,1.231100,1.231400,D
173858995,EUR/USD,2005-08-03 08:03:30.000,1.231200,1.231500,D
173858999,EUR/USD,2005-08-03 08:03:30.000,1.231100,1.231400,D
173859084,EUR/USD,2005-08-03 08:04:01.000,1.231000,1.231300,D
173859088,EUR/USD,2005-08-03 08:04:02.000,1.231100,1.231400,D
173859098,EUR/USD,2005-08-03 08:04:05.000,1.231000,1.231300,D
173859112,EUR/USD,2005-08-03 08:04:11.000,1.230900,1.231200,D
173859132,EUR/USD,2005-08-03 08:04:13.000,1.231000,1.231300,D
173859170,EUR/USD,2005-08-03 08:04:19.000,1.230900,1.231200,D
173859175,EUR/USD,2005-08-03 08:04:20.000,1.231000,1.231300,D
173859190,EUR/USD,2005-08-03 08:04:21.000,1.230900,1.231200,D
173859196,EUR/USD,2005-08-03 08:04:22.000,1.231000,1.231300,D
173859207,EUR/USD,2005-08-03 08:04:24.000,1.230900,1.231200,D
173859228,EUR/USD,2005-08-03 08:04:31.000,1.230800,1.231100,D
173859235,EUR/USD,2005-08-03 08:04:32.000,1.230900,1.231200,D
173859267,EUR/USD,2005-08-03 08:04:38.000,1.230800,1.231100,D
173859336,EUR/USD,2005-08-03 08:04:51.000,1.230700,1.231000,D
173859350,EUR/USD,2005-08-03 08:04:54.000,1.230600,1.230900,D
173859356,EUR/USD,2005-08-03 08:04:55.000,1.230700,1.231000,D
173859364,EUR/USD,2005-08-03 08:04:56.000,1.230600,1.230900,D
173859398,EUR/USD,2005-08-03 08:05:07.000,1.230500,1.230800,D
173859406,EUR/USD,2005-08-03 08:05:08.000,1.230600,1.230900,D
173859428,EUR/USD,2005-08-03 08:05:12.000,1.230700,1.231000,D
173859462,EUR/USD,2005-08-03 08:05:19.000,1.230800,1.231100,D
173859473,EUR/USD,2005-08-03 08:05:20.000,1.230700,1.231000,D
173859479,EUR/USD,2005-08-03 08:05:21.000,1.230800,1.231100,D
173859522,EUR/USD,2005-08-03 08:05:31.000,1.230900,1.231200,D
173859532,EUR/USD,2005-08-03 08:05:34.000,1.230800,1.231100,D
173859543,EUR/USD,2005-08-03 08:05:36.000,1.230900,1.231200,D
173859548,EUR/USD,2005-08-03 08:05:36.000,1.231000,1.231300,D
173859558,EUR/USD,2005-08-03 08:05:40.000,1.231100,1.231400,D
173859561,EUR/USD,2005-08-03 08:05:40.000,1.231000,1.231300,D
173859568,EUR/USD,2005-08-03 08:05:41.000,1.230900,1.231200,D
173859576,EUR/USD,2005-08-03 08:05:42.000,1.231000,1.231300,D
173859579,EUR/USD,2005-08-03 08:05:43.000,1.230900,1.231200,D
173859585,EUR/USD,2005-08-03 08:05:47.000,1.231000,1.231300,D
173859594,EUR/USD,2005-08-03 08:05:48.000,1.230900,1.231200,D
173859598,EUR/USD,2005-08-03 08:05:49.000,1.231000,1.231300,D
173859609,EUR/USD,2005-08-03 08:05:50.000,1.230900,1.231200,D
173859613,EUR/USD,2005-08-03 08:05:52.000,1.231000,1.231300,D
173859625,EUR/USD,2005-08-03 08:05:56.000,1.231100,1.231400,D
173859635,EUR/USD,2005-08-03 08:05:58.000,1.231000,1.231300,D
173859639,EUR/USD,2005-08-03 08:05:59.000,1.231100,1.231400,D
173859646,EUR/USD,2005-08-03 08:06:00.000,1.231000,1.231300,D
173859661,EUR/USD,2005-08-03 08:06:03.000,1.230900,1.231200,D
173859669,EUR/USD,2005-08-03 08:06:05.000,1.231000,1.231300,D
173859684,EUR/USD,2005-08-03 08:06:17.000,1.230900,1.231200,D
173859695,EUR/USD,2005-08-03 08:06:21.000,1.231000,1.231300,D
173859708,EUR/USD,2005-08-03 08:06:22.000,1.230800,1.231100,D
173859741,EUR/USD,2005-08-03 08:06:31.000,1.230700,1.231000,D
173859755,EUR/USD,2005-08-03 08:06:37.000,1.230800,1.231100,D
173859768,EUR/USD,2005-08-03 08:06:44.000,1.230900,1.231200,D
173859789,EUR/USD,2005-08-03 08:06:47.000,1.231000,1.231300,D
173859793,EUR/USD,2005-08-03 08:06:48.000,1.230900,1.231200,D
173859832,EUR/USD,2005-08-03 08:07:06.000,1.231000,1.231300,D
173859842,EUR/USD,2005-08-03 08:07:08.000,1.230900,1.231200,D
173859855,EUR/USD,2005-08-03 08:07:13.000,1.231000,1.231300,D
173859861,EUR/USD,2005-08-03 08:07:15.000,1.230900,1.231200,D
173859867,EUR/USD,2005-08-03 08:07:16.000,1.231000,1.231300,D
173859872,EUR/USD,2005-08-03 08:07:17.000,1.230900,1.231200,D
173859879,EUR/USD,2005-08-03 08:07:19.000,1.231000,1.231300,D
173859882,EUR/USD,2005-08-03 08:07:20.000,1.230900,1.231200,D
173859887,EUR/USD,2005-08-03 08:07:21.000,1.231000,1.231300,D
173859891,EUR/USD,2005-08-03 08:07:21.000,1.230900,1.231200,D
173859895,EUR/USD,2005-08-03 08:07:22.000,1.231000,1.231300,D
173859903,EUR/USD,2005-08-03 08:07:26.000,1.230900,1.231200,D
173859913,EUR/USD,2005-08-03 08:07:29.000,1.231000,1.231300,D
173859921,EUR/USD,2005-08-03 08:07:31.000,1.231100,1.231400,D
173859936,EUR/USD,2005-08-03 08:07:33.000,1.231000,1.231300,D
173859947,EUR/USD,2005-08-03 08:07:35.000,1.231100,1.231400,D
173859956,EUR/USD,2005-08-03 08:07:37.000,1.231000,1.231300,D
173859963,EUR/USD,2005-08-03 08:07:40.000,1.231100,1.231400,D
173859986,EUR/USD,2005-08-03 08:07:45.000,1.231200,1.231500,D
173860006,EUR/USD,2005-08-03 08:07:48.000,1.231100,1.231400,D
173860017,EUR/USD,2005-08-03 08:07:49.000,1.231200,1.231500,D
173860024,EUR/USD,2005-08-03 08:07:49.000,1.231100,1.231400,D
173860032,EUR/USD,2005-08-03 08:07:50.000,1.231200,1.231500,D
173860045,EUR/USD,2005-08-03 08:07:53.000,1.231300,1.231600,D
173860052,EUR/USD,2005-08-03 08:07:55.000,1.231200,1.231500,D
173860070,EUR/USD,2005-08-03 08:07:59.000,1.231300,1.231600,D
173860087,EUR/USD,2005-08-03 08:08:02.000,1.231400,1.231700,D
173860098,EUR/USD,2005-08-03 08:08:04.000,1.231300,1.231600,D
173860106,EUR/USD,2005-08-03 08:08:05.000,1.231200,1.231500,D
173860117,EUR/USD,2005-08-03 08:08:07.000,1.231100,1.231400,D
173860142,EUR/USD,2005-08-03 08:08:10.000,1.231200,1.231500,D
173860159,EUR/USD,2005-08-03 08:08:13.000,1.231100,1.231400,D
173860172,EUR/USD,2005-08-03 08:08:19.000,1.231200,1.231500,D
173860177,EUR/USD,2005-08-03 08:08:19.000,1.231100,1.231400,D
173860180,EUR/USD,2005-08-03 08:08:19.000,1.231200,1.231500,D
173860205,EUR/USD,2005-08-03 08:08:22.000,1.231100,1.231400,D
173860231,EUR/USD,2005-08-03 08:08:27.000,1.231000,1.231300,D
173860259,EUR/USD,2005-08-03 08:08:33.000,1.230900,1.231200,D
173860282,EUR/USD,2005-08-03 08:08:35.000,1.230800,1.231100,D
173860294,EUR/USD,2005-08-03 08:08:37.000,1.230900,1.231200,D
173860301,EUR/USD,2005-08-03 08:08:40.000,1.231000,1.231300,D
173860334,EUR/USD,2005-08-03 08:08:47.000,1.230900,1.231200,D
173860355,EUR/USD,2005-08-03 08:08:53.000,1.230800,1.231100,D
173860370,EUR/USD,2005-08-03 08:09:04.000,1.230700,1.231000,D
173860382,EUR/USD,2005-08-03 08:09:06.000,1.230800,1.231100,D
173860393,EUR/USD,2005-08-03 08:09:11.000,1.230700,1.231000,D
173860403,EUR/USD,2005-08-03 08:09:13.000,1.230800,1.231100,D
173860419,EUR/USD,2005-08-03 08:09:16.000,1.230700,1.231000,D
173860428,EUR/USD,2005-08-03 08:09:17.000,1.230800,1.231100,D
173860439,EUR/USD,2005-08-03 08:09:20.000,1.230900,1.231200,D
173860448,EUR/USD,2005-08-03 08:09:23.000,1.231000,1.231300,D
173860450,EUR/USD,2005-08-03 08:09:24.000,1.230900,1.231200,D
173860456,EUR/USD,2005-08-03 08:09:26.000,1.231000,1.231300,D
173860461,EUR/USD,2005-08-03 08:09:26.000,1.230900,1.231200,D
173860480,EUR/USD,2005-08-03 08:09:38.000,1.230800,1.231100,D
173860492,EUR/USD,2005-08-03 08:09:40.000,1.230700,1.231000,D
173860494,EUR/USD,2005-08-03 08:09:41.000,1.230800,1.231100,D
173860522,EUR/USD,2005-08-03 08:10:07.000,1.230700,1.231000,D
173860533,EUR/USD,2005-08-03 08:10:14.000,1.230800,1.231100,D
173860539,EUR/USD,2005-08-03 08:10:16.000,1.230700,1.231000,D
173860547,EUR/USD,2005-08-03 08:10:19.000,1.230800,1.231100,D
173860557,EUR/USD,2005-08-03 08:10:22.000,1.230700,1.231000,D
173860565,EUR/USD,2005-08-03 08:10:22.000,1.230800,1.231100,D
173860572,EUR/USD,2005-08-03 08:10:27.000,1.230700,1.231000,D
173860586,EUR/USD,2005-08-03 08:10:38.000,1.230600,1.230900,D
173860599,EUR/USD,2005-08-03 08:10:47.000,1.230500,1.230800,D
173860609,EUR/USD,2005-08-03 08:10:49.000,1.230600,1.230900,D
173860627,EUR/USD,2005-08-03 08:10:51.000,1.230500,1.230800,D
173860646,EUR/USD,2005-08-03 08:10:57.000,1.230600,1.230900,D
173860657,EUR/USD,2005-08-03 08:10:58.000,1.230500,1.230800,D
173860663,EUR/USD,2005-08-03 08:11:11.000,1.230600,1.230900,D
173860670,EUR/USD,2005-08-03 08:11:16.000,1.230500,1.230800,D
173860681,EUR/USD,2005-08-03 08:11:24.000,1.230600,1.230900,D
173860716,EUR/USD,2005-08-03 08:11:37.000,1.230700,1.231000,D
173860730,EUR/USD,2005-08-03 08:11:41.000,1.230600,1.230900,D
173860747,EUR/USD,2005-08-03 08:11:50.000,1.230700,1.231000,D
173860763,EUR/USD,2005-08-03 08:11:53.000,1.230600,1.230900,D
173860805,EUR/USD,2005-08-03 08:12:28.000,1.230500,1.230800,D
173860809,EUR/USD,2005-08-03 08:12:31.000,1.230600,1.230900,D
173860834,EUR/USD,2005-08-03 08:12:45.000,1.230700,1.231000,D
173860864,EUR/USD,2005-08-03 08:12:57.000,1.230800,1.231100,D
173860894,EUR/USD,2005-08-03 08:13:10.000,1.230900,1.231200,D
173860929,EUR/USD,2005-08-03 08:13:19.000,1.231000,1.231300,D
173860941,EUR/USD,2005-08-03 08:13:23.000,1.230900,1.231200,D
173860952,EUR/USD,2005-08-03 08:13:24.000,1.231000,1.231300,D
173860971,EUR/USD,2005-08-03 08:13:31.000,1.230900,1.231200,D
173861025,EUR/USD,2005-08-03 08:13:57.000,1.231000,1.231300,D
173861032,EUR/USD,2005-08-03 08:13:58.000,1.230900,1.231200,D
173861037,EUR/USD,2005-08-03 08:13:59.000,1.231000,1.231300,D
173861056,EUR/USD,2005-08-03 08:14:13.000,1.230900,1.231200,D
173861062,EUR/USD,2005-08-03 08:14:15.000,1.230800,1.231100,D
173861070,EUR/USD,2005-08-03 08:14:17.000,1.230700,1.231000,D
173861098,EUR/USD,2005-08-03 08:14:25.000,1.230600,1.230900,D
173861102,EUR/USD,2005-08-03 08:14:25.000,1.230700,1.231000,D
173861114,EUR/USD,2005-08-03 08:14:27.000,1.230600,1.230900,D
173861117,EUR/USD,2005-08-03 08:14:27.000,1.230700,1.231000,D
173861130,EUR/USD,2005-08-03 08:14:32.000,1.230600,1.230900,D
173861169,EUR/USD,2005-08-03 08:14:38.000,1.230500,1.230800,D
173861170,EUR/USD,2005-08-03 08:14:38.000,1.230600,1.230900,D
173861176,EUR/USD,2005-08-03 08:14:39.000,1.230500,1.230800,D
173861188,EUR/USD,2005-08-03 08:14:40.000,1.230600,1.230900,D
173861202,EUR/USD,2005-08-03 08:14:42.000,1.230500,1.230800,D
173861207,EUR/USD,2005-08-03 08:14:42.000,1.230600,1.230900,D
173861225,EUR/USD,2005-08-03 08:14:47.000,1.230500,1.230800,D
173861266,EUR/USD,2005-08-03 08:14:55.000,1.230600,1.230900,D
173861277,EUR/USD,2005-08-03 08:15:01.000,1.230500,1.230800,D
173861294,EUR/USD,2005-08-03 08:15:04.000,1.230600,1.230900,D
173861317,EUR/USD,2005-08-03 08:15:13.000,1.230500,1.230800,D
173861324,EUR/USD,2005-08-03 08:15:15.000,1.230600,1.230900,D
173861349,EUR/USD,2005-08-03 08:15:27.000,1.230700,1.231000,D
173861358,EUR/USD,2005-08-03 08:15:32.000,1.230600,1.230900,D
173861368,EUR/USD,2005-08-03 08:15:34.000,1.230700,1.231000,D
173861376,EUR/USD,2005-08-03 08:15:36.000,1.230600,1.230900,D
173861383,EUR/USD,2005-08-03 08:15:36.000,1.230700,1.231000,D
173861392,EUR/USD,2005-08-03 08:15:37.000,1.230600,1.230900,D
173861413,EUR/USD,2005-08-03 08:15:40.000,1.230700,1.231000,D
173861429,EUR/USD,2005-08-03 08:15:45.000,1.230600,1.230900,D
173861456,EUR/USD,2005-08-03 08:15:54.000,1.230700,1.231000,D
173861468,EUR/USD,2005-08-03 08:15:57.000,1.230600,1.230900,D
173861470,EUR/USD,2005-08-03 08:15:58.000,1.230700,1.231000,D
173861494,EUR/USD,2005-08-03 08:16:11.000,1.230600,1.230900,D
173861533,EUR/USD,2005-08-03 08:16:40.000,1.230700,1.231000,D
173861541,EUR/USD,2005-08-03 08:16:42.000,1.230600,1.230900,D
173861561,EUR/USD,2005-08-03 08:16:46.000,1.230700,1.231000,D
173861568,EUR/USD,2005-08-03 08:16:48.000,1.230600,1.230900,D
173861597,EUR/USD,2005-08-03 08:17:01.000,1.230700,1.231000,D
173861607,EUR/USD,2005-08-03 08:17:05.000,1.230600,1.230900,D
173861616,EUR/USD,2005-08-03 08:17:07.000,1.230700,1.231000,D
173861621,EUR/USD,2005-08-03 08:17:07.000,1.230600,1.230900,D
173861633,EUR/USD,2005-08-03 08:17:10.000,1.230700,1.231000,D
173861651,EUR/USD,2005-08-03 08:17:16.000,1.230600,1.230900,D
173861683,EUR/USD,2005-08-03 08:17:29.000,1.230500,1.230800,D
173861729,EUR/USD,2005-08-03 08:17:45.000,1.230400,1.230700,D
173861775,EUR/USD,2005-08-03 08:18:02.000,1.230500,1.230800,D
173861788,EUR/USD,2005-08-03 08:18:03.000,1.230600,1.230900,D
173861795,EUR/USD,2005-08-03 08:18:04.000,1.230700,1.231000,D
173861826,EUR/USD,2005-08-03 08:18:06.000,1.230800,1.231100,D
173861841,EUR/USD,2005-08-03 08:18:08.000,1.230900,1.231200,D
173861876,EUR/USD,2005-08-03 08:18:11.000,1.230800,1.231100,D
173861879,EUR/USD,2005-08-03 08:18:12.000,1.230700,1.231000,D
173861890,EUR/USD,2005-08-03 08:18:13.000,1.230800,1.231100,D
173861895,EUR/USD,2005-08-03 08:18:13.000,1.230900,1.231200,D
173861909,EUR/USD,2005-08-03 08:18:14.000,1.230800,1.231100,D
173861925,EUR/USD,2005-08-03 08:18:18.000,1.230900,1.231200,D
173861932,EUR/USD,2005-08-03 08:18:20.000,1.231000,1.231300,D
173861946,EUR/USD,2005-08-03 08:18:23.000,1.231100,1.231400,D
173861952,EUR/USD,2005-08-03 08:18:24.000,1.231200,1.231500,D
173861961,EUR/USD,2005-08-03 08:18:25.000,1.231100,1.231400,D
173862025,EUR/USD,2005-08-03 08:18:34.000,1.231200,1.231500,D
173862036,EUR/USD,2005-08-03 08:18:36.000,1.231300,1.231600,D
173862046,EUR/USD,2005-08-03 08:18:37.000,1.231200,1.231500,D
173862061,EUR/USD,2005-08-03 08:18:38.000,1.231300,1.231600,D
173862076,EUR/USD,2005-08-03 08:18:39.000,1.231200,1.231500,D
173862088,EUR/USD,2005-08-03 08:18:40.000,1.231300,1.231600,D
173862096,EUR/USD,2005-08-03 08:18:41.000,1.231200,1.231500,D
173862168,EUR/USD,2005-08-03 08:18:59.000,1.231300,1.231600,D
173862174,EUR/USD,2005-08-03 08:19:00.000,1.231200,1.231500,D
173862194,EUR/USD,2005-08-03 08:19:08.000,1.231100,1.231400,D
173862220,EUR/USD,2005-08-03 08:19:13.000,1.231200,1.231500,D
173862226,EUR/USD,2005-08-03 08:19:15.000,1.231100,1.231400,D
173862230,EUR/USD,2005-08-03 08:19:15.000,1.231200,1.231500,D
173862237,EUR/USD,2005-08-03 08:19:16.000,1.231100,1.231400,D
173862243,EUR/USD,2005-08-03 08:19:17.000,1.231200,1.231500,D
173862258,EUR/USD,2005-08-03 08:19:23.000,1.231300,1.231600,D
173862271,EUR/USD,2005-08-03 08:19:25.000,1.231400,1.231700,D
173862284,EUR/USD,2005-08-03 08:19:27.000,1.231500,1.231800,D
173862300,EUR/USD,2005-08-03 08:19:30.000,1.231400,1.231700,D
173862338,EUR/USD,2005-08-03 08:19:35.000,1.231500,1.231800,D
173862387,EUR/USD,2005-08-03 08:19:53.000,1.231400,1.231700,D
173862422,EUR/USD,2005-08-03 08:20:03.000,1.231500,1.231800,D
173862468,EUR/USD,2005-08-03 08:20:13.000,1.231400,1.231700,D
173862473,EUR/USD,2005-08-03 08:20:14.000,1.231300,1.231600,D
173862496,EUR/USD,2005-08-03 08:20:17.000,1.231400,1.231700,D
173862507,EUR/USD,2005-08-03 08:20:18.000,1.231300,1.231600,D
173862523,EUR/USD,2005-08-03 08:20:19.000,1.231400,1.231700,D
173862533,EUR/USD,2005-08-03 08:20:21.000,1.231300,1.231600,D
173862543,EUR/USD,2005-08-03 08:20:23.000,1.231400,1.231700,D
173862553,EUR/USD,2005-08-03 08:20:23.000,1.231300,1.231600,D
173862563,EUR/USD,2005-08-03 08:20:24.000,1.231400,1.231700,D
173862623,EUR/USD,2005-08-03 08:20:30.000,1.231500,1.231800,D
173862647,EUR/USD,2005-08-03 08:20:33.000,1.231600,1.231900,D
173862657,EUR/USD,2005-08-03 08:20:34.000,1.231500,1.231800,D
173862686,EUR/USD,2005-08-03 08:20:42.000,1.231400,1.231700,D
173862693,EUR/USD,2005-08-03 08:20:42.000,1.231500,1.231800,D
173862698,EUR/USD,2005-08-03 08:20:44.000,1.231400,1.231700,D
173862703,EUR/USD,2005-08-03 08:20:45.000,1.231500,1.231800,D
173862749,EUR/USD,2005-08-03 08:20:53.000,1.231600,1.231900,D
173862786,EUR/USD,2005-08-03 08:21:05.000,1.231700,1.232000,D
173862806,EUR/USD,2005-08-03 08:21:08.000,1.231800,1.232100,D
173862828,EUR/USD,2005-08-03 08:21:11.000,1.231700,1.232000,D
173862850,EUR/USD,2005-08-03 08:21:15.000,1.231600,1.231900,D
173862865,EUR/USD,2005-08-03 08:21:18.000,1.231700,1.232000,D
173862895,EUR/USD,2005-08-03 08:21:23.000,1.231800,1.232100,D
173862924,EUR/USD,2005-08-03 08:21:30.000,1.231700,1.232000,D
173862946,EUR/USD,2005-08-03 08:21:38.000,1.231800,1.232100,D
173862965,EUR/USD,2005-08-03 08:21:41.000,1.231700,1.232000,D
173862971,EUR/USD,2005-08-03 08:21:43.000,1.231800,1.232100,D
173862976,EUR/USD,2005-08-03 08:21:44.000,1.231900,1.232200,D
173862983,EUR/USD,2005-08-03 08:21:45.000,1.231800,1.232100,D
173863002,EUR/USD,2005-08-03 08:21:50.000,1.231900,1.232200,D
173863024,EUR/USD,2005-08-03 08:21:54.000,1.232000,1.232300,D
173863025,EUR/USD,2005-08-03 08:21:55.000,1.231900,1.232200,D
173863027,EUR/USD,2005-08-03 08:21:56.000,1.231800,1.232100,D
173863046,EUR/USD,2005-08-03 08:22:00.000,1.231900,1.232200,D
173863081,EUR/USD,2005-08-03 08:22:05.000,1.231800,1.232100,D
173863092,EUR/USD,2005-08-03 08:22:06.000,1.231900,1.232200,D
173863105,EUR/USD,2005-08-03 08:22:09.000,1.231800,1.232100,D
173863175,EUR/USD,2005-08-03 08:22:17.000,1.231700,1.232000,D
173863185,EUR/USD,2005-08-03 08:22:19.000,1.231800,1.232100,D
173863193,EUR/USD,2005-08-03 08:22:20.000,1.231700,1.232000,D
173863207,EUR/USD,2005-08-03 08:22:24.000,1.231800,1.232100,D
173863223,EUR/USD,2005-08-03 08:22:26.000,1.231700,1.232000,D
173863225,EUR/USD,2005-08-03 08:22:26.000,1.231800,1.232100,D
173863268,EUR/USD,2005-08-03 08:22:38.000,1.231700,1.232000,D
173863272,EUR/USD,2005-08-03 08:22:38.000,1.231800,1.232100,D
173863276,EUR/USD,2005-08-03 08:22:39.000,1.231900,1.232200,D
173863321,EUR/USD,2005-08-03 08:22:47.000,1.232000,1.232300,D
173863346,EUR/USD,2005-08-03 08:22:51.000,1.232100,1.232400,D
173863355,EUR/USD,2005-08-03 08:22:52.000,1.232000,1.232300,D
173863359,EUR/USD,2005-08-03 08:22:52.000,1.232100,1.232400,D
173863368,EUR/USD,2005-08-03 08:22:53.000,1.232000,1.232300,D
173863374,EUR/USD,2005-08-03 08:22:54.000,1.232100,1.232400,D
173863386,EUR/USD,2005-08-03 08:22:56.000,1.232200,1.232500,D
173863404,EUR/USD,2005-08-03 08:22:58.000,1.232300,1.232600,D
173863412,EUR/USD,2005-08-03 08:22:59.000,1.232200,1.232500,D
173863420,EUR/USD,2005-08-03 08:22:59.000,1.232300,1.232600,D
173863438,EUR/USD,2005-08-03 08:23:00.000,1.232200,1.232500,D
173863449,EUR/USD,2005-08-03 08:23:01.000,1.232300,1.232600,D
173863485,EUR/USD,2005-08-03 08:23:05.000,1.232200,1.232500,D
173863492,EUR/USD,2005-08-03 08:23:06.000,1.232300,1.232600,D
173863536,EUR/USD,2005-08-03 08:23:10.000,1.232500,1.232800,D
173863537,EUR/USD,2005-08-03 08:23:10.000,1.232600,1.232900,D
173863545,EUR/USD,2005-08-03 08:23:11.000,1.232500,1.232800,D
173863549,EUR/USD,2005-08-03 08:23:11.000,1.232400,1.232700,D
173863564,EUR/USD,2005-08-03 08:23:13.000,1.232500,1.232800,D
173863584,EUR/USD,2005-08-03 08:23:15.000,1.232400,1.232700,D
173863595,EUR/USD,2005-08-03 08:23:17.000,1.232600,1.232900,D
173863603,EUR/USD,2005-08-03 08:23:18.000,1.232700,1.233000,D
173863605,EUR/USD,2005-08-03 08:23:18.000,1.232600,1.232900,D
173863606,EUR/USD,2005-08-03 08:23:19.000,1.232500,1.232800,D
173863613,EUR/USD,2005-08-03 08:23:20.000,1.232400,1.232700,D
173863624,EUR/USD,2005-08-03 08:23:23.000,1.232500,1.232800,D
173863636,EUR/USD,2005-08-03 08:23:25.000,1.232400,1.232700,D
173863645,EUR/USD,2005-08-03 08:23:27.000,1.232500,1.232800,D
173863651,EUR/USD,2005-08-03 08:23:28.000,1.232400,1.232700,D
173863653,EUR/USD,2005-08-03 08:23:28.000,1.232500,1.232800,D
173863665,EUR/USD,2005-08-03 08:23:30.000,1.232400,1.232700,D
173863713,EUR/USD,2005-08-03 08:23:39.000,1.232300,1.232600,D
173863721,EUR/USD,2005-08-03 08:23:40.000,1.232400,1.232700,D
173863741,EUR/USD,2005-08-03 08:23:43.000,1.232300,1.232600,D
173863745,EUR/USD,2005-08-03 08:23:43.000,1.232400,1.232700,D
173863750,EUR/USD,2005-08-03 08:23:44.000,1.232500,1.232800,D
173863786,EUR/USD,2005-08-03 08:23:49.000,1.232400,1.232700,D
173863821,EUR/USD,2005-08-03 08:23:53.000,1.232300,1.232600,D
173863838,EUR/USD,2005-08-03 08:23:56.000,1.232400,1.232700,D
173863860,EUR/USD,2005-08-03 08:23:58.000,1.232300,1.232600,D
173863872,EUR/USD,2005-08-03 08:24:01.000,1.232400,1.232700,D
173863874,EUR/USD,2005-08-03 08:24:01.000,1.232300,1.232600,D
173863880,EUR/USD,2005-08-03 08:24:02.000,1.232400,1.232700,D
173863887,EUR/USD,2005-08-03 08:24:02.000,1.232300,1.232600,D
173863904,EUR/USD,2005-08-03 08:24:04.000,1.232400,1.232700,D
173863914,EUR/USD,2005-08-03 08:24:05.000,1.232300,1.232600,D
173863928,EUR/USD,2005-08-03 08:24:08.000,1.232400,1.232700,D
173863946,EUR/USD,2005-08-03 08:24:11.000,1.232500,1.232800,D
173863981,EUR/USD,2005-08-03 08:24:17.000,1.232400,1.232700,D
173863989,EUR/USD,2005-08-03 08:24:19.000,1.232500,1.232800,D
173863993,EUR/USD,2005-08-03 08:24:19.000,1.232600,1.232900,D
173864006,EUR/USD,2005-08-03 08:24:21.000,1.232500,1.232800,D
173864010,EUR/USD,2005-08-03 08:24:22.000,1.232600,1.232900,D
173864016,EUR/USD,2005-08-03 08:24:22.000,1.232500,1.232800,D
173864077,EUR/USD,2005-08-03 08:24:31.000,1.232400,1.232700,D
173864101,EUR/USD,2005-08-03 08:24:34.000,1.232300,1.232600,D
173864109,EUR/USD,2005-08-03 08:24:35.000,1.232400,1.232700,D
173864113,EUR/USD,2005-08-03 08:24:36.000,1.232300,1.232600,D
173864136,EUR/USD,2005-08-03 08:24:39.000,1.232400,1.232700,D
173864156,EUR/USD,2005-08-03 08:24:41.000,1.232300,1.232600,D
173864167,EUR/USD,2005-08-03 08:24:42.000,1.232400,1.232700,D
173864178,EUR/USD,2005-08-03 08:24:44.000,1.232300,1.232600,D
173864192,EUR/USD,2005-08-03 08:24:47.000,1.232200,1.232500,D
173864248,EUR/USD,2005-08-03 08:25:00.000,1.232300,1.232600,D
173864254,EUR/USD,2005-08-03 08:25:01.000,1.232200,1.232500,D
173864259,EUR/USD,2005-08-03 08:25:01.000,1.232100,1.232400,D
173864293,EUR/USD,2005-08-03 08:25:08.000,1.232200,1.232500,D
173864305,EUR/USD,2005-08-03 08:25:10.000,1.232100,1.232400,D
173864313,EUR/USD,2005-08-03 08:25:12.000,1.232200,1.232500,D
173864320,EUR/USD,2005-08-03 08:25:13.000,1.232100,1.232400,D
173864329,EUR/USD,2005-08-03 08:25:14.000,1.232200,1.232500,D
173864339,EUR/USD,2005-08-03 08:25:19.000,1.232100,1.232400,D
173864343,EUR/USD,2005-08-03 08:25:19.000,1.232200,1.232500,D
173864354,EUR/USD,2005-08-03 08:25:26.000,1.232100,1.232400,D
173864359,EUR/USD,2005-08-03 08:25:27.000,1.232200,1.232500,D
173864367,EUR/USD,2005-08-03 08:25:29.000,1.232100,1.232400,D
173864388,EUR/USD,2005-08-03 08:25:32.000,1.232200,1.232500,D
173864400,EUR/USD,2005-08-03 08:25:33.000,1.232100,1.232400,D
173864451,EUR/USD,2005-08-03 08:25:51.000,1.232000,1.232300,D
173864460,EUR/USD,2005-08-03 08:25:53.000,1.232100,1.232400,D
173864468,EUR/USD,2005-08-03 08:25:53.000,1.232000,1.232300,D
173864471,EUR/USD,2005-08-03 08:25:54.000,1.232100,1.232400,D
173864503,EUR/USD,2005-08-03 08:25:58.000,1.232000,1.232300,D
173864522,EUR/USD,2005-08-03 08:26:01.000,1.232100,1.232400,D
173864594,EUR/USD,2005-08-03 08:26:11.000,1.232000,1.232300,D
173864622,EUR/USD,2005-08-03 08:26:17.000,1.231900,1.232200,D
173864631,EUR/USD,2005-08-03 08:26:18.000,1.232000,1.232300,D
173864641,EUR/USD,2005-08-03 08:26:20.000,1.231900,1.232200,D
173864651,EUR/USD,2005-08-03 08:26:24.000,1.232000,1.232300,D
173864672,EUR/USD,2005-08-03 08:26:29.000,1.232100,1.232400,D
173864740,EUR/USD,2005-08-03 08:26:45.000,1.232000,1.232300,D
173864747,EUR/USD,2005-08-03 08:26:46.000,1.232100,1.232400,D
173864769,EUR/USD,2005-08-03 08:26:48.000,1.232000,1.232300,D
173864791,EUR/USD,2005-08-03 08:26:54.000,1.232100,1.232400,D
173864805,EUR/USD,2005-08-03 08:27:00.000,1.232000,1.232300,D
173864820,EUR/USD,2005-08-03 08:27:07.000,1.232100,1.232400,D
173864824,EUR/USD,2005-08-03 08:27:08.000,1.232000,1.232300,D
173864840,EUR/USD,2005-08-03 08:27:12.000,1.231900,1.232200,D
173864900,EUR/USD,2005-08-03 08:27:27.000,1.231800,1.232100,D
173864909,EUR/USD,2005-08-03 08:27:27.000,1.231900,1.232200,D
173864964,EUR/USD,2005-08-03 08:27:36.000,1.232000,1.232300,D
173864977,EUR/USD,2005-08-03 08:27:40.000,1.231900,1.232200,D
173865012,EUR/USD,2005-08-03 08:27:49.000,1.232000,1.232300,D
173865029,EUR/USD,2005-08-03 08:27:52.000,1.232100,1.232400,D
173865038,EUR/USD,2005-08-03 08:27:53.000,1.232000,1.232300,D
173865046,EUR/USD,2005-08-03 08:27:53.000,1.232100,1.232400,D
173865076,EUR/USD,2005-08-03 08:27:57.000,1.232000,1.232300,D
173865081,EUR/USD,2005-08-03 08:27:57.000,1.232100,1.232400,D
173865106,EUR/USD,2005-08-03 08:28:00.000,1.232000,1.232300,D
173865124,EUR/USD,2005-08-03 08:28:04.000,1.232100,1.232400,D
173865138,EUR/USD,2005-08-03 08:28:07.000,1.232200,1.232500,D
173865151,EUR/USD,2005-08-03 08:28:07.000,1.232100,1.232400,D
173865158,EUR/USD,2005-08-03 08:28:08.000,1.232200,1.232500,D
173865163,EUR/USD,2005-08-03 08:28:08.000,1.232100,1.232400,D
173865193,EUR/USD,2005-08-03 08:28:16.000,1.232200,1.232500,D
173865208,EUR/USD,2005-08-03 08:28:25.000,1.232100,1.232400,D
173865246,EUR/USD,2005-08-03 08:28:39.000,1.232000,1.232300,D
173865266,EUR/USD,2005-08-03 08:28:44.000,1.232100,1.232400,D
173865292,EUR/USD,2005-08-03 08:28:50.000,1.232200,1.232500,D
173865335,EUR/USD,2005-08-03 08:29:09.000,1.232100,1.232400,D
173865367,EUR/USD,2005-08-03 08:29:17.000,1.232000,1.232300,D
173865376,EUR/USD,2005-08-03 08:29:22.000,1.232100,1.232400,D
173865383,EUR/USD,2005-08-03 08:29:23.000,1.232000,1.232300,D
173865388,EUR/USD,2005-08-03 08:29:24.000,1.232100,1.232400,D
173865412,EUR/USD,2005-08-03 08:29:33.000,1.232000,1.232300,D
173865427,EUR/USD,2005-08-03 08:29:35.000,1.232100,1.232400,D
173865445,EUR/USD,2005-08-03 08:29:40.000,1.232200,1.232500,D
173865463,EUR/USD,2005-08-03 08:29:42.000,1.232100,1.232400,D
173865523,EUR/USD,2005-08-03 08:30:00.000,1.232200,1.232500,D
173865540,EUR/USD,2005-08-03 08:30:04.000,1.232300,1.232600,D
173865548,EUR/USD,2005-08-03 08:30:05.000,1.232400,1.232700,D
173865566,EUR/USD,2005-08-03 08:30:10.000,1.232300,1.232600,D
173865594,EUR/USD,2005-08-03 08:30:15.000,1.232200,1.232500,D
173865625,EUR/USD,2005-08-03 08:30:20.000,1.232100,1.232400,D
173865635,EUR/USD,2005-08-03 08:30:22.000,1.232000,1.232300,D
173865669,EUR/USD,2005-08-03 08:30:27.000,1.231900,1.232200,D
173865682,EUR/USD,2005-08-03 08:30:28.000,1.232000,1.232300,D
173865707,EUR/USD,2005-08-03 08:30:30.000,1.231900,1.232200,D
173865710,EUR/USD,2005-08-03 08:30:30.000,1.232000,1.232300,D
173865723,EUR/USD,2005-08-03 08:30:32.000,1.231900,1.232200,D
173865755,EUR/USD,2005-08-03 08:30:39.000,1.232000,1.232300,D
173865774,EUR/USD,2005-08-03 08:30:42.000,1.232200,1.232500,D
173865804,EUR/USD,2005-08-03 08:30:50.000,1.232100,1.232400,D
173865818,EUR/USD,2005-08-03 08:30:54.000,1.232000,1.232300,D
173865846,EUR/USD,2005-08-03 08:30:58.000,1.231900,1.232200,D
173865865,EUR/USD,2005-08-03 08:31:02.000,1.232000,1.232300,D
173865887,EUR/USD,2005-08-03 08:31:09.000,1.232100,1.232400,D
173865891,EUR/USD,2005-08-03 08:31:10.000,1.232000,1.232300,D
173865909,EUR/USD,2005-08-03 08:31:18.000,1.232100,1.232400,D
173865913,EUR/USD,2005-08-03 08:31:18.000,1.232000,1.232300,D
173865923,EUR/USD,2005-08-03 08:31:19.000,1.231900,1.232200,D
173865965,EUR/USD,2005-08-03 08:31:25.000,1.231800,1.232100,D
173865977,EUR/USD,2005-08-03 08:31:27.000,1.231700,1.232000,D
173866001,EUR/USD,2005-08-03 08:31:30.000,1.231600,1.231900,D
173866029,EUR/USD,2005-08-03 08:31:34.000,1.231700,1.232000,D
173866083,EUR/USD,2005-08-03 08:31:46.000,1.231800,1.232100,D
173866090,EUR/USD,2005-08-03 08:31:47.000,1.231700,1.232000,D
173866097,EUR/USD,2005-08-03 08:31:47.000,1.231800,1.232100,D
173866110,EUR/USD,2005-08-03 08:31:49.000,1.231900,1.232200,D
173866122,EUR/USD,2005-08-03 08:31:51.000,1.232000,1.232300,D
173866144,EUR/USD,2005-08-03 08:31:53.000,1.231900,1.232200,D
173866162,EUR/USD,2005-08-03 08:31:54.000,1.232000,1.232300,D
173866166,EUR/USD,2005-08-03 08:31:54.000,1.232100,1.232400,D
173866205,EUR/USD,2005-08-03 08:32:00.000,1.232000,1.232300,D
173866218,EUR/USD,2005-08-03 08:32:02.000,1.232100,1.232400,D
173866257,EUR/USD,2005-08-03 08:32:11.000,1.232200,1.232500,D
173866295,EUR/USD,2005-08-03 08:32:17.000,1.232100,1.232400,D
173866320,EUR/USD,2005-08-03 08:32:19.000,1.232200,1.232500,D
173866329,EUR/USD,2005-08-03 08:32:21.000,1.232300,1.232600,D
173866338,EUR/USD,2005-08-03 08:32:22.000,1.232200,1.232500,D
173866340,EUR/USD,2005-08-03 08:32:22.000,1.232300,1.232600,D
173866349,EUR/USD,2005-08-03 08:32:23.000,1.232200,1.232500,D
173866361,EUR/USD,2005-08-03 08:32:24.000,1.232300,1.232600,D
173866365,EUR/USD,2005-08-03 08:32:25.000,1.232200,1.232500,D
173866409,EUR/USD,2005-08-03 08:32:44.000,1.232100,1.232400,D
173866426,EUR/USD,2005-08-03 08:32:47.000,1.232200,1.232500,D
173866441,EUR/USD,2005-08-03 08:32:50.000,1.232100,1.232400,D
173866473,EUR/USD,2005-08-03 08:32:56.000,1.232000,1.232300,D
173866515,EUR/USD,2005-08-03 08:33:02.000,1.231900,1.232200,D
173866522,EUR/USD,2005-08-03 08:33:03.000,1.231800,1.232100,D
173866539,EUR/USD,2005-08-03 08:33:07.000,1.231900,1.232200,D
173866542,EUR/USD,2005-08-03 08:33:07.000,1.231800,1.232100,D
173866549,EUR/USD,2005-08-03 08:33:08.000,1.231700,1.232000,D
173866609,EUR/USD,2005-08-03 08:33:16.000,1.231800,1.232100,D
173866614,EUR/USD,2005-08-03 08:33:17.000,1.231900,1.232200,D
173866638,EUR/USD,2005-08-03 08:33:21.000,1.232000,1.232300,D
173866651,EUR/USD,2005-08-03 08:33:23.000,1.232100,1.232400,D
173866664,EUR/USD,2005-08-03 08:33:24.000,1.232000,1.232300,D
173866667,EUR/USD,2005-08-03 08:33:24.000,1.232100,1.232400,D
173866672,EUR/USD,2005-08-03 08:33:24.000,1.232200,1.232500,D
173866681,EUR/USD,2005-08-03 08:33:25.000,1.232100,1.232400,D
173866685,EUR/USD,2005-08-03 08:33:25.000,1.232000,1.232300,D
173866692,EUR/USD,2005-08-03 08:33:26.000,1.232100,1.232400,D
173866708,EUR/USD,2005-08-03 08:33:28.000,1.232000,1.232300,D
173866718,EUR/USD,2005-08-03 08:33:30.000,1.231900,1.232200,D
173866843,EUR/USD,2005-08-03 08:34:02.000,1.231800,1.232100,D
173866852,EUR/USD,2005-08-03 08:34:04.000,1.231900,1.232200,D
173866856,EUR/USD,2005-08-03 08:34:04.000,1.231800,1.232100,D
173866884,EUR/USD,2005-08-03 08:34:17.000,1.231900,1.232200,D
173866897,EUR/USD,2005-08-03 08:34:21.000,1.232000,1.232300,D
173866910,EUR/USD,2005-08-03 08:34:24.000,1.231900,1.232200,D
173866940,EUR/USD,2005-08-03 08:34:43.000,1.232000,1.232300,D
173866977,EUR/USD,2005-08-03 08:34:49.000,1.232100,1.232400,D
173866991,EUR/USD,2005-08-03 08:34:51.000,1.232200,1.232500,D
173867019,EUR/USD,2005-08-03 08:34:56.000,1.232300,1.232600,D
173867025,EUR/USD,2005-08-03 08:34:56.000,1.232200,1.232500,D
173867033,EUR/USD,2005-08-03 08:34:58.000,1.232100,1.232400,D
173867036,EUR/USD,2005-08-03 08:34:58.000,1.232000,1.232300,D
173867076,EUR/USD,2005-08-03 08:35:04.000,1.231900,1.232200,D
173867090,EUR/USD,2005-08-03 08:35:07.000,1.232000,1.232300,D
173867115,EUR/USD,2005-08-03 08:35:17.000,1.231900,1.232200,D
173867137,EUR/USD,2005-08-03 08:35:20.000,1.231800,1.232100,D
173867152,EUR/USD,2005-08-03 08:35:27.000,1.231700,1.232000,D
173867155,EUR/USD,2005-08-03 08:35:27.000,1.231800,1.232100,D
173867167,EUR/USD,2005-08-03 08:35:28.000,1.231700,1.232000,D
173867179,EUR/USD,2005-08-03 08:35:30.000,1.231800,1.232100,D
173867193,EUR/USD,2005-08-03 08:35:38.000,1.231900,1.232200,D
173867236,EUR/USD,2005-08-03 08:35:55.000,1.231800,1.232100,D
173867250,EUR/USD,2005-08-03 08:35:58.000,1.231900,1.232200,D
173867254,EUR/USD,2005-08-03 08:35:59.000,1.231800,1.232100,D
173867269,EUR/USD,2005-08-03 08:36:06.000,1.231900,1.232200,D
173867283,EUR/USD,2005-08-03 08:36:09.000,1.231800,1.232100,D
173867305,EUR/USD,2005-08-03 08:36:13.000,1.231900,1.232200,D
173867315,EUR/USD,2005-08-03 08:36:16.000,1.232000,1.232300,D
173867317,EUR/USD,2005-08-03 08:36:17.000,1.231900,1.232200,D
173867323,EUR/USD,2005-08-03 08:36:18.000,1.232000,1.232300,D
173867326,EUR/USD,2005-08-03 08:36:19.000,1.231900,1.232200,D
173867334,EUR/USD,2005-08-03 08:36:23.000,1.232000,1.232300,D
173867341,EUR/USD,2005-08-03 08:36:25.000,1.231900,1.232200,D
173867351,EUR/USD,2005-08-03 08:36:27.000,1.232000,1.232300,D
173867383,EUR/USD,2005-08-03 08:36:35.000,1.231900,1.232200,D
173867387,EUR/USD,2005-08-03 08:36:37.000,1.232000,1.232300,D
173867397,EUR/USD,2005-08-03 08:36:41.000,1.231900,1.232200,D
173867403,EUR/USD,2005-08-03 08:36:44.000,1.231800,1.232100,D
173867482,EUR/USD,2005-08-03 08:37:20.000,1.231600,1.231900,D
173867484,EUR/USD,2005-08-03 08:37:21.000,1.231500,1.231800,D
173867495,EUR/USD,2005-08-03 08:37:25.000,1.231400,1.231700,D
173867505,EUR/USD,2005-08-03 08:37:26.000,1.231500,1.231800,D
173867522,EUR/USD,2005-08-03 08:37:28.000,1.231600,1.231900,D
173867526,EUR/USD,2005-08-03 08:37:28.000,1.231400,1.231700,D
173867553,EUR/USD,2005-08-03 08:37:40.000,1.231500,1.231800,D
173867556,EUR/USD,2005-08-03 08:37:41.000,1.231400,1.231700,D
173867675,EUR/USD,2005-08-03 08:38:55.000,1.231500,1.231800,D
173867686,EUR/USD,2005-08-03 08:39:01.000,1.231600,1.231900,D
173867781,EUR/USD,2005-08-03 08:39:35.000,1.231500,1.231800,D
173867805,EUR/USD,2005-08-03 08:39:48.000,1.231400,1.231700,D
173867806,EUR/USD,2005-08-03 08:39:48.000,1.231500,1.231800,D
173867824,EUR/USD,2005-08-03 08:39:51.000,1.231400,1.231700,D
173867842,EUR/USD,2005-08-03 08:39:56.000,1.231500,1.231800,D
173867868,EUR/USD,2005-08-03 08:40:01.000,1.231600,1.231900,D
173867888,EUR/USD,2005-08-03 08:40:03.000,1.231500,1.231800,D
173867889,EUR/USD,2005-08-03 08:40:03.000,1.231600,1.231900,D
173867912,EUR/USD,2005-08-03 08:40:06.000,1.231700,1.232000,D
173867946,EUR/USD,2005-08-03 08:40:11.000,1.231800,1.232100,D
173867959,EUR/USD,2005-08-03 08:40:14.000,1.231900,1.232200,D
173867976,EUR/USD,2005-08-03 08:40:17.000,1.231800,1.232100,D
173867991,EUR/USD,2005-08-03 08:40:21.000,1.231700,1.232000,D
173868010,EUR/USD,2005-08-03 08:40:26.000,1.231800,1.232100,D
173868015,EUR/USD,2005-08-03 08:40:27.000,1.231700,1.232000,D
173868023,EUR/USD,2005-08-03 08:40:30.000,1.231800,1.232100,D
173868027,EUR/USD,2005-08-03 08:40:33.000,1.231700,1.232000,D
173868087,EUR/USD,2005-08-03 08:40:59.000,1.231800,1.232100,D
173868094,EUR/USD,2005-08-03 08:41:00.000,1.231700,1.232000,D
173868100,EUR/USD,2005-08-03 08:41:03.000,1.231800,1.232100,D
173868106,EUR/USD,2005-08-03 08:41:04.000,1.231900,1.232200,D
173868133,EUR/USD,2005-08-03 08:41:27.000,1.231800,1.232100,D
173868162,EUR/USD,2005-08-03 08:41:32.000,1.231700,1.232000,D
173868168,EUR/USD,2005-08-03 08:41:33.000,1.231800,1.232100,D
173868180,EUR/USD,2005-08-03 08:41:34.000,1.231700,1.232000,D
173868207,EUR/USD,2005-08-03 08:41:42.000,1.231800,1.232100,D
173868211,EUR/USD,2005-08-03 08:41:43.000,1.231900,1.232200,D
173868263,EUR/USD,2005-08-03 08:41:56.000,1.231800,1.232100,D
173868339,EUR/USD,2005-08-03 08:42:38.000,1.231700,1.232000,D
173868374,EUR/USD,2005-08-03 08:42:55.000,1.231800,1.232100,D
173868400,EUR/USD,2005-08-03 08:43:00.000,1.231900,1.232200,D
173868445,EUR/USD,2005-08-03 08:43:17.000,1.232000,1.232300,D
173868450,EUR/USD,2005-08-03 08:43:19.000,1.232100,1.232400,D
173868463,EUR/USD,2005-08-03 08:43:22.000,1.232200,1.232500,D
173868466,EUR/USD,2005-08-03 08:43:23.000,1.232100,1.232400,D
173868475,EUR/USD,2005-08-03 08:43:26.000,1.232200,1.232500,D
173868490,EUR/USD,2005-08-03 08:43:29.000,1.232300,1.232600,D
173868494,EUR/USD,2005-08-03 08:43:31.000,1.232400,1.232700,D
173868502,EUR/USD,2005-08-03 08:43:31.000,1.232500,1.232800,D
173868516,EUR/USD,2005-08-03 08:43:34.000,1.232400,1.232700,D
173868555,EUR/USD,2005-08-03 08:43:40.000,1.232300,1.232600,D
173868582,EUR/USD,2005-08-03 08:43:47.000,1.232400,1.232700,D
173868584,EUR/USD,2005-08-03 08:43:48.000,1.232300,1.232600,D
173868629,EUR/USD,2005-08-03 08:44:05.000,1.232400,1.232700,D
173868642,EUR/USD,2005-08-03 08:44:07.000,1.232300,1.232600,D
173868728,EUR/USD,2005-08-03 08:44:29.000,1.232200,1.232500,D
173868743,EUR/USD,2005-08-03 08:44:31.000,1.232100,1.232400,D
173868777,EUR/USD,2005-08-03 08:44:37.000,1.232000,1.232300,D
173868804,EUR/USD,2005-08-03 08:44:44.000,1.232100,1.232400,D
173868810,EUR/USD,2005-08-03 08:44:45.000,1.232000,1.232300,D
173868813,EUR/USD,2005-08-03 08:44:46.000,1.232100,1.232400,D
173868829,EUR/USD,2005-08-03 08:44:48.000,1.232000,1.232300,D
173868832,EUR/USD,2005-08-03 08:44:48.000,1.232100,1.232400,D
173868854,EUR/USD,2005-08-03 08:44:50.000,1.232200,1.232500,D
173868864,EUR/USD,2005-08-03 08:44:52.000,1.232100,1.232400,D
173868868,EUR/USD,2005-08-03 08:44:53.000,1.232200,1.232500,D
173868877,EUR/USD,2005-08-03 08:44:55.000,1.232300,1.232600,D
173868884,EUR/USD,2005-08-03 08:44:55.000,1.232200,1.232500,D
173868891,EUR/USD,2005-08-03 08:44:56.000,1.232300,1.232600,D
173868894,EUR/USD,2005-08-03 08:44:57.000,1.232200,1.232500,D
173868906,EUR/USD,2005-08-03 08:45:01.000,1.232100,1.232400,D
173868912,EUR/USD,2005-08-03 08:45:02.000,1.232200,1.232500,D
173868937,EUR/USD,2005-08-03 08:45:08.000,1.232100,1.232400,D
173868975,EUR/USD,2005-08-03 08:45:17.000,1.232000,1.232300,D
173868979,EUR/USD,2005-08-03 08:45:17.000,1.232100,1.232400,D
173868983,EUR/USD,2005-08-03 08:45:19.000,1.232000,1.232300,D
173869002,EUR/USD,2005-08-03 08:45:23.000,1.231900,1.232200,D
173869019,EUR/USD,2005-08-03 08:45:28.000,1.232000,1.232300,D
173869046,EUR/USD,2005-08-03 08:45:35.000,1.231900,1.232200,D
173869080,EUR/USD,2005-08-03 08:45:46.000,1.232000,1.232300,D
173869097,EUR/USD,2005-08-03 08:45:49.000,1.232100,1.232400,D
173869099,EUR/USD,2005-08-03 08:45:50.000,1.232000,1.232300,D
173869111,EUR/USD,2005-08-03 08:45:55.000,1.232100,1.232400,D
173869153,EUR/USD,2005-08-03 08:46:05.000,1.232200,1.232500,D
173869155,EUR/USD,2005-08-03 08:46:06.000,1.232100,1.232400,D
173869198,EUR/USD,2005-08-03 08:46:18.000,1.232200,1.232500,D
173869218,EUR/USD,2005-08-03 08:46:21.000,1.232300,1.232600,D
173869226,EUR/USD,2005-08-03 08:46:22.000,1.232200,1.232500,D
173869237,EUR/USD,2005-08-03 08:46:23.000,1.232300,1.232600,D
173869246,EUR/USD,2005-08-03 08:46:26.000,1.232400,1.232700,D
173869265,EUR/USD,2005-08-03 08:46:29.000,1.232500,1.232800,D
173869295,EUR/USD,2005-08-03 08:46:33.000,1.232400,1.232700,D
173869324,EUR/USD,2005-08-03 08:46:39.000,1.232300,1.232600,D
173869351,EUR/USD,2005-08-03 08:46:43.000,1.232400,1.232700,D
173869354,EUR/USD,2005-08-03 08:46:43.000,1.232300,1.232600,D
173869368,EUR/USD,2005-08-03 08:46:45.000,1.232400,1.232700,D
173869390,EUR/USD,2005-08-03 08:46:52.000,1.232300,1.232600,D
173869418,EUR/USD,2005-08-03 08:46:59.000,1.232200,1.232500,D
173869455,EUR/USD,2005-08-03 08:47:06.000,1.232300,1.232600,D
173869461,EUR/USD,2005-08-03 08:47:06.000,1.232200,1.232500,D
173869470,EUR/USD,2005-08-03 08:47:08.000,1.232100,1.232400,D
173869489,EUR/USD,2005-08-03 08:47:16.000,1.232200,1.232500,D
173869517,EUR/USD,2005-08-03 08:47:24.000,1.232300,1.232600,D
173869545,EUR/USD,2005-08-03 08:47:28.000,1.232400,1.232700,D
173869560,EUR/USD,2005-08-03 08:47:31.000,1.232500,1.232800,D
173869565,EUR/USD,2005-08-03 08:47:32.000,1.232400,1.232700,D
173869573,EUR/USD,2005-08-03 08:47:33.000,1.232500,1.232800,D
173869585,EUR/USD,2005-08-03 08:47:35.000,1.232400,1.232700,D
173869605,EUR/USD,2005-08-03 08:47:39.000,1.232300,1.232600,D
173869625,EUR/USD,2005-08-03 08:47:44.000,1.232400,1.232700,D
173869629,EUR/USD,2005-08-03 08:47:45.000,1.232300,1.232600,D
173869635,EUR/USD,2005-08-03 08:47:46.000,1.232400,1.232700,D
173869700,EUR/USD,2005-08-03 08:48:05.000,1.232500,1.232800,D
173869711,EUR/USD,2005-08-03 08:48:06.000,1.232400,1.232700,D
173869713,EUR/USD,2005-08-03 08:48:06.000,1.232300,1.232600,D
173869721,EUR/USD,2005-08-03 08:48:07.000,1.232400,1.232700,D
173869731,EUR/USD,2005-08-03 08:48:08.000,1.232500,1.232800,D
173869746,EUR/USD,2005-08-03 08:48:11.000,1.232600,1.232900,D
173869782,EUR/USD,2005-08-03 08:48:18.000,1.232500,1.232800,D
173869814,EUR/USD,2005-08-03 08:48:22.000,1.232400,1.232700,D
173869828,EUR/USD,2005-08-03 08:48:23.000,1.232500,1.232800,D
173869839,EUR/USD,2005-08-03 08:48:24.000,1.232400,1.232700,D
173869847,EUR/USD,2005-08-03 08:48:25.000,1.232500,1.232800,D
173869868,EUR/USD,2005-08-03 08:48:30.000,1.232600,1.232900,D
173869879,EUR/USD,2005-08-03 08:48:32.000,1.232500,1.232800,D
173869889,EUR/USD,2005-08-03 08:48:34.000,1.232600,1.232900,D
173869904,EUR/USD,2005-08-03 08:48:37.000,1.232500,1.232800,D
173869953,EUR/USD,2005-08-03 08:48:49.000,1.232400,1.232700,D
173869980,EUR/USD,2005-08-03 08:48:55.000,1.232300,1.232600,D
173869984,EUR/USD,2005-08-03 08:48:55.000,1.232400,1.232700,D
173869992,EUR/USD,2005-08-03 08:48:56.000,1.232300,1.232600,D
173869996,EUR/USD,2005-08-03 08:48:56.000,1.232400,1.232700,D
173870009,EUR/USD,2005-08-03 08:48:59.000,1.232500,1.232800,D
173870018,EUR/USD,2005-08-03 08:49:00.000,1.232400,1.232700,D
173870041,EUR/USD,2005-08-03 08:49:09.000,1.232300,1.232600,D
173870042,EUR/USD,2005-08-03 08:49:09.000,1.232400,1.232700,D
173870047,EUR/USD,2005-08-03 08:49:09.000,1.232500,1.232800,D
173870057,EUR/USD,2005-08-03 08:49:11.000,1.232400,1.232700,D
173870061,EUR/USD,2005-08-03 08:49:12.000,1.232500,1.232800,D
173870064,EUR/USD,2005-08-03 08:49:13.000,1.232400,1.232700,D
173870080,EUR/USD,2005-08-03 08:49:16.000,1.232300,1.232600,D
173870088,EUR/USD,2005-08-03 08:49:18.000,1.232400,1.232700,D
173870094,EUR/USD,2005-08-03 08:49:19.000,1.232300,1.232600,D
173870193,EUR/USD,2005-08-03 08:49:42.000,1.232400,1.232700,D
173870217,EUR/USD,2005-08-03 08:49:48.000,1.232500,1.232800,D
173870224,EUR/USD,2005-08-03 08:49:49.000,1.232400,1.232700,D
173870238,EUR/USD,2005-08-03 08:49:53.000,1.232500,1.232800,D
173870243,EUR/USD,2005-08-03 08:49:53.000,1.232400,1.232700,D
173870247,EUR/USD,2005-08-03 08:49:54.000,1.232500,1.232800,D
173870288,EUR/USD,2005-08-03 08:49:58.000,1.232600,1.232900,D
173870316,EUR/USD,2005-08-03 08:50:02.000,1.232500,1.232800,D
173870322,EUR/USD,2005-08-03 08:50:03.000,1.232600,1.232900,D
173870328,EUR/USD,2005-08-03 08:50:04.000,1.232500,1.232800,D
173870396,EUR/USD,2005-08-03 08:50:28.000,1.232600,1.232900,D
173870409,EUR/USD,2005-08-03 08:50:29.000,1.232500,1.232800,D
173870412,EUR/USD,2005-08-03 08:50:29.000,1.232600,1.232900,D
173870441,EUR/USD,2005-08-03 08:50:37.000,1.232700,1.233000,D
173870450,EUR/USD,2005-08-03 08:50:38.000,1.232600,1.232900,D
173870481,EUR/USD,2005-08-03 08:50:44.000,1.232500,1.232800,D
173870484,EUR/USD,2005-08-03 08:50:45.000,1.232600,1.232900,D
173870490,EUR/USD,2005-08-03 08:50:46.000,1.232500,1.232800,D
173870493,EUR/USD,2005-08-03 08:50:46.000,1.232600,1.232900,D
173870497,EUR/USD,2005-08-03 08:50:47.000,1.232500,1.232800,D
173870504,EUR/USD,2005-08-03 08:50:48.000,1.232600,1.232900,D
173870516,EUR/USD,2005-08-03 08:50:50.000,1.232500,1.232800,D
173870520,EUR/USD,2005-08-03 08:50:51.000,1.232600,1.232900,D
173870534,EUR/USD,2005-08-03 08:50:54.000,1.232500,1.232800,D
173870546,EUR/USD,2005-08-03 08:50:58.000,1.232400,1.232700,D
173870560,EUR/USD,2005-08-03 08:51:01.000,1.232500,1.232800,D
173870569,EUR/USD,2005-08-03 08:51:02.000,1.232400,1.232700,D
173870605,EUR/USD,2005-08-03 08:51:13.000,1.232500,1.232800,D
173870625,EUR/USD,2005-08-03 08:51:17.000,1.232600,1.232900,D
173870628,EUR/USD,2005-08-03 08:51:18.000,1.232500,1.232800,D
173870631,EUR/USD,2005-08-03 08:51:19.000,1.232600,1.232900,D
173870642,EUR/USD,2005-08-03 08:51:24.000,1.232500,1.232800,D
173870645,EUR/USD,2005-08-03 08:51:24.000,1.232400,1.232700,D
173870663,EUR/USD,2005-08-03 08:51:28.000,1.232500,1.232800,D
173870698,EUR/USD,2005-08-03 08:51:36.000,1.232400,1.232700,D
173870704,EUR/USD,2005-08-03 08:51:37.000,1.232500,1.232800,D
173870711,EUR/USD,2005-08-03 08:51:38.000,1.232600,1.232900,D
173870758,EUR/USD,2005-08-03 08:51:55.000,1.232500,1.232800,D
173870762,EUR/USD,2005-08-03 08:51:57.000,1.232600,1.232900,D
173870764,EUR/USD,2005-08-03 08:51:58.000,1.232500,1.232800,D
173870768,EUR/USD,2005-08-03 08:52:00.000,1.232400,1.232700,D
173870783,EUR/USD,2005-08-03 08:52:03.000,1.232500,1.232800,D
173870793,EUR/USD,2005-08-03 08:52:06.000,1.232400,1.232700,D
173870813,EUR/USD,2005-08-03 08:52:09.000,1.232300,1.232600,D
173870816,EUR/USD,2005-08-03 08:52:09.000,1.232400,1.232700,D
173870823,EUR/USD,2005-08-03 08:52:11.000,1.232300,1.232600,D
173870843,EUR/USD,2005-08-03 08:52:15.000,1.232200,1.232500,D
173870869,EUR/USD,2005-08-03 08:52:20.000,1.232300,1.232600,D
173870871,EUR/USD,2005-08-03 08:52:20.000,1.232400,1.232700,D
173870876,EUR/USD,2005-08-03 08:52:21.000,1.232300,1.232600,D
173870914,EUR/USD,2005-08-03 08:52:29.000,1.232200,1.232500,D
173870917,EUR/USD,2005-08-03 08:52:30.000,1.232300,1.232600,D
173870949,EUR/USD,2005-08-03 08:52:39.000,1.232400,1.232700,D
173870956,EUR/USD,2005-08-03 08:52:39.000,1.232300,1.232600,D
173870960,EUR/USD,2005-08-03 08:52:41.000,1.232400,1.232700,D
173870968,EUR/USD,2005-08-03 08:52:44.000,1.232300,1.232600,D
173870981,EUR/USD,2005-08-03 08:52:47.000,1.232400,1.232700,D
173870987,EUR/USD,2005-08-03 08:52:50.000,1.232300,1.232600,D
173871003,EUR/USD,2005-08-03 08:52:53.000,1.232400,1.232700,D
173871011,EUR/USD,2005-08-03 08:52:55.000,1.232300,1.232600,D
173871033,EUR/USD,2005-08-03 08:53:01.000,1.232400,1.232700,D
173871063,EUR/USD,2005-08-03 08:53:18.000,1.232300,1.232600,D
173871095,EUR/USD,2005-08-03 08:53:36.000,1.232200,1.232500,D
173871138,EUR/USD,2005-08-03 08:53:53.000,1.232300,1.232600,D
173871162,EUR/USD,2005-08-03 08:54:02.000,1.232400,1.232700,D
173871168,EUR/USD,2005-08-03 08:54:03.000,1.232300,1.232600,D
173871175,EUR/USD,2005-08-03 08:54:03.000,1.232400,1.232700,D
173871181,EUR/USD,2005-08-03 08:54:04.000,1.232300,1.232600,D
173871191,EUR/USD,2005-08-03 08:54:06.000,1.232400,1.232700,D
173871212,EUR/USD,2005-08-03 08:54:18.000,1.232300,1.232600,D
173871235,EUR/USD,2005-08-03 08:54:22.000,1.232200,1.232500,D
173871248,EUR/USD,2005-08-03 08:54:23.000,1.232300,1.232600,D
173871277,EUR/USD,2005-08-03 08:54:27.000,1.232400,1.232700,D
173871285,EUR/USD,2005-08-03 08:54:28.000,1.232300,1.232600,D
173871303,EUR/USD,2005-08-03 08:54:33.000,1.232400,1.232700,D
173871312,EUR/USD,2005-08-03 08:54:34.000,1.232300,1.232600,D
173871355,EUR/USD,2005-08-03 08:55:13.000,1.232200,1.232500,D
173871393,EUR/USD,2005-08-03 08:55:30.000,1.232100,1.232400,D
173871402,EUR/USD,2005-08-03 08:55:33.000,1.232200,1.232500,D
173871410,EUR/USD,2005-08-03 08:55:35.000,1.232100,1.232400,D
173871416,EUR/USD,2005-08-03 08:55:37.000,1.232200,1.232500,D
173871433,EUR/USD,2005-08-03 08:55:40.000,1.232100,1.232400,D
173871470,EUR/USD,2005-08-03 08:55:58.000,1.232000,1.232300,D
173871507,EUR/USD,2005-08-03 08:56:24.000,1.231900,1.232200,D
173871578,EUR/USD,2005-08-03 08:56:50.000,1.232000,1.232300,D
173871591,EUR/USD,2005-08-03 08:56:56.000,1.231900,1.232200,D
173871603,EUR/USD,2005-08-03 08:57:04.000,1.231800,1.232100,D
173871613,EUR/USD,2005-08-03 08:57:08.000,1.231700,1.232000,D
173871621,EUR/USD,2005-08-03 08:57:09.000,1.231800,1.232100,D
173871628,EUR/USD,2005-08-03 08:57:10.000,1.231700,1.232000,D
173871630,EUR/USD,2005-08-03 08:57:10.000,1.231800,1.232100,D
173871653,EUR/USD,2005-08-03 08:57:15.000,1.231900,1.232200,D
173871672,EUR/USD,2005-08-03 08:57:17.000,1.231800,1.232100,D
173871688,EUR/USD,2005-08-03 08:57:20.000,1.231900,1.232200,D
173871698,EUR/USD,2005-08-03 08:57:22.000,1.231800,1.232100,D
173871708,EUR/USD,2005-08-03 08:57:23.000,1.231900,1.232200,D
173871715,EUR/USD,2005-08-03 08:57:24.000,1.231800,1.232100,D
173871720,EUR/USD,2005-08-03 08:57:25.000,1.231900,1.232200,D
173871724,EUR/USD,2005-08-03 08:57:29.000,1.231800,1.232100,D
173871730,EUR/USD,2005-08-03 08:57:30.000,1.231900,1.232200,D
173871739,EUR/USD,2005-08-03 08:57:35.000,1.231800,1.232100,D
173871756,EUR/USD,2005-08-03 08:57:50.000,1.231900,1.232200,D
173871761,EUR/USD,2005-08-03 08:57:52.000,1.231800,1.232100,D
173871765,EUR/USD,2005-08-03 08:57:53.000,1.231900,1.232200,D
173871779,EUR/USD,2005-08-03 08:58:06.000,1.231800,1.232100,D
173871795,EUR/USD,2005-08-03 08:58:11.000,1.231700,1.232000,D
173871816,EUR/USD,2005-08-03 08:58:19.000,1.231600,1.231900,D
173871833,EUR/USD,2005-08-03 08:58:24.000,1.231700,1.232000,D
173871837,EUR/USD,2005-08-03 08:58:25.000,1.231600,1.231900,D
173871869,EUR/USD,2005-08-03 08:58:33.000,1.231500,1.231800,D
173871894,EUR/USD,2005-08-03 08:58:43.000,1.231400,1.231700,D
173871911,EUR/USD,2005-08-03 08:58:46.000,1.231300,1.231600,D
173871967,EUR/USD,2005-08-03 08:58:50.000,1.231200,1.231500,D
173871987,EUR/USD,2005-08-03 08:58:52.000,1.231100,1.231400,D
173872026,EUR/USD,2005-08-03 08:58:57.000,1.231200,1.231500,D
173872031,EUR/USD,2005-08-03 08:58:58.000,1.231100,1.231400,D
173872055,EUR/USD,2005-08-03 08:59:01.000,1.231000,1.231300,D
173872076,EUR/USD,2005-08-03 08:59:05.000,1.231100,1.231400,D
173872181,EUR/USD,2005-08-03 08:59:38.000,1.231000,1.231300,D
173872235,EUR/USD,2005-08-03 08:59:52.000,1.231100,1.231400,D
173872247,EUR/USD,2005-08-03 08:59:54.000,1.231200,1.231500,D
173872290,EUR/USD,2005-08-03 09:00:01.000,1.231100,1.231400,D
173872318,EUR/USD,2005-08-03 09:00:10.000,1.231200,1.231500,D
173872320,EUR/USD,2005-08-03 09:00:10.000,1.231100,1.231400,D
173872322,EUR/USD,2005-08-03 09:00:11.000,1.231200,1.231500,D
173872332,EUR/USD,2005-08-03 09:00:15.000,1.231100,1.231400,D
173872335,EUR/USD,2005-08-03 09:00:15.000,1.231200,1.231500,D
173872337,EUR/USD,2005-08-03 09:00:16.000,1.231100,1.231400,D
173872360,EUR/USD,2005-08-03 09:00:30.000,1.231200,1.231500,D
173872407,EUR/USD,2005-08-03 09:00:45.000,1.231100,1.231400,D
173872419,EUR/USD,2005-08-03 09:00:47.000,1.231200,1.231500,D
173872429,EUR/USD,2005-08-03 09:00:50.000,1.231300,1.231600,D
173872432,EUR/USD,2005-08-03 09:00:51.000,1.231200,1.231500,D
173872444,EUR/USD,2005-08-03 09:00:52.000,1.231300,1.231600,D
173872460,EUR/USD,2005-08-03 09:00:55.000,1.231400,1.231700,D
173872464,EUR/USD,2005-08-03 09:00:56.000,1.231300,1.231600,D
173872478,EUR/USD,2005-08-03 09:01:01.000,1.231200,1.231500,D
173872498,EUR/USD,2005-08-03 09:01:03.000,1.231300,1.231600,D
173872503,EUR/USD,2005-08-03 09:01:04.000,1.231200,1.231500,D
173872518,EUR/USD,2005-08-03 09:01:06.000,1.231300,1.231600,D
173872526,EUR/USD,2005-08-03 09:01:07.000,1.231200,1.231500,D
173872570,EUR/USD,2005-08-03 09:01:17.000,1.231100,1.231400,D
173872577,EUR/USD,2005-08-03 09:01:18.000,1.231200,1.231500,D
173872588,EUR/USD,2005-08-03 09:01:21.000,1.231100,1.231400,D
173872591,EUR/USD,2005-08-03 09:01:22.000,1.231200,1.231500,D
173872608,EUR/USD,2005-08-03 09:01:27.000,1.231100,1.231400,D
173872619,EUR/USD,2005-08-03 09:01:29.000,1.231200,1.231500,D
173872625,EUR/USD,2005-08-03 09:01:30.000,1.231100,1.231400,D
173872636,EUR/USD,2005-08-03 09:01:32.000,1.231200,1.231500,D
173872654,EUR/USD,2005-08-03 09:01:39.000,1.231300,1.231600,D
173872668,EUR/USD,2005-08-03 09:01:47.000,1.231200,1.231500,D
173872683,EUR/USD,2005-08-03 09:01:52.000,1.231100,1.231400,D
173872700,EUR/USD,2005-08-03 09:01:57.000,1.231000,1.231300,D
173872708,EUR/USD,2005-08-03 09:01:59.000,1.230900,1.231200,D
173872755,EUR/USD,2005-08-03 09:02:05.000,1.231000,1.231300,D
173872787,EUR/USD,2005-08-03 09:02:16.000,1.231100,1.231400,D
173872798,EUR/USD,2005-08-03 09:02:20.000,1.231000,1.231300,D
173872813,EUR/USD,2005-08-03 09:02:25.000,1.230900,1.231200,D
173872835,EUR/USD,2005-08-03 09:02:34.000,1.231000,1.231300,D
173872865,EUR/USD,2005-08-03 09:02:44.000,1.231100,1.231400,D
173872876,EUR/USD,2005-08-03 09:02:47.000,1.231200,1.231500,D
173872891,EUR/USD,2005-08-03 09:02:50.000,1.231300,1.231600,D
173872904,EUR/USD,2005-08-03 09:02:52.000,1.231400,1.231700,D
173872917,EUR/USD,2005-08-03 09:02:53.000,1.231300,1.231600,D
173872922,EUR/USD,2005-08-03 09:02:54.000,1.231400,1.231700,D
173872953,EUR/USD,2005-08-03 09:03:02.000,1.231300,1.231600,D
173872959,EUR/USD,2005-08-03 09:03:02.000,1.231400,1.231700,D
173872989,EUR/USD,2005-08-03 09:03:10.000,1.231300,1.231600,D
173873018,EUR/USD,2005-08-03 09:03:15.000,1.231400,1.231700,D
173873027,EUR/USD,2005-08-03 09:03:17.000,1.231300,1.231600,D
173873035,EUR/USD,2005-08-03 09:03:20.000,1.231200,1.231500,D
173873043,EUR/USD,2005-08-03 09:03:21.000,1.231300,1.231600,D
173873054,EUR/USD,2005-08-03 09:03:27.000,1.231200,1.231500,D
173873111,EUR/USD,2005-08-03 09:03:45.000,1.231100,1.231400,D
173873136,EUR/USD,2005-08-03 09:04:00.000,1.231000,1.231300,D
173873164,EUR/USD,2005-08-03 09:04:09.000,1.231100,1.231400,D
173873179,EUR/USD,2005-08-03 09:04:15.000,1.231000,1.231300,D
173873181,EUR/USD,2005-08-03 09:04:16.000,1.231100,1.231400,D
173873192,EUR/USD,2005-08-03 09:04:20.000,1.231000,1.231300,D
173873217,EUR/USD,2005-08-03 09:04:26.000,1.230900,1.231200,D
173873229,EUR/USD,2005-08-03 09:04:29.000,1.230800,1.231100,D
173873240,EUR/USD,2005-08-03 09:04:31.000,1.230900,1.231200,D
173873249,EUR/USD,2005-08-03 09:04:32.000,1.230800,1.231100,D
173873253,EUR/USD,2005-08-03 09:04:34.000,1.230900,1.231200,D
173873257,EUR/USD,2005-08-03 09:04:35.000,1.230800,1.231100,D
173873290,EUR/USD,2005-08-03 09:04:44.000,1.230900,1.231200,D
173873310,EUR/USD,2005-08-03 09:04:51.000,1.230800,1.231100,D
173873315,EUR/USD,2005-08-03 09:04:52.000,1.230900,1.231200,D
173873324,EUR/USD,2005-08-03 09:04:54.000,1.230800,1.231100,D
173873413,EUR/USD,2005-08-03 09:05:14.000,1.230700,1.231000,D
173873440,EUR/USD,2005-08-03 09:05:16.000,1.230600,1.230900,D
173873482,EUR/USD,2005-08-03 09:05:23.000,1.230700,1.231000,D
173873513,EUR/USD,2005-08-03 09:05:30.000,1.230800,1.231100,D
173873518,EUR/USD,2005-08-03 09:05:30.000,1.230700,1.231000,D
173873541,EUR/USD,2005-08-03 09:05:36.000,1.230800,1.231100,D
173873549,EUR/USD,2005-08-03 09:05:38.000,1.230700,1.231000,D
173873564,EUR/USD,2005-08-03 09:05:42.000,1.230800,1.231100,D
173873613,EUR/USD,2005-08-03 09:05:47.000,1.230700,1.231000,D
173873637,EUR/USD,2005-08-03 09:05:51.000,1.230800,1.231100,D
173873643,EUR/USD,2005-08-03 09:05:52.000,1.230700,1.231000,D
173873648,EUR/USD,2005-08-03 09:05:53.000,1.230800,1.231100,D
173873749,EUR/USD,2005-08-03 09:06:26.000,1.230900,1.231200,D
173873761,EUR/USD,2005-08-03 09:06:27.000,1.230800,1.231100,D
173873770,EUR/USD,2005-08-03 09:06:28.000,1.230900,1.231200,D
173873799,EUR/USD,2005-08-03 09:06:36.000,1.231000,1.231300,D
173873829,EUR/USD,2005-08-03 09:06:42.000,1.230900,1.231200,D
173873862,EUR/USD,2005-08-03 09:06:55.000,1.231000,1.231300,D
173873881,EUR/USD,2005-08-03 09:07:02.000,1.230900,1.231200,D
173873891,EUR/USD,2005-08-03 09:07:04.000,1.231000,1.231300,D
173873913,EUR/USD,2005-08-03 09:07:08.000,1.231100,1.231400,D
173873916,EUR/USD,2005-08-03 09:07:09.000,1.231000,1.231300,D
173873920,EUR/USD,2005-08-03 09:07:09.000,1.231100,1.231400,D
173873924,EUR/USD,2005-08-03 09:07:10.000,1.231000,1.231300,D
173873934,EUR/USD,2005-08-03 09:07:12.000,1.230900,1.231200,D
173873957,EUR/USD,2005-08-03 09:07:16.000,1.231000,1.231300,D
173873963,EUR/USD,2005-08-03 09:07:18.000,1.230900,1.231200,D
173873964,EUR/USD,2005-08-03 09:07:18.000,1.231000,1.231300,D
173873972,EUR/USD,2005-08-03 09:07:20.000,1.230900,1.231200,D
173873982,EUR/USD,2005-08-03 09:07:30.000,1.230800,1.231100,D
173873987,EUR/USD,2005-08-03 09:07:30.000,1.230900,1.231200,D
173873992,EUR/USD,2005-08-03 09:07:31.000,1.230800,1.231100,D
173873996,EUR/USD,2005-08-03 09:07:31.000,1.230900,1.231200,D
173874000,EUR/USD,2005-08-03 09:07:32.000,1.230800,1.231100,D
173874016,EUR/USD,2005-08-03 09:07:34.000,1.230900,1.231200,D
173874024,EUR/USD,2005-08-03 09:07:37.000,1.230800,1.231100,D
173874055,EUR/USD,2005-08-03 09:07:47.000,1.230700,1.231000,D
173874057,EUR/USD,2005-08-03 09:07:47.000,1.230800,1.231100,D
173874067,EUR/USD,2005-08-03 09:07:50.000,1.230700,1.231000,D
173874080,EUR/USD,2005-08-03 09:07:52.000,1.230800,1.231100,D
173874104,EUR/USD,2005-08-03 09:08:00.000,1.230700,1.231000,D
173874126,EUR/USD,2005-08-03 09:08:07.000,1.230600,1.230900,D
173874172,EUR/USD,2005-08-03 09:08:31.000,1.230700,1.231000,D
173874189,EUR/USD,2005-08-03 09:08:36.000,1.230800,1.231100,D
173874197,EUR/USD,2005-08-03 09:08:37.000,1.230900,1.231200,D
173874215,EUR/USD,2005-08-03 09:08:40.000,1.230800,1.231100,D
173874229,EUR/USD,2005-08-03 09:08:42.000,1.230900,1.231200,D
173874235,EUR/USD,2005-08-03 09:08:43.000,1.230800,1.231100,D
173874257,EUR/USD,2005-08-03 09:08:47.000,1.230700,1.231000,D
173874283,EUR/USD,2005-08-03 09:08:59.000,1.230800,1.231100,D
173874308,EUR/USD,2005-08-03 09:09:04.000,1.230700,1.231000,D
173874352,EUR/USD,2005-08-03 09:09:18.000,1.230800,1.231100,D
173874374,EUR/USD,2005-08-03 09:09:28.000,1.230900,1.231200,D
173874396,EUR/USD,2005-08-03 09:09:33.000,1.230800,1.231100,D
173874402,EUR/USD,2005-08-03 09:09:34.000,1.230900,1.231200,D
173874409,EUR/USD,2005-08-03 09:09:36.000,1.230800,1.231100,D
173874473,EUR/USD,2005-08-03 09:09:59.000,1.230700,1.231000,D
173874496,EUR/USD,2005-08-03 09:10:13.000,1.230800,1.231100,D
173874505,EUR/USD,2005-08-03 09:10:15.000,1.230700,1.231000,D
173874512,EUR/USD,2005-08-03 09:10:17.000,1.230800,1.231100,D
173874514,EUR/USD,2005-08-03 09:10:18.000,1.230700,1.231000,D
173874534,EUR/USD,2005-08-03 09:10:33.000,1.230800,1.231100,D
173874538,EUR/USD,2005-08-03 09:10:35.000,1.230700,1.231000,D
173874574,EUR/USD,2005-08-03 09:10:56.000,1.230800,1.231100,D
173874652,EUR/USD,2005-08-03 09:11:42.000,1.230900,1.231200,D
173874705,EUR/USD,2005-08-03 09:11:56.000,1.231000,1.231300,D
173874713,EUR/USD,2005-08-03 09:11:59.000,1.230900,1.231200,D
173874718,EUR/USD,2005-08-03 09:12:00.000,1.231000,1.231300,D
173874739,EUR/USD,2005-08-03 09:12:09.000,1.230900,1.231200,D
173874746,EUR/USD,2005-08-03 09:12:10.000,1.231000,1.231300,D
173874760,EUR/USD,2005-08-03 09:12:19.000,1.230900,1.231200,D
173874767,EUR/USD,2005-08-03 09:12:22.000,1.231000,1.231300,D
173874772,EUR/USD,2005-08-03 09:12:23.000,1.230900,1.231200,D
173874778,EUR/USD,2005-08-03 09:12:25.000,1.231000,1.231300,D
173874852,EUR/USD,2005-08-03 09:12:50.000,1.230900,1.231200,D
173874871,EUR/USD,2005-08-03 09:12:54.000,1.231000,1.231300,D
173874880,EUR/USD,2005-08-03 09:12:55.000,1.230900,1.231200,D
173874885,EUR/USD,2005-08-03 09:12:59.000,1.231000,1.231300,D
173874895,EUR/USD,2005-08-03 09:13:00.000,1.230900,1.231200,D
173874909,EUR/USD,2005-08-03 09:13:01.000,1.231000,1.231300,D
173874962,EUR/USD,2005-08-03 09:13:19.000,1.231100,1.231400,D
173874975,EUR/USD,2005-08-03 09:13:20.000,1.231200,1.231500,D
173874986,EUR/USD,2005-08-03 09:13:21.000,1.231100,1.231400,D
173874988,EUR/USD,2005-08-03 09:13:22.000,1.231200,1.231500,D
173875023,EUR/USD,2005-08-03 09:13:27.000,1.231300,1.231600,D
173875054,EUR/USD,2005-08-03 09:13:31.000,1.231200,1.231500,D
173875093,EUR/USD,2005-08-03 09:13:42.000,1.231100,1.231400,D
173875095,EUR/USD,2005-08-03 09:13:43.000,1.231200,1.231500,D
173875126,EUR/USD,2005-08-03 09:13:48.000,1.231100,1.231400,D
173875133,EUR/USD,2005-08-03 09:13:52.000,1.231200,1.231500,D
173875143,EUR/USD,2005-08-03 09:14:01.000,1.231300,1.231600,D
173875155,EUR/USD,2005-08-03 09:14:06.000,1.231400,1.231700,D
173875164,EUR/USD,2005-08-03 09:14:08.000,1.231300,1.231600,D
173875169,EUR/USD,2005-08-03 09:14:09.000,1.231400,1.231700,D
173875176,EUR/USD,2005-08-03 09:14:10.000,1.231300,1.231600,D
173875186,EUR/USD,2005-08-03 09:14:14.000,1.231400,1.231700,D
173875194,EUR/USD,2005-08-03 09:14:14.000,1.231300,1.231600,D
173875238,EUR/USD,2005-08-03 09:14:21.000,1.231200,1.231500,D
173875271,EUR/USD,2005-08-03 09:14:26.000,1.231300,1.231600,D
173875277,EUR/USD,2005-08-03 09:14:27.000,1.231200,1.231500,D
173875307,EUR/USD,2005-08-03 09:14:35.000,1.231100,1.231400,D
173875309,EUR/USD,2005-08-03 09:14:36.000,1.231000,1.231300,D
173875336,EUR/USD,2005-08-03 09:14:40.000,1.230900,1.231200,D
173875387,EUR/USD,2005-08-03 09:14:56.000,1.231000,1.231300,D
173875395,EUR/USD,2005-08-03 09:14:58.000,1.230900,1.231200,D
173875406,EUR/USD,2005-08-03 09:15:01.000,1.230800,1.231100,D
173875412,EUR/USD,2005-08-03 09:15:02.000,1.230900,1.231200,D
173875448,EUR/USD,2005-08-03 09:15:10.000,1.230800,1.231100,D
173875462,EUR/USD,2005-08-03 09:15:12.000,1.230900,1.231200,D
173875479,EUR/USD,2005-08-03 09:15:14.000,1.230800,1.231100,D
173875498,EUR/USD,2005-08-03 09:15:27.000,1.230900,1.231200,D
173875501,EUR/USD,2005-08-03 09:15:28.000,1.230800,1.231100,D
173875515,EUR/USD,2005-08-03 09:15:30.000,1.230900,1.231200,D
173875519,EUR/USD,2005-08-03 09:15:31.000,1.230800,1.231100,D
173875529,EUR/USD,2005-08-03 09:15:33.000,1.230700,1.231000,D
173875577,EUR/USD,2005-08-03 09:15:58.000,1.230600,1.230900,D
173875592,EUR/USD,2005-08-03 09:15:59.000,1.230700,1.231000,D
173875634,EUR/USD,2005-08-03 09:16:17.000,1.230800,1.231100,D
173875689,EUR/USD,2005-08-03 09:16:35.000,1.230700,1.231000,D
173875698,EUR/USD,2005-08-03 09:16:38.000,1.230800,1.231100,D
173875732,EUR/USD,2005-08-03 09:16:54.000,1.230700,1.231000,D
173875742,EUR/USD,2005-08-03 09:16:56.000,1.230800,1.231100,D
173875748,EUR/USD,2005-08-03 09:16:58.000,1.230700,1.231000,D
173875763,EUR/USD,2005-08-03 09:17:04.000,1.230800,1.231100,D
173875789,EUR/USD,2005-08-03 09:17:20.000,1.230900,1.231200,D
173875834,EUR/USD,2005-08-03 09:17:40.000,1.230800,1.231100,D
173875870,EUR/USD,2005-08-03 09:17:54.000,1.230700,1.231000,D
173875876,EUR/USD,2005-08-03 09:17:56.000,1.230800,1.231100,D
173875911,EUR/USD,2005-08-03 09:18:03.000,1.230900,1.231200,D
173875934,EUR/USD,2005-08-03 09:18:07.000,1.230800,1.231100,D
173875969,EUR/USD,2005-08-03 09:18:24.000,1.230700,1.231000,D
173875981,EUR/USD,2005-08-03 09:18:25.000,1.230800,1.231100,D
173875987,EUR/USD,2005-08-03 09:18:26.000,1.230900,1.231200,D
173876012,EUR/USD,2005-08-03 09:18:30.000,1.230800,1.231100,D
173876024,EUR/USD,2005-08-03 09:18:32.000,1.230900,1.231200,D
173876071,EUR/USD,2005-08-03 09:18:37.000,1.231000,1.231300,D
173876109,EUR/USD,2005-08-03 09:18:50.000,1.231100,1.231400,D
173876147,EUR/USD,2005-08-03 09:19:04.000,1.231200,1.231500,D
173876155,EUR/USD,2005-08-03 09:19:09.000,1.231300,1.231600,D
173876189,EUR/USD,2005-08-03 09:19:21.000,1.231200,1.231500,D
173876228,EUR/USD,2005-08-03 09:19:33.000,1.231100,1.231400,D
173876238,EUR/USD,2005-08-03 09:19:34.000,1.231200,1.231500,D
173876266,EUR/USD,2005-08-03 09:19:49.000,1.231100,1.231400,D
173876300,EUR/USD,2005-08-03 09:20:01.000,1.231000,1.231300,D
173876306,EUR/USD,2005-08-03 09:20:01.000,1.231100,1.231400,D
173876317,EUR/USD,2005-08-03 09:20:08.000,1.231200,1.231500,D
173876323,EUR/USD,2005-08-03 09:20:09.000,1.231100,1.231400,D
173876336,EUR/USD,2005-08-03 09:20:16.000,1.231200,1.231500,D
173876338,EUR/USD,2005-08-03 09:20:17.000,1.231100,1.231400,D
173876365,EUR/USD,2005-08-03 09:20:29.000,1.231000,1.231300,D
173876376,EUR/USD,2005-08-03 09:20:30.000,1.231100,1.231400,D
173876390,EUR/USD,2005-08-03 09:20:41.000,1.231200,1.231500,D
173876403,EUR/USD,2005-08-03 09:20:42.000,1.231100,1.231400,D
173876411,EUR/USD,2005-08-03 09:20:44.000,1.231200,1.231500,D
173876418,EUR/USD,2005-08-03 09:20:45.000,1.231100,1.231400,D
173876435,EUR/USD,2005-08-03 09:20:58.000,1.231200,1.231500,D
173876453,EUR/USD,2005-08-03 09:21:05.000,1.231300,1.231600,D
173876463,EUR/USD,2005-08-03 09:21:11.000,1.231200,1.231500,D
173876476,EUR/USD,2005-08-03 09:21:18.000,1.231300,1.231600,D
173876483,EUR/USD,2005-08-03 09:21:19.000,1.231200,1.231500,D
173876504,EUR/USD,2005-08-03 09:21:39.000,1.231100,1.231400,D
173876530,EUR/USD,2005-08-03 09:22:02.000,1.231000,1.231300,D
173876558,EUR/USD,2005-08-03 09:22:08.000,1.230900,1.231200,D
173876584,EUR/USD,2005-08-03 09:22:14.000,1.231000,1.231300,D
173876589,EUR/USD,2005-08-03 09:22:15.000,1.230900,1.231200,D
173876601,EUR/USD,2005-08-03 09:22:20.000,1.231000,1.231300,D
173876613,EUR/USD,2005-08-03 09:22:33.000,1.231100,1.231400,D
173876626,EUR/USD,2005-08-03 09:22:37.000,1.231200,1.231500,D
173876716,EUR/USD,2005-08-03 09:23:26.000,1.231100,1.231400,D
173876723,EUR/USD,2005-08-03 09:23:27.000,1.231200,1.231500,D
173876731,EUR/USD,2005-08-03 09:23:28.000,1.231100,1.231400,D
173876739,EUR/USD,2005-08-03 09:23:29.000,1.231200,1.231500,D
173876770,EUR/USD,2005-08-03 09:23:49.000,1.231100,1.231400,D
173876793,EUR/USD,2005-08-03 09:23:59.000,1.231200,1.231500,D
173876795,EUR/USD,2005-08-03 09:24:00.000,1.231100,1.231400,D
173876858,EUR/USD,2005-08-03 09:24:26.000,1.231200,1.231500,D
173876865,EUR/USD,2005-08-03 09:24:28.000,1.231100,1.231400,D
173876889,EUR/USD,2005-08-03 09:24:35.000,1.231000,1.231300,D
173876903,EUR/USD,2005-08-03 09:24:41.000,1.230900,1.231200,D
173876929,EUR/USD,2005-08-03 09:24:51.000,1.230800,1.231100,D
173876952,EUR/USD,2005-08-03 09:24:55.000,1.230900,1.231200,D
173876972,EUR/USD,2005-08-03 09:25:03.000,1.231000,1.231300,D
173877004,EUR/USD,2005-08-03 09:25:16.000,1.230900,1.231200,D
173877020,EUR/USD,2005-08-03 09:25:23.000,1.231000,1.231300,D
173877033,EUR/USD,2005-08-03 09:25:28.000,1.230900,1.231200,D
173877040,EUR/USD,2005-08-03 09:25:30.000,1.231000,1.231300,D
173877052,EUR/USD,2005-08-03 09:25:38.000,1.230900,1.231200,D
173877065,EUR/USD,2005-08-03 09:25:40.000,1.231000,1.231300,D
173877111,EUR/USD,2005-08-03 09:26:40.000,1.230900,1.231200,D
173877142,EUR/USD,2005-08-03 09:26:48.000,1.231000,1.231300,D
173877145,EUR/USD,2005-08-03 09:26:50.000,1.230900,1.231200,D
173877146,EUR/USD,2005-08-03 09:26:50.000,1.231000,1.231300,D
173877152,EUR/USD,2005-08-03 09:26:52.000,1.230900,1.231200,D
173877162,EUR/USD,2005-08-03 09:27:01.000,1.230800,1.231100,D
173877192,EUR/USD,2005-08-03 09:27:08.000,1.230900,1.231200,D
173877202,EUR/USD,2005-08-03 09:27:09.000,1.231000,1.231300,D
173877214,EUR/USD,2005-08-03 09:27:11.000,1.230900,1.231200,D
173877236,EUR/USD,2005-08-03 09:27:23.000,1.231000,1.231300,D
173877242,EUR/USD,2005-08-03 09:27:24.000,1.230900,1.231200,D
173877249,EUR/USD,2005-08-03 09:27:32.000,1.231000,1.231300,D
173877264,EUR/USD,2005-08-03 09:27:36.000,1.230900,1.231200,D
173877291,EUR/USD,2005-08-03 09:27:45.000,1.231000,1.231300,D
173877302,EUR/USD,2005-08-03 09:27:48.000,1.230900,1.231200,D
173877312,EUR/USD,2005-08-03 09:27:50.000,1.231000,1.231300,D
173877323,EUR/USD,2005-08-03 09:27:51.000,1.230900,1.231200,D
173877324,EUR/USD,2005-08-03 09:27:51.000,1.231000,1.231300,D
173877338,EUR/USD,2005-08-03 09:27:56.000,1.230900,1.231200,D
173877353,EUR/USD,2005-08-03 09:28:00.000,1.231000,1.231300,D
173877368,EUR/USD,2005-08-03 09:28:03.000,1.230900,1.231200,D
173877468,EUR/USD,2005-08-03 09:29:06.000,1.230800,1.231100,D
173877473,EUR/USD,2005-08-03 09:29:09.000,1.230900,1.231200,D
173877478,EUR/USD,2005-08-03 09:29:09.000,1.230800,1.231100,D
173877481,EUR/USD,2005-08-03 09:29:10.000,1.230900,1.231200,D
173877515,EUR/USD,2005-08-03 09:29:44.000,1.230800,1.231100,D
173877528,EUR/USD,2005-08-03 09:29:48.000,1.230900,1.231200,D
173877554,EUR/USD,2005-08-03 09:29:53.000,1.231000,1.231300,D
173877587,EUR/USD,2005-08-03 09:30:04.000,1.231100,1.231400,D
173877627,EUR/USD,2005-08-03 09:30:17.000,1.231000,1.231300,D
173877636,EUR/USD,2005-08-03 09:30:23.000,1.231100,1.231400,D
173877686,EUR/USD,2005-08-03 09:30:42.000,1.231200,1.231500,D
173877689,EUR/USD,2005-08-03 09:30:43.000,1.231100,1.231400,D
173877728,EUR/USD,2005-08-03 09:30:59.000,1.231200,1.231500,D
173877776,EUR/USD,2005-08-03 09:31:21.000,1.231100,1.231400,D
173877826,EUR/USD,2005-08-03 09:32:00.000,1.231000,1.231300,D
173877837,EUR/USD,2005-08-03 09:32:01.000,1.231100,1.231400,D
173877854,EUR/USD,2005-08-03 09:32:07.000,1.231000,1.231300,D
173877864,EUR/USD,2005-08-03 09:32:14.000,1.231100,1.231400,D
173877870,EUR/USD,2005-08-03 09:32:15.000,1.231000,1.231300,D
173877941,EUR/USD,2005-08-03 09:33:21.000,1.231100,1.231400,D
173877949,EUR/USD,2005-08-03 09:33:22.000,1.231000,1.231300,D
173877967,EUR/USD,2005-08-03 09:33:29.000,1.231100,1.231400,D
173878004,EUR/USD,2005-08-03 09:33:51.000,1.231200,1.231500,D
173878017,EUR/USD,2005-08-03 09:33:55.000,1.231100,1.231400,D
173878168,EUR/USD,2005-08-03 09:35:33.000,1.231200,1.231500,D
173878177,EUR/USD,2005-08-03 09:35:35.000,1.231100,1.231400,D
173878213,EUR/USD,2005-08-03 09:35:52.000,1.231200,1.231500,D
173878220,EUR/USD,2005-08-03 09:35:54.000,1.231100,1.231400,D
173878227,EUR/USD,2005-08-03 09:35:57.000,1.231200,1.231500,D
173878231,EUR/USD,2005-08-03 09:35:58.000,1.231100,1.231400,D
173878239,EUR/USD,2005-08-03 09:36:04.000,1.231200,1.231500,D
173878251,EUR/USD,2005-08-03 09:36:08.000,1.231100,1.231400,D
173878260,EUR/USD,2005-08-03 09:36:13.000,1.231200,1.231500,D
173878289,EUR/USD,2005-08-03 09:36:26.000,1.231100,1.231400,D
173878428,EUR/USD,2005-08-03 09:37:59.000,1.231000,1.231300,D
173878437,EUR/USD,2005-08-03 09:38:01.000,1.231100,1.231400,D
173878444,EUR/USD,2005-08-03 09:38:02.000,1.231000,1.231300,D
173878450,EUR/USD,2005-08-03 09:38:03.000,1.231100,1.231400,D
173878455,EUR/USD,2005-08-03 09:38:03.000,1.231000,1.231300,D
173878459,EUR/USD,2005-08-03 09:38:05.000,1.231100,1.231400,D
173878490,EUR/USD,2005-08-03 09:38:11.000,1.231000,1.231300,D
173878501,EUR/USD,2005-08-03 09:38:13.000,1.231100,1.231400,D
173878527,EUR/USD,2005-08-03 09:38:20.000,1.231000,1.231300,D
173878534,EUR/USD,2005-08-03 09:38:23.000,1.230900,1.231200,D
173878539,EUR/USD,2005-08-03 09:38:23.000,1.231000,1.231300,D
173878563,EUR/USD,2005-08-03 09:38:26.000,1.230900,1.231200,D
173878587,EUR/USD,2005-08-03 09:38:31.000,1.230800,1.231100,D
173878623,EUR/USD,2005-08-03 09:38:38.000,1.230700,1.231000,D
173878639,EUR/USD,2005-08-03 09:38:41.000,1.230800,1.231100,D
173878643,EUR/USD,2005-08-03 09:38:42.000,1.230700,1.231000,D
173878676,EUR/USD,2005-08-03 09:38:51.000,1.230600,1.230900,D
173878712,EUR/USD,2005-08-03 09:39:02.000,1.230700,1.231000,D
173878727,EUR/USD,2005-08-03 09:39:05.000,1.230600,1.230900,D
173878735,EUR/USD,2005-08-03 09:39:06.000,1.230700,1.231000,D
173878834,EUR/USD,2005-08-03 09:39:38.000,1.230600,1.230900,D
173878854,EUR/USD,2005-08-03 09:39:46.000,1.230500,1.230800,D
173878872,EUR/USD,2005-08-03 09:39:50.000,1.230400,1.230700,D
173878885,EUR/USD,2005-08-03 09:39:51.000,1.230300,1.230600,D
173878892,EUR/USD,2005-08-03 09:39:52.000,1.230400,1.230700,D
173878900,EUR/USD,2005-08-03 09:39:53.000,1.230300,1.230600,D
173878909,EUR/USD,2005-08-03 09:39:54.000,1.230400,1.230700,D
173878931,EUR/USD,2005-08-03 09:40:00.000,1.230500,1.230800,D
173878966,EUR/USD,2005-08-03 09:40:11.000,1.230400,1.230700,D
173878991,EUR/USD,2005-08-03 09:40:22.000,1.230500,1.230800,D
173879019,EUR/USD,2005-08-03 09:40:31.000,1.230600,1.230900,D
173879024,EUR/USD,2005-08-03 09:40:32.000,1.230500,1.230800,D
173879041,EUR/USD,2005-08-03 09:40:42.000,1.230600,1.230900,D
173879049,EUR/USD,2005-08-03 09:40:45.000,1.230500,1.230800,D
173879056,EUR/USD,2005-08-03 09:40:48.000,1.230600,1.230900,D
173879058,EUR/USD,2005-08-03 09:40:49.000,1.230500,1.230800,D
173879065,EUR/USD,2005-08-03 09:40:54.000,1.230600,1.230900,D
173879089,EUR/USD,2005-08-03 09:41:01.000,1.230500,1.230800,D
173879092,EUR/USD,2005-08-03 09:41:03.000,1.230600,1.230900,D
173879136,EUR/USD,2005-08-03 09:41:15.000,1.230500,1.230800,D
173879142,EUR/USD,2005-08-03 09:41:17.000,1.230600,1.230900,D
173879145,EUR/USD,2005-08-03 09:41:18.000,1.230500,1.230800,D
173879172,EUR/USD,2005-08-03 09:41:46.000,1.230400,1.230700,D
173879177,EUR/USD,2005-08-03 09:41:47.000,1.230500,1.230800,D
173879182,EUR/USD,2005-08-03 09:41:48.000,1.230400,1.230700,D
173879188,EUR/USD,2005-08-03 09:41:55.000,1.230500,1.230800,D
173879193,EUR/USD,2005-08-03 09:41:57.000,1.230400,1.230700,D
173879195,EUR/USD,2005-08-03 09:41:59.000,1.230500,1.230800,D
173879218,EUR/USD,2005-08-03 09:42:09.000,1.230400,1.230700,D
173879221,EUR/USD,2005-08-03 09:42:11.000,1.230500,1.230800,D
173879227,EUR/USD,2005-08-03 09:42:13.000,1.230400,1.230700,D
173879340,EUR/USD,2005-08-03 09:43:17.000,1.230500,1.230800,D
173879365,EUR/USD,2005-08-03 09:43:28.000,1.230600,1.230900,D
173879370,EUR/USD,2005-08-03 09:43:28.000,1.230500,1.230800,D
173879375,EUR/USD,2005-08-03 09:43:30.000,1.230600,1.230900,D
173879393,EUR/USD,2005-08-03 09:43:35.000,1.230500,1.230800,D
173879402,EUR/USD,2005-08-03 09:43:36.000,1.230600,1.230900,D
173879469,EUR/USD,2005-08-03 09:44:01.000,1.230500,1.230800,D
173879477,EUR/USD,2005-08-03 09:44:06.000,1.230600,1.230900,D
173879479,EUR/USD,2005-08-03 09:44:06.000,1.230500,1.230800,D
173879483,EUR/USD,2005-08-03 09:44:08.000,1.230600,1.230900,D
173879510,EUR/USD,2005-08-03 09:44:22.000,1.230500,1.230800,D
173879532,EUR/USD,2005-08-03 09:44:50.000,1.230600,1.230900,D
173879537,EUR/USD,2005-08-03 09:44:53.000,1.230500,1.230800,D
173879590,EUR/USD,2005-08-03 09:45:25.000,1.230400,1.230700,D
173879641,EUR/USD,2005-08-03 09:46:01.000,1.230500,1.230800,D
173879664,EUR/USD,2005-08-03 09:46:11.000,1.230400,1.230700,D
173879671,EUR/USD,2005-08-03 09:46:12.000,1.230500,1.230800,D
173879678,EUR/USD,2005-08-03 09:46:13.000,1.230400,1.230700,D
173879688,EUR/USD,2005-08-03 09:46:14.000,1.230500,1.230800,D
173879693,EUR/USD,2005-08-03 09:46:15.000,1.230400,1.230700,D
173879727,EUR/USD,2005-08-03 09:46:34.000,1.230300,1.230600,D
173879730,EUR/USD,2005-08-03 09:46:34.000,1.230400,1.230700,D
173879760,EUR/USD,2005-08-03 09:46:40.000,1.230300,1.230600,D
173879762,EUR/USD,2005-08-03 09:46:40.000,1.230400,1.230700,D
173879868,EUR/USD,2005-08-03 09:47:22.000,1.230500,1.230800,D
173879879,EUR/USD,2005-08-03 09:47:26.000,1.230600,1.230900,D
173879886,EUR/USD,2005-08-03 09:47:29.000,1.230500,1.230800,D
173879900,EUR/USD,2005-08-03 09:47:36.000,1.230600,1.230900,D
173879916,EUR/USD,2005-08-03 09:47:45.000,1.230500,1.230800,D
173879925,EUR/USD,2005-08-03 09:47:47.000,1.230600,1.230900,D
173879929,EUR/USD,2005-08-03 09:47:50.000,1.230500,1.230800,D
173879934,EUR/USD,2005-08-03 09:47:54.000,1.230600,1.230900,D
173879970,EUR/USD,2005-08-03 09:48:14.000,1.230700,1.231000,D
173879997,EUR/USD,2005-08-03 09:48:22.000,1.230600,1.230900,D
173880014,EUR/USD,2005-08-03 09:48:33.000,1.230500,1.230800,D
173880026,EUR/USD,2005-08-03 09:48:35.000,1.230600,1.230900,D
173880033,EUR/USD,2005-08-03 09:48:40.000,1.230500,1.230800,D
173880037,EUR/USD,2005-08-03 09:48:42.000,1.230600,1.230900,D
173880048,EUR/USD,2005-08-03 09:48:45.000,1.230500,1.230800,D
173880064,EUR/USD,2005-08-03 09:48:50.000,1.230600,1.230900,D
173880087,EUR/USD,2005-08-03 09:48:57.000,1.230500,1.230800,D
173880102,EUR/USD,2005-08-03 09:49:01.000,1.230600,1.230900,D
173880118,EUR/USD,2005-08-03 09:49:05.000,1.230500,1.230800,D
173880122,EUR/USD,2005-08-03 09:49:06.000,1.230400,1.230700,D
173880149,EUR/USD,2005-08-03 09:49:16.000,1.230300,1.230600,D
173880171,EUR/USD,2005-08-03 09:49:22.000,1.230400,1.230700,D
173880183,EUR/USD,2005-08-03 09:49:26.000,1.230500,1.230800,D
173880196,EUR/USD,2005-08-03 09:49:27.000,1.230400,1.230700,D
173880209,EUR/USD,2005-08-03 09:49:30.000,1.230500,1.230800,D
173880213,EUR/USD,2005-08-03 09:49:31.000,1.230400,1.230700,D
173880216,EUR/USD,2005-08-03 09:49:33.000,1.230500,1.230800,D
173880219,EUR/USD,2005-08-03 09:49:35.000,1.230400,1.230700,D
173880252,EUR/USD,2005-08-03 09:49:44.000,1.230500,1.230800,D
173880261,EUR/USD,2005-08-03 09:49:46.000,1.230400,1.230700,D
173880271,EUR/USD,2005-08-03 09:49:55.000,1.230500,1.230800,D
173880278,EUR/USD,2005-08-03 09:50:04.000,1.230400,1.230700,D
173880283,EUR/USD,2005-08-03 09:50:06.000,1.230500,1.230800,D
173880286,EUR/USD,2005-08-03 09:50:06.000,1.230400,1.230700,D
173880297,EUR/USD,2005-08-03 09:50:16.000,1.230500,1.230800,D
173880304,EUR/USD,2005-08-03 09:50:18.000,1.230400,1.230700,D
173880317,EUR/USD,2005-08-03 09:50:25.000,1.230500,1.230800,D
173880338,EUR/USD,2005-08-03 09:50:42.000,1.230600,1.230900,D
173880350,EUR/USD,2005-08-03 09:50:44.000,1.230500,1.230800,D
173880363,EUR/USD,2005-08-03 09:50:51.000,1.230400,1.230700,D
173880364,EUR/USD,2005-08-03 09:50:51.000,1.230500,1.230800,D
173880370,EUR/USD,2005-08-03 09:50:55.000,1.230400,1.230700,D
173880378,EUR/USD,2005-08-03 09:50:58.000,1.230300,1.230600,D
173880383,EUR/USD,2005-08-03 09:51:01.000,1.230400,1.230700,D
173880395,EUR/USD,2005-08-03 09:51:05.000,1.230500,1.230800,D
173880401,EUR/USD,2005-08-03 09:51:08.000,1.230400,1.230700,D
173880407,EUR/USD,2005-08-03 09:51:10.000,1.230500,1.230800,D
173880436,EUR/USD,2005-08-03 09:51:27.000,1.230400,1.230700,D
173880441,EUR/USD,2005-08-03 09:51:29.000,1.230500,1.230800,D
173880455,EUR/USD,2005-08-03 09:51:38.000,1.230400,1.230700,D
173880459,EUR/USD,2005-08-03 09:51:44.000,1.230500,1.230800,D
173880465,EUR/USD,2005-08-03 09:51:46.000,1.230400,1.230700,D
173880470,EUR/USD,2005-08-03 09:51:46.000,1.230500,1.230800,D
173880527,EUR/USD,2005-08-03 09:52:37.000,1.230600,1.230900,D
173880542,EUR/USD,2005-08-03 09:52:41.000,1.230500,1.230800,D
173880607,EUR/USD,2005-08-03 09:53:15.000,1.230600,1.230900,D
173880621,EUR/USD,2005-08-03 09:53:17.000,1.230500,1.230800,D
173880632,EUR/USD,2005-08-03 09:53:19.000,1.230600,1.230900,D
173880655,EUR/USD,2005-08-03 09:53:32.000,1.230500,1.230800,D
173880711,EUR/USD,2005-08-03 09:54:00.000,1.230600,1.230900,D
173880716,EUR/USD,2005-08-03 09:54:03.000,1.230500,1.230800,D
173880752,EUR/USD,2005-08-03 09:54:15.000,1.230400,1.230700,D
173880777,EUR/USD,2005-08-03 09:54:27.000,1.230300,1.230600,D
173880792,EUR/USD,2005-08-03 09:54:29.000,1.230400,1.230700,D
173880802,EUR/USD,2005-08-03 09:54:33.000,1.230500,1.230800,D
173880811,EUR/USD,2005-08-03 09:54:34.000,1.230400,1.230700,D
173880828,EUR/USD,2005-08-03 09:54:36.000,1.230500,1.230800,D
173880845,EUR/USD,2005-08-03 09:54:51.000,1.230400,1.230700,D
173880899,EUR/USD,2005-08-03 09:55:11.000,1.230300,1.230600,D
173880913,EUR/USD,2005-08-03 09:55:14.000,1.230400,1.230700,D
173880945,EUR/USD,2005-08-03 09:55:23.000,1.230500,1.230800,D
173880951,EUR/USD,2005-08-03 09:55:25.000,1.230400,1.230700,D
173880986,EUR/USD,2005-08-03 09:55:45.000,1.230300,1.230600,D
173881043,EUR/USD,2005-08-03 09:56:03.000,1.230200,1.230500,D
173881059,EUR/USD,2005-08-03 09:56:08.000,1.230300,1.230600,D
173881063,EUR/USD,2005-08-03 09:56:08.000,1.230200,1.230500,D
173881069,EUR/USD,2005-08-03 09:56:09.000,1.230300,1.230600,D
173881078,EUR/USD,2005-08-03 09:56:12.000,1.230200,1.230500,D
173881107,EUR/USD,2005-08-03 09:56:19.000,1.230100,1.230400,D
173881130,EUR/USD,2005-08-03 09:56:26.000,1.230200,1.230500,D
173881156,EUR/USD,2005-08-03 09:56:47.000,1.230100,1.230400,D
173881175,EUR/USD,2005-08-03 09:56:53.000,1.230200,1.230500,D
173881263,EUR/USD,2005-08-03 09:57:32.000,1.230300,1.230600,D
173881271,EUR/USD,2005-08-03 09:57:36.000,1.230200,1.230500,D
173881328,EUR/USD,2005-08-03 09:58:17.000,1.230300,1.230600,D
173881356,EUR/USD,2005-08-03 09:58:26.000,1.230200,1.230500,D
173881364,EUR/USD,2005-08-03 09:58:28.000,1.230300,1.230600,D
173881379,EUR/USD,2005-08-03 09:58:30.000,1.230200,1.230500,D
173881389,EUR/USD,2005-08-03 09:58:32.000,1.230300,1.230600,D
173881407,EUR/USD,2005-08-03 09:58:35.000,1.230200,1.230500,D
173881414,EUR/USD,2005-08-03 09:58:36.000,1.230300,1.230600,D
173881486,EUR/USD,2005-08-03 09:58:50.000,1.230400,1.230700,D
173881527,EUR/USD,2005-08-03 09:58:59.000,1.230500,1.230800,D
173881533,EUR/USD,2005-08-03 09:59:00.000,1.230400,1.230700,D
173881568,EUR/USD,2005-08-03 09:59:08.000,1.230500,1.230800,D
173881573,EUR/USD,2005-08-03 09:59:09.000,1.230400,1.230700,D
173881581,EUR/USD,2005-08-03 09:59:10.000,1.230500,1.230800,D
173881583,EUR/USD,2005-08-03 09:59:12.000,1.230400,1.230700,D
173881588,EUR/USD,2005-08-03 09:59:13.000,1.230500,1.230800,D
173881593,EUR/USD,2005-08-03 09:59:13.000,1.230400,1.230700,D
173881598,EUR/USD,2005-08-03 09:59:14.000,1.230300,1.230600,D
173881611,EUR/USD,2005-08-03 09:59:17.000,1.230400,1.230700,D
173881612,EUR/USD,2005-08-03 09:59:17.000,1.230300,1.230600,D
173881623,EUR/USD,2005-08-03 09:59:20.000,1.230400,1.230700,D
173881626,EUR/USD,2005-08-03 09:59:21.000,1.230300,1.230600,D
173881642,EUR/USD,2005-08-03 09:59:31.000,1.230400,1.230700,D
173881646,EUR/USD,2005-08-03 09:59:31.000,1.230300,1.230600,D
173881661,EUR/USD,2005-08-03 09:59:35.000,1.230400,1.230700,D
173881665,EUR/USD,2005-08-03 09:59:36.000,1.230300,1.230600,D
173881672,EUR/USD,2005-08-03 09:59:38.000,1.230400,1.230700,D
173881696,EUR/USD,2005-08-03 09:59:47.000,1.230500,1.230800,D
173881713,EUR/USD,2005-08-03 09:59:50.000,1.230600,1.230900,D
173881722,EUR/USD,2005-08-03 09:59:51.000,1.230700,1.231000,D
173881731,EUR/USD,2005-08-03 09:59:52.000,1.230800,1.231100,D
173881750,EUR/USD,2005-08-03 09:59:53.000,1.230900,1.231200,D
173881770,EUR/USD,2005-08-03 09:59:55.000,1.230800,1.231100,D
173881784,EUR/USD,2005-08-03 09:59:56.000,1.230900,1.231200,D
173881791,EUR/USD,2005-08-03 09:59:58.000,1.230800,1.231100,D
173881806,EUR/USD,2005-08-03 10:00:00.000,1.230700,1.231000,D
173881813,EUR/USD,2005-08-03 10:00:00.000,1.230800,1.231100,D
173881822,EUR/USD,2005-08-03 10:00:01.000,1.230700,1.231000,D
173881831,EUR/USD,2005-08-03 10:00:04.000,1.230600,1.230900,D
173881859,EUR/USD,2005-08-03 10:00:09.000,1.230700,1.231000,D
173881888,EUR/USD,2005-08-03 10:00:12.000,1.230800,1.231100,D
173881899,EUR/USD,2005-08-03 10:00:12.000,1.230700,1.231000,D
173881903,EUR/USD,2005-08-03 10:00:13.000,1.230800,1.231100,D
173881921,EUR/USD,2005-08-03 10:00:14.000,1.231000,1.231200,D
173881927,EUR/USD,2005-08-03 10:00:14.000,1.231100,1.231400,D
173881931,EUR/USD,2005-08-03 10:00:14.000,1.231000,1.231300,D
173881936,EUR/USD,2005-08-03 10:00:15.000,1.230900,1.231200,D
173881947,EUR/USD,2005-08-03 10:00:16.000,1.230800,1.231100,D
173881957,EUR/USD,2005-08-03 10:00:16.000,1.230700,1.231000,D
173881960,EUR/USD,2005-08-03 10:00:17.000,1.230800,1.231100,D
173881966,EUR/USD,2005-08-03 10:00:17.000,1.231000,1.231300,D
173881973,EUR/USD,2005-08-03 10:00:18.000,1.230900,1.231200,D
173881975,EUR/USD,2005-08-03 10:00:18.000,1.230800,1.231100,D
173882001,EUR/USD,2005-08-03 10:00:20.000,1.230700,1.231000,D
173882017,EUR/USD,2005-08-03 10:00:22.000,1.230600,1.230900,D
173882028,EUR/USD,2005-08-03 10:00:23.000,1.230700,1.231000,D
173882041,EUR/USD,2005-08-03 10:00:25.000,1.230800,1.231100,D
173882053,EUR/USD,2005-08-03 10:00:26.000,1.230900,1.231200,D
173882054,EUR/USD,2005-08-03 10:00:26.000,1.231000,1.231300,D
173882056,EUR/USD,2005-08-03 10:00:27.000,1.230900,1.231200,D
173882067,EUR/USD,2005-08-03 10:00:28.000,1.231000,1.231300,D
173882083,EUR/USD,2005-08-03 10:00:28.000,1.231100,1.231400,D
173882101,EUR/USD,2005-08-03 10:00:30.000,1.231000,1.231300,D
173882110,EUR/USD,2005-08-03 10:00:30.000,1.230900,1.231200,D
173882115,EUR/USD,2005-08-03 10:00:31.000,1.231000,1.231300,D
173882123,EUR/USD,2005-08-03 10:00:32.000,1.230900,1.231200,D
173882129,EUR/USD,2005-08-03 10:00:33.000,1.230800,1.231100,D
173882139,EUR/USD,2005-08-03 10:00:35.000,1.230700,1.231000,D
173882159,EUR/USD,2005-08-03 10:00:36.000,1.230600,1.230900,D
173882227,EUR/USD,2005-08-03 10:00:45.000,1.230500,1.230800,D
173882234,EUR/USD,2005-08-03 10:00:45.000,1.230600,1.230900,D
173882247,EUR/USD,2005-08-03 10:00:46.000,1.230700,1.231000,D
173882268,EUR/USD,2005-08-03 10:00:48.000,1.230600,1.230900,D
173882297,EUR/USD,2005-08-03 10:00:51.000,1.230700,1.231000,D
173882326,EUR/USD,2005-08-03 10:00:56.000,1.230800,1.231100,D
173882333,EUR/USD,2005-08-03 10:00:57.000,1.230700,1.231000,D
173882343,EUR/USD,2005-08-03 10:00:57.000,1.230800,1.231100,D
173882353,EUR/USD,2005-08-03 10:00:59.000,1.230900,1.231200,D
173882378,EUR/USD,2005-08-03 10:01:00.000,1.230800,1.231100,D
173882385,EUR/USD,2005-08-03 10:01:01.000,1.230900,1.231200,D
173882403,EUR/USD,2005-08-03 10:01:02.000,1.230800,1.231100,D
173882414,EUR/USD,2005-08-03 10:01:03.000,1.230900,1.231200,D
173882427,EUR/USD,2005-08-03 10:01:04.000,1.230800,1.231100,D
173882453,EUR/USD,2005-08-03 10:01:07.000,1.230900,1.231200,D
173882470,EUR/USD,2005-08-03 10:01:11.000,1.231000,1.231300,D
173882482,EUR/USD,2005-08-03 10:01:14.000,1.231100,1.231400,D
173882497,EUR/USD,2005-08-03 10:01:15.000,1.231000,1.231300,D
173882503,EUR/USD,2005-08-03 10:01:16.000,1.231100,1.231400,D
173882508,EUR/USD,2005-08-03 10:01:17.000,1.231000,1.231300,D
173882523,EUR/USD,2005-08-03 10:01:18.000,1.230900,1.231200,D
173882536,EUR/USD,2005-08-03 10:01:19.000,1.231000,1.231300,D
173882544,EUR/USD,2005-08-03 10:01:20.000,1.230900,1.231200,D
173882558,EUR/USD,2005-08-03 10:01:22.000,1.231000,1.231300,D
173882566,EUR/USD,2005-08-03 10:01:23.000,1.231100,1.231400,D
173882568,EUR/USD,2005-08-03 10:01:23.000,1.231000,1.231300,D
173882577,EUR/USD,2005-08-03 10:01:25.000,1.231100,1.231400,D
173882586,EUR/USD,2005-08-03 10:01:25.000,1.231200,1.231500,D
173882610,EUR/USD,2005-08-03 10:01:27.000,1.231100,1.231400,D
173882623,EUR/USD,2005-08-03 10:01:29.000,1.231200,1.231500,D
173882634,EUR/USD,2005-08-03 10:01:29.000,1.231100,1.231400,D
173882647,EUR/USD,2005-08-03 10:01:30.000,1.231200,1.231500,D
173882656,EUR/USD,2005-08-03 10:01:31.000,1.231100,1.231400,D
173882672,EUR/USD,2005-08-03 10:01:35.000,1.231200,1.231500,D
173882710,EUR/USD,2005-08-03 10:01:44.000,1.231100,1.231400,D
173882725,EUR/USD,2005-08-03 10:01:47.000,1.231000,1.231300,D
173882750,EUR/USD,2005-08-03 10:01:51.000,1.231100,1.231400,D
173882770,EUR/USD,2005-08-03 10:01:54.000,1.231200,1.231500,D
173882780,EUR/USD,2005-08-03 10:01:56.000,1.231300,1.231600,D
173882829,EUR/USD,2005-08-03 10:02:05.000,1.231200,1.231500,D
173882846,EUR/USD,2005-08-03 10:02:09.000,1.231300,1.231600,D
173882873,EUR/USD,2005-08-03 10:02:15.000,1.231400,1.231700,D
173882875,EUR/USD,2005-08-03 10:02:15.000,1.231300,1.231600,D
173882895,EUR/USD,2005-08-03 10:02:17.000,1.231200,1.231500,D
173882922,EUR/USD,2005-08-03 10:02:22.000,1.231300,1.231600,D
173882938,EUR/USD,2005-08-03 10:02:24.000,1.231400,1.231700,D
173882940,EUR/USD,2005-08-03 10:02:24.000,1.231300,1.231600,D
173882944,EUR/USD,2005-08-03 10:02:24.000,1.231200,1.231500,D
173882952,EUR/USD,2005-08-03 10:02:25.000,1.231300,1.231600,D
173882958,EUR/USD,2005-08-03 10:02:25.000,1.231200,1.231500,D
173882968,EUR/USD,2005-08-03 10:02:28.000,1.231100,1.231400,D
173882977,EUR/USD,2005-08-03 10:02:29.000,1.231000,1.231300,D
173883000,EUR/USD,2005-08-03 10:02:31.000,1.230900,1.231200,D
173883015,EUR/USD,2005-08-03 10:02:34.000,1.230800,1.231100,D
173883031,EUR/USD,2005-08-03 10:02:35.000,1.230700,1.231000,D
173883060,EUR/USD,2005-08-03 10:02:41.000,1.230600,1.230900,D
173883063,EUR/USD,2005-08-03 10:02:41.000,1.230700,1.231000,D
173883071,EUR/USD,2005-08-03 10:02:42.000,1.230600,1.230900,D
173883076,EUR/USD,2005-08-03 10:02:43.000,1.230700,1.231000,D
173883123,EUR/USD,2005-08-03 10:02:49.000,1.230800,1.231100,D
173883154,EUR/USD,2005-08-03 10:02:56.000,1.230900,1.231200,D
173883166,EUR/USD,2005-08-03 10:02:57.000,1.231000,1.231300,D
173883173,EUR/USD,2005-08-03 10:02:59.000,1.231100,1.231400,D
173883186,EUR/USD,2005-08-03 10:03:00.000,1.231000,1.231300,D
173883211,EUR/USD,2005-08-03 10:03:04.000,1.230900,1.231200,D
173883224,EUR/USD,2005-08-03 10:03:06.000,1.230800,1.231100,D
173883235,EUR/USD,2005-08-03 10:03:07.000,1.230900,1.231200,D
173883266,EUR/USD,2005-08-03 10:03:14.000,1.231000,1.231300,D
173883273,EUR/USD,2005-08-03 10:03:15.000,1.231100,1.231400,D
173883285,EUR/USD,2005-08-03 10:03:18.000,1.231000,1.231300,D
173883296,EUR/USD,2005-08-03 10:03:20.000,1.231100,1.231400,D
173883304,EUR/USD,2005-08-03 10:03:22.000,1.231000,1.231300,D
173883313,EUR/USD,2005-08-03 10:03:26.000,1.230900,1.231200,D
173883322,EUR/USD,2005-08-03 10:03:27.000,1.231000,1.231300,D
173883337,EUR/USD,2005-08-03 10:03:30.000,1.230900,1.231200,D
173883353,EUR/USD,2005-08-03 10:03:31.000,1.231000,1.231300,D
173883370,EUR/USD,2005-08-03 10:03:36.000,1.230900,1.231200,D
173883385,EUR/USD,2005-08-03 10:03:41.000,1.230800,1.231100,D
173883408,EUR/USD,2005-08-03 10:03:47.000,1.230900,1.231200,D
173883417,EUR/USD,2005-08-03 10:03:51.000,1.231000,1.231300,D
173883443,EUR/USD,2005-08-03 10:03:54.000,1.231100,1.231400,D
173883454,EUR/USD,2005-08-03 10:03:56.000,1.231000,1.231300,D
173883468,EUR/USD,2005-08-03 10:03:59.000,1.231100,1.231400,D
173883472,EUR/USD,2005-08-03 10:04:00.000,1.231000,1.231300,D
173883483,EUR/USD,2005-08-03 10:04:01.000,1.231100,1.231400,D
173883488,EUR/USD,2005-08-03 10:04:02.000,1.231000,1.231300,D
173883514,EUR/USD,2005-08-03 10:04:09.000,1.230900,1.231200,D
173883528,EUR/USD,2005-08-03 10:04:12.000,1.230800,1.231100,D
173883540,EUR/USD,2005-08-03 10:04:19.000,1.230900,1.231200,D
173883558,EUR/USD,2005-08-03 10:04:27.000,1.230800,1.231100,D
173883571,EUR/USD,2005-08-03 10:04:30.000,1.230900,1.231200,D
173883579,EUR/USD,2005-08-03 10:04:30.000,1.230800,1.231100,D
173883595,EUR/USD,2005-08-03 10:04:31.000,1.230900,1.231200,D
173883598,EUR/USD,2005-08-03 10:04:32.000,1.230800,1.231100,D
173883604,EUR/USD,2005-08-03 10:04:32.000,1.230900,1.231200,D
173883635,EUR/USD,2005-08-03 10:04:35.000,1.230800,1.231100,D
173883645,EUR/USD,2005-08-03 10:04:38.000,1.230900,1.231200,D
173883678,EUR/USD,2005-08-03 10:04:51.000,1.230800,1.231100,D
173883698,EUR/USD,2005-08-03 10:04:56.000,1.230700,1.231000,D
173883718,EUR/USD,2005-08-03 10:05:03.000,1.230800,1.231100,D
173883720,EUR/USD,2005-08-03 10:05:03.000,1.230700,1.231000,D
173883746,EUR/USD,2005-08-03 10:05:12.000,1.230600,1.230900,D
173883766,EUR/USD,2005-08-03 10:05:20.000,1.230700,1.231000,D
173883770,EUR/USD,2005-08-03 10:05:21.000,1.230600,1.230900,D
173883781,EUR/USD,2005-08-03 10:05:26.000,1.230500,1.230800,D
173883807,EUR/USD,2005-08-03 10:05:35.000,1.230600,1.230900,D
173883834,EUR/USD,2005-08-03 10:05:50.000,1.230500,1.230800,D
173883838,EUR/USD,2005-08-03 10:05:52.000,1.230600,1.230900,D
173883842,EUR/USD,2005-08-03 10:05:53.000,1.230500,1.230800,D
173883852,EUR/USD,2005-08-03 10:05:55.000,1.230600,1.230900,D
173883885,EUR/USD,2005-08-03 10:06:04.000,1.230700,1.231000,D
173883905,EUR/USD,2005-08-03 10:06:09.000,1.230800,1.231100,D
173883925,EUR/USD,2005-08-03 10:06:13.000,1.230900,1.231200,D
173883941,EUR/USD,2005-08-03 10:06:16.000,1.231000,1.231300,D
173883960,EUR/USD,2005-08-03 10:06:18.000,1.230900,1.231200,D
173883978,EUR/USD,2005-08-03 10:06:21.000,1.231000,1.231300,D
173883984,EUR/USD,2005-08-03 10:06:21.000,1.230900,1.231200,D
173883990,EUR/USD,2005-08-03 10:06:22.000,1.231000,1.231300,D
173884003,EUR/USD,2005-08-03 10:06:24.000,1.230900,1.231200,D
173884006,EUR/USD,2005-08-03 10:06:24.000,1.231000,1.231300,D
173884041,EUR/USD,2005-08-03 10:06:30.000,1.231100,1.231400,D
173884065,EUR/USD,2005-08-03 10:06:33.000,1.231000,1.231300,D
173884075,EUR/USD,2005-08-03 10:06:34.000,1.231100,1.231400,D
173884089,EUR/USD,2005-08-03 10:06:37.000,1.231000,1.231300,D
173884119,EUR/USD,2005-08-03 10:06:41.000,1.231100,1.231400,D
173884134,EUR/USD,2005-08-03 10:06:44.000,1.231000,1.231300,D
173884152,EUR/USD,2005-08-03 10:06:47.000,1.231100,1.231400,D
173884178,EUR/USD,2005-08-03 10:06:53.000,1.231000,1.231300,D
173884192,EUR/USD,2005-08-03 10:06:56.000,1.230900,1.231200,D
173884223,EUR/USD,2005-08-03 10:07:06.000,1.230800,1.231100,D
173884234,EUR/USD,2005-08-03 10:07:10.000,1.230700,1.231000,D
173884245,EUR/USD,2005-08-03 10:07:12.000,1.230600,1.230900,D
173884247,EUR/USD,2005-08-03 10:07:13.000,1.230700,1.231000,D
173884266,EUR/USD,2005-08-03 10:07:20.000,1.230600,1.230900,D
173884296,EUR/USD,2005-08-03 10:07:32.000,1.230700,1.231000,D
173884307,EUR/USD,2005-08-03 10:07:35.000,1.230800,1.231100,D
173884312,EUR/USD,2005-08-03 10:07:36.000,1.230700,1.231000,D
173884319,EUR/USD,2005-08-03 10:07:37.000,1.230800,1.231100,D
173884343,EUR/USD,2005-08-03 10:07:40.000,1.230900,1.231200,D
173884394,EUR/USD,2005-08-03 10:07:53.000,1.230800,1.231100,D
173884406,EUR/USD,2005-08-03 10:07:55.000,1.230900,1.231200,D
173884432,EUR/USD,2005-08-03 10:08:07.000,1.231000,1.231300,D
173884440,EUR/USD,2005-08-03 10:08:09.000,1.230900,1.231200,D
173884446,EUR/USD,2005-08-03 10:08:10.000,1.231000,1.231300,D
173884454,EUR/USD,2005-08-03 10:08:11.000,1.230900,1.231200,D
173884481,EUR/USD,2005-08-03 10:08:19.000,1.230800,1.231100,D
173884507,EUR/USD,2005-08-03 10:08:22.000,1.230700,1.231000,D
173884553,EUR/USD,2005-08-03 10:08:43.000,1.230600,1.230900,D
173884573,EUR/USD,2005-08-03 10:08:51.000,1.230500,1.230800,D
173884594,EUR/USD,2005-08-03 10:08:55.000,1.230400,1.230700,D
173884600,EUR/USD,2005-08-03 10:08:56.000,1.230500,1.230800,D
173884613,EUR/USD,2005-08-03 10:08:58.000,1.230400,1.230700,D
173884622,EUR/USD,2005-08-03 10:09:00.000,1.230500,1.230800,D
173884625,EUR/USD,2005-08-03 10:09:00.000,1.230400,1.230700,D
173884664,EUR/USD,2005-08-03 10:09:14.000,1.230300,1.230600,D
173884683,EUR/USD,2005-08-03 10:09:21.000,1.230400,1.230700,D
173884687,EUR/USD,2005-08-03 10:09:21.000,1.230300,1.230600,D
173884692,EUR/USD,2005-08-03 10:09:21.000,1.230400,1.230700,D
173884704,EUR/USD,2005-08-03 10:09:24.000,1.230500,1.230800,D
173884714,EUR/USD,2005-08-03 10:09:27.000,1.230400,1.230700,D
173884718,EUR/USD,2005-08-03 10:09:28.000,1.230500,1.230800,D
173884726,EUR/USD,2005-08-03 10:09:28.000,1.230400,1.230700,D
173884743,EUR/USD,2005-08-03 10:09:30.000,1.230500,1.230800,D
173884772,EUR/USD,2005-08-03 10:09:36.000,1.230600,1.230900,D
173884787,EUR/USD,2005-08-03 10:09:40.000,1.230700,1.231000,D
173884819,EUR/USD,2005-08-03 10:10:18.000,1.230800,1.231100,D
173884825,EUR/USD,2005-08-03 10:10:19.000,1.230700,1.231000,D
173884869,EUR/USD,2005-08-03 10:10:34.000,1.230800,1.231100,D
173884895,EUR/USD,2005-08-03 10:10:46.000,1.230700,1.231000,D
173884918,EUR/USD,2005-08-03 10:10:54.000,1.230600,1.230900,D
173884922,EUR/USD,2005-08-03 10:10:55.000,1.230700,1.231000,D
173884931,EUR/USD,2005-08-03 10:10:56.000,1.230600,1.230900,D
173884934,EUR/USD,2005-08-03 10:10:56.000,1.230700,1.231000,D
173884937,EUR/USD,2005-08-03 10:10:57.000,1.230600,1.230900,D
173884979,EUR/USD,2005-08-03 10:11:04.000,1.230700,1.231000,D
173884996,EUR/USD,2005-08-03 10:11:12.000,1.230800,1.231100,D
173885020,EUR/USD,2005-08-03 10:11:51.000,1.230900,1.231200,D
173885047,EUR/USD,2005-08-03 10:12:08.000,1.231000,1.231300,D
173885097,EUR/USD,2005-08-03 10:12:32.000,1.230900,1.231200,D
173885112,EUR/USD,2005-08-03 10:12:33.000,1.231000,1.231300,D
173885153,EUR/USD,2005-08-03 10:13:00.000,1.230900,1.231200,D
173885158,EUR/USD,2005-08-03 10:13:01.000,1.231000,1.231300,D
173885288,EUR/USD,2005-08-03 10:14:32.000,1.231100,1.231400,D
173885290,EUR/USD,2005-08-03 10:14:33.000,1.231000,1.231300,D
173885294,EUR/USD,2005-08-03 10:14:33.000,1.231100,1.231400,D
173885304,EUR/USD,2005-08-03 10:14:39.000,1.231200,1.231500,D
173885317,EUR/USD,2005-08-03 10:14:45.000,1.231300,1.231600,D
173885354,EUR/USD,2005-08-03 10:14:50.000,1.231400,1.231700,D
173885361,EUR/USD,2005-08-03 10:14:51.000,1.231300,1.231600,D
173885383,EUR/USD,2005-08-03 10:14:54.000,1.231400,1.231700,D
173885393,EUR/USD,2005-08-03 10:14:56.000,1.231300,1.231600,D
173885419,EUR/USD,2005-08-03 10:15:03.000,1.231200,1.231500,D
173885497,EUR/USD,2005-08-03 10:15:32.000,1.231100,1.231400,D
173885511,EUR/USD,2005-08-03 10:15:34.000,1.231200,1.231500,D
173885519,EUR/USD,2005-08-03 10:15:35.000,1.231100,1.231400,D
173885522,EUR/USD,2005-08-03 10:15:35.000,1.231200,1.231500,D
173885544,EUR/USD,2005-08-03 10:16:05.000,1.231300,1.231600,D
173885552,EUR/USD,2005-08-03 10:16:08.000,1.231400,1.231700,D
173885565,EUR/USD,2005-08-03 10:16:13.000,1.231300,1.231600,D
173885572,EUR/USD,2005-08-03 10:16:19.000,1.231400,1.231700,D
173885610,EUR/USD,2005-08-03 10:16:32.000,1.231500,1.231800,D
173885630,EUR/USD,2005-08-03 10:16:41.000,1.231400,1.231700,D
173885685,EUR/USD,2005-08-03 10:17:05.000,1.231300,1.231600,D
173885770,EUR/USD,2005-08-03 10:17:38.000,1.231400,1.231700,D
173885781,EUR/USD,2005-08-03 10:17:43.000,1.231300,1.231600,D
173885792,EUR/USD,2005-08-03 10:17:45.000,1.231400,1.231700,D
173885803,EUR/USD,2005-08-03 10:17:51.000,1.231300,1.231600,D
173885826,EUR/USD,2005-08-03 10:18:00.000,1.231400,1.231700,D
173885859,EUR/USD,2005-08-03 10:18:07.000,1.231500,1.231800,D
173885863,EUR/USD,2005-08-03 10:18:09.000,1.231400,1.231700,D
173885879,EUR/USD,2005-08-03 10:18:33.000,1.231500,1.231800,D
173885885,EUR/USD,2005-08-03 10:18:34.000,1.231400,1.231700,D
173885888,EUR/USD,2005-08-03 10:18:35.000,1.231500,1.231800,D
173885892,EUR/USD,2005-08-03 10:18:36.000,1.231400,1.231700,D
173885914,EUR/USD,2005-08-03 10:18:42.000,1.231300,1.231600,D
173885961,EUR/USD,2005-08-03 10:19:03.000,1.231400,1.231700,D
173885989,EUR/USD,2005-08-03 10:19:13.000,1.231500,1.231800,D
173885992,EUR/USD,2005-08-03 10:19:15.000,1.231400,1.231700,D
173885994,EUR/USD,2005-08-03 10:19:16.000,1.231500,1.231800,D
173886009,EUR/USD,2005-08-03 10:19:27.000,1.231400,1.231700,D
173886033,EUR/USD,2005-08-03 10:19:33.000,1.231300,1.231600,D
173886065,EUR/USD,2005-08-03 10:19:39.000,1.231400,1.231700,D
173886141,EUR/USD,2005-08-03 10:20:42.000,1.231300,1.231600,D
173886179,EUR/USD,2005-08-03 10:21:02.000,1.231400,1.231700,D
173886215,EUR/USD,2005-08-03 10:21:14.000,1.231500,1.231800,D
173886234,EUR/USD,2005-08-03 10:21:20.000,1.231400,1.231700,D
173886237,EUR/USD,2005-08-03 10:21:21.000,1.231500,1.231800,D
173886257,EUR/USD,2005-08-03 10:21:25.000,1.231600,1.231900,D
173886281,EUR/USD,2005-08-03 10:21:34.000,1.231500,1.231800,D
173886305,EUR/USD,2005-08-03 10:21:38.000,1.231400,1.231700,D
173886309,EUR/USD,2005-08-03 10:21:40.000,1.231500,1.231800,D
173886323,EUR/USD,2005-08-03 10:21:44.000,1.231400,1.231700,D
173886333,EUR/USD,2005-08-03 10:21:52.000,1.231500,1.231800,D
173886340,EUR/USD,2005-08-03 10:21:53.000,1.231400,1.231700,D
173886399,EUR/USD,2005-08-03 10:22:20.000,1.231300,1.231600,D
173886401,EUR/USD,2005-08-03 10:22:20.000,1.231400,1.231700,D
173886407,EUR/USD,2005-08-03 10:22:22.000,1.231300,1.231600,D
173886419,EUR/USD,2005-08-03 10:22:27.000,1.231400,1.231700,D
173886427,EUR/USD,2005-08-03 10:22:28.000,1.231300,1.231600,D
173886441,EUR/USD,2005-08-03 10:22:34.000,1.231400,1.231700,D
173886450,EUR/USD,2005-08-03 10:22:39.000,1.231500,1.231800,D
173886461,EUR/USD,2005-08-03 10:22:41.000,1.231400,1.231700,D
173886466,EUR/USD,2005-08-03 10:22:42.000,1.231500,1.231800,D
173886480,EUR/USD,2005-08-03 10:22:49.000,1.231600,1.231900,D
173886487,EUR/USD,2005-08-03 10:22:51.000,1.231500,1.231800,D
173886558,EUR/USD,2005-08-03 10:23:24.000,1.231400,1.231700,D
173886576,EUR/USD,2005-08-03 10:23:31.000,1.231500,1.231800,D
173886631,EUR/USD,2005-08-03 10:23:51.000,1.231600,1.231900,D
173886639,EUR/USD,2005-08-03 10:23:54.000,1.231500,1.231800,D
173886646,EUR/USD,2005-08-03 10:23:56.000,1.231600,1.231900,D
173886654,EUR/USD,2005-08-03 10:23:59.000,1.231700,1.232000,D
173886668,EUR/USD,2005-08-03 10:24:01.000,1.231800,1.232100,D
173886684,EUR/USD,2005-08-03 10:24:02.000,1.231700,1.232000,D
173886699,EUR/USD,2005-08-03 10:24:05.000,1.231800,1.232100,D
173886704,EUR/USD,2005-08-03 10:24:07.000,1.231700,1.232000,D
173886709,EUR/USD,2005-08-03 10:24:08.000,1.231600,1.231900,D
173886714,EUR/USD,2005-08-03 10:24:08.000,1.231700,1.232000,D
173886728,EUR/USD,2005-08-03 10:24:10.000,1.231800,1.232100,D
173886733,EUR/USD,2005-08-03 10:24:11.000,1.231700,1.232000,D
173886737,EUR/USD,2005-08-03 10:24:11.000,1.231800,1.232100,D
173886770,EUR/USD,2005-08-03 10:24:17.000,1.231900,1.232200,D
173886779,EUR/USD,2005-08-03 10:24:19.000,1.232000,1.232300,D
173886802,EUR/USD,2005-08-03 10:24:25.000,1.231900,1.232200,D
173886813,EUR/USD,2005-08-03 10:24:27.000,1.232000,1.232300,D
173886820,EUR/USD,2005-08-03 10:24:27.000,1.231900,1.232200,D
173886822,EUR/USD,2005-08-03 10:24:28.000,1.232000,1.232300,D
173886825,EUR/USD,2005-08-03 10:24:28.000,1.231900,1.232200,D
173886858,EUR/USD,2005-08-03 10:24:33.000,1.232000,1.232300,D
173886865,EUR/USD,2005-08-03 10:24:34.000,1.231900,1.232200,D
173886878,EUR/USD,2005-08-03 10:24:38.000,1.232000,1.232300,D
173886882,EUR/USD,2005-08-03 10:24:40.000,1.232100,1.232400,D
173886894,EUR/USD,2005-08-03 10:24:42.000,1.232000,1.232300,D
173886897,EUR/USD,2005-08-03 10:24:42.000,1.232100,1.232400,D
173886913,EUR/USD,2005-08-03 10:24:45.000,1.232000,1.232300,D
173886934,EUR/USD,2005-08-03 10:24:48.000,1.231900,1.232200,D
173887022,EUR/USD,2005-08-03 10:25:11.000,1.231800,1.232100,D
173887030,EUR/USD,2005-08-03 10:25:13.000,1.231900,1.232200,D
173887048,EUR/USD,2005-08-03 10:25:18.000,1.231800,1.232100,D
173887051,EUR/USD,2005-08-03 10:25:18.000,1.231900,1.232200,D
173887064,EUR/USD,2005-08-03 10:25:20.000,1.231800,1.232100,D
173887070,EUR/USD,2005-08-03 10:25:20.000,1.231900,1.232200,D
173887088,EUR/USD,2005-08-03 10:25:25.000,1.232000,1.232300,D
173887109,EUR/USD,2005-08-03 10:25:28.000,1.232100,1.232400,D
173887134,EUR/USD,2005-08-03 10:25:34.000,1.232200,1.232500,D
173887142,EUR/USD,2005-08-03 10:25:35.000,1.232100,1.232400,D
173887183,EUR/USD,2005-08-03 10:25:42.000,1.232200,1.232500,D
173887194,EUR/USD,2005-08-03 10:25:45.000,1.232100,1.232400,D
173887220,EUR/USD,2005-08-03 10:25:55.000,1.232200,1.232500,D
173887228,EUR/USD,2005-08-03 10:25:57.000,1.232100,1.232400,D
173887238,EUR/USD,2005-08-03 10:25:58.000,1.232200,1.232500,D
173887243,EUR/USD,2005-08-03 10:25:59.000,1.232100,1.232400,D
173887295,EUR/USD,2005-08-03 10:26:22.000,1.232200,1.232500,D
173887336,EUR/USD,2005-08-03 10:26:32.000,1.232100,1.232400,D
173887359,EUR/USD,2005-08-03 10:26:39.000,1.232000,1.232300,D
173887392,EUR/USD,2005-08-03 10:26:46.000,1.232100,1.232400,D
173887398,EUR/USD,2005-08-03 10:26:48.000,1.232000,1.232300,D
173887400,EUR/USD,2005-08-03 10:26:50.000,1.232100,1.232400,D
173887402,EUR/USD,2005-08-03 10:26:50.000,1.232000,1.232300,D
173887408,EUR/USD,2005-08-03 10:26:51.000,1.232100,1.232400,D
173887426,EUR/USD,2005-08-03 10:27:03.000,1.232200,1.232500,D
173887434,EUR/USD,2005-08-03 10:27:05.000,1.232100,1.232400,D
173887458,EUR/USD,2005-08-03 10:27:27.000,1.232000,1.232300,D
173887467,EUR/USD,2005-08-03 10:27:29.000,1.232100,1.232400,D
173887508,EUR/USD,2005-08-03 10:27:41.000,1.232200,1.232500,D
173887515,EUR/USD,2005-08-03 10:27:42.000,1.232100,1.232400,D
173887519,EUR/USD,2005-08-03 10:27:43.000,1.232200,1.232500,D
173887527,EUR/USD,2005-08-03 10:27:46.000,1.232100,1.232400,D
173887552,EUR/USD,2005-08-03 10:27:53.000,1.232200,1.232500,D
173887568,EUR/USD,2005-08-03 10:27:57.000,1.232100,1.232400,D
173887587,EUR/USD,2005-08-03 10:28:05.000,1.232000,1.232300,D
173887593,EUR/USD,2005-08-03 10:28:06.000,1.232100,1.232400,D
173887604,EUR/USD,2005-08-03 10:28:08.000,1.232000,1.232300,D
173887612,EUR/USD,2005-08-03 10:28:09.000,1.232100,1.232400,D
173887615,EUR/USD,2005-08-03 10:28:09.000,1.232000,1.232300,D
173887625,EUR/USD,2005-08-03 10:28:10.000,1.232100,1.232400,D
173887641,EUR/USD,2005-08-03 10:28:17.000,1.232000,1.232300,D
173887650,EUR/USD,2005-08-03 10:28:19.000,1.232100,1.232400,D
173887657,EUR/USD,2005-08-03 10:28:21.000,1.232000,1.232300,D
173887663,EUR/USD,2005-08-03 10:28:21.000,1.232100,1.232400,D
173887669,EUR/USD,2005-08-03 10:28:23.000,1.232200,1.232500,D
173887678,EUR/USD,2005-08-03 10:28:25.000,1.232100,1.232400,D
173887681,EUR/USD,2005-08-03 10:28:25.000,1.232200,1.232500,D
173887693,EUR/USD,2005-08-03 10:28:31.000,1.232300,1.232600,D
173887717,EUR/USD,2005-08-03 10:28:34.000,1.232200,1.232500,D
173887730,EUR/USD,2005-08-03 10:28:36.000,1.232100,1.232400,D
173887745,EUR/USD,2005-08-03 10:28:38.000,1.232200,1.232500,D
173887782,EUR/USD,2005-08-03 10:28:47.000,1.232100,1.232400,D
173887787,EUR/USD,2005-08-03 10:28:47.000,1.232200,1.232500,D
173887808,EUR/USD,2005-08-03 10:28:54.000,1.232100,1.232400,D
173887824,EUR/USD,2005-08-03 10:29:04.000,1.232200,1.232500,D
173887854,EUR/USD,2005-08-03 10:29:12.000,1.232100,1.232400,D
173887864,EUR/USD,2005-08-03 10:29:14.000,1.232200,1.232500,D
173887868,EUR/USD,2005-08-03 10:29:15.000,1.232100,1.232400,D
173887877,EUR/USD,2005-08-03 10:29:17.000,1.232200,1.232500,D
173887885,EUR/USD,2005-08-03 10:29:22.000,1.232100,1.232400,D
173887892,EUR/USD,2005-08-03 10:29:22.000,1.232200,1.232500,D
173887895,EUR/USD,2005-08-03 10:29:26.000,1.232100,1.232400,D
173887906,EUR/USD,2005-08-03 10:29:28.000,1.232200,1.232500,D
173887914,EUR/USD,2005-08-03 10:29:30.000,1.232100,1.232400,D
173887934,EUR/USD,2005-08-03 10:29:41.000,1.232000,1.232300,D
173887979,EUR/USD,2005-08-03 10:30:00.000,1.231900,1.232200,D
173888002,EUR/USD,2005-08-03 10:30:10.000,1.231800,1.232100,D
173888005,EUR/USD,2005-08-03 10:30:10.000,1.231900,1.232200,D
173888008,EUR/USD,2005-08-03 10:30:11.000,1.231800,1.232100,D
173888016,EUR/USD,2005-08-03 10:30:12.000,1.231900,1.232200,D
173888055,EUR/USD,2005-08-03 10:30:19.000,1.231800,1.232100,D
173888079,EUR/USD,2005-08-03 10:30:26.000,1.231900,1.232200,D
173888081,EUR/USD,2005-08-03 10:30:27.000,1.231800,1.232100,D
173888083,EUR/USD,2005-08-03 10:30:28.000,1.231900,1.232200,D
173888096,EUR/USD,2005-08-03 10:30:32.000,1.232000,1.232300,D
173888107,EUR/USD,2005-08-03 10:30:33.000,1.231900,1.232200,D
173888118,EUR/USD,2005-08-03 10:30:36.000,1.232000,1.232300,D
173888149,EUR/USD,2005-08-03 10:30:42.000,1.231900,1.232200,D
173888174,EUR/USD,2005-08-03 10:30:52.000,1.232000,1.232300,D
173888187,EUR/USD,2005-08-03 10:30:56.000,1.232100,1.232400,D
173888208,EUR/USD,2005-08-03 10:31:07.000,1.232000,1.232300,D
173888236,EUR/USD,2005-08-03 10:31:11.000,1.232100,1.232400,D
173888249,EUR/USD,2005-08-03 10:31:13.000,1.232000,1.232300,D
173888255,EUR/USD,2005-08-03 10:31:15.000,1.232100,1.232400,D
173888307,EUR/USD,2005-08-03 10:31:52.000,1.232200,1.232500,D
173888312,EUR/USD,2005-08-03 10:31:53.000,1.232300,1.232600,D
173888329,EUR/USD,2005-08-03 10:31:55.000,1.232200,1.232500,D
173888371,EUR/USD,2005-08-03 10:32:05.000,1.232100,1.232400,D
173888380,EUR/USD,2005-08-03 10:32:06.000,1.232200,1.232500,D
173888403,EUR/USD,2005-08-03 10:32:15.000,1.232100,1.232400,D
173888410,EUR/USD,2005-08-03 10:32:16.000,1.232200,1.232500,D
173888432,EUR/USD,2005-08-03 10:32:21.000,1.232100,1.232400,D
173888445,EUR/USD,2005-08-03 10:32:30.000,1.232200,1.232500,D
173888456,EUR/USD,2005-08-03 10:32:34.000,1.232000,1.232300,D
173888479,EUR/USD,2005-08-03 10:32:56.000,1.232100,1.232400,D
173888482,EUR/USD,2005-08-03 10:32:56.000,1.232000,1.232300,D
173888489,EUR/USD,2005-08-03 10:32:57.000,1.232100,1.232400,D
173888495,EUR/USD,2005-08-03 10:33:00.000,1.232000,1.232300,D
173888531,EUR/USD,2005-08-03 10:33:16.000,1.231900,1.232200,D
173888554,EUR/USD,2005-08-03 10:33:20.000,1.231800,1.232100,D
173888619,EUR/USD,2005-08-03 10:33:33.000,1.231700,1.232000,D
173888634,EUR/USD,2005-08-03 10:33:35.000,1.231600,1.231900,D
173888641,EUR/USD,2005-08-03 10:33:35.000,1.231700,1.232000,D
173888652,EUR/USD,2005-08-03 10:33:37.000,1.231600,1.231900,D
173888671,EUR/USD,2005-08-03 10:33:41.000,1.231600,1.231800,D
173888673,EUR/USD,2005-08-03 10:33:41.000,1.231500,1.231800,D
173888682,EUR/USD,2005-08-03 10:33:42.000,1.231600,1.231900,D
173888687,EUR/USD,2005-08-03 10:33:43.000,1.231500,1.231800,D
173888708,EUR/USD,2005-08-03 10:33:52.000,1.231600,1.231900,D
173888716,EUR/USD,2005-08-03 10:33:56.000,1.231500,1.231800,D
173888752,EUR/USD,2005-08-03 10:34:03.000,1.231400,1.231700,D
173888772,EUR/USD,2005-08-03 10:34:09.000,1.231300,1.231600,D
173888809,EUR/USD,2005-08-03 10:34:14.000,1.231400,1.231700,D
173888816,EUR/USD,2005-08-03 10:34:17.000,1.231300,1.231600,D
173888832,EUR/USD,2005-08-03 10:34:21.000,1.231200,1.231500,D
173888846,EUR/USD,2005-08-03 10:34:23.000,1.231300,1.231600,D
173888860,EUR/USD,2005-08-03 10:34:24.000,1.231200,1.231500,D
173888892,EUR/USD,2005-08-03 10:34:27.000,1.231100,1.231400,D
173888896,EUR/USD,2005-08-03 10:34:27.000,1.231200,1.231500,D
173888911,EUR/USD,2005-08-03 10:34:30.000,1.231300,1.231600,D
173888921,EUR/USD,2005-08-03 10:34:31.000,1.231200,1.231500,D
173888925,EUR/USD,2005-08-03 10:34:32.000,1.231300,1.231600,D
173888939,EUR/USD,2005-08-03 10:34:35.000,1.231400,1.231700,D
173888980,EUR/USD,2005-08-03 10:34:50.000,1.231300,1.231600,D
173888995,EUR/USD,2005-08-03 10:34:56.000,1.231200,1.231500,D
173889009,EUR/USD,2005-08-03 10:35:00.000,1.231100,1.231400,D
173889015,EUR/USD,2005-08-03 10:35:00.000,1.231200,1.231500,D
173889028,EUR/USD,2005-08-03 10:35:05.000,1.231300,1.231600,D
173889031,EUR/USD,2005-08-03 10:35:06.000,1.231200,1.231500,D
173889046,EUR/USD,2005-08-03 10:35:10.000,1.231300,1.231600,D
173889052,EUR/USD,2005-08-03 10:35:14.000,1.231400,1.231700,D
173889067,EUR/USD,2005-08-03 10:35:22.000,1.231500,1.231800,D
173889089,EUR/USD,2005-08-03 10:35:27.000,1.231400,1.231700,D
173889101,EUR/USD,2005-08-03 10:35:29.000,1.231500,1.231800,D
173889107,EUR/USD,2005-08-03 10:35:30.000,1.231400,1.231700,D
173889145,EUR/USD,2005-08-03 10:35:49.000,1.231300,1.231600,D
173889146,EUR/USD,2005-08-03 10:35:49.000,1.231400,1.231700,D
173889153,EUR/USD,2005-08-03 10:35:53.000,1.231300,1.231600,D
173889156,EUR/USD,2005-08-03 10:35:54.000,1.231400,1.231700,D
173889172,EUR/USD,2005-08-03 10:35:59.000,1.231300,1.231600,D
173889173,EUR/USD,2005-08-03 10:35:59.000,1.231400,1.231700,D
173889238,EUR/USD,2005-08-03 10:36:32.000,1.231300,1.231600,D
173889294,EUR/USD,2005-08-03 10:36:56.000,1.231200,1.231500,D
173889312,EUR/USD,2005-08-03 10:37:16.000,1.231100,1.231400,D
173889317,EUR/USD,2005-08-03 10:37:17.000,1.231200,1.231500,D
173889326,EUR/USD,2005-08-03 10:37:19.000,1.231100,1.231400,D
173889331,EUR/USD,2005-08-03 10:37:23.000,1.231200,1.231500,D
173889336,EUR/USD,2005-08-03 10:37:28.000,1.231100,1.231400,D
173889356,EUR/USD,2005-08-03 10:37:36.000,1.231200,1.231500,D
173889359,EUR/USD,2005-08-03 10:37:37.000,1.231100,1.231400,D
173889403,EUR/USD,2005-08-03 10:37:52.000,1.231000,1.231300,D
173889409,EUR/USD,2005-08-03 10:37:52.000,1.230900,1.231200,D
173889431,EUR/USD,2005-08-03 10:37:56.000,1.230800,1.231100,D
173889456,EUR/USD,2005-08-03 10:38:00.000,1.230700,1.231000,D
173889471,EUR/USD,2005-08-03 10:38:02.000,1.230800,1.231100,D
173889502,EUR/USD,2005-08-03 10:38:13.000,1.230700,1.231000,D
173889520,EUR/USD,2005-08-03 10:38:15.000,1.230600,1.230900,D
173889540,EUR/USD,2005-08-03 10:38:22.000,1.230700,1.231000,D
173889555,EUR/USD,2005-08-03 10:38:25.000,1.230600,1.230900,D
173889570,EUR/USD,2005-08-03 10:38:27.000,1.230700,1.231000,D
173889587,EUR/USD,2005-08-03 10:38:31.000,1.230800,1.231100,D
173889602,EUR/USD,2005-08-03 10:38:33.000,1.230700,1.231000,D
173889653,EUR/USD,2005-08-03 10:38:46.000,1.230600,1.230900,D
173889680,EUR/USD,2005-08-03 10:38:52.000,1.230700,1.231000,D
173889686,EUR/USD,2005-08-03 10:38:53.000,1.230600,1.230900,D
173889687,EUR/USD,2005-08-03 10:38:53.000,1.230700,1.231000,D
173889726,EUR/USD,2005-08-03 10:39:04.000,1.230600,1.230900,D
173889756,EUR/USD,2005-08-03 10:39:21.000,1.230700,1.231000,D
173889775,EUR/USD,2005-08-03 10:39:28.000,1.230600,1.230900,D
173889777,EUR/USD,2005-08-03 10:39:28.000,1.230700,1.231000,D
173889805,EUR/USD,2005-08-03 10:39:43.000,1.230600,1.230900,D
173889824,EUR/USD,2005-08-03 10:39:49.000,1.230700,1.231000,D
173889868,EUR/USD,2005-08-03 10:40:14.000,1.230600,1.230900,D
173889884,EUR/USD,2005-08-03 10:40:18.000,1.230500,1.230800,D
173889886,EUR/USD,2005-08-03 10:40:18.000,1.230600,1.230900,D
173889903,EUR/USD,2005-08-03 10:40:20.000,1.230700,1.231000,D
173889937,EUR/USD,2005-08-03 10:40:28.000,1.230600,1.230900,D
173889950,EUR/USD,2005-08-03 10:40:28.000,1.230700,1.231000,D
173890047,EUR/USD,2005-08-03 10:40:55.000,1.230600,1.230900,D
173890062,EUR/USD,2005-08-03 10:40:56.000,1.230700,1.231000,D
173890077,EUR/USD,2005-08-03 10:40:59.000,1.230800,1.231100,D
173890081,EUR/USD,2005-08-03 10:41:00.000,1.230700,1.231000,D
173890105,EUR/USD,2005-08-03 10:41:10.000,1.230800,1.231100,D
173890146,EUR/USD,2005-08-03 10:41:17.000,1.230900,1.231200,D
173890211,EUR/USD,2005-08-03 10:41:29.000,1.231000,1.231300,D
173890216,EUR/USD,2005-08-03 10:41:30.000,1.230900,1.231200,D
173890221,EUR/USD,2005-08-03 10:41:30.000,1.231000,1.231300,D
173890232,EUR/USD,2005-08-03 10:41:32.000,1.230900,1.231200,D
173890252,EUR/USD,2005-08-03 10:41:36.000,1.230800,1.231100,D
173890272,EUR/USD,2005-08-03 10:41:38.000,1.230700,1.231000,D
173890275,EUR/USD,2005-08-03 10:41:38.000,1.230800,1.231100,D
173890310,EUR/USD,2005-08-03 10:41:44.000,1.230700,1.231000,D
173890314,EUR/USD,2005-08-03 10:41:44.000,1.230800,1.231100,D
173890329,EUR/USD,2005-08-03 10:41:45.000,1.230700,1.231000,D
173890348,EUR/USD,2005-08-03 10:41:51.000,1.230800,1.231100,D
173890356,EUR/USD,2005-08-03 10:41:57.000,1.230700,1.231000,D
173890393,EUR/USD,2005-08-03 10:42:18.000,1.230600,1.230900,D
173890401,EUR/USD,2005-08-03 10:42:19.000,1.230700,1.231000,D
173890411,EUR/USD,2005-08-03 10:42:21.000,1.230600,1.230900,D
173890437,EUR/USD,2005-08-03 10:42:39.000,1.230500,1.230800,D
173890468,EUR/USD,2005-08-03 10:42:48.000,1.230400,1.230700,D
173890486,EUR/USD,2005-08-03 10:42:56.000,1.230300,1.230600,D
173890502,EUR/USD,2005-08-03 10:42:59.000,1.230400,1.230700,D
173890510,EUR/USD,2005-08-03 10:43:01.000,1.230500,1.230800,D
173890537,EUR/USD,2005-08-03 10:43:11.000,1.230400,1.230700,D
173890566,EUR/USD,2005-08-03 10:43:18.000,1.230500,1.230800,D
173890581,EUR/USD,2005-08-03 10:43:25.000,1.230400,1.230700,D
173890620,EUR/USD,2005-08-03 10:43:41.000,1.230500,1.230800,D
173890637,EUR/USD,2005-08-03 10:43:49.000,1.230600,1.230900,D
173890678,EUR/USD,2005-08-03 10:44:08.000,1.230700,1.231000,D
173890747,EUR/USD,2005-08-03 10:44:25.000,1.230800,1.231100,D
173890757,EUR/USD,2005-08-03 10:44:26.000,1.230700,1.231000,D
173890791,EUR/USD,2005-08-03 10:44:40.000,1.230600,1.230900,D
173890838,EUR/USD,2005-08-03 10:44:58.000,1.230500,1.230800,D
173890844,EUR/USD,2005-08-03 10:44:58.000,1.230600,1.230900,D
173890859,EUR/USD,2005-08-03 10:45:01.000,1.230500,1.230800,D
173890882,EUR/USD,2005-08-03 10:45:10.000,1.230600,1.230900,D
173890896,EUR/USD,2005-08-03 10:45:12.000,1.230500,1.230800,D
173890905,EUR/USD,2005-08-03 10:45:15.000,1.230600,1.230900,D
173890920,EUR/USD,2005-08-03 10:45:21.000,1.230700,1.231000,D
173890938,EUR/USD,2005-08-03 10:45:30.000,1.230600,1.230900,D
173890983,EUR/USD,2005-08-03 10:45:47.000,1.230500,1.230800,D
173891017,EUR/USD,2005-08-03 10:45:59.000,1.230400,1.230700,D
173891049,EUR/USD,2005-08-03 10:46:06.000,1.230500,1.230800,D
173891054,EUR/USD,2005-08-03 10:46:07.000,1.230400,1.230700,D
173891062,EUR/USD,2005-08-03 10:46:09.000,1.230500,1.230800,D
173891106,EUR/USD,2005-08-03 10:46:20.000,1.230600,1.230900,D
173891120,EUR/USD,2005-08-03 10:46:23.000,1.230700,1.231000,D
173891137,EUR/USD,2005-08-03 10:46:24.000,1.230600,1.230900,D
173891147,EUR/USD,2005-08-03 10:46:26.000,1.230700,1.231000,D
173891235,EUR/USD,2005-08-03 10:46:51.000,1.230800,1.231100,D
173891247,EUR/USD,2005-08-03 10:46:54.000,1.230900,1.231200,D
173891266,EUR/USD,2005-08-03 10:46:58.000,1.230800,1.231100,D
173891269,EUR/USD,2005-08-03 10:46:59.000,1.230900,1.231200,D
173891280,EUR/USD,2005-08-03 10:46:59.000,1.231000,1.231300,D
173891305,EUR/USD,2005-08-03 10:47:02.000,1.230900,1.231200,D
173891322,EUR/USD,2005-08-03 10:47:07.000,1.231000,1.231300,D
173891363,EUR/USD,2005-08-03 10:47:23.000,1.230900,1.231200,D
173891376,EUR/USD,2005-08-03 10:47:26.000,1.230800,1.231100,D
173891402,EUR/USD,2005-08-03 10:47:34.000,1.230700,1.231000,D
173891406,EUR/USD,2005-08-03 10:47:34.000,1.230800,1.231100,D
173891479,EUR/USD,2005-08-03 10:48:20.000,1.230900,1.231200,D
173891485,EUR/USD,2005-08-03 10:48:21.000,1.230800,1.231100,D
173891502,EUR/USD,2005-08-03 10:48:24.000,1.230900,1.231200,D
173891517,EUR/USD,2005-08-03 10:48:27.000,1.231000,1.231300,D
173891529,EUR/USD,2005-08-03 10:48:32.000,1.231100,1.231400,D
173891553,EUR/USD,2005-08-03 10:48:39.000,1.231000,1.231300,D
173891577,EUR/USD,2005-08-03 10:48:42.000,1.231100,1.231400,D
173891581,EUR/USD,2005-08-03 10:48:45.000,1.231200,1.231500,D
173891591,EUR/USD,2005-08-03 10:48:47.000,1.231100,1.231400,D
173891601,EUR/USD,2005-08-03 10:48:49.000,1.231200,1.231500,D
173891604,EUR/USD,2005-08-03 10:48:50.000,1.231100,1.231400,D
173891678,EUR/USD,2005-08-03 10:49:47.000,1.231000,1.231300,D
173891680,EUR/USD,2005-08-03 10:49:49.000,1.231100,1.231400,D
173891691,EUR/USD,2005-08-03 10:50:05.000,1.231000,1.231300,D
173891701,EUR/USD,2005-08-03 10:50:09.000,1.231100,1.231400,D
173891708,EUR/USD,2005-08-03 10:50:10.000,1.231000,1.231300,D
173891719,EUR/USD,2005-08-03 10:50:11.000,1.231100,1.231400,D
173891729,EUR/USD,2005-08-03 10:50:14.000,1.231000,1.231300,D
173891747,EUR/USD,2005-08-03 10:50:18.000,1.231100,1.231400,D
173891750,EUR/USD,2005-08-03 10:50:19.000,1.231000,1.231300,D
173891757,EUR/USD,2005-08-03 10:50:19.000,1.231100,1.231400,D
173891764,EUR/USD,2005-08-03 10:50:21.000,1.231000,1.231300,D
173891768,EUR/USD,2005-08-03 10:50:21.000,1.231100,1.231400,D
173891806,EUR/USD,2005-08-03 10:50:29.000,1.231200,1.231500,D
173891864,EUR/USD,2005-08-03 10:51:02.000,1.231300,1.231600,D
173891870,EUR/USD,2005-08-03 10:51:03.000,1.231200,1.231500,D
173891875,EUR/USD,2005-08-03 10:51:06.000,1.231300,1.231600,D
173891880,EUR/USD,2005-08-03 10:51:08.000,1.231200,1.231500,D
173891885,EUR/USD,2005-08-03 10:51:10.000,1.231300,1.231600,D
173891894,EUR/USD,2005-08-03 10:51:16.000,1.231400,1.231700,D
173891934,EUR/USD,2005-08-03 10:51:27.000,1.231500,1.231800,D
173891966,EUR/USD,2005-08-03 10:51:33.000,1.231600,1.231900,D
173891974,EUR/USD,2005-08-03 10:51:34.000,1.231500,1.231800,D
173891981,EUR/USD,2005-08-03 10:51:35.000,1.231600,1.231900,D
173892005,EUR/USD,2005-08-03 10:51:40.000,1.231500,1.231800,D
173892015,EUR/USD,2005-08-03 10:51:42.000,1.231600,1.231900,D
173892032,EUR/USD,2005-08-03 10:51:51.000,1.231700,1.232000,D
173892042,EUR/USD,2005-08-03 10:51:53.000,1.231800,1.232100,D
173892078,EUR/USD,2005-08-03 10:51:57.000,1.231900,1.232200,D
173892109,EUR/USD,2005-08-03 10:52:02.000,1.231800,1.232100,D
173892126,EUR/USD,2005-08-03 10:52:03.000,1.231900,1.232200,D
173892136,EUR/USD,2005-08-03 10:52:06.000,1.232000,1.232300,D
173892143,EUR/USD,2005-08-03 10:52:06.000,1.231900,1.232200,D
173892149,EUR/USD,2005-08-03 10:52:06.000,1.232000,1.232300,D
173892158,EUR/USD,2005-08-03 10:52:07.000,1.231900,1.232200,D
173892173,EUR/USD,2005-08-03 10:52:09.000,1.231800,1.232100,D
173892221,EUR/USD,2005-08-03 10:52:17.000,1.231700,1.232000,D
173892256,EUR/USD,2005-08-03 10:52:26.000,1.231800,1.232100,D
173892275,EUR/USD,2005-08-03 10:52:28.000,1.231700,1.232000,D
173892321,EUR/USD,2005-08-03 10:52:41.000,1.231600,1.231900,D
173892334,EUR/USD,2005-08-03 10:52:43.000,1.231700,1.232000,D
173892340,EUR/USD,2005-08-03 10:52:44.000,1.231600,1.231900,D
173892389,EUR/USD,2005-08-03 10:52:53.000,1.231500,1.231800,D
173892393,EUR/USD,2005-08-03 10:52:55.000,1.231600,1.231900,D
173892405,EUR/USD,2005-08-03 10:52:59.000,1.231500,1.231800,D
173892472,EUR/USD,2005-08-03 10:53:28.000,1.231600,1.231900,D
173892487,EUR/USD,2005-08-03 10:53:32.000,1.231500,1.231800,D
173892508,EUR/USD,2005-08-03 10:53:37.000,1.231600,1.231900,D
173892523,EUR/USD,2005-08-03 10:53:43.000,1.231500,1.231800,D
173892540,EUR/USD,2005-08-03 10:53:51.000,1.231600,1.231900,D
173892545,EUR/USD,2005-08-03 10:53:52.000,1.231700,1.232000,D
173892554,EUR/USD,2005-08-03 10:53:55.000,1.231800,1.232100,D
173892567,EUR/USD,2005-08-03 10:53:59.000,1.231900,1.232200,D
173892569,EUR/USD,2005-08-03 10:54:00.000,1.231800,1.232100,D
173892571,EUR/USD,2005-08-03 10:54:02.000,1.231900,1.232200,D
173892587,EUR/USD,2005-08-03 10:54:05.000,1.231800,1.232100,D
173892603,EUR/USD,2005-08-03 10:54:10.000,1.231900,1.232200,D
173892614,EUR/USD,2005-08-03 10:54:11.000,1.231800,1.232100,D
173892622,EUR/USD,2005-08-03 10:54:13.000,1.231900,1.232200,D
173892638,EUR/USD,2005-08-03 10:54:15.000,1.232000,1.232300,D
173892653,EUR/USD,2005-08-03 10:54:18.000,1.231900,1.232200,D
173892664,EUR/USD,2005-08-03 10:54:19.000,1.232000,1.232300,D
173892680,EUR/USD,2005-08-03 10:54:21.000,1.231900,1.232200,D
173892711,EUR/USD,2005-08-03 10:54:32.000,1.232000,1.232300,D
173892731,EUR/USD,2005-08-03 10:54:35.000,1.232100,1.232400,D
173892784,EUR/USD,2005-08-03 10:54:50.000,1.232000,1.232300,D
173892801,EUR/USD,2005-08-03 10:54:55.000,1.231900,1.232200,D
173892809,EUR/USD,2005-08-03 10:54:56.000,1.232000,1.232300,D
173892814,EUR/USD,2005-08-03 10:54:57.000,1.231900,1.232200,D
173892831,EUR/USD,2005-08-03 10:55:00.000,1.232000,1.232300,D
173892851,EUR/USD,2005-08-03 10:55:08.000,1.231900,1.232200,D
173892865,EUR/USD,2005-08-03 10:55:16.000,1.232000,1.232300,D
173892888,EUR/USD,2005-08-03 10:55:26.000,1.231900,1.232200,D
173892912,EUR/USD,2005-08-03 10:55:41.000,1.232000,1.232300,D
173892919,EUR/USD,2005-08-03 10:55:43.000,1.231900,1.232200,D
173892943,EUR/USD,2005-08-03 10:55:51.000,1.231800,1.232100,D
173892962,EUR/USD,2005-08-03 10:55:56.000,1.231700,1.232000,D
173892994,EUR/USD,2005-08-03 10:56:03.000,1.231600,1.231900,D
173892998,EUR/USD,2005-08-03 10:56:03.000,1.231700,1.232000,D
173893005,EUR/USD,2005-08-03 10:56:04.000,1.231800,1.232100,D
173893010,EUR/USD,2005-08-03 10:56:05.000,1.231700,1.232000,D
173893014,EUR/USD,2005-08-03 10:56:05.000,1.231800,1.232100,D
173893036,EUR/USD,2005-08-03 10:56:08.000,1.231700,1.232000,D
173893063,EUR/USD,2005-08-03 10:56:15.000,1.231800,1.232100,D
173893069,EUR/USD,2005-08-03 10:56:15.000,1.231700,1.232000,D
173893076,EUR/USD,2005-08-03 10:56:17.000,1.231800,1.232100,D
173893091,EUR/USD,2005-08-03 10:56:20.000,1.231700,1.232000,D
173893103,EUR/USD,2005-08-03 10:56:22.000,1.231800,1.232100,D
173893129,EUR/USD,2005-08-03 10:56:32.000,1.231900,1.232200,D
173893137,EUR/USD,2005-08-03 10:56:34.000,1.231800,1.232100,D
173893146,EUR/USD,2005-08-03 10:56:35.000,1.231900,1.232200,D
173893171,EUR/USD,2005-08-03 10:56:43.000,1.231800,1.232100,D
173893183,EUR/USD,2005-08-03 10:56:48.000,1.231700,1.232000,D
173893201,EUR/USD,2005-08-03 10:56:57.000,1.231800,1.232100,D
173893211,EUR/USD,2005-08-03 10:57:00.000,1.231700,1.232000,D
173893237,EUR/USD,2005-08-03 10:57:08.000,1.231800,1.232100,D
173893250,EUR/USD,2005-08-03 10:57:11.000,1.231700,1.232000,D
173893254,EUR/USD,2005-08-03 10:57:12.000,1.231800,1.232100,D
173893278,EUR/USD,2005-08-03 10:57:16.000,1.231700,1.232000,D
173893311,EUR/USD,2005-08-03 10:57:20.000,1.231600,1.231900,D
173893377,EUR/USD,2005-08-03 10:57:31.000,1.231500,1.231800,D
173893383,EUR/USD,2005-08-03 10:57:32.000,1.231600,1.231900,D
173893399,EUR/USD,2005-08-03 10:57:34.000,1.231500,1.231800,D
173893435,EUR/USD,2005-08-03 10:57:43.000,1.231400,1.231700,D
173893439,EUR/USD,2005-08-03 10:57:43.000,1.231500,1.231800,D
173893450,EUR/USD,2005-08-03 10:57:45.000,1.231400,1.231700,D
173893508,EUR/USD,2005-08-03 10:57:54.000,1.231500,1.231800,D
173893515,EUR/USD,2005-08-03 10:57:54.000,1.231400,1.231700,D
173893517,EUR/USD,2005-08-03 10:57:55.000,1.231500,1.231800,D
173893520,EUR/USD,2005-08-03 10:57:55.000,1.231400,1.231700,D
173893540,EUR/USD,2005-08-03 10:58:10.000,1.231500,1.231800,D
173893555,EUR/USD,2005-08-03 10:58:14.000,1.231400,1.231700,D
173893563,EUR/USD,2005-08-03 10:58:16.000,1.231500,1.231800,D
173893590,EUR/USD,2005-08-03 10:58:25.000,1.231600,1.231900,D
173893601,EUR/USD,2005-08-03 10:58:35.000,1.231700,1.232000,D
173893609,EUR/USD,2005-08-03 10:58:36.000,1.231600,1.231900,D
173893615,EUR/USD,2005-08-03 10:58:39.000,1.231700,1.232000,D
173893618,EUR/USD,2005-08-03 10:58:39.000,1.231600,1.231900,D
173893619,EUR/USD,2005-08-03 10:58:40.000,1.231700,1.232000,D
173893639,EUR/USD,2005-08-03 10:58:43.000,1.231600,1.231900,D
173893658,EUR/USD,2005-08-03 10:58:51.000,1.231500,1.231800,D
173893713,EUR/USD,2005-08-03 10:59:21.000,1.231400,1.231700,D
173893721,EUR/USD,2005-08-03 10:59:23.000,1.231500,1.231800,D
173893758,EUR/USD,2005-08-03 10:59:30.000,1.231400,1.231700,D
173893764,EUR/USD,2005-08-03 10:59:32.000,1.231500,1.231800,D
173893776,EUR/USD,2005-08-03 10:59:35.000,1.231400,1.231700,D
173893793,EUR/USD,2005-08-03 10:59:36.000,1.231500,1.231800,D
173893798,EUR/USD,2005-08-03 10:59:37.000,1.231400,1.231700,D
173893835,EUR/USD,2005-08-03 10:59:48.000,1.231300,1.231600,D
173893841,EUR/USD,2005-08-03 10:59:49.000,1.231400,1.231700,D
173893848,EUR/USD,2005-08-03 10:59:50.000,1.231300,1.231600,D
173893850,EUR/USD,2005-08-03 10:59:50.000,1.231400,1.231700,D
173893876,EUR/USD,2005-08-03 11:00:00.000,1.231500,1.231800,D
173893883,EUR/USD,2005-08-03 11:00:01.000,1.231400,1.231700,D
173893887,EUR/USD,2005-08-03 11:00:02.000,1.231500,1.231800,D
173893920,EUR/USD,2005-08-03 11:00:07.000,1.231400,1.231700,D
173893968,EUR/USD,2005-08-03 11:00:20.000,1.231500,1.231800,D
173893981,EUR/USD,2005-08-03 11:00:23.000,1.231400,1.231700,D
173893990,EUR/USD,2005-08-03 11:00:27.000,1.231500,1.231800,D
173893998,EUR/USD,2005-08-03 11:00:29.000,1.231400,1.231700,D
173894045,EUR/USD,2005-08-03 11:00:43.000,1.231300,1.231600,D
173894073,EUR/USD,2005-08-03 11:00:53.000,1.231200,1.231500,D
173894135,EUR/USD,2005-08-03 11:01:36.000,1.231100,1.231400,D
173894142,EUR/USD,2005-08-03 11:01:39.000,1.231200,1.231500,D
173894152,EUR/USD,2005-08-03 11:01:41.000,1.231300,1.231600,D
173894188,EUR/USD,2005-08-03 11:02:00.000,1.231200,1.231500,D
173894196,EUR/USD,2005-08-03 11:02:02.000,1.231300,1.231600,D
173894206,EUR/USD,2005-08-03 11:02:03.000,1.231200,1.231500,D
173894228,EUR/USD,2005-08-03 11:02:10.000,1.231100,1.231400,D
173894232,EUR/USD,2005-08-03 11:02:13.000,1.231200,1.231500,D
173894259,EUR/USD,2005-08-03 11:02:16.000,1.231100,1.231400,D
173894275,EUR/USD,2005-08-03 11:02:27.000,1.231200,1.231500,D
173894276,EUR/USD,2005-08-03 11:02:28.000,1.231100,1.231400,D
173894282,EUR/USD,2005-08-03 11:02:31.000,1.231200,1.231500,D
173894303,EUR/USD,2005-08-03 11:02:46.000,1.231100,1.231400,D
173894317,EUR/USD,2005-08-03 11:02:48.000,1.231200,1.231500,D
173894325,EUR/USD,2005-08-03 11:02:50.000,1.231100,1.231400,D
173894335,EUR/USD,2005-08-03 11:02:54.000,1.231000,1.231300,D
173894342,EUR/USD,2005-08-03 11:02:55.000,1.231100,1.231400,D
173894354,EUR/USD,2005-08-03 11:02:58.000,1.231000,1.231300,D
173894366,EUR/USD,2005-08-03 11:03:01.000,1.230900,1.231200,D
173894373,EUR/USD,2005-08-03 11:03:02.000,1.231000,1.231300,D
173894375,EUR/USD,2005-08-03 11:03:03.000,1.230900,1.231200,D
173894379,EUR/USD,2005-08-03 11:03:04.000,1.230800,1.231100,D
173894381,EUR/USD,2005-08-03 11:03:05.000,1.230900,1.231200,D
173894418,EUR/USD,2005-08-03 11:03:15.000,1.231000,1.231300,D
173894422,EUR/USD,2005-08-03 11:03:17.000,1.230900,1.231200,D
173894434,EUR/USD,2005-08-03 11:03:19.000,1.231000,1.231300,D
173894441,EUR/USD,2005-08-03 11:03:19.000,1.230900,1.231200,D
173894444,EUR/USD,2005-08-03 11:03:19.000,1.231000,1.231300,D
173894459,EUR/USD,2005-08-03 11:03:24.000,1.231100,1.231400,D
173894510,EUR/USD,2005-08-03 11:03:53.000,1.231200,1.231500,D
173894517,EUR/USD,2005-08-03 11:03:55.000,1.231100,1.231400,D
173894518,EUR/USD,2005-08-03 11:03:55.000,1.231000,1.231300,D
173894565,EUR/USD,2005-08-03 11:04:15.000,1.230900,1.231200,D
173894581,EUR/USD,2005-08-03 11:04:26.000,1.231000,1.231300,D
173894590,EUR/USD,2005-08-03 11:04:28.000,1.231100,1.231400,D
173894597,EUR/USD,2005-08-03 11:04:30.000,1.231200,1.231500,D
173894622,EUR/USD,2005-08-03 11:04:34.000,1.231300,1.231600,D
173894650,EUR/USD,2005-08-03 11:04:41.000,1.231400,1.231700,D
173894663,EUR/USD,2005-08-03 11:04:43.000,1.231500,1.231800,D
173894687,EUR/USD,2005-08-03 11:04:46.000,1.231600,1.231900,D
173894698,EUR/USD,2005-08-03 11:04:48.000,1.231700,1.232000,D
173894716,EUR/USD,2005-08-03 11:04:50.000,1.231800,1.232100,D
173894735,EUR/USD,2005-08-03 11:04:53.000,1.231900,1.232200,D
173894755,EUR/USD,2005-08-03 11:04:56.000,1.232000,1.232300,D
173894768,EUR/USD,2005-08-03 11:04:58.000,1.231900,1.232200,D
173894788,EUR/USD,2005-08-03 11:05:01.000,1.231800,1.232100,D
173894802,EUR/USD,2005-08-03 11:05:07.000,1.231900,1.232200,D
173894815,EUR/USD,2005-08-03 11:05:10.000,1.232000,1.232300,D
173894829,EUR/USD,2005-08-03 11:05:12.000,1.232100,1.232400,D
173894838,EUR/USD,2005-08-03 11:05:14.000,1.232200,1.232500,D
173894847,EUR/USD,2005-08-03 11:05:15.000,1.232300,1.232600,D
173894858,EUR/USD,2005-08-03 11:05:15.000,1.232400,1.232700,D
173894873,EUR/USD,2005-08-03 11:05:17.000,1.232500,1.232800,D
173894901,EUR/USD,2005-08-03 11:05:20.000,1.232600,1.232900,D
173894904,EUR/USD,2005-08-03 11:05:20.000,1.232700,1.233000,D
173894911,EUR/USD,2005-08-03 11:05:21.000,1.232800,1.233100,D
173894927,EUR/USD,2005-08-03 11:05:23.000,1.233000,1.233300,D
173894949,EUR/USD,2005-08-03 11:05:25.000,1.233100,1.233400,D
173894956,EUR/USD,2005-08-03 11:05:25.000,1.233000,1.233300,D
173894975,EUR/USD,2005-08-03 11:05:27.000,1.233100,1.233400,D
173895008,EUR/USD,2005-08-03 11:05:30.000,1.233000,1.233300,D
173895036,EUR/USD,2005-08-03 11:05:32.000,1.232900,1.233200,D
173895049,EUR/USD,2005-08-03 11:05:33.000,1.232700,1.233000,D
173895104,EUR/USD,2005-08-03 11:05:40.000,1.232800,1.233100,D
173895127,EUR/USD,2005-08-03 11:05:41.000,1.232700,1.233000,D
173895164,EUR/USD,2005-08-03 11:05:45.000,1.232600,1.232900,D
173895204,EUR/USD,2005-08-03 11:05:48.000,1.232500,1.232800,D
173895237,EUR/USD,2005-08-03 11:05:52.000,1.232600,1.232900,D
173895338,EUR/USD,2005-08-03 11:06:10.000,1.232700,1.233000,D
173895353,EUR/USD,2005-08-03 11:06:13.000,1.232800,1.233100,D
173895388,EUR/USD,2005-08-03 11:06:18.000,1.232700,1.233000,D
173895410,EUR/USD,2005-08-03 11:06:21.000,1.232600,1.232900,D
173895433,EUR/USD,2005-08-03 11:06:28.000,1.232700,1.233000,D
173895443,EUR/USD,2005-08-03 11:06:31.000,1.232800,1.233100,D
173895478,EUR/USD,2005-08-03 11:06:36.000,1.232900,1.233200,D
173895499,EUR/USD,2005-08-03 11:06:38.000,1.233000,1.233300,D
173895514,EUR/USD,2005-08-03 11:06:40.000,1.233100,1.233400,D
173895594,EUR/USD,2005-08-03 11:06:53.000,1.233000,1.233300,D
173895609,EUR/USD,2005-08-03 11:06:54.000,1.232900,1.233200,D
173895613,EUR/USD,2005-08-03 11:06:55.000,1.233000,1.233300,D
173895623,EUR/USD,2005-08-03 11:06:56.000,1.233100,1.233400,D
173895627,EUR/USD,2005-08-03 11:06:57.000,1.233000,1.233300,D
173895633,EUR/USD,2005-08-03 11:06:57.000,1.233100,1.233400,D
173895651,EUR/USD,2005-08-03 11:06:59.000,1.233200,1.233500,D
173895667,EUR/USD,2005-08-03 11:07:01.000,1.233100,1.233400,D
173895688,EUR/USD,2005-08-03 11:07:04.000,1.233000,1.233300,D
173895705,EUR/USD,2005-08-03 11:07:06.000,1.232900,1.233200,D
173895714,EUR/USD,2005-08-03 11:07:08.000,1.233000,1.233300,D
173895738,EUR/USD,2005-08-03 11:07:11.000,1.233100,1.233400,D
173895743,EUR/USD,2005-08-03 11:07:13.000,1.233200,1.233500,D
173895758,EUR/USD,2005-08-03 11:07:15.000,1.233100,1.233400,D
173895784,EUR/USD,2005-08-03 11:07:18.000,1.233000,1.233300,D
173895808,EUR/USD,2005-08-03 11:07:24.000,1.232900,1.233200,D
173895862,EUR/USD,2005-08-03 11:07:36.000,1.232800,1.233100,D
173895883,EUR/USD,2005-08-03 11:07:39.000,1.232700,1.233000,D
173895910,EUR/USD,2005-08-03 11:07:47.000,1.232600,1.232900,D
173895915,EUR/USD,2005-08-03 11:07:49.000,1.232700,1.233000,D
173895920,EUR/USD,2005-08-03 11:07:49.000,1.232800,1.233100,D
173895927,EUR/USD,2005-08-03 11:07:50.000,1.232700,1.233000,D
173895930,EUR/USD,2005-08-03 11:07:50.000,1.232800,1.233100,D
173895934,EUR/USD,2005-08-03 11:07:51.000,1.232700,1.233000,D
173895936,EUR/USD,2005-08-03 11:07:51.000,1.232800,1.233100,D
173895951,EUR/USD,2005-08-03 11:07:53.000,1.232700,1.233000,D
173895967,EUR/USD,2005-08-03 11:07:55.000,1.232800,1.233100,D
173896017,EUR/USD,2005-08-03 11:08:06.000,1.232700,1.233000,D
173896020,EUR/USD,2005-08-03 11:08:07.000,1.232800,1.233100,D
173896038,EUR/USD,2005-08-03 11:08:11.000,1.232700,1.233000,D
173896055,EUR/USD,2005-08-03 11:08:18.000,1.232600,1.232900,D
173896062,EUR/USD,2005-08-03 11:08:20.000,1.232700,1.233000,D
173896074,EUR/USD,2005-08-03 11:08:23.000,1.232800,1.233100,D
173896080,EUR/USD,2005-08-03 11:08:24.000,1.232900,1.233200,D
173896106,EUR/USD,2005-08-03 11:08:28.000,1.233000,1.233300,D
173896122,EUR/USD,2005-08-03 11:08:31.000,1.233100,1.233400,D
173896125,EUR/USD,2005-08-03 11:08:31.000,1.233000,1.233300,D
173896139,EUR/USD,2005-08-03 11:08:33.000,1.232900,1.233200,D
173896148,EUR/USD,2005-08-03 11:08:35.000,1.233000,1.233300,D
173896151,EUR/USD,2005-08-03 11:08:35.000,1.232900,1.233200,D
173896160,EUR/USD,2005-08-03 11:08:37.000,1.233000,1.233300,D
173896166,EUR/USD,2005-08-03 11:08:39.000,1.232900,1.233200,D
173896169,EUR/USD,2005-08-03 11:08:39.000,1.233000,1.233300,D
173896181,EUR/USD,2005-08-03 11:08:41.000,1.232900,1.233200,D
173896197,EUR/USD,2005-08-03 11:08:44.000,1.232800,1.233100,D
173896205,EUR/USD,2005-08-03 11:08:47.000,1.232700,1.233000,D
173896207,EUR/USD,2005-08-03 11:08:47.000,1.232800,1.233100,D
173896213,EUR/USD,2005-08-03 11:08:48.000,1.232700,1.233000,D
173896221,EUR/USD,2005-08-03 11:08:50.000,1.232800,1.233100,D
173896228,EUR/USD,2005-08-03 11:08:52.000,1.232900,1.233200,D
173896234,EUR/USD,2005-08-03 11:08:54.000,1.232800,1.233100,D
173896244,EUR/USD,2005-08-03 11:08:57.000,1.232900,1.233200,D
173896246,EUR/USD,2005-08-03 11:08:57.000,1.233000,1.233300,D
173896249,EUR/USD,2005-08-03 11:08:58.000,1.233100,1.233400,D
173896283,EUR/USD,2005-08-03 11:09:01.000,1.233000,1.233300,D
173896289,EUR/USD,2005-08-03 11:09:02.000,1.233100,1.233400,D
173896294,EUR/USD,2005-08-03 11:09:03.000,1.233000,1.233300,D
173896297,EUR/USD,2005-08-03 11:09:03.000,1.233100,1.233400,D
173896303,EUR/USD,2005-08-03 11:09:04.000,1.233000,1.233300,D
173896305,EUR/USD,2005-08-03 11:09:04.000,1.233100,1.233400,D
173896309,EUR/USD,2005-08-03 11:09:05.000,1.233200,1.233500,D
173896328,EUR/USD,2005-08-03 11:09:06.000,1.233100,1.233400,D
173896341,EUR/USD,2005-08-03 11:09:09.000,1.233000,1.233300,D
173896351,EUR/USD,2005-08-03 11:09:11.000,1.232900,1.233200,D
173896352,EUR/USD,2005-08-03 11:09:11.000,1.233000,1.233300,D
173896357,EUR/USD,2005-08-03 11:09:12.000,1.233100,1.233400,D
173896372,EUR/USD,2005-08-03 11:09:13.000,1.233000,1.233300,D
173896394,EUR/USD,2005-08-03 11:09:20.000,1.232900,1.233200,D
173896403,EUR/USD,2005-08-03 11:09:21.000,1.233000,1.233300,D
173896406,EUR/USD,2005-08-03 11:09:22.000,1.232900,1.233200,D
173896430,EUR/USD,2005-08-03 11:09:25.000,1.232800,1.233100,D
173896440,EUR/USD,2005-08-03 11:09:27.000,1.232700,1.233000,D
173896462,EUR/USD,2005-08-03 11:09:28.000,1.232800,1.233100,D
173896488,EUR/USD,2005-08-03 11:09:32.000,1.232900,1.233200,D
173896501,EUR/USD,2005-08-03 11:09:33.000,1.232800,1.233100,D
173896506,EUR/USD,2005-08-03 11:09:33.000,1.232900,1.233200,D
173896538,EUR/USD,2005-08-03 11:09:39.000,1.233000,1.233300,D
173896547,EUR/USD,2005-08-03 11:09:41.000,1.232900,1.233200,D
173896559,EUR/USD,2005-08-03 11:09:44.000,1.232800,1.233100,D
173896567,EUR/USD,2005-08-03 11:09:47.000,1.232700,1.233000,D
173896581,EUR/USD,2005-08-03 11:09:49.000,1.232800,1.233100,D
173896600,EUR/USD,2005-08-03 11:09:52.000,1.232900,1.233200,D
173896619,EUR/USD,2005-08-03 11:09:54.000,1.232800,1.233100,D
173896641,EUR/USD,2005-08-03 11:10:01.000,1.232900,1.233200,D
173896695,EUR/USD,2005-08-03 11:10:19.000,1.233000,1.233300,D
173896698,EUR/USD,2005-08-03 11:10:21.000,1.232900,1.233200,D
173896710,EUR/USD,2005-08-03 11:10:26.000,1.232800,1.233100,D
173896753,EUR/USD,2005-08-03 11:10:40.000,1.232900,1.233200,D
173896757,EUR/USD,2005-08-03 11:10:40.000,1.232800,1.233100,D
173896768,EUR/USD,2005-08-03 11:10:42.000,1.232900,1.233200,D
173896769,EUR/USD,2005-08-03 11:10:42.000,1.232800,1.233100,D
173896773,EUR/USD,2005-08-03 11:10:42.000,1.232900,1.233200,D
173896779,EUR/USD,2005-08-03 11:10:44.000,1.232800,1.233100,D
173896783,EUR/USD,2005-08-03 11:10:45.000,1.232700,1.233000,D
173896789,EUR/USD,2005-08-03 11:10:46.000,1.232800,1.233100,D
173896791,EUR/USD,2005-08-03 11:10:46.000,1.232700,1.233000,D
173896800,EUR/USD,2005-08-03 11:10:47.000,1.232800,1.233100,D
173896822,EUR/USD,2005-08-03 11:10:53.000,1.232700,1.233000,D
173896835,EUR/USD,2005-08-03 11:10:58.000,1.232600,1.232900,D
173896861,EUR/USD,2005-08-03 11:11:03.000,1.232700,1.233000,D
173896865,EUR/USD,2005-08-03 11:11:03.000,1.232600,1.232900,D
173896876,EUR/USD,2005-08-03 11:11:12.000,1.232500,1.232800,D
173896894,EUR/USD,2005-08-03 11:11:17.000,1.232600,1.232900,D
173896932,EUR/USD,2005-08-03 11:11:30.000,1.232500,1.232800,D
173896942,EUR/USD,2005-08-03 11:11:33.000,1.232600,1.232900,D
173896959,EUR/USD,2005-08-03 11:11:36.000,1.232500,1.232800,D
173896970,EUR/USD,2005-08-03 11:11:37.000,1.232600,1.232900,D
173896978,EUR/USD,2005-08-03 11:11:38.000,1.232700,1.233000,D
173897016,EUR/USD,2005-08-03 11:11:41.000,1.232800,1.233100,D
173897024,EUR/USD,2005-08-03 11:11:42.000,1.232900,1.233200,D
173897038,EUR/USD,2005-08-03 11:11:45.000,1.233000,1.233300,D
173897104,EUR/USD,2005-08-03 11:11:58.000,1.232900,1.233200,D
173897135,EUR/USD,2005-08-03 11:12:02.000,1.232800,1.233100,D
173897155,EUR/USD,2005-08-03 11:12:03.000,1.232700,1.233000,D
173897182,EUR/USD,2005-08-03 11:12:12.000,1.232800,1.233100,D
173897186,EUR/USD,2005-08-03 11:12:13.000,1.232700,1.233000,D
173897205,EUR/USD,2005-08-03 11:12:17.000,1.232800,1.233100,D
173897211,EUR/USD,2005-08-03 11:12:17.000,1.232900,1.233200,D
173897226,EUR/USD,2005-08-03 11:12:19.000,1.232800,1.233100,D
173897261,EUR/USD,2005-08-03 11:12:35.000,1.232700,1.233000,D
173897270,EUR/USD,2005-08-03 11:12:36.000,1.232800,1.233100,D
173897274,EUR/USD,2005-08-03 11:12:37.000,1.232900,1.233200,D
173897281,EUR/USD,2005-08-03 11:12:39.000,1.232800,1.233100,D
173897302,EUR/USD,2005-08-03 11:12:48.000,1.232700,1.233000,D
173897313,EUR/USD,2005-08-03 11:12:51.000,1.232800,1.233100,D
173897321,EUR/USD,2005-08-03 11:12:52.000,1.232700,1.233000,D
173897327,EUR/USD,2005-08-03 11:12:54.000,1.232600,1.232900,D
173897341,EUR/USD,2005-08-03 11:12:56.000,1.232500,1.232800,D
173897367,EUR/USD,2005-08-03 11:13:00.000,1.232400,1.232700,D
173897384,EUR/USD,2005-08-03 11:13:03.000,1.232500,1.232800,D
173897434,EUR/USD,2005-08-03 11:13:10.000,1.232600,1.232900,D
173897468,EUR/USD,2005-08-03 11:13:16.000,1.232500,1.232800,D
173897520,EUR/USD,2005-08-03 11:13:27.000,1.232400,1.232700,D
173897528,EUR/USD,2005-08-03 11:13:28.000,1.232500,1.232800,D
173897538,EUR/USD,2005-08-03 11:13:31.000,1.232400,1.232700,D
173897550,EUR/USD,2005-08-03 11:13:36.000,1.232300,1.232600,D
173897553,EUR/USD,2005-08-03 11:13:36.000,1.232400,1.232700,D
173897562,EUR/USD,2005-08-03 11:13:38.000,1.232300,1.232600,D
173897583,EUR/USD,2005-08-03 11:13:45.000,1.232400,1.232700,D
173897601,EUR/USD,2005-08-03 11:13:51.000,1.232300,1.232600,D
173897609,EUR/USD,2005-08-03 11:13:52.000,1.232400,1.232700,D
173897620,EUR/USD,2005-08-03 11:13:54.000,1.232300,1.232600,D
173897633,EUR/USD,2005-08-03 11:13:59.000,1.232400,1.232700,D
173897696,EUR/USD,2005-08-03 11:14:17.000,1.232500,1.232800,D
173897724,EUR/USD,2005-08-03 11:14:20.000,1.232600,1.232900,D
173897753,EUR/USD,2005-08-03 11:14:25.000,1.232700,1.233000,D
173897766,EUR/USD,2005-08-03 11:14:27.000,1.232800,1.233100,D
173897770,EUR/USD,2005-08-03 11:14:28.000,1.232700,1.233000,D
173897771,EUR/USD,2005-08-03 11:14:28.000,1.232800,1.233100,D
173897774,EUR/USD,2005-08-03 11:14:28.000,1.232900,1.233200,D
173897786,EUR/USD,2005-08-03 11:14:29.000,1.232700,1.233000,D
173897812,EUR/USD,2005-08-03 11:14:32.000,1.232600,1.232900,D
173897822,EUR/USD,2005-08-03 11:14:33.000,1.232700,1.233000,D
173897826,EUR/USD,2005-08-03 11:14:33.000,1.232800,1.233100,D
173897835,EUR/USD,2005-08-03 11:14:34.000,1.232700,1.233000,D
173897845,EUR/USD,2005-08-03 11:14:37.000,1.232800,1.233100,D
173897854,EUR/USD,2005-08-03 11:14:39.000,1.232900,1.233200,D
173897865,EUR/USD,2005-08-03 11:14:41.000,1.232800,1.233100,D
173897871,EUR/USD,2005-08-03 11:14:42.000,1.232900,1.233200,D
173897878,EUR/USD,2005-08-03 11:14:43.000,1.232800,1.233100,D
173897889,EUR/USD,2005-08-03 11:14:45.000,1.232900,1.233200,D
173897895,EUR/USD,2005-08-03 11:14:46.000,1.233000,1.233300,D
173897902,EUR/USD,2005-08-03 11:14:48.000,1.233100,1.233400,D
173897916,EUR/USD,2005-08-03 11:14:49.000,1.233000,1.233300,D
173897924,EUR/USD,2005-08-03 11:14:53.000,1.232900,1.233200,D
173897954,EUR/USD,2005-08-03 11:15:00.000,1.232800,1.233100,D
173897990,EUR/USD,2005-08-03 11:15:06.000,1.232900,1.233200,D
173897997,EUR/USD,2005-08-03 11:15:07.000,1.233000,1.233300,D
173898016,EUR/USD,2005-08-03 11:15:10.000,1.233100,1.233400,D
173898024,EUR/USD,2005-08-03 11:15:12.000,1.233000,1.233300,D
173898035,EUR/USD,2005-08-03 11:15:13.000,1.232900,1.233200,D
173898052,EUR/USD,2005-08-03 11:15:17.000,1.232800,1.233100,D
173898071,EUR/USD,2005-08-03 11:15:20.000,1.232900,1.233200,D
173898074,EUR/USD,2005-08-03 11:15:22.000,1.232800,1.233100,D
173898084,EUR/USD,2005-08-03 11:15:23.000,1.232700,1.233000,D
173898121,EUR/USD,2005-08-03 11:15:28.000,1.232800,1.233100,D
173898130,EUR/USD,2005-08-03 11:15:29.000,1.232700,1.233000,D
173898141,EUR/USD,2005-08-03 11:15:36.000,1.232600,1.232900,D
173898157,EUR/USD,2005-08-03 11:15:40.000,1.232500,1.232800,D
173898163,EUR/USD,2005-08-03 11:15:42.000,1.232600,1.232900,D
173898180,EUR/USD,2005-08-03 11:15:47.000,1.232500,1.232800,D
173898188,EUR/USD,2005-08-03 11:15:49.000,1.232600,1.232900,D
173898204,EUR/USD,2005-08-03 11:15:55.000,1.232500,1.232800,D
173898217,EUR/USD,2005-08-03 11:16:02.000,1.232400,1.232700,D
173898237,EUR/USD,2005-08-03 11:16:05.000,1.232300,1.232600,D
173898268,EUR/USD,2005-08-03 11:16:11.000,1.232200,1.232500,D
173898271,EUR/USD,2005-08-03 11:16:11.000,1.232300,1.232600,D
173898282,EUR/USD,2005-08-03 11:16:13.000,1.232200,1.232500,D
173898296,EUR/USD,2005-08-03 11:16:15.000,1.232300,1.232600,D
173898305,EUR/USD,2005-08-03 11:16:16.000,1.232200,1.232500,D
173898316,EUR/USD,2005-08-03 11:16:18.000,1.232300,1.232600,D
173898326,EUR/USD,2005-08-03 11:16:19.000,1.232200,1.232500,D
173898333,EUR/USD,2005-08-03 11:16:20.000,1.232100,1.232400,D
173898365,EUR/USD,2005-08-03 11:16:26.000,1.232200,1.232500,D
173898377,EUR/USD,2005-08-03 11:16:27.000,1.232100,1.232400,D
173898389,EUR/USD,2005-08-03 11:16:28.000,1.232200,1.232500,D
173898402,EUR/USD,2005-08-03 11:16:29.000,1.232100,1.232400,D
173898406,EUR/USD,2005-08-03 11:16:30.000,1.232200,1.232500,D
173898425,EUR/USD,2005-08-03 11:16:33.000,1.232300,1.232600,D
173898436,EUR/USD,2005-08-03 11:16:34.000,1.232400,1.232700,D
173898477,EUR/USD,2005-08-03 11:16:38.000,1.232500,1.232800,D
173898495,EUR/USD,2005-08-03 11:16:39.000,1.232400,1.232700,D
173898497,EUR/USD,2005-08-03 11:16:39.000,1.232500,1.232800,D
173898505,EUR/USD,2005-08-03 11:16:40.000,1.232400,1.232700,D
173898520,EUR/USD,2005-08-03 11:16:43.000,1.232300,1.232600,D
173898536,EUR/USD,2005-08-03 11:16:46.000,1.232400,1.232700,D
173898552,EUR/USD,2005-08-03 11:16:52.000,1.232500,1.232800,D
173898582,EUR/USD,2005-08-03 11:16:55.000,1.232600,1.232900,D
173898601,EUR/USD,2005-08-03 11:16:57.000,1.232500,1.232800,D
173898630,EUR/USD,2005-08-03 11:17:02.000,1.232400,1.232700,D
173898648,EUR/USD,2005-08-03 11:17:04.000,1.232300,1.232600,D
173898671,EUR/USD,2005-08-03 11:17:11.000,1.232200,1.232500,D
173898690,EUR/USD,2005-08-03 11:17:18.000,1.232100,1.232400,D
173898736,EUR/USD,2005-08-03 11:17:31.000,1.232200,1.232500,D
173898758,EUR/USD,2005-08-03 11:17:36.000,1.232300,1.232600,D
173898791,EUR/USD,2005-08-03 11:17:43.000,1.232200,1.232500,D
173898823,EUR/USD,2005-08-03 11:17:48.000,1.232100,1.232400,D
173898836,EUR/USD,2005-08-03 11:17:52.000,1.232200,1.232500,D
173898868,EUR/USD,2005-08-03 11:17:59.000,1.232300,1.232600,D
173898888,EUR/USD,2005-08-03 11:18:04.000,1.232400,1.232700,D
173898895,EUR/USD,2005-08-03 11:18:08.000,1.232500,1.232800,D
173898906,EUR/USD,2005-08-03 11:18:09.000,1.232400,1.232700,D
173898911,EUR/USD,2005-08-03 11:18:10.000,1.232300,1.232600,D
173898925,EUR/USD,2005-08-03 11:18:12.000,1.232400,1.232700,D
173898939,EUR/USD,2005-08-03 11:18:14.000,1.232300,1.232600,D
173898948,EUR/USD,2005-08-03 11:18:15.000,1.232200,1.232500,D
173898975,EUR/USD,2005-08-03 11:18:23.000,1.232300,1.232600,D
173898981,EUR/USD,2005-08-03 11:18:26.000,1.232400,1.232700,D
173898989,EUR/USD,2005-08-03 11:18:27.000,1.232300,1.232600,D
173898991,EUR/USD,2005-08-03 11:18:28.000,1.232400,1.232700,D
173898997,EUR/USD,2005-08-03 11:18:28.000,1.232500,1.232800,D
173899006,EUR/USD,2005-08-03 11:18:30.000,1.232400,1.232700,D
173899037,EUR/USD,2005-08-03 11:18:38.000,1.232500,1.232800,D
173899086,EUR/USD,2005-08-03 11:18:54.000,1.232400,1.232700,D
173899097,EUR/USD,2005-08-03 11:18:58.000,1.232300,1.232600,D
173899113,EUR/USD,2005-08-03 11:19:00.000,1.232200,1.232500,D
173899128,EUR/USD,2005-08-03 11:19:05.000,1.232300,1.232600,D
173899139,EUR/USD,2005-08-03 11:19:07.000,1.232200,1.232500,D
173899145,EUR/USD,2005-08-03 11:19:08.000,1.232300,1.232600,D
173899157,EUR/USD,2005-08-03 11:19:10.000,1.232400,1.232700,D
173899162,EUR/USD,2005-08-03 11:19:12.000,1.232300,1.232600,D
173899172,EUR/USD,2005-08-03 11:19:15.000,1.232200,1.232500,D
173899212,EUR/USD,2005-08-03 11:19:24.000,1.232100,1.232400,D
173899224,EUR/USD,2005-08-03 11:19:26.000,1.232200,1.232500,D
173899255,EUR/USD,2005-08-03 11:19:29.000,1.232100,1.232400,D
173899319,EUR/USD,2005-08-03 11:19:45.000,1.232200,1.232500,D
173899326,EUR/USD,2005-08-03 11:19:47.000,1.232100,1.232400,D
173899353,EUR/USD,2005-08-03 11:19:54.000,1.232200,1.232500,D
173899369,EUR/USD,2005-08-03 11:20:01.000,1.232100,1.232400,D
173899386,EUR/USD,2005-08-03 11:20:05.000,1.232200,1.232500,D
173899400,EUR/USD,2005-08-03 11:20:09.000,1.232100,1.232400,D
173899432,EUR/USD,2005-08-03 11:20:15.000,1.232000,1.232300,D
173899445,EUR/USD,2005-08-03 11:20:16.000,1.232100,1.232400,D
173899454,EUR/USD,2005-08-03 11:20:17.000,1.232000,1.232300,D
173899465,EUR/USD,2005-08-03 11:20:19.000,1.232100,1.232400,D
173899493,EUR/USD,2005-08-03 11:20:31.000,1.232000,1.232300,D
173899544,EUR/USD,2005-08-03 11:20:44.000,1.232100,1.232400,D
173899551,EUR/USD,2005-08-03 11:20:46.000,1.232000,1.232300,D
173899574,EUR/USD,2005-08-03 11:20:54.000,1.232100,1.232400,D
173899588,EUR/USD,2005-08-03 11:20:56.000,1.232000,1.232300,D
173899599,EUR/USD,2005-08-03 11:20:57.000,1.232100,1.232400,D
173899614,EUR/USD,2005-08-03 11:21:00.000,1.232200,1.232500,D
173899661,EUR/USD,2005-08-03 11:21:10.000,1.232300,1.232600,D
173899667,EUR/USD,2005-08-03 11:21:11.000,1.232200,1.232500,D
173899675,EUR/USD,2005-08-03 11:21:11.000,1.232300,1.232600,D
173899717,EUR/USD,2005-08-03 11:21:19.000,1.232400,1.232700,D
173899749,EUR/USD,2005-08-03 11:21:28.000,1.232500,1.232800,D
173899763,EUR/USD,2005-08-03 11:21:29.000,1.232400,1.232700,D
173899782,EUR/USD,2005-08-03 11:21:36.000,1.232300,1.232600,D
173899796,EUR/USD,2005-08-03 11:21:40.000,1.232400,1.232700,D
173899815,EUR/USD,2005-08-03 11:21:56.000,1.232300,1.232600,D
173899823,EUR/USD,2005-08-03 11:22:03.000,1.232400,1.232700,D
173899827,EUR/USD,2005-08-03 11:22:03.000,1.232300,1.232600,D
173899836,EUR/USD,2005-08-03 11:22:06.000,1.232400,1.232700,D
173899846,EUR/USD,2005-08-03 11:22:10.000,1.232500,1.232800,D
173899860,EUR/USD,2005-08-03 11:22:16.000,1.232600,1.232900,D
173899926,EUR/USD,2005-08-03 11:22:36.000,1.232500,1.232800,D
173899932,EUR/USD,2005-08-03 11:22:37.000,1.232600,1.232900,D
173899939,EUR/USD,2005-08-03 11:22:38.000,1.232500,1.232800,D
173899945,EUR/USD,2005-08-03 11:22:38.000,1.232600,1.232900,D
173899990,EUR/USD,2005-08-03 11:22:50.000,1.232500,1.232800,D
173899991,EUR/USD,2005-08-03 11:22:51.000,1.232600,1.232900,D
173899998,EUR/USD,2005-08-03 11:22:55.000,1.232700,1.233000,D
173900012,EUR/USD,2005-08-03 11:23:00.000,1.232600,1.232900,D
173900033,EUR/USD,2005-08-03 11:23:04.000,1.232500,1.232800,D
173900061,EUR/USD,2005-08-03 11:23:08.000,1.232400,1.232700,D
173900076,EUR/USD,2005-08-03 11:23:09.000,1.232500,1.232800,D
173900087,EUR/USD,2005-08-03 11:23:11.000,1.232400,1.232700,D
173900113,EUR/USD,2005-08-03 11:23:22.000,1.232500,1.232800,D
173900118,EUR/USD,2005-08-03 11:23:23.000,1.232400,1.232700,D
173900126,EUR/USD,2005-08-03 11:23:30.000,1.232500,1.232800,D
173900139,EUR/USD,2005-08-03 11:23:34.000,1.232400,1.232700,D
173900147,EUR/USD,2005-08-03 11:23:37.000,1.232500,1.232800,D
173900157,EUR/USD,2005-08-03 11:23:41.000,1.232400,1.232700,D
173900165,EUR/USD,2005-08-03 11:23:43.000,1.232500,1.232800,D
173900203,EUR/USD,2005-08-03 11:23:55.000,1.232400,1.232700,D
173900209,EUR/USD,2005-08-03 11:23:56.000,1.232500,1.232800,D
173900221,EUR/USD,2005-08-03 11:24:00.000,1.232400,1.232700,D
173900232,EUR/USD,2005-08-03 11:24:03.000,1.232500,1.232800,D
173900242,EUR/USD,2005-08-03 11:24:04.000,1.232400,1.232700,D
173900251,EUR/USD,2005-08-03 11:24:05.000,1.232500,1.232800,D
173900268,EUR/USD,2005-08-03 11:24:11.000,1.232600,1.232900,D
173900274,EUR/USD,2005-08-03 11:24:12.000,1.232500,1.232800,D
173900278,EUR/USD,2005-08-03 11:24:13.000,1.232600,1.232900,D
173900284,EUR/USD,2005-08-03 11:24:14.000,1.232500,1.232800,D
173900330,EUR/USD,2005-08-03 11:24:47.000,1.232600,1.232900,D
173900366,EUR/USD,2005-08-03 11:25:04.000,1.232500,1.232800,D
173900377,EUR/USD,2005-08-03 11:25:09.000,1.232600,1.232900,D
173900378,EUR/USD,2005-08-03 11:25:10.000,1.232700,1.233000,D
173900407,EUR/USD,2005-08-03 11:25:18.000,1.232600,1.232900,D
173900416,EUR/USD,2005-08-03 11:25:19.000,1.232700,1.233000,D
173900419,EUR/USD,2005-08-03 11:25:21.000,1.232600,1.232900,D
173900425,EUR/USD,2005-08-03 11:25:21.000,1.232500,1.232800,D
173900432,EUR/USD,2005-08-03 11:25:24.000,1.232600,1.232900,D
173900444,EUR/USD,2005-08-03 11:25:26.000,1.232700,1.233000,D
173900473,EUR/USD,2005-08-03 11:25:31.000,1.232600,1.232900,D
173900486,EUR/USD,2005-08-03 11:25:36.000,1.232700,1.233000,D
173900489,EUR/USD,2005-08-03 11:25:36.000,1.232600,1.232900,D
173900500,EUR/USD,2005-08-03 11:25:42.000,1.232700,1.233000,D
173900508,EUR/USD,2005-08-03 11:25:46.000,1.232600,1.232900,D
173900521,EUR/USD,2005-08-03 11:25:48.000,1.232700,1.233000,D
173900524,EUR/USD,2005-08-03 11:25:49.000,1.232600,1.232900,D
173900540,EUR/USD,2005-08-03 11:25:53.000,1.232700,1.233000,D
173900564,EUR/USD,2005-08-03 11:25:57.000,1.232800,1.233100,D
173900585,EUR/USD,2005-08-03 11:26:01.000,1.232700,1.233000,D
173900615,EUR/USD,2005-08-03 11:26:10.000,1.232800,1.233100,D
173900627,EUR/USD,2005-08-03 11:26:12.000,1.232700,1.233000,D
173900628,EUR/USD,2005-08-03 11:26:12.000,1.232800,1.233100,D
173900639,EUR/USD,2005-08-03 11:26:14.000,1.232700,1.233000,D
173900646,EUR/USD,2005-08-03 11:26:16.000,1.232600,1.232900,D
173900667,EUR/USD,2005-08-03 11:26:22.000,1.232700,1.233000,D
173900686,EUR/USD,2005-08-03 11:26:34.000,1.232600,1.232900,D
173900719,EUR/USD,2005-08-03 11:26:50.000,1.232700,1.233000,D
173900726,EUR/USD,2005-08-03 11:26:51.000,1.232600,1.232900,D
173900743,EUR/USD,2005-08-03 11:26:56.000,1.232700,1.233000,D
173900760,EUR/USD,2005-08-03 11:27:05.000,1.232800,1.233100,D
173900766,EUR/USD,2005-08-03 11:27:06.000,1.232700,1.233000,D
173900811,EUR/USD,2005-08-03 11:27:14.000,1.232600,1.232900,D
173900815,EUR/USD,2005-08-03 11:27:15.000,1.232700,1.233000,D
173900833,EUR/USD,2005-08-03 11:27:19.000,1.232600,1.232900,D
173900839,EUR/USD,2005-08-03 11:27:20.000,1.232500,1.232800,D
173900866,EUR/USD,2005-08-03 11:27:24.000,1.232600,1.232900,D
173900880,EUR/USD,2005-08-03 11:27:27.000,1.232700,1.233000,D
173900910,EUR/USD,2005-08-03 11:27:34.000,1.232600,1.232900,D
173900918,EUR/USD,2005-08-03 11:27:35.000,1.232700,1.233000,D
173900927,EUR/USD,2005-08-03 11:27:36.000,1.232600,1.232900,D
173900932,EUR/USD,2005-08-03 11:27:37.000,1.232700,1.233000,D
173900939,EUR/USD,2005-08-03 11:27:39.000,1.232600,1.232900,D
173900956,EUR/USD,2005-08-03 11:27:44.000,1.232700,1.233000,D
173900975,EUR/USD,2005-08-03 11:27:49.000,1.232600,1.232900,D
173900982,EUR/USD,2005-08-03 11:27:52.000,1.232700,1.233000,D
173901030,EUR/USD,2005-08-03 11:28:08.000,1.232600,1.232900,D
173901036,EUR/USD,2005-08-03 11:28:10.000,1.232700,1.233000,D
173901053,EUR/USD,2005-08-03 11:28:18.000,1.232600,1.232900,D
173901060,EUR/USD,2005-08-03 11:28:20.000,1.232700,1.233000,D
173901078,EUR/USD,2005-08-03 11:28:27.000,1.232600,1.232900,D
173901083,EUR/USD,2005-08-03 11:28:30.000,1.232700,1.233000,D
173901088,EUR/USD,2005-08-03 11:28:31.000,1.232800,1.233100,D
173901131,EUR/USD,2005-08-03 11:28:42.000,1.232700,1.233000,D
173901166,EUR/USD,2005-08-03 11:28:54.000,1.232800,1.233100,D
173901236,EUR/USD,2005-08-03 11:29:16.000,1.232700,1.233000,D
173901281,EUR/USD,2005-08-03 11:29:32.000,1.232600,1.232900,D
173901368,EUR/USD,2005-08-03 11:30:03.000,1.232700,1.233000,D
173901392,EUR/USD,2005-08-03 11:30:10.000,1.232600,1.232900,D
173901397,EUR/USD,2005-08-03 11:30:13.000,1.232700,1.233000,D
173901400,EUR/USD,2005-08-03 11:30:16.000,1.232600,1.232900,D
173901441,EUR/USD,2005-08-03 11:30:26.000,1.232500,1.232800,D
173901443,EUR/USD,2005-08-03 11:30:26.000,1.232600,1.232900,D
173901465,EUR/USD,2005-08-03 11:30:32.000,1.232500,1.232800,D
173901526,EUR/USD,2005-08-03 11:31:05.000,1.232600,1.232900,D
173901544,EUR/USD,2005-08-03 11:31:14.000,1.232700,1.233000,D
173901550,EUR/USD,2005-08-03 11:31:15.000,1.232600,1.232900,D
173901558,EUR/USD,2005-08-03 11:31:17.000,1.232700,1.233000,D
173901565,EUR/USD,2005-08-03 11:31:19.000,1.232600,1.232900,D
173901580,EUR/USD,2005-08-03 11:31:22.000,1.232700,1.233000,D
173901633,EUR/USD,2005-08-03 11:31:40.000,1.232800,1.233100,D
173901645,EUR/USD,2005-08-03 11:31:44.000,1.232700,1.233000,D
173901651,EUR/USD,2005-08-03 11:31:44.000,1.232800,1.233100,D
173901661,EUR/USD,2005-08-03 11:31:52.000,1.232900,1.233200,D
173901667,EUR/USD,2005-08-03 11:31:53.000,1.232800,1.233100,D
173901677,EUR/USD,2005-08-03 11:31:54.000,1.232900,1.233200,D
173901694,EUR/USD,2005-08-03 11:31:59.000,1.232800,1.233100,D
173901702,EUR/USD,2005-08-03 11:32:06.000,1.232900,1.233200,D
173901710,EUR/USD,2005-08-03 11:32:07.000,1.232800,1.233100,D
173901719,EUR/USD,2005-08-03 11:32:08.000,1.232900,1.233200,D
173901725,EUR/USD,2005-08-03 11:32:09.000,1.232800,1.233100,D
173901764,EUR/USD,2005-08-03 11:32:19.000,1.232900,1.233200,D
173901782,EUR/USD,2005-08-03 11:32:23.000,1.232800,1.233100,D
173901786,EUR/USD,2005-08-03 11:32:24.000,1.232900,1.233200,D
173901791,EUR/USD,2005-08-03 11:32:24.000,1.232800,1.233100,D
173901796,EUR/USD,2005-08-03 11:32:26.000,1.232900,1.233200,D
173901852,EUR/USD,2005-08-03 11:32:42.000,1.232800,1.233100,D
173901856,EUR/USD,2005-08-03 11:32:43.000,1.232900,1.233200,D
173901887,EUR/USD,2005-08-03 11:33:01.000,1.232800,1.233100,D
173901903,EUR/USD,2005-08-03 11:33:04.000,1.232900,1.233200,D
173901908,EUR/USD,2005-08-03 11:33:04.000,1.232800,1.233100,D
173901947,EUR/USD,2005-08-03 11:33:22.000,1.232700,1.233000,D
173901992,EUR/USD,2005-08-03 11:33:30.000,1.232800,1.233100,D
173901996,EUR/USD,2005-08-03 11:33:31.000,1.232700,1.233000,D
173901999,EUR/USD,2005-08-03 11:33:32.000,1.232800,1.233100,D
173902003,EUR/USD,2005-08-03 11:33:33.000,1.232700,1.233000,D
173902034,EUR/USD,2005-08-03 11:33:44.000,1.232600,1.232900,D
173902043,EUR/USD,2005-08-03 11:33:47.000,1.232500,1.232800,D
173902077,EUR/USD,2005-08-03 11:33:51.000,1.232400,1.232700,D
173902085,EUR/USD,2005-08-03 11:33:52.000,1.232500,1.232800,D
173902101,EUR/USD,2005-08-03 11:34:02.000,1.232400,1.232700,D
173902123,EUR/USD,2005-08-03 11:34:11.000,1.232500,1.232800,D
173902138,EUR/USD,2005-08-03 11:34:25.000,1.232400,1.232700,D
173902177,EUR/USD,2005-08-03 11:34:47.000,1.232500,1.232800,D
173902199,EUR/USD,2005-08-03 11:35:01.000,1.232400,1.232700,D
173902228,EUR/USD,2005-08-03 11:35:15.000,1.232500,1.232800,D
173902240,EUR/USD,2005-08-03 11:35:18.000,1.232400,1.232700,D
173902242,EUR/USD,2005-08-03 11:35:18.000,1.232500,1.232800,D
173902254,EUR/USD,2005-08-03 11:35:28.000,1.232600,1.232900,D
173902295,EUR/USD,2005-08-03 11:35:39.000,1.232700,1.233000,D
173902303,EUR/USD,2005-08-03 11:35:41.000,1.232600,1.232900,D
173902333,EUR/USD,2005-08-03 11:35:49.000,1.232500,1.232800,D
173902348,EUR/USD,2005-08-03 11:35:55.000,1.232600,1.232900,D
173902380,EUR/USD,2005-08-03 11:36:19.000,1.232700,1.233000,D
173902406,EUR/USD,2005-08-03 11:36:41.000,1.232600,1.232900,D
173902419,EUR/USD,2005-08-03 11:36:47.000,1.232500,1.232800,D
173902456,EUR/USD,2005-08-03 11:37:06.000,1.232400,1.232700,D
173902460,EUR/USD,2005-08-03 11:37:07.000,1.232500,1.232800,D
173902464,EUR/USD,2005-08-03 11:37:08.000,1.232400,1.232700,D
173902496,EUR/USD,2005-08-03 11:37:21.000,1.232500,1.232800,D
173902501,EUR/USD,2005-08-03 11:37:24.000,1.232400,1.232700,D
173902503,EUR/USD,2005-08-03 11:37:25.000,1.232500,1.232800,D
173902506,EUR/USD,2005-08-03 11:37:25.000,1.232400,1.232700,D
173902516,EUR/USD,2005-08-03 11:37:27.000,1.232500,1.232800,D
173902519,EUR/USD,2005-08-03 11:37:28.000,1.232400,1.232700,D
173902530,EUR/USD,2005-08-03 11:37:32.000,1.232500,1.232800,D
173902540,EUR/USD,2005-08-03 11:37:32.000,1.232400,1.232700,D
173902554,EUR/USD,2005-08-03 11:37:35.000,1.232500,1.232800,D
173902587,EUR/USD,2005-08-03 11:37:55.000,1.232400,1.232700,D
173902595,EUR/USD,2005-08-03 11:37:58.000,1.232500,1.232800,D
173902605,EUR/USD,2005-08-03 11:38:03.000,1.232400,1.232700,D
173902608,EUR/USD,2005-08-03 11:38:04.000,1.232500,1.232800,D
173902618,EUR/USD,2005-08-03 11:38:16.000,1.232400,1.232700,D
173902644,EUR/USD,2005-08-03 11:38:38.000,1.232500,1.232800,D
173902658,EUR/USD,2005-08-03 11:38:45.000,1.232400,1.232700,D
173902669,EUR/USD,2005-08-03 11:38:49.000,1.232300,1.232600,D
173902681,EUR/USD,2005-08-03 11:38:51.000,1.232400,1.232700,D
173902683,EUR/USD,2005-08-03 11:38:52.000,1.232500,1.232800,D
173902694,EUR/USD,2005-08-03 11:38:54.000,1.232400,1.232700,D
173902700,EUR/USD,2005-08-03 11:38:54.000,1.232500,1.232800,D
173902741,EUR/USD,2005-08-03 11:39:25.000,1.232600,1.232900,D
173902745,EUR/USD,2005-08-03 11:39:25.000,1.232700,1.233000,D
173902768,EUR/USD,2005-08-03 11:39:28.000,1.232600,1.232900,D
173902799,EUR/USD,2005-08-03 11:39:33.000,1.232700,1.233000,D
173902811,EUR/USD,2005-08-03 11:39:35.000,1.232600,1.232900,D
173902836,EUR/USD,2005-08-03 11:39:55.000,1.232700,1.233000,D
173902849,EUR/USD,2005-08-03 11:40:04.000,1.232800,1.233100,D
173902877,EUR/USD,2005-08-03 11:40:09.000,1.232900,1.233200,D
173902883,EUR/USD,2005-08-03 11:40:10.000,1.232800,1.233100,D
173902887,EUR/USD,2005-08-03 11:40:12.000,1.232900,1.233200,D
173902896,EUR/USD,2005-08-03 11:40:15.000,1.232800,1.233100,D
173902908,EUR/USD,2005-08-03 11:40:19.000,1.232700,1.233000,D
173902947,EUR/USD,2005-08-03 11:40:46.000,1.232800,1.233100,D
173902976,EUR/USD,2005-08-03 11:40:57.000,1.232900,1.233200,D
173903011,EUR/USD,2005-08-03 11:41:06.000,1.232800,1.233100,D
173903025,EUR/USD,2005-08-03 11:41:19.000,1.232700,1.233000,D
173903030,EUR/USD,2005-08-03 11:41:19.000,1.232800,1.233100,D
173903041,EUR/USD,2005-08-03 11:41:23.000,1.232900,1.233200,D
173903043,EUR/USD,2005-08-03 11:41:24.000,1.232800,1.233100,D
173903054,EUR/USD,2005-08-03 11:41:28.000,1.232600,1.232900,D
173903084,EUR/USD,2005-08-03 11:41:35.000,1.232500,1.232800,D
173903092,EUR/USD,2005-08-03 11:41:38.000,1.232600,1.232900,D
173903104,EUR/USD,2005-08-03 11:41:40.000,1.232500,1.232800,D
173903128,EUR/USD,2005-08-03 11:41:47.000,1.232600,1.232900,D
173903140,EUR/USD,2005-08-03 11:41:50.000,1.232500,1.232800,D
173903144,EUR/USD,2005-08-03 11:41:50.000,1.232600,1.232900,D
173903232,EUR/USD,2005-08-03 11:42:38.000,1.232700,1.233000,D
173903252,EUR/USD,2005-08-03 11:42:45.000,1.232800,1.233100,D
173903276,EUR/USD,2005-08-03 11:42:54.000,1.232700,1.233000,D
173903325,EUR/USD,2005-08-03 11:43:30.000,1.232800,1.233100,D
173903329,EUR/USD,2005-08-03 11:43:33.000,1.232700,1.233000,D
173903333,EUR/USD,2005-08-03 11:43:34.000,1.232800,1.233100,D
173903345,EUR/USD,2005-08-03 11:43:46.000,1.232700,1.233000,D
173903375,EUR/USD,2005-08-03 11:44:07.000,1.232800,1.233100,D
173903463,EUR/USD,2005-08-03 11:44:49.000,1.232700,1.233000,D
173903503,EUR/USD,2005-08-03 11:45:01.000,1.232600,1.232900,D
173903520,EUR/USD,2005-08-03 11:45:13.000,1.232700,1.233000,D
173903561,EUR/USD,2005-08-03 11:45:33.000,1.232800,1.233100,D
173903711,EUR/USD,2005-08-03 11:46:49.000,1.232700,1.233000,D
173903716,EUR/USD,2005-08-03 11:46:50.000,1.232800,1.233100,D
173903734,EUR/USD,2005-08-03 11:46:52.000,1.232900,1.233200,D
173903743,EUR/USD,2005-08-03 11:46:55.000,1.233000,1.233300,D
173903746,EUR/USD,2005-08-03 11:46:55.000,1.233100,1.233400,D
173903769,EUR/USD,2005-08-03 11:46:57.000,1.233200,1.233500,D
173903803,EUR/USD,2005-08-03 11:47:02.000,1.233300,1.233600,D
173903847,EUR/USD,2005-08-03 11:47:09.000,1.233200,1.233500,D
173903873,EUR/USD,2005-08-03 11:47:13.000,1.233100,1.233400,D
173903896,EUR/USD,2005-08-03 11:47:19.000,1.233000,1.233300,D
173903912,EUR/USD,2005-08-03 11:47:23.000,1.233100,1.233400,D
173903957,EUR/USD,2005-08-03 11:47:34.000,1.233000,1.233300,D
173903990,EUR/USD,2005-08-03 11:47:40.000,1.233100,1.233400,D
173903994,EUR/USD,2005-08-03 11:47:42.000,1.233000,1.233300,D
173904044,EUR/USD,2005-08-03 11:48:08.000,1.233100,1.233400,D
173904050,EUR/USD,2005-08-03 11:48:09.000,1.233000,1.233300,D
173904093,EUR/USD,2005-08-03 11:48:18.000,1.232900,1.233200,D
173904106,EUR/USD,2005-08-03 11:48:21.000,1.233000,1.233300,D
173904149,EUR/USD,2005-08-03 11:48:33.000,1.233100,1.233400,D
173904153,EUR/USD,2005-08-03 11:48:35.000,1.233000,1.233300,D
173904157,EUR/USD,2005-08-03 11:48:36.000,1.233100,1.233400,D
173904179,EUR/USD,2005-08-03 11:48:48.000,1.233200,1.233500,D
173904278,EUR/USD,2005-08-03 11:49:14.000,1.233300,1.233600,D
173904305,EUR/USD,2005-08-03 11:49:22.000,1.233200,1.233500,D
173904376,EUR/USD,2005-08-03 11:49:34.000,1.233100,1.233400,D
173904412,EUR/USD,2005-08-03 11:49:43.000,1.233200,1.233500,D
173904478,EUR/USD,2005-08-03 11:50:06.000,1.233100,1.233400,D
173904507,EUR/USD,2005-08-03 11:50:20.000,1.233200,1.233500,D
173904579,EUR/USD,2005-08-03 11:50:54.000,1.233300,1.233600,D
173904668,EUR/USD,2005-08-03 11:51:20.000,1.233200,1.233500,D
173904677,EUR/USD,2005-08-03 11:51:23.000,1.233300,1.233600,D
173904700,EUR/USD,2005-08-03 11:51:36.000,1.233400,1.233700,D
173904731,EUR/USD,2005-08-03 11:51:42.000,1.233300,1.233600,D
173904743,EUR/USD,2005-08-03 11:51:43.000,1.233400,1.233700,D
173904751,EUR/USD,2005-08-03 11:51:44.000,1.233300,1.233600,D
173904765,EUR/USD,2005-08-03 11:51:50.000,1.233400,1.233700,D
173904769,EUR/USD,2005-08-03 11:51:51.000,1.233300,1.233600,D
173904789,EUR/USD,2005-08-03 11:51:58.000,1.233200,1.233500,D
173904794,EUR/USD,2005-08-03 11:51:58.000,1.233300,1.233600,D
173904797,EUR/USD,2005-08-03 11:51:59.000,1.233200,1.233500,D
173904816,EUR/USD,2005-08-03 11:52:03.000,1.233300,1.233600,D
173904830,EUR/USD,2005-08-03 11:52:06.000,1.233400,1.233700,D
173904892,EUR/USD,2005-08-03 11:52:21.000,1.233300,1.233600,D
173904896,EUR/USD,2005-08-03 11:52:22.000,1.233400,1.233700,D
173904902,EUR/USD,2005-08-03 11:52:23.000,1.233300,1.233600,D
173904910,EUR/USD,2005-08-03 11:52:24.000,1.233400,1.233700,D
173904942,EUR/USD,2005-08-03 11:52:31.000,1.233300,1.233600,D
173904966,EUR/USD,2005-08-03 11:52:45.000,1.233400,1.233700,D
173904998,EUR/USD,2005-08-03 11:53:02.000,1.233300,1.233600,D
173905001,EUR/USD,2005-08-03 11:53:02.000,1.233400,1.233700,D
173905032,EUR/USD,2005-08-03 11:53:13.000,1.233300,1.233600,D
173905056,EUR/USD,2005-08-03 11:53:21.000,1.233200,1.233500,D
173905065,EUR/USD,2005-08-03 11:53:24.000,1.233100,1.233400,D
173905082,EUR/USD,2005-08-03 11:53:26.000,1.233200,1.233500,D
173905103,EUR/USD,2005-08-03 11:53:34.000,1.233300,1.233600,D
173905127,EUR/USD,2005-08-03 11:53:42.000,1.233200,1.233500,D
173905185,EUR/USD,2005-08-03 11:54:11.000,1.233100,1.233400,D
173905192,EUR/USD,2005-08-03 11:54:12.000,1.233200,1.233500,D
173905199,EUR/USD,2005-08-03 11:54:13.000,1.233100,1.233400,D
173905224,EUR/USD,2005-08-03 11:54:17.000,1.233200,1.233500,D
173905281,EUR/USD,2005-08-03 11:54:40.000,1.233100,1.233400,D
173905297,EUR/USD,2005-08-03 11:54:43.000,1.233200,1.233500,D
173905313,EUR/USD,2005-08-03 11:54:48.000,1.233300,1.233600,D
173905322,EUR/USD,2005-08-03 11:54:54.000,1.233400,1.233700,D
173905328,EUR/USD,2005-08-03 11:54:56.000,1.233300,1.233600,D
173905343,EUR/USD,2005-08-03 11:55:02.000,1.233200,1.233500,D
173905365,EUR/USD,2005-08-03 11:55:19.000,1.233100,1.233400,D
173905372,EUR/USD,2005-08-03 11:55:21.000,1.233200,1.233500,D
173905402,EUR/USD,2005-08-03 11:55:27.000,1.233300,1.233600,D
173905416,EUR/USD,2005-08-03 11:55:32.000,1.233400,1.233700,D
173905430,EUR/USD,2005-08-03 11:55:33.000,1.233300,1.233600,D
173905441,EUR/USD,2005-08-03 11:55:35.000,1.233400,1.233700,D
173905454,EUR/USD,2005-08-03 11:55:36.000,1.233500,1.233800,D
173905505,EUR/USD,2005-08-03 11:55:42.000,1.233600,1.233900,D
173905511,EUR/USD,2005-08-03 11:55:42.000,1.233500,1.233800,D
173905522,EUR/USD,2005-08-03 11:55:44.000,1.233600,1.233900,D
173905531,EUR/USD,2005-08-03 11:55:45.000,1.233500,1.233800,D
173905539,EUR/USD,2005-08-03 11:55:46.000,1.233400,1.233700,D
173905557,EUR/USD,2005-08-03 11:55:50.000,1.233500,1.233800,D
173905579,EUR/USD,2005-08-03 11:55:52.000,1.233600,1.233900,D
173905593,EUR/USD,2005-08-03 11:55:56.000,1.233500,1.233800,D
173905610,EUR/USD,2005-08-03 11:56:02.000,1.233400,1.233700,D
173905628,EUR/USD,2005-08-03 11:56:04.000,1.233500,1.233800,D
173905637,EUR/USD,2005-08-03 11:56:05.000,1.233400,1.233700,D
173905645,EUR/USD,2005-08-03 11:56:06.000,1.233500,1.233800,D
173905663,EUR/USD,2005-08-03 11:56:09.000,1.233400,1.233700,D
173905689,EUR/USD,2005-08-03 11:56:13.000,1.233500,1.233800,D
173905775,EUR/USD,2005-08-03 11:56:36.000,1.233600,1.233900,D
173905788,EUR/USD,2005-08-03 11:56:40.000,1.233500,1.233800,D
173905803,EUR/USD,2005-08-03 11:56:43.000,1.233600,1.233900,D
173905824,EUR/USD,2005-08-03 11:56:49.000,1.233500,1.233800,D
173905827,EUR/USD,2005-08-03 11:56:50.000,1.233600,1.233900,D
173905844,EUR/USD,2005-08-03 11:56:57.000,1.233500,1.233800,D
173905850,EUR/USD,2005-08-03 11:56:58.000,1.233600,1.233900,D
173905913,EUR/USD,2005-08-03 11:57:17.000,1.233500,1.233800,D
173905931,EUR/USD,2005-08-03 11:57:23.000,1.233400,1.233700,D
173905939,EUR/USD,2005-08-03 11:57:24.000,1.233500,1.233800,D
173905961,EUR/USD,2005-08-03 11:57:30.000,1.233600,1.233900,D
173905965,EUR/USD,2005-08-03 11:57:30.000,1.233700,1.234000,D
173905975,EUR/USD,2005-08-03 11:57:32.000,1.233600,1.233900,D
173905994,EUR/USD,2005-08-03 11:57:36.000,1.233700,1.234000,D
173906001,EUR/USD,2005-08-03 11:57:37.000,1.233600,1.233900,D
173906014,EUR/USD,2005-08-03 11:57:42.000,1.233700,1.234000,D
173906023,EUR/USD,2005-08-03 11:57:44.000,1.233600,1.233900,D
173906045,EUR/USD,2005-08-03 11:57:49.000,1.233500,1.233800,D
173906048,EUR/USD,2005-08-03 11:57:50.000,1.233600,1.233900,D
173906056,EUR/USD,2005-08-03 11:57:52.000,1.233500,1.233800,D
173906092,EUR/USD,2005-08-03 11:58:07.000,1.233600,1.233900,D
173906094,EUR/USD,2005-08-03 11:58:09.000,1.233500,1.233800,D
173906109,EUR/USD,2005-08-03 11:58:12.000,1.233600,1.233900,D
173906117,EUR/USD,2005-08-03 11:58:14.000,1.233500,1.233800,D
173906129,EUR/USD,2005-08-03 11:58:17.000,1.233600,1.233900,D
173906202,EUR/USD,2005-08-03 11:58:32.000,1.233700,1.234000,D
173906212,EUR/USD,2005-08-03 11:58:33.000,1.233600,1.233900,D
173906220,EUR/USD,2005-08-03 11:58:34.000,1.233700,1.234000,D
173906266,EUR/USD,2005-08-03 11:58:41.000,1.233600,1.233900,D
173906272,EUR/USD,2005-08-03 11:58:42.000,1.233700,1.234000,D
173906279,EUR/USD,2005-08-03 11:58:42.000,1.233600,1.233900,D
173906287,EUR/USD,2005-08-03 11:58:43.000,1.233700,1.234000,D
173906308,EUR/USD,2005-08-03 11:58:50.000,1.233600,1.233900,D
173906314,EUR/USD,2005-08-03 11:58:51.000,1.233700,1.234000,D
173906345,EUR/USD,2005-08-03 11:58:58.000,1.233600,1.233900,D
173906347,EUR/USD,2005-08-03 11:58:58.000,1.233700,1.234000,D
173906353,EUR/USD,2005-08-03 11:58:59.000,1.233600,1.233900,D
173906376,EUR/USD,2005-08-03 11:59:15.000,1.233700,1.234000,D
173906395,EUR/USD,2005-08-03 11:59:26.000,1.233600,1.233900,D
173906423,EUR/USD,2005-08-03 11:59:40.000,1.233500,1.233800,D
173906428,EUR/USD,2005-08-03 11:59:41.000,1.233600,1.233900,D
173906441,EUR/USD,2005-08-03 11:59:44.000,1.233500,1.233800,D
173906469,EUR/USD,2005-08-03 11:59:52.000,1.233400,1.233700,D
173906472,EUR/USD,2005-08-03 11:59:53.000,1.233500,1.233800,D
173906493,EUR/USD,2005-08-03 11:59:55.000,1.233400,1.233700,D
173906519,EUR/USD,2005-08-03 12:00:01.000,1.233300,1.233600,D
173906553,EUR/USD,2005-08-03 12:00:08.000,1.233200,1.233500,D
173906574,EUR/USD,2005-08-03 12:00:13.000,1.233100,1.233400,D
173906577,EUR/USD,2005-08-03 12:00:13.000,1.233200,1.233500,D
173906579,EUR/USD,2005-08-03 12:00:14.000,1.233100,1.233400,D
173906585,EUR/USD,2005-08-03 12:00:15.000,1.233200,1.233500,D
173906599,EUR/USD,2005-08-03 12:00:17.000,1.233300,1.233600,D
173906607,EUR/USD,2005-08-03 12:00:18.000,1.233200,1.233500,D
173906612,EUR/USD,2005-08-03 12:00:18.000,1.233300,1.233600,D
173906619,EUR/USD,2005-08-03 12:00:19.000,1.233100,1.233400,D
173906632,EUR/USD,2005-08-03 12:00:19.000,1.233200,1.233500,D
173906653,EUR/USD,2005-08-03 12:00:23.000,1.233300,1.233600,D
173906707,EUR/USD,2005-08-03 12:00:33.000,1.233200,1.233500,D
173906740,EUR/USD,2005-08-03 12:00:41.000,1.233300,1.233600,D
173906747,EUR/USD,2005-08-03 12:00:48.000,1.233400,1.233700,D
173906788,EUR/USD,2005-08-03 12:01:03.000,1.233200,1.233500,D
173906798,EUR/USD,2005-08-03 12:01:03.000,1.233300,1.233600,D
173906807,EUR/USD,2005-08-03 12:01:07.000,1.233200,1.233500,D
173906815,EUR/USD,2005-08-03 12:01:10.000,1.233300,1.233600,D
173906826,EUR/USD,2005-08-03 12:01:15.000,1.233400,1.233700,D
173906863,EUR/USD,2005-08-03 12:01:30.000,1.233300,1.233600,D
173906887,EUR/USD,2005-08-03 12:01:41.000,1.233200,1.233500,D
173906982,EUR/USD,2005-08-03 12:02:00.000,1.233100,1.233400,D
173907007,EUR/USD,2005-08-03 12:02:08.000,1.233000,1.233300,D
173907030,EUR/USD,2005-08-03 12:02:11.000,1.233100,1.233400,D
173907059,EUR/USD,2005-08-03 12:02:19.000,1.233000,1.233300,D
173907120,EUR/USD,2005-08-03 12:02:44.000,1.233100,1.233400,D
173907284,EUR/USD,2005-08-03 12:04:03.000,1.233000,1.233300,D
173907291,EUR/USD,2005-08-03 12:04:05.000,1.233100,1.233400,D
173907360,EUR/USD,2005-08-03 12:04:32.000,1.233000,1.233300,D
173907372,EUR/USD,2005-08-03 12:04:34.000,1.233100,1.233400,D
173907384,EUR/USD,2005-08-03 12:04:37.000,1.233000,1.233300,D
173907398,EUR/USD,2005-08-03 12:04:41.000,1.233100,1.233400,D
173907401,EUR/USD,2005-08-03 12:04:43.000,1.233000,1.233300,D
173907425,EUR/USD,2005-08-03 12:04:54.000,1.233100,1.233400,D
173907443,EUR/USD,2005-08-03 12:05:06.000,1.233000,1.233300,D
173907448,EUR/USD,2005-08-03 12:05:07.000,1.233100,1.233400,D
173907463,EUR/USD,2005-08-03 12:05:17.000,1.233200,1.233500,D
173907517,EUR/USD,2005-08-03 12:05:53.000,1.233300,1.233600,D
173907563,EUR/USD,2005-08-03 12:06:24.000,1.233200,1.233500,D
173907572,EUR/USD,2005-08-03 12:06:27.000,1.233300,1.233600,D
173907604,EUR/USD,2005-08-03 12:07:00.000,1.233400,1.233700,D
173907616,EUR/USD,2005-08-03 12:07:03.000,1.233300,1.233600,D
173907661,EUR/USD,2005-08-03 12:07:26.000,1.233200,1.233500,D
173907668,EUR/USD,2005-08-03 12:07:26.000,1.233300,1.233600,D
173907681,EUR/USD,2005-08-03 12:07:28.000,1.233200,1.233500,D
173907689,EUR/USD,2005-08-03 12:07:28.000,1.233300,1.233600,D
173907698,EUR/USD,2005-08-03 12:07:31.000,1.233200,1.233500,D
173907702,EUR/USD,2005-08-03 12:07:32.000,1.233300,1.233600,D
173907748,EUR/USD,2005-08-03 12:08:01.000,1.233400,1.233700,D
173907777,EUR/USD,2005-08-03 12:08:20.000,1.233300,1.233600,D
173907797,EUR/USD,2005-08-03 12:08:32.000,1.233400,1.233700,D
173907820,EUR/USD,2005-08-03 12:08:45.000,1.233300,1.233600,D
173907826,EUR/USD,2005-08-03 12:08:47.000,1.233400,1.233700,D
173907841,EUR/USD,2005-08-03 12:08:54.000,1.233500,1.233800,D
173907854,EUR/USD,2005-08-03 12:09:01.000,1.233600,1.233900,D
173907941,EUR/USD,2005-08-03 12:09:47.000,1.233500,1.233800,D
173907943,EUR/USD,2005-08-03 12:09:48.000,1.233400,1.233700,D
173907979,EUR/USD,2005-08-03 12:09:56.000,1.233500,1.233800,D
173907990,EUR/USD,2005-08-03 12:10:07.000,1.233600,1.233900,D
173907997,EUR/USD,2005-08-03 12:10:08.000,1.233700,1.234000,D
173908014,EUR/USD,2005-08-03 12:10:12.000,1.233600,1.233900,D
173908030,EUR/USD,2005-08-03 12:10:21.000,1.233700,1.234000,D
173908049,EUR/USD,2005-08-03 12:10:28.000,1.233600,1.233900,D
173908103,EUR/USD,2005-08-03 12:11:25.000,1.233700,1.234000,D
173908111,EUR/USD,2005-08-03 12:11:31.000,1.233600,1.233900,D
173908139,EUR/USD,2005-08-03 12:11:42.000,1.233700,1.234000,D
173908186,EUR/USD,2005-08-03 12:12:19.000,1.233800,1.234100,D
173908192,EUR/USD,2005-08-03 12:12:22.000,1.233700,1.234000,D
173908206,EUR/USD,2005-08-03 12:12:28.000,1.233600,1.233900,D
173908213,EUR/USD,2005-08-03 12:12:30.000,1.233700,1.234000,D
173908214,EUR/USD,2005-08-03 12:12:30.000,1.233600,1.233900,D
173908222,EUR/USD,2005-08-03 12:12:33.000,1.233700,1.234000,D
173908297,EUR/USD,2005-08-03 12:13:29.000,1.233800,1.234100,D
173908307,EUR/USD,2005-08-03 12:13:30.000,1.233700,1.234000,D
173908324,EUR/USD,2005-08-03 12:13:32.000,1.233800,1.234100,D
173908330,EUR/USD,2005-08-03 12:13:33.000,1.233900,1.234200,D
173908339,EUR/USD,2005-08-03 12:13:34.000,1.234000,1.234300,D
173908361,EUR/USD,2005-08-03 12:13:37.000,1.233900,1.234200,D
173908371,EUR/USD,2005-08-03 12:13:39.000,1.234000,1.234300,D
173908386,EUR/USD,2005-08-03 12:13:40.000,1.234100,1.234400,D
173908397,EUR/USD,2005-08-03 12:13:41.000,1.234000,1.234300,D
173908417,EUR/USD,2005-08-03 12:13:43.000,1.234100,1.234400,D
173908435,EUR/USD,2005-08-03 12:13:45.000,1.234000,1.234300,D
173908447,EUR/USD,2005-08-03 12:13:47.000,1.234100,1.234400,D
173908460,EUR/USD,2005-08-03 12:13:48.000,1.234200,1.234500,D
173908477,EUR/USD,2005-08-03 12:13:51.000,1.234100,1.234400,D
173908530,EUR/USD,2005-08-03 12:14:06.000,1.234000,1.234300,D
173908574,EUR/USD,2005-08-03 12:14:18.000,1.234100,1.234400,D
173908617,EUR/USD,2005-08-03 12:14:33.000,1.234000,1.234300,D
173908623,EUR/USD,2005-08-03 12:14:35.000,1.234100,1.234400,D
173908651,EUR/USD,2005-08-03 12:14:43.000,1.234000,1.234300,D
173908659,EUR/USD,2005-08-03 12:14:45.000,1.234100,1.234400,D
173908662,EUR/USD,2005-08-03 12:14:47.000,1.234000,1.234300,D
173908674,EUR/USD,2005-08-03 12:14:53.000,1.233900,1.234200,D
173908710,EUR/USD,2005-08-03 12:15:05.000,1.234000,1.234300,D
173908739,EUR/USD,2005-08-03 12:15:10.000,1.233900,1.234200,D
173908788,EUR/USD,2005-08-03 12:15:18.000,1.234000,1.234300,D
173908801,EUR/USD,2005-08-03 12:15:21.000,1.234100,1.234400,D
173908825,EUR/USD,2005-08-03 12:15:25.000,1.234000,1.234300,D
173908863,EUR/USD,2005-08-03 12:15:41.000,1.234100,1.234400,D
173908866,EUR/USD,2005-08-03 12:15:44.000,1.234000,1.234300,D
173908883,EUR/USD,2005-08-03 12:15:54.000,1.234100,1.234400,D
173908908,EUR/USD,2005-08-03 12:16:05.000,1.234200,1.234500,D
173908931,EUR/USD,2005-08-03 12:16:09.000,1.234100,1.234400,D
173908947,EUR/USD,2005-08-03 12:16:12.000,1.234000,1.234300,D
173908980,EUR/USD,2005-08-03 12:16:20.000,1.233900,1.234200,D
173908991,EUR/USD,2005-08-03 12:16:21.000,1.234000,1.234300,D
173908994,EUR/USD,2005-08-03 12:16:21.000,1.233900,1.234200,D
173909011,EUR/USD,2005-08-03 12:16:36.000,1.234000,1.234300,D
173909018,EUR/USD,2005-08-03 12:16:37.000,1.233900,1.234200,D
173909039,EUR/USD,2005-08-03 12:16:53.000,1.233800,1.234100,D
173909051,EUR/USD,2005-08-03 12:16:56.000,1.233900,1.234200,D
173909055,EUR/USD,2005-08-03 12:16:57.000,1.233800,1.234100,D
173909082,EUR/USD,2005-08-03 12:17:10.000,1.233900,1.234200,D
173909135,EUR/USD,2005-08-03 12:17:28.000,1.234000,1.234300,D
173909138,EUR/USD,2005-08-03 12:17:28.000,1.233900,1.234200,D
173909147,EUR/USD,2005-08-03 12:17:38.000,1.234000,1.234300,D
173909152,EUR/USD,2005-08-03 12:17:39.000,1.233900,1.234200,D
173909157,EUR/USD,2005-08-03 12:17:41.000,1.234000,1.234300,D
173909211,EUR/USD,2005-08-03 12:18:07.000,1.233900,1.234200,D
173909226,EUR/USD,2005-08-03 12:18:16.000,1.234000,1.234300,D
173909243,EUR/USD,2005-08-03 12:18:21.000,1.233900,1.234200,D
173909255,EUR/USD,2005-08-03 12:18:26.000,1.234000,1.234300,D
173909274,EUR/USD,2005-08-03 12:18:30.000,1.233900,1.234200,D
173909288,EUR/USD,2005-08-03 12:18:31.000,1.234000,1.234300,D
173909328,EUR/USD,2005-08-03 12:18:56.000,1.233900,1.234200,D
173909394,EUR/USD,2005-08-03 12:19:14.000,1.234000,1.234300,D
173909404,EUR/USD,2005-08-03 12:19:16.000,1.233900,1.234200,D
173909443,EUR/USD,2005-08-03 12:19:23.000,1.233800,1.234100,D
173909461,EUR/USD,2005-08-03 12:19:28.000,1.233900,1.234200,D
173909470,EUR/USD,2005-08-03 12:19:29.000,1.233800,1.234100,D
173909479,EUR/USD,2005-08-03 12:19:31.000,1.233700,1.234000,D
173909491,EUR/USD,2005-08-03 12:19:34.000,1.233600,1.233900,D
173909499,EUR/USD,2005-08-03 12:19:35.000,1.233500,1.233800,D
173909533,EUR/USD,2005-08-03 12:19:39.000,1.233400,1.233700,D
173909548,EUR/USD,2005-08-03 12:19:41.000,1.233300,1.233600,D
173909576,EUR/USD,2005-08-03 12:19:44.000,1.233200,1.233500,D
173909581,EUR/USD,2005-08-03 12:19:45.000,1.233300,1.233600,D
173909585,EUR/USD,2005-08-03 12:19:45.000,1.233400,1.233700,D
173909600,EUR/USD,2005-08-03 12:19:47.000,1.233300,1.233600,D
173909631,EUR/USD,2005-08-03 12:19:51.000,1.233400,1.233700,D
173909644,EUR/USD,2005-08-03 12:19:53.000,1.233300,1.233600,D
173909671,EUR/USD,2005-08-03 12:19:59.000,1.233400,1.233700,D
173909690,EUR/USD,2005-08-03 12:20:02.000,1.233500,1.233800,D
173909711,EUR/USD,2005-08-03 12:20:04.000,1.233600,1.233900,D
173909723,EUR/USD,2005-08-03 12:20:06.000,1.233500,1.233800,D
173909784,EUR/USD,2005-08-03 12:20:14.000,1.233600,1.233900,D
173909876,EUR/USD,2005-08-03 12:20:37.000,1.233500,1.233800,D
173909914,EUR/USD,2005-08-03 12:20:47.000,1.233400,1.233700,D
173909956,EUR/USD,2005-08-03 12:21:03.000,1.233500,1.233800,D
173909960,EUR/USD,2005-08-03 12:21:08.000,1.233400,1.233700,D
173909963,EUR/USD,2005-08-03 12:21:11.000,1.233500,1.233800,D
173909977,EUR/USD,2005-08-03 12:21:19.000,1.233400,1.233700,D
173910128,EUR/USD,2005-08-03 12:22:25.000,1.233500,1.233800,D
173910176,EUR/USD,2005-08-03 12:22:53.000,1.233400,1.233700,D
173910229,EUR/USD,2005-08-03 12:23:43.000,1.233300,1.233600,D
173910268,EUR/USD,2005-08-03 12:24:02.000,1.233200,1.233500,D
173910274,EUR/USD,2005-08-03 12:24:03.000,1.233300,1.233600,D
173910277,EUR/USD,2005-08-03 12:24:03.000,1.233200,1.233500,D
173910301,EUR/USD,2005-08-03 12:24:16.000,1.233300,1.233600,D
173910340,EUR/USD,2005-08-03 12:24:33.000,1.233200,1.233500,D
173910347,EUR/USD,2005-08-03 12:24:34.000,1.233300,1.233600,D
173910357,EUR/USD,2005-08-03 12:24:36.000,1.233200,1.233500,D
173910374,EUR/USD,2005-08-03 12:24:43.000,1.233300,1.233600,D
173910443,EUR/USD,2005-08-03 12:25:25.000,1.233400,1.233700,D
173910469,EUR/USD,2005-08-03 12:25:37.000,1.233300,1.233600,D
173910494,EUR/USD,2005-08-03 12:25:48.000,1.233400,1.233700,D
173910505,EUR/USD,2005-08-03 12:25:52.000,1.233300,1.233600,D
173910532,EUR/USD,2005-08-03 12:26:05.000,1.233200,1.233500,D
173910596,EUR/USD,2005-08-03 12:26:47.000,1.233300,1.233600,D
173910611,EUR/USD,2005-08-03 12:27:00.000,1.233200,1.233500,D
173910627,EUR/USD,2005-08-03 12:27:06.000,1.233100,1.233400,D
173910644,EUR/USD,2005-08-03 12:27:16.000,1.233200,1.233500,D
173910648,EUR/USD,2005-08-03 12:27:18.000,1.233100,1.233400,D
173910650,EUR/USD,2005-08-03 12:27:18.000,1.233200,1.233500,D
173910690,EUR/USD,2005-08-03 12:27:32.000,1.233300,1.233600,D
173910703,EUR/USD,2005-08-03 12:27:35.000,1.233200,1.233500,D
173910707,EUR/USD,2005-08-03 12:27:35.000,1.233300,1.233600,D
173910716,EUR/USD,2005-08-03 12:27:36.000,1.233200,1.233500,D
173910735,EUR/USD,2005-08-03 12:27:43.000,1.233300,1.233600,D
173910739,EUR/USD,2005-08-03 12:27:44.000,1.233200,1.233500,D
173910747,EUR/USD,2005-08-03 12:27:48.000,1.233300,1.233600,D
173910783,EUR/USD,2005-08-03 12:28:37.000,1.233400,1.233700,D
173910810,EUR/USD,2005-08-03 12:28:57.000,1.233500,1.233800,D
173910814,EUR/USD,2005-08-03 12:28:57.000,1.233400,1.233700,D
173910820,EUR/USD,2005-08-03 12:29:02.000,1.233500,1.233800,D
173910826,EUR/USD,2005-08-03 12:29:03.000,1.233400,1.233700,D
173910846,EUR/USD,2005-08-03 12:29:20.000,1.233300,1.233600,D
173910856,EUR/USD,2005-08-03 12:29:25.000,1.233400,1.233700,D
173910870,EUR/USD,2005-08-03 12:29:31.000,1.233300,1.233600,D
173910878,EUR/USD,2005-08-03 12:29:35.000,1.233400,1.233700,D
173910887,EUR/USD,2005-08-03 12:29:36.000,1.233300,1.233600,D
173910895,EUR/USD,2005-08-03 12:29:37.000,1.233400,1.233700,D
173910899,EUR/USD,2005-08-03 12:29:38.000,1.233300,1.233600,D
173910907,EUR/USD,2005-08-03 12:29:40.000,1.233400,1.233700,D
173910913,EUR/USD,2005-08-03 12:29:42.000,1.233300,1.233600,D
173910919,EUR/USD,2005-08-03 12:29:49.000,1.233400,1.233700,D
173910922,EUR/USD,2005-08-03 12:29:51.000,1.233300,1.233600,D
173910933,EUR/USD,2005-08-03 12:29:53.000,1.233400,1.233700,D
173910947,EUR/USD,2005-08-03 12:30:02.000,1.233300,1.233600,D
173910972,EUR/USD,2005-08-03 12:30:21.000,1.233400,1.233700,D
173910979,EUR/USD,2005-08-03 12:30:22.000,1.233300,1.233600,D
173910994,EUR/USD,2005-08-03 12:30:29.000,1.233400,1.233700,D
173911005,EUR/USD,2005-08-03 12:30:36.000,1.233500,1.233800,D
173911019,EUR/USD,2005-08-03 12:30:38.000,1.233400,1.233700,D
173911026,EUR/USD,2005-08-03 12:30:39.000,1.233500,1.233800,D
173911033,EUR/USD,2005-08-03 12:30:39.000,1.233400,1.233700,D
173911044,EUR/USD,2005-08-03 12:30:44.000,1.233500,1.233800,D
173911049,EUR/USD,2005-08-03 12:30:47.000,1.233400,1.233700,D
173911067,EUR/USD,2005-08-03 12:30:56.000,1.233500,1.233800,D
173911094,EUR/USD,2005-08-03 12:31:12.000,1.233400,1.233700,D
173911142,EUR/USD,2005-08-03 12:31:39.000,1.233300,1.233600,D
173911148,EUR/USD,2005-08-03 12:31:40.000,1.233400,1.233700,D
173911161,EUR/USD,2005-08-03 12:31:44.000,1.233500,1.233800,D
173911171,EUR/USD,2005-08-03 12:31:57.000,1.233400,1.233700,D
173911183,EUR/USD,2005-08-03 12:32:10.000,1.233300,1.233600,D
173911197,EUR/USD,2005-08-03 12:32:14.000,1.233400,1.233700,D
173911207,EUR/USD,2005-08-03 12:32:16.000,1.233300,1.233600,D
173911230,EUR/USD,2005-08-03 12:32:25.000,1.233200,1.233500,D
173911237,EUR/USD,2005-08-03 12:32:25.000,1.233300,1.233600,D
173911258,EUR/USD,2005-08-03 12:32:39.000,1.233200,1.233500,D
173911261,EUR/USD,2005-08-03 12:32:40.000,1.233300,1.233600,D
173911263,EUR/USD,2005-08-03 12:32:40.000,1.233200,1.233500,D
173911280,EUR/USD,2005-08-03 12:32:46.000,1.233300,1.233600,D
173911314,EUR/USD,2005-08-03 12:32:54.000,1.233200,1.233500,D
173911338,EUR/USD,2005-08-03 12:33:02.000,1.233100,1.233400,D
173911457,EUR/USD,2005-08-03 12:34:15.000,1.233000,1.233300,D
173911508,EUR/USD,2005-08-03 12:34:33.000,1.232900,1.233200,D
173911532,EUR/USD,2005-08-03 12:34:43.000,1.232800,1.233100,D
173911544,EUR/USD,2005-08-03 12:34:45.000,1.232900,1.233200,D
173911548,EUR/USD,2005-08-03 12:34:50.000,1.233000,1.233300,D
173911586,EUR/USD,2005-08-03 12:35:09.000,1.232900,1.233200,D
173911671,EUR/USD,2005-08-03 12:35:40.000,1.233000,1.233300,D
173911692,EUR/USD,2005-08-03 12:35:43.000,1.232900,1.233200,D
173911707,EUR/USD,2005-08-03 12:35:56.000,1.233000,1.233300,D
173911747,EUR/USD,2005-08-03 12:36:16.000,1.232900,1.233200,D
173911761,EUR/USD,2005-08-03 12:36:29.000,1.233000,1.233300,D
173911777,EUR/USD,2005-08-03 12:36:41.000,1.233100,1.233400,D
173911786,EUR/USD,2005-08-03 12:36:45.000,1.233000,1.233300,D
173911790,EUR/USD,2005-08-03 12:36:47.000,1.232900,1.233200,D
173911819,EUR/USD,2005-08-03 12:37:11.000,1.233000,1.233300,D
173911881,EUR/USD,2005-08-03 12:37:43.000,1.233100,1.233400,D
173911891,EUR/USD,2005-08-03 12:37:44.000,1.233000,1.233300,D
173911896,EUR/USD,2005-08-03 12:37:45.000,1.233100,1.233400,D
173911899,EUR/USD,2005-08-03 12:37:45.000,1.233000,1.233300,D
173911913,EUR/USD,2005-08-03 12:37:57.000,1.233100,1.233400,D
173911924,EUR/USD,2005-08-03 12:37:59.000,1.233000,1.233300,D
173911931,EUR/USD,2005-08-03 12:38:03.000,1.233100,1.233400,D
173911936,EUR/USD,2005-08-03 12:38:05.000,1.233000,1.233300,D
173911941,EUR/USD,2005-08-03 12:38:08.000,1.233100,1.233400,D
173912013,EUR/USD,2005-08-03 12:38:31.000,1.233200,1.233500,D
173912022,EUR/USD,2005-08-03 12:38:35.000,1.233100,1.233400,D
173912052,EUR/USD,2005-08-03 12:38:53.000,1.233200,1.233500,D
173912095,EUR/USD,2005-08-03 12:39:11.000,1.233100,1.233400,D
173912100,EUR/USD,2005-08-03 12:39:12.000,1.233000,1.233300,D
173912137,EUR/USD,2005-08-03 12:39:34.000,1.233100,1.233400,D
173912144,EUR/USD,2005-08-03 12:39:36.000,1.233000,1.233300,D
173912193,EUR/USD,2005-08-03 12:40:11.000,1.232900,1.233200,D
173912196,EUR/USD,2005-08-03 12:40:11.000,1.233000,1.233300,D
173912223,EUR/USD,2005-08-03 12:40:19.000,1.232900,1.233200,D
173912234,EUR/USD,2005-08-03 12:40:22.000,1.233000,1.233300,D
173912240,EUR/USD,2005-08-03 12:40:29.000,1.232900,1.233200,D
173912245,EUR/USD,2005-08-03 12:40:34.000,1.232800,1.233100,D
173912279,EUR/USD,2005-08-03 12:41:11.000,1.232900,1.233200,D
173912334,EUR/USD,2005-08-03 12:41:50.000,1.232800,1.233100,D
173912344,EUR/USD,2005-08-03 12:41:51.000,1.232900,1.233200,D
173912354,EUR/USD,2005-08-03 12:41:57.000,1.232800,1.233100,D
173912362,EUR/USD,2005-08-03 12:42:00.000,1.232900,1.233200,D
173912440,EUR/USD,2005-08-03 12:43:46.000,1.232800,1.233100,D
173912499,EUR/USD,2005-08-03 12:44:47.000,1.232900,1.233200,D
173912512,EUR/USD,2005-08-03 12:44:50.000,1.232800,1.233100,D
173912530,EUR/USD,2005-08-03 12:44:56.000,1.232900,1.233200,D
173912533,EUR/USD,2005-08-03 12:44:56.000,1.232800,1.233100,D
173912541,EUR/USD,2005-08-03 12:44:58.000,1.232900,1.233200,D
173912553,EUR/USD,2005-08-03 12:44:59.000,1.232800,1.233100,D
173912567,EUR/USD,2005-08-03 12:45:17.000,1.232700,1.233000,D
173912591,EUR/USD,2005-08-03 12:45:31.000,1.232600,1.232900,D
173912592,EUR/USD,2005-08-03 12:45:31.000,1.232700,1.233000,D
173912596,EUR/USD,2005-08-03 12:45:31.000,1.232600,1.232900,D
173912599,EUR/USD,2005-08-03 12:45:31.000,1.232700,1.233000,D
173912609,EUR/USD,2005-08-03 12:45:33.000,1.232600,1.232900,D
173912678,EUR/USD,2005-08-03 12:46:12.000,1.232700,1.233000,D
173912684,EUR/USD,2005-08-03 12:46:14.000,1.232600,1.232900,D
173912727,EUR/USD,2005-08-03 12:46:26.000,1.232500,1.232800,D
173912753,EUR/USD,2005-08-03 12:46:34.000,1.232600,1.232900,D
173912779,EUR/USD,2005-08-03 12:46:49.000,1.232700,1.233000,D
173912787,EUR/USD,2005-08-03 12:46:55.000,1.232800,1.233100,D
173912793,EUR/USD,2005-08-03 12:47:04.000,1.232700,1.233000,D
173912798,EUR/USD,2005-08-03 12:47:11.000,1.232800,1.233100,D
173912800,EUR/USD,2005-08-03 12:47:12.000,1.232700,1.233000,D
173912830,EUR/USD,2005-08-03 12:47:41.000,1.232800,1.233100,D
173912835,EUR/USD,2005-08-03 12:47:47.000,1.232700,1.233000,D
173912839,EUR/USD,2005-08-03 12:47:48.000,1.232800,1.233100,D
173912851,EUR/USD,2005-08-03 12:48:02.000,1.232700,1.233000,D
173912862,EUR/USD,2005-08-03 12:48:21.000,1.232800,1.233100,D
173912869,EUR/USD,2005-08-03 12:48:23.000,1.232700,1.233000,D
173912893,EUR/USD,2005-08-03 12:48:44.000,1.232600,1.232900,D
173912894,EUR/USD,2005-08-03 12:48:45.000,1.232700,1.233000,D
173912899,EUR/USD,2005-08-03 12:48:49.000,1.232600,1.232900,D
173912900,EUR/USD,2005-08-03 12:48:53.000,1.232700,1.233000,D
173912906,EUR/USD,2005-08-03 12:48:59.000,1.232600,1.232900,D
173912909,EUR/USD,2005-08-03 12:49:02.000,1.232700,1.233000,D
173912929,EUR/USD,2005-08-03 12:49:10.000,1.232800,1.233100,D
173912948,EUR/USD,2005-08-03 12:49:32.000,1.232900,1.233200,D
173912966,EUR/USD,2005-08-03 12:49:37.000,1.233000,1.233300,D
173912980,EUR/USD,2005-08-03 12:49:42.000,1.232900,1.233200,D
173912991,EUR/USD,2005-08-03 12:49:44.000,1.233000,1.233300,D
173913016,EUR/USD,2005-08-03 12:49:58.000,1.232900,1.233200,D
173913022,EUR/USD,2005-08-03 12:49:59.000,1.232800,1.233100,D
173913030,EUR/USD,2005-08-03 12:50:03.000,1.232900,1.233200,D
173913044,EUR/USD,2005-08-03 12:50:08.000,1.232800,1.233100,D
173913078,EUR/USD,2005-08-03 12:50:22.000,1.232700,1.233000,D
173913119,EUR/USD,2005-08-03 12:50:58.000,1.232600,1.232900,D
173913125,EUR/USD,2005-08-03 12:51:00.000,1.232700,1.233000,D
173913137,EUR/USD,2005-08-03 12:51:01.000,1.232600,1.232900,D
173913150,EUR/USD,2005-08-03 12:51:03.000,1.232500,1.232800,D
173913181,EUR/USD,2005-08-03 12:51:12.000,1.232600,1.232900,D
173913200,EUR/USD,2005-08-03 12:51:39.000,1.232500,1.232800,D
173913230,EUR/USD,2005-08-03 12:51:59.000,1.232600,1.232900,D
173913243,EUR/USD,2005-08-03 12:52:05.000,1.232700,1.233000,D
173913255,EUR/USD,2005-08-03 12:52:11.000,1.232800,1.233100,D
173913264,EUR/USD,2005-08-03 12:52:12.000,1.232700,1.233000,D
173913276,EUR/USD,2005-08-03 12:52:14.000,1.232800,1.233100,D
173913292,EUR/USD,2005-08-03 12:52:19.000,1.232700,1.233000,D
173913297,EUR/USD,2005-08-03 12:52:20.000,1.232800,1.233100,D
173913310,EUR/USD,2005-08-03 12:52:26.000,1.232700,1.233000,D
173913319,EUR/USD,2005-08-03 12:52:29.000,1.232800,1.233100,D
173913365,EUR/USD,2005-08-03 12:53:13.000,1.232700,1.233000,D
173913368,EUR/USD,2005-08-03 12:53:14.000,1.232800,1.233100,D
173913378,EUR/USD,2005-08-03 12:53:15.000,1.232700,1.233000,D
173913393,EUR/USD,2005-08-03 12:53:34.000,1.232800,1.233100,D
173913399,EUR/USD,2005-08-03 12:53:35.000,1.232700,1.233000,D
173913409,EUR/USD,2005-08-03 12:53:38.000,1.232800,1.233100,D
173913410,EUR/USD,2005-08-03 12:53:38.000,1.232700,1.233000,D
173913430,EUR/USD,2005-08-03 12:54:03.000,1.232800,1.233100,D
173913444,EUR/USD,2005-08-03 12:54:24.000,1.232700,1.233000,D
173913449,EUR/USD,2005-08-03 12:54:27.000,1.232800,1.233100,D
173913451,EUR/USD,2005-08-03 12:54:28.000,1.232700,1.233000,D
173913457,EUR/USD,2005-08-03 12:54:30.000,1.232800,1.233100,D
173913459,EUR/USD,2005-08-03 12:54:32.000,1.232700,1.233000,D
173913465,EUR/USD,2005-08-03 12:54:44.000,1.232800,1.233100,D
173913502,EUR/USD,2005-08-03 12:55:18.000,1.232900,1.233200,D
173913509,EUR/USD,2005-08-03 12:55:22.000,1.232800,1.233100,D
173913516,EUR/USD,2005-08-03 12:55:24.000,1.232900,1.233200,D
173913520,EUR/USD,2005-08-03 12:55:25.000,1.232800,1.233100,D
173913527,EUR/USD,2005-08-03 12:55:33.000,1.232900,1.233200,D
173913543,EUR/USD,2005-08-03 12:55:48.000,1.232800,1.233100,D
173913547,EUR/USD,2005-08-03 12:55:50.000,1.232900,1.233200,D
173913576,EUR/USD,2005-08-03 12:56:10.000,1.233000,1.233300,D
173913581,EUR/USD,2005-08-03 12:56:15.000,1.233100,1.233400,D
173913588,EUR/USD,2005-08-03 12:56:16.000,1.233000,1.233300,D
173913617,EUR/USD,2005-08-03 12:56:26.000,1.232900,1.233200,D
173913632,EUR/USD,2005-08-03 12:56:31.000,1.232800,1.233100,D
173913673,EUR/USD,2005-08-03 12:56:58.000,1.232700,1.233000,D
173913686,EUR/USD,2005-08-03 12:57:10.000,1.232800,1.233100,D
173913689,EUR/USD,2005-08-03 12:57:20.000,1.232700,1.233000,D
173913717,EUR/USD,2005-08-03 12:57:52.000,1.232600,1.232900,D
173913721,EUR/USD,2005-08-03 12:57:53.000,1.232700,1.233000,D
173913762,EUR/USD,2005-08-03 12:58:09.000,1.232600,1.232900,D
173913772,EUR/USD,2005-08-03 12:58:17.000,1.232700,1.233000,D
173913784,EUR/USD,2005-08-03 12:58:37.000,1.232600,1.232900,D
173913803,EUR/USD,2005-08-03 12:58:43.000,1.232700,1.233000,D
173913808,EUR/USD,2005-08-03 12:58:45.000,1.232600,1.232900,D
173913988,EUR/USD,2005-08-03 13:01:03.000,1.232500,1.232800,D
173913992,EUR/USD,2005-08-03 13:01:04.000,1.232600,1.232900,D
173914015,EUR/USD,2005-08-03 13:01:17.000,1.232700,1.233000,D
173914045,EUR/USD,2005-08-03 13:01:24.000,1.232600,1.232900,D
173914050,EUR/USD,2005-08-03 13:01:25.000,1.232700,1.233000,D
173914055,EUR/USD,2005-08-03 13:01:26.000,1.232600,1.232900,D
173914058,EUR/USD,2005-08-03 13:01:27.000,1.232700,1.233000,D
173914063,EUR/USD,2005-08-03 13:01:28.000,1.232600,1.232900,D
173914077,EUR/USD,2005-08-03 13:01:29.000,1.232700,1.233000,D
173914098,EUR/USD,2005-08-03 13:01:56.000,1.232800,1.233100,D
173914105,EUR/USD,2005-08-03 13:01:58.000,1.232700,1.233000,D
173914116,EUR/USD,2005-08-03 13:02:01.000,1.232800,1.233100,D
173914159,EUR/USD,2005-08-03 13:02:19.000,1.232900,1.233200,D
173914184,EUR/USD,2005-08-03 13:02:25.000,1.232800,1.233100,D
173914209,EUR/USD,2005-08-03 13:02:35.000,1.232700,1.233000,D
173914252,EUR/USD,2005-08-03 13:03:01.000,1.232800,1.233100,D
173914278,EUR/USD,2005-08-03 13:03:25.000,1.232900,1.233200,D
173914331,EUR/USD,2005-08-03 13:03:43.000,1.232800,1.233100,D
173914349,EUR/USD,2005-08-03 13:04:05.000,1.232900,1.233200,D
173914352,EUR/USD,2005-08-03 13:04:07.000,1.232800,1.233100,D
173914397,EUR/USD,2005-08-03 13:04:35.000,1.232900,1.233200,D
173914414,EUR/USD,2005-08-03 13:04:41.000,1.232800,1.233100,D
173914422,EUR/USD,2005-08-03 13:04:42.000,1.232900,1.233200,D
173914456,EUR/USD,2005-08-03 13:04:53.000,1.232800,1.233100,D
173914461,EUR/USD,2005-08-03 13:04:56.000,1.232900,1.233200,D
173914537,EUR/USD,2005-08-03 13:05:41.000,1.232800,1.233100,D
173914553,EUR/USD,2005-08-03 13:06:02.000,1.232700,1.233000,D
173914584,EUR/USD,2005-08-03 13:06:28.000,1.232600,1.232900,D
173914684,EUR/USD,2005-08-03 13:09:16.000,1.232700,1.233000,D
173914685,EUR/USD,2005-08-03 13:09:16.000,1.232600,1.232900,D
173914697,EUR/USD,2005-08-03 13:09:21.000,1.232500,1.232800,D
173914747,EUR/USD,2005-08-03 13:10:04.000,1.232600,1.232900,D
173914760,EUR/USD,2005-08-03 13:10:11.000,1.232500,1.232800,D
173914767,EUR/USD,2005-08-03 13:10:47.000,1.232400,1.232700,D
173914835,EUR/USD,2005-08-03 13:11:52.000,1.232500,1.232800,D
173914850,EUR/USD,2005-08-03 13:11:55.000,1.232400,1.232700,D
173914857,EUR/USD,2005-08-03 13:11:58.000,1.232500,1.232800,D
173914859,EUR/USD,2005-08-03 13:11:59.000,1.232600,1.232900,D
173914925,EUR/USD,2005-08-03 13:13:24.000,1.232500,1.232800,D
173914956,EUR/USD,2005-08-03 13:13:50.000,1.232400,1.232700,D
173914962,EUR/USD,2005-08-03 13:14:09.000,1.232500,1.232800,D
173914965,EUR/USD,2005-08-03 13:14:11.000,1.232400,1.232700,D
173914991,EUR/USD,2005-08-03 13:14:49.000,1.232300,1.232600,D
173915000,EUR/USD,2005-08-03 13:14:56.000,1.232200,1.232500,D
173915006,EUR/USD,2005-08-03 13:14:58.000,1.232300,1.232600,D
173915014,EUR/USD,2005-08-03 13:15:13.000,1.232400,1.232700,D
173915030,EUR/USD,2005-08-03 13:15:18.000,1.232300,1.232600,D
173915037,EUR/USD,2005-08-03 13:15:26.000,1.232400,1.232700,D
173915050,EUR/USD,2005-08-03 13:15:27.000,1.232300,1.232600,D
173915056,EUR/USD,2005-08-03 13:15:30.000,1.232400,1.232700,D
173915065,EUR/USD,2005-08-03 13:15:35.000,1.232300,1.232600,D
173915073,EUR/USD,2005-08-03 13:15:56.000,1.232400,1.232700,D
173915075,EUR/USD,2005-08-03 13:16:05.000,1.232300,1.232600,D
173915077,EUR/USD,2005-08-03 13:16:07.000,1.232400,1.232700,D
173915083,EUR/USD,2005-08-03 13:16:18.000,1.232500,1.232800,D
173915116,EUR/USD,2005-08-03 13:16:39.000,1.232600,1.232900,D
173915119,EUR/USD,2005-08-03 13:16:40.000,1.232500,1.232800,D
173915134,EUR/USD,2005-08-03 13:16:43.000,1.232600,1.232900,D
173915150,EUR/USD,2005-08-03 13:16:51.000,1.232700,1.233000,D
173915218,EUR/USD,2005-08-03 13:17:55.000,1.232800,1.233100,D
173915220,EUR/USD,2005-08-03 13:17:56.000,1.232900,1.233200,D
173915227,EUR/USD,2005-08-03 13:17:57.000,1.232800,1.233100,D
173915256,EUR/USD,2005-08-03 13:18:13.000,1.232700,1.233000,D
173915261,EUR/USD,2005-08-03 13:18:17.000,1.232800,1.233100,D
173915278,EUR/USD,2005-08-03 13:18:27.000,1.232700,1.233000,D
173915285,EUR/USD,2005-08-03 13:18:31.000,1.232800,1.233100,D
173915376,EUR/USD,2005-08-03 13:20:11.000,1.232900,1.233200,D
173915379,EUR/USD,2005-08-03 13:20:14.000,1.232800,1.233100,D
173915408,EUR/USD,2005-08-03 13:21:07.000,1.232900,1.233200,D
173915412,EUR/USD,2005-08-03 13:21:08.000,1.233000,1.233300,D
173915437,EUR/USD,2005-08-03 13:21:19.000,1.233100,1.233400,D
173915447,EUR/USD,2005-08-03 13:21:21.000,1.233200,1.233500,D
173915454,EUR/USD,2005-08-03 13:21:25.000,1.233300,1.233600,D
173915502,EUR/USD,2005-08-03 13:21:40.000,1.233200,1.233500,D
173915506,EUR/USD,2005-08-03 13:21:46.000,1.233100,1.233400,D
173915509,EUR/USD,2005-08-03 13:21:46.000,1.233000,1.233300,D
173915529,EUR/USD,2005-08-03 13:21:51.000,1.233100,1.233400,D
173915545,EUR/USD,2005-08-03 13:21:54.000,1.233200,1.233500,D
173915560,EUR/USD,2005-08-03 13:22:00.000,1.233100,1.233400,D
173915564,EUR/USD,2005-08-03 13:22:03.000,1.233200,1.233500,D
173915585,EUR/USD,2005-08-03 13:22:12.000,1.233100,1.233400,D
173915590,EUR/USD,2005-08-03 13:22:13.000,1.233200,1.233500,D
173915599,EUR/USD,2005-08-03 13:22:16.000,1.233300,1.233600,D
173915613,EUR/USD,2005-08-03 13:22:18.000,1.233200,1.233500,D
173915626,EUR/USD,2005-08-03 13:22:33.000,1.233100,1.233400,D
173915709,EUR/USD,2005-08-03 13:23:42.000,1.233000,1.233300,D
173915722,EUR/USD,2005-08-03 13:23:51.000,1.233100,1.233400,D
173915738,EUR/USD,2005-08-03 13:24:03.000,1.233000,1.233300,D
173915774,EUR/USD,2005-08-03 13:24:37.000,1.233100,1.233400,D
173915783,EUR/USD,2005-08-03 13:24:38.000,1.233000,1.233300,D
173915794,EUR/USD,2005-08-03 13:24:41.000,1.233100,1.233400,D
173915832,EUR/USD,2005-08-03 13:24:53.000,1.233000,1.233300,D
173915938,EUR/USD,2005-08-03 13:26:24.000,1.233100,1.233400,D
173915952,EUR/USD,2005-08-03 13:26:28.000,1.233200,1.233500,D
173915956,EUR/USD,2005-08-03 13:26:30.000,1.233100,1.233400,D
173915959,EUR/USD,2005-08-03 13:26:30.000,1.233000,1.233300,D
173915964,EUR/USD,2005-08-03 13:26:31.000,1.233100,1.233400,D
173915971,EUR/USD,2005-08-03 13:26:33.000,1.233000,1.233300,D
173915989,EUR/USD,2005-08-03 13:26:41.000,1.233100,1.233400,D
173916005,EUR/USD,2005-08-03 13:26:43.000,1.233200,1.233500,D
173916009,EUR/USD,2005-08-03 13:26:44.000,1.233100,1.233400,D
173916012,EUR/USD,2005-08-03 13:26:44.000,1.233000,1.233300,D
173916024,EUR/USD,2005-08-03 13:26:47.000,1.233100,1.233400,D
173916039,EUR/USD,2005-08-03 13:27:02.000,1.233000,1.233300,D
173916042,EUR/USD,2005-08-03 13:27:04.000,1.233100,1.233400,D
173916051,EUR/USD,2005-08-03 13:27:18.000,1.233200,1.233500,D
173916055,EUR/USD,2005-08-03 13:27:18.000,1.233300,1.233600,D
173916061,EUR/USD,2005-08-03 13:27:19.000,1.233400,1.233700,D
173916066,EUR/USD,2005-08-03 13:27:23.000,1.233300,1.233600,D
173916078,EUR/USD,2005-08-03 13:27:28.000,1.233200,1.233500,D
173916121,EUR/USD,2005-08-03 13:27:42.000,1.233300,1.233600,D
173916155,EUR/USD,2005-08-03 13:28:09.000,1.233200,1.233500,D
173916161,EUR/USD,2005-08-03 13:28:11.000,1.233300,1.233600,D
173916192,EUR/USD,2005-08-03 13:28:18.000,1.233400,1.233700,D
173916198,EUR/USD,2005-08-03 13:28:21.000,1.233500,1.233800,D
173916200,EUR/USD,2005-08-03 13:28:23.000,1.233400,1.233700,D
173916201,EUR/USD,2005-08-03 13:28:23.000,1.233500,1.233800,D
173916215,EUR/USD,2005-08-03 13:28:26.000,1.233400,1.233700,D
173916226,EUR/USD,2005-08-03 13:28:30.000,1.233500,1.233800,D
173916230,EUR/USD,2005-08-03 13:28:31.000,1.233400,1.233700,D
173916238,EUR/USD,2005-08-03 13:28:34.000,1.233500,1.233800,D
173916264,EUR/USD,2005-08-03 13:28:41.000,1.233400,1.233700,D
173916277,EUR/USD,2005-08-03 13:28:44.000,1.233500,1.233800,D
173916283,EUR/USD,2005-08-03 13:28:47.000,1.233400,1.233700,D
173916288,EUR/USD,2005-08-03 13:28:50.000,1.233500,1.233800,D
173916290,EUR/USD,2005-08-03 13:28:50.000,1.233400,1.233700,D
173916326,EUR/USD,2005-08-03 13:29:34.000,1.233300,1.233600,D
173916328,EUR/USD,2005-08-03 13:29:36.000,1.233400,1.233700,D
173916331,EUR/USD,2005-08-03 13:29:50.000,1.233300,1.233600,D
173916335,EUR/USD,2005-08-03 13:29:57.000,1.233400,1.233700,D
173916375,EUR/USD,2005-08-03 13:30:33.000,1.233500,1.233800,D
173916380,EUR/USD,2005-08-03 13:30:34.000,1.233400,1.233700,D
173916388,EUR/USD,2005-08-03 13:30:36.000,1.233500,1.233800,D
173916393,EUR/USD,2005-08-03 13:30:39.000,1.233400,1.233700,D
173916414,EUR/USD,2005-08-03 13:31:07.000,1.233300,1.233600,D
173916422,EUR/USD,2005-08-03 13:31:08.000,1.233400,1.233700,D
173916442,EUR/USD,2005-08-03 13:31:25.000,1.233500,1.233800,D
173916469,EUR/USD,2005-08-03 13:31:32.000,1.233600,1.233900,D
173916481,EUR/USD,2005-08-03 13:31:35.000,1.233500,1.233800,D
173916482,EUR/USD,2005-08-03 13:31:36.000,1.233600,1.233900,D
173916483,EUR/USD,2005-08-03 13:31:36.000,1.233500,1.233800,D
173916488,EUR/USD,2005-08-03 13:31:36.000,1.233600,1.233900,D
173916514,EUR/USD,2005-08-03 13:31:42.000,1.233500,1.233800,D
173916535,EUR/USD,2005-08-03 13:31:50.000,1.233600,1.233900,D
173916587,EUR/USD,2005-08-03 13:32:05.000,1.233500,1.233800,D
173916613,EUR/USD,2005-08-03 13:32:18.000,1.233600,1.233900,D
173916617,EUR/USD,2005-08-03 13:32:20.000,1.233500,1.233800,D
173916624,EUR/USD,2005-08-03 13:32:26.000,1.233600,1.233900,D
173916637,EUR/USD,2005-08-03 13:32:33.000,1.233500,1.233800,D
173916645,EUR/USD,2005-08-03 13:32:36.000,1.233600,1.233900,D
173916655,EUR/USD,2005-08-03 13:32:42.000,1.233500,1.233800,D
173916672,EUR/USD,2005-08-03 13:33:06.000,1.233400,1.233700,D
173916688,EUR/USD,2005-08-03 13:33:19.000,1.233300,1.233600,D
173916738,EUR/USD,2005-08-03 13:33:57.000,1.233200,1.233500,D
173916771,EUR/USD,2005-08-03 13:34:20.000,1.233100,1.233400,D
173916774,EUR/USD,2005-08-03 13:34:20.000,1.233200,1.233500,D
173916780,EUR/USD,2005-08-03 13:34:26.000,1.233100,1.233400,D
173916785,EUR/USD,2005-08-03 13:34:27.000,1.233200,1.233500,D
173916798,EUR/USD,2005-08-03 13:34:29.000,1.233100,1.233400,D
173916828,EUR/USD,2005-08-03 13:35:04.000,1.233000,1.233300,D
173916867,EUR/USD,2005-08-03 13:35:20.000,1.232900,1.233200,D
173916868,EUR/USD,2005-08-03 13:35:20.000,1.233000,1.233300,D
173916890,EUR/USD,2005-08-03 13:35:31.000,1.232900,1.233200,D
173916910,EUR/USD,2005-08-03 13:35:38.000,1.233000,1.233300,D
173916919,EUR/USD,2005-08-03 13:35:42.000,1.232900,1.233200,D
173916930,EUR/USD,2005-08-03 13:35:47.000,1.233000,1.233300,D
173916945,EUR/USD,2005-08-03 13:35:54.000,1.233100,1.233400,D
173916958,EUR/USD,2005-08-03 13:35:57.000,1.233000,1.233300,D
173916971,EUR/USD,2005-08-03 13:35:58.000,1.233100,1.233400,D
173916985,EUR/USD,2005-08-03 13:36:02.000,1.233000,1.233300,D
173916998,EUR/USD,2005-08-03 13:36:09.000,1.233100,1.233400,D
173917011,EUR/USD,2005-08-03 13:36:13.000,1.233000,1.233300,D
173917014,EUR/USD,2005-08-03 13:36:13.000,1.233100,1.233400,D
173917027,EUR/USD,2005-08-03 13:36:25.000,1.233200,1.233500,D
173917095,EUR/USD,2005-08-03 13:37:06.000,1.233100,1.233400,D
173917102,EUR/USD,2005-08-03 13:37:11.000,1.233200,1.233500,D
173917120,EUR/USD,2005-08-03 13:37:17.000,1.233300,1.233600,D
173917132,EUR/USD,2005-08-03 13:37:29.000,1.233200,1.233500,D
173917136,EUR/USD,2005-08-03 13:37:30.000,1.233300,1.233600,D
173917142,EUR/USD,2005-08-03 13:37:31.000,1.233200,1.233500,D
173917150,EUR/USD,2005-08-03 13:37:32.000,1.233300,1.233600,D
173917157,EUR/USD,2005-08-03 13:37:33.000,1.233400,1.233700,D
173917195,EUR/USD,2005-08-03 13:38:00.000,1.233300,1.233600,D
173917231,EUR/USD,2005-08-03 13:38:26.000,1.233400,1.233700,D
173917244,EUR/USD,2005-08-03 13:38:36.000,1.233500,1.233800,D
173917274,EUR/USD,2005-08-03 13:38:56.000,1.233400,1.233700,D
173917282,EUR/USD,2005-08-03 13:38:57.000,1.233500,1.233800,D
173917309,EUR/USD,2005-08-03 13:39:13.000,1.233400,1.233700,D
173917318,EUR/USD,2005-08-03 13:39:23.000,1.233500,1.233800,D
173917337,EUR/USD,2005-08-03 13:39:37.000,1.233600,1.233900,D
173917357,EUR/USD,2005-08-03 13:39:41.000,1.233700,1.234000,D
173917389,EUR/USD,2005-08-03 13:39:52.000,1.233600,1.233900,D
173917396,EUR/USD,2005-08-03 13:39:53.000,1.233500,1.233800,D
173917404,EUR/USD,2005-08-03 13:39:56.000,1.233600,1.233900,D
173917413,EUR/USD,2005-08-03 13:39:57.000,1.233500,1.233800,D
173917432,EUR/USD,2005-08-03 13:40:08.000,1.233400,1.233700,D
173917438,EUR/USD,2005-08-03 13:40:08.000,1.233500,1.233800,D
173917450,EUR/USD,2005-08-03 13:40:12.000,1.233600,1.233900,D
173917478,EUR/USD,2005-08-03 13:40:21.000,1.233500,1.233800,D
173917487,EUR/USD,2005-08-03 13:40:23.000,1.233400,1.233700,D
173917514,EUR/USD,2005-08-03 13:40:28.000,1.233300,1.233600,D
173917530,EUR/USD,2005-08-03 13:40:30.000,1.233400,1.233700,D
173917532,EUR/USD,2005-08-03 13:40:31.000,1.233300,1.233600,D
173917577,EUR/USD,2005-08-03 13:40:44.000,1.233200,1.233500,D
173917595,EUR/USD,2005-08-03 13:40:56.000,1.233100,1.233400,D
173917645,EUR/USD,2005-08-03 13:41:24.000,1.233000,1.233300,D
173917658,EUR/USD,2005-08-03 13:41:33.000,1.233100,1.233400,D
173917664,EUR/USD,2005-08-03 13:41:36.000,1.233200,1.233500,D
173917679,EUR/USD,2005-08-03 13:41:38.000,1.233100,1.233400,D
173917695,EUR/USD,2005-08-03 13:41:39.000,1.233000,1.233300,D
173917701,EUR/USD,2005-08-03 13:41:40.000,1.233100,1.233400,D
173917714,EUR/USD,2005-08-03 13:41:44.000,1.233000,1.233300,D
173917720,EUR/USD,2005-08-03 13:41:45.000,1.233100,1.233400,D
173917745,EUR/USD,2005-08-03 13:41:57.000,1.233200,1.233500,D
173917766,EUR/USD,2005-08-03 13:42:21.000,1.233300,1.233600,D
173917777,EUR/USD,2005-08-03 13:42:30.000,1.233200,1.233500,D
173917782,EUR/USD,2005-08-03 13:42:34.000,1.233100,1.233400,D
173917788,EUR/USD,2005-08-03 13:42:35.000,1.233200,1.233500,D
173917799,EUR/USD,2005-08-03 13:42:46.000,1.233100,1.233400,D
173917812,EUR/USD,2005-08-03 13:42:50.000,1.233200,1.233500,D
173917842,EUR/USD,2005-08-03 13:43:01.000,1.233100,1.233400,D
173917879,EUR/USD,2005-08-03 13:43:57.000,1.233000,1.233300,D
173917882,EUR/USD,2005-08-03 13:43:59.000,1.233100,1.233400,D
173917883,EUR/USD,2005-08-03 13:43:59.000,1.233000,1.233300,D
173917888,EUR/USD,2005-08-03 13:44:19.000,1.233100,1.233400,D
173917912,EUR/USD,2005-08-03 13:44:59.000,1.233200,1.233500,D
173917928,EUR/USD,2005-08-03 13:45:05.000,1.233300,1.233600,D
173917942,EUR/USD,2005-08-03 13:45:08.000,1.233200,1.233500,D
173917997,EUR/USD,2005-08-03 13:46:56.000,1.233100,1.233400,D
173918004,EUR/USD,2005-08-03 13:46:58.000,1.233200,1.233500,D
173918008,EUR/USD,2005-08-03 13:46:59.000,1.233100,1.233400,D
173918023,EUR/USD,2005-08-03 13:47:03.000,1.233000,1.233300,D
173918032,EUR/USD,2005-08-03 13:47:04.000,1.233100,1.233400,D
173918036,EUR/USD,2005-08-03 13:47:04.000,1.233000,1.233300,D
173918039,EUR/USD,2005-08-03 13:47:07.000,1.233100,1.233400,D
173918047,EUR/USD,2005-08-03 13:47:13.000,1.233000,1.233300,D
173918102,EUR/USD,2005-08-03 13:48:18.000,1.233100,1.233400,D
173918173,EUR/USD,2005-08-03 13:49:43.000,1.233200,1.233500,D
173918181,EUR/USD,2005-08-03 13:49:49.000,1.233100,1.233400,D
173918186,EUR/USD,2005-08-03 13:49:51.000,1.233200,1.233500,D
173918196,EUR/USD,2005-08-03 13:50:10.000,1.233100,1.233400,D
173918200,EUR/USD,2005-08-03 13:50:16.000,1.233200,1.233500,D
173918215,EUR/USD,2005-08-03 13:50:26.000,1.233100,1.233400,D
173918305,EUR/USD,2005-08-03 13:52:03.000,1.233200,1.233500,D
173918319,EUR/USD,2005-08-03 13:52:25.000,1.233100,1.233400,D
173918327,EUR/USD,2005-08-03 13:52:28.000,1.233200,1.233500,D
173918342,EUR/USD,2005-08-03 13:52:36.000,1.233100,1.233400,D
173918348,EUR/USD,2005-08-03 13:52:37.000,1.233200,1.233500,D
173918382,EUR/USD,2005-08-03 13:52:50.000,1.233100,1.233400,D
173918386,EUR/USD,2005-08-03 13:52:52.000,1.233200,1.233500,D
173918403,EUR/USD,2005-08-03 13:54:05.000,1.233100,1.233400,D
173918406,EUR/USD,2005-08-03 13:54:07.000,1.233200,1.233500,D
173918409,EUR/USD,2005-08-03 13:54:09.000,1.233100,1.233400,D
173918414,EUR/USD,2005-08-03 13:54:13.000,1.233200,1.233500,D
173918426,EUR/USD,2005-08-03 13:54:17.000,1.233100,1.233400,D
173918434,EUR/USD,2005-08-03 13:54:19.000,1.233200,1.233500,D
173918445,EUR/USD,2005-08-03 13:54:29.000,1.233100,1.233400,D
173918449,EUR/USD,2005-08-03 13:54:30.000,1.233200,1.233500,D
173918466,EUR/USD,2005-08-03 13:54:38.000,1.233100,1.233400,D
173918478,EUR/USD,2005-08-03 13:54:46.000,1.233200,1.233500,D
173918491,EUR/USD,2005-08-03 13:55:09.000,1.233100,1.233400,D
173918506,EUR/USD,2005-08-03 13:55:41.000,1.233200,1.233500,D
173918519,EUR/USD,2005-08-03 13:56:05.000,1.233100,1.233400,D
173918524,EUR/USD,2005-08-03 13:56:12.000,1.233200,1.233500,D
173918557,EUR/USD,2005-08-03 13:57:28.000,1.233100,1.233400,D
173918562,EUR/USD,2005-08-03 13:57:32.000,1.233200,1.233500,D
173918574,EUR/USD,2005-08-03 13:57:45.000,1.233100,1.233400,D
173918620,EUR/USD,2005-08-03 13:58:49.000,1.233200,1.233500,D
173918629,EUR/USD,2005-08-03 13:58:53.000,1.233100,1.233400,D
173918652,EUR/USD,2005-08-03 13:59:04.000,1.233000,1.233300,D
173918659,EUR/USD,2005-08-03 13:59:05.000,1.233100,1.233400,D
173918678,EUR/USD,2005-08-03 14:00:04.000,1.233200,1.233500,D
173918734,EUR/USD,2005-08-03 14:00:31.000,1.233100,1.233400,D
173918741,EUR/USD,2005-08-03 14:00:34.000,1.233200,1.233500,D
173918799,EUR/USD,2005-08-03 14:01:31.000,1.233100,1.233400,D
173918804,EUR/USD,2005-08-03 14:01:32.000,1.233200,1.233500,D
173918818,EUR/USD,2005-08-03 14:01:36.000,1.233100,1.233400,D
173918825,EUR/USD,2005-08-03 14:01:39.000,1.233000,1.233300,D
173918839,EUR/USD,2005-08-03 14:01:41.000,1.233100,1.233400,D
173918845,EUR/USD,2005-08-03 14:01:45.000,1.233200,1.233500,D
173918866,EUR/USD,2005-08-03 14:01:54.000,1.233100,1.233400,D
173918913,EUR/USD,2005-08-03 14:02:46.000,1.233200,1.233500,D
173918924,EUR/USD,2005-08-03 14:02:55.000,1.233100,1.233400,D
173918938,EUR/USD,2005-08-03 14:03:04.000,1.233200,1.233500,D
173919008,EUR/USD,2005-08-03 14:04:28.000,1.233100,1.233400,D
173919012,EUR/USD,2005-08-03 14:04:31.000,1.233200,1.233500,D
173919122,EUR/USD,2005-08-03 14:07:11.000,1.233100,1.233400,D
173919167,EUR/USD,2005-08-03 14:08:13.000,1.233000,1.233300,D
173919178,EUR/USD,2005-08-03 14:08:16.000,1.233100,1.233400,D
173919183,EUR/USD,2005-08-03 14:08:22.000,1.233000,1.233300,D
173919208,EUR/USD,2005-08-03 14:08:51.000,1.233100,1.233400,D
173919217,EUR/USD,2005-08-03 14:08:56.000,1.233000,1.233300,D
173919222,EUR/USD,2005-08-03 14:08:59.000,1.233100,1.233400,D
173919358,EUR/USD,2005-08-03 14:13:43.000,1.233200,1.233500,D
173919363,EUR/USD,2005-08-03 14:13:50.000,1.233100,1.233400,D
173919389,EUR/USD,2005-08-03 14:14:08.000,1.233200,1.233500,D
173919408,EUR/USD,2005-08-03 14:14:12.000,1.233100,1.233400,D
173919429,EUR/USD,2005-08-03 14:14:17.000,1.233200,1.233500,D
173919433,EUR/USD,2005-08-03 14:14:19.000,1.233100,1.233400,D
173919451,EUR/USD,2005-08-03 14:14:33.000,1.233000,1.233300,D
173919455,EUR/USD,2005-08-03 14:14:33.000,1.233100,1.233400,D
173919468,EUR/USD,2005-08-03 14:14:45.000,1.233200,1.233500,D
173919477,EUR/USD,2005-08-03 14:14:48.000,1.233100,1.233400,D
173919484,EUR/USD,2005-08-03 14:14:49.000,1.233200,1.233500,D
173919496,EUR/USD,2005-08-03 14:14:54.000,1.233100,1.233400,D
173919543,EUR/USD,2005-08-03 14:15:52.000,1.233200,1.233500,D
173919657,EUR/USD,2005-08-03 14:18:19.000,1.233300,1.233600,D
173919664,EUR/USD,2005-08-03 14:18:21.000,1.233400,1.233700,D
173919699,EUR/USD,2005-08-03 14:18:31.000,1.233300,1.233600,D
173919728,EUR/USD,2005-08-03 14:18:50.000,1.233400,1.233700,D
173919737,EUR/USD,2005-08-03 14:18:52.000,1.233500,1.233800,D
173919750,EUR/USD,2005-08-03 14:19:00.000,1.233400,1.233700,D
173919764,EUR/USD,2005-08-03 14:19:07.000,1.233500,1.233800,D
173919771,EUR/USD,2005-08-03 14:19:10.000,1.233400,1.233700,D
173919775,EUR/USD,2005-08-03 14:19:14.000,1.233500,1.233800,D
173919807,EUR/USD,2005-08-03 14:19:25.000,1.233600,1.233900,D
173919859,EUR/USD,2005-08-03 14:19:40.000,1.233700,1.234000,D
173919870,EUR/USD,2005-08-03 14:19:45.000,1.233600,1.233900,D
173919875,EUR/USD,2005-08-03 14:19:49.000,1.233700,1.234000,D
173919879,EUR/USD,2005-08-03 14:19:52.000,1.233600,1.233900,D
173919917,EUR/USD,2005-08-03 14:20:24.000,1.233500,1.233800,D
173919923,EUR/USD,2005-08-03 14:20:31.000,1.233600,1.233900,D
173919940,EUR/USD,2005-08-03 14:20:41.000,1.233500,1.233800,D
173919945,EUR/USD,2005-08-03 14:20:46.000,1.233600,1.233900,D
173919949,EUR/USD,2005-08-03 14:20:59.000,1.233800,1.234100,D
173919950,EUR/USD,2005-08-03 14:21:00.000,1.233700,1.234000,D
173919952,EUR/USD,2005-08-03 14:21:03.000,1.233600,1.233900,D
173919953,EUR/USD,2005-08-03 14:21:12.000,1.233700,1.234000,D
173919954,EUR/USD,2005-08-03 14:21:13.000,1.233800,1.234100,D
173919956,EUR/USD,2005-08-03 14:21:17.000,1.233700,1.234000,D
173919973,EUR/USD,2005-08-03 14:21:33.000,1.233800,1.234100,D
173919974,EUR/USD,2005-08-03 14:21:34.000,1.233700,1.234000,D
173919991,EUR/USD,2005-08-03 14:21:51.000,1.233600,1.233900,D
173919996,EUR/USD,2005-08-03 14:21:53.000,1.233700,1.234000,D
173920030,EUR/USD,2005-08-03 14:22:10.000,1.233600,1.233900,D
173920038,EUR/USD,2005-08-03 14:22:34.000,1.233700,1.234000,D
173920058,EUR/USD,2005-08-03 14:22:56.000,1.233800,1.234100,D
173920059,EUR/USD,2005-08-03 14:22:57.000,1.233700,1.234000,D
173920069,EUR/USD,2005-08-03 14:23:04.000,1.233600,1.233900,D
173920085,EUR/USD,2005-08-03 14:23:29.000,1.233700,1.234000,D
173920089,EUR/USD,2005-08-03 14:23:30.000,1.233800,1.234100,D
173920090,EUR/USD,2005-08-03 14:23:32.000,1.233900,1.234200,D
173920091,EUR/USD,2005-08-03 14:23:32.000,1.233800,1.234100,D
173920092,EUR/USD,2005-08-03 14:23:34.000,1.233700,1.234000,D
173920093,EUR/USD,2005-08-03 14:23:34.000,1.233800,1.234100,D
173920094,EUR/USD,2005-08-03 14:23:35.000,1.233700,1.234000,D
173920103,EUR/USD,2005-08-03 14:23:49.000,1.233600,1.233900,D
173920111,EUR/USD,2005-08-03 14:24:00.000,1.233500,1.233800,D
173920118,EUR/USD,2005-08-03 14:24:01.000,1.233600,1.233900,D
173920135,EUR/USD,2005-08-03 14:24:08.000,1.233500,1.233800,D
173920140,EUR/USD,2005-08-03 14:24:10.000,1.233600,1.233900,D
173920155,EUR/USD,2005-08-03 14:24:24.000,1.233500,1.233800,D
173920171,EUR/USD,2005-08-03 14:24:34.000,1.233600,1.233900,D
173920197,EUR/USD,2005-08-03 14:25:08.000,1.233500,1.233800,D
173920216,EUR/USD,2005-08-03 14:25:17.000,1.233600,1.233900,D
173920223,EUR/USD,2005-08-03 14:25:18.000,1.233700,1.234000,D
173920226,EUR/USD,2005-08-03 14:25:18.000,1.233600,1.233900,D
173920260,EUR/USD,2005-08-03 14:25:43.000,1.233700,1.234000,D
173920265,EUR/USD,2005-08-03 14:25:46.000,1.233600,1.233900,D
173920275,EUR/USD,2005-08-03 14:25:53.000,1.233500,1.233800,D
173920289,EUR/USD,2005-08-03 14:25:58.000,1.233600,1.233900,D
173920290,EUR/USD,2005-08-03 14:25:59.000,1.233500,1.233800,D
173920295,EUR/USD,2005-08-03 14:26:02.000,1.233600,1.233900,D
173920302,EUR/USD,2005-08-03 14:26:05.000,1.233500,1.233800,D
173920305,EUR/USD,2005-08-03 14:26:06.000,1.233400,1.233700,D
173920335,EUR/USD,2005-08-03 14:26:32.000,1.233300,1.233600,D
173920388,EUR/USD,2005-08-03 14:28:24.000,1.233200,1.233500,D
173920408,EUR/USD,2005-08-03 14:28:30.000,1.233100,1.233400,D
173920444,EUR/USD,2005-08-03 14:28:42.000,1.233200,1.233500,D
173920516,EUR/USD,2005-08-03 14:30:07.000,1.233300,1.233600,D
173920535,EUR/USD,2005-08-03 14:30:14.000,1.233200,1.233500,D
173920554,EUR/USD,2005-08-03 14:30:29.000,1.233300,1.233600,D
173920563,EUR/USD,2005-08-03 14:30:35.000,1.233200,1.233500,D
173920571,EUR/USD,2005-08-03 14:30:37.000,1.233300,1.233600,D
173920580,EUR/USD,2005-08-03 14:30:43.000,1.233400,1.233700,D
173920617,EUR/USD,2005-08-03 14:30:59.000,1.233300,1.233600,D
173920625,EUR/USD,2005-08-03 14:31:00.000,1.233400,1.233700,D
173920648,EUR/USD,2005-08-03 14:31:07.000,1.233300,1.233600,D
173920654,EUR/USD,2005-08-03 14:31:08.000,1.233400,1.233700,D
173920676,EUR/USD,2005-08-03 14:31:15.000,1.233500,1.233800,D
173920686,EUR/USD,2005-08-03 14:31:20.000,1.233600,1.233900,D
173920725,EUR/USD,2005-08-03 14:31:44.000,1.233700,1.234000,D
173920734,EUR/USD,2005-08-03 14:31:57.000,1.233600,1.233900,D
173920742,EUR/USD,2005-08-03 14:32:15.000,1.233500,1.233800,D
173920780,EUR/USD,2005-08-03 14:32:42.000,1.233600,1.233900,D
173920795,EUR/USD,2005-08-03 14:32:56.000,1.233700,1.234000,D
173920802,EUR/USD,2005-08-03 14:32:58.000,1.233800,1.234100,D
173920815,EUR/USD,2005-08-03 14:33:04.000,1.233700,1.234000,D
173920848,EUR/USD,2005-08-03 14:33:39.000,1.233600,1.233900,D
173920857,EUR/USD,2005-08-03 14:33:44.000,1.233700,1.234000,D
173920887,EUR/USD,2005-08-03 14:34:12.000,1.233800,1.234100,D
173920893,EUR/USD,2005-08-03 14:34:18.000,1.233900,1.234200,D
173920895,EUR/USD,2005-08-03 14:34:18.000,1.234000,1.234300,D
173920904,EUR/USD,2005-08-03 14:34:22.000,1.233900,1.234200,D
173920921,EUR/USD,2005-08-03 14:34:30.000,1.233800,1.234100,D
173920933,EUR/USD,2005-08-03 14:34:37.000,1.233700,1.234000,D
173920941,EUR/USD,2005-08-03 14:34:40.000,1.233800,1.234100,D
173920951,EUR/USD,2005-08-03 14:34:44.000,1.233700,1.234000,D
173920960,EUR/USD,2005-08-03 14:34:49.000,1.233800,1.234100,D
173920982,EUR/USD,2005-08-03 14:34:58.000,1.233700,1.234000,D
173920987,EUR/USD,2005-08-03 14:35:01.000,1.233800,1.234100,D
173921001,EUR/USD,2005-08-03 14:35:08.000,1.233900,1.234200,D
173921037,EUR/USD,2005-08-03 14:35:48.000,1.233800,1.234100,D
173921050,EUR/USD,2005-08-03 14:35:55.000,1.233900,1.234200,D
173921092,EUR/USD,2005-08-03 14:36:36.000,1.233800,1.234100,D
173921131,EUR/USD,2005-08-03 14:37:30.000,1.233900,1.234200,D
173921138,EUR/USD,2005-08-03 14:37:46.000,1.234000,1.234300,D
173921146,EUR/USD,2005-08-03 14:37:48.000,1.234100,1.234400,D
173921150,EUR/USD,2005-08-03 14:37:52.000,1.234200,1.234500,D
173921155,EUR/USD,2005-08-03 14:37:53.000,1.234100,1.234400,D
173921158,EUR/USD,2005-08-03 14:37:54.000,1.234000,1.234300,D
173921166,EUR/USD,2005-08-03 14:37:55.000,1.233900,1.234200,D
173921171,EUR/USD,2005-08-03 14:37:55.000,1.234000,1.234300,D
173921195,EUR/USD,2005-08-03 14:38:12.000,1.233900,1.234200,D
173921201,EUR/USD,2005-08-03 14:38:22.000,1.233800,1.234100,D
173921204,EUR/USD,2005-08-03 14:38:22.000,1.233900,1.234200,D
173921272,EUR/USD,2005-08-03 14:39:31.000,1.234000,1.234300,D
173921289,EUR/USD,2005-08-03 14:39:47.000,1.233900,1.234200,D
173921305,EUR/USD,2005-08-03 14:39:58.000,1.234000,1.234300,D
173921344,EUR/USD,2005-08-03 14:40:14.000,1.233900,1.234200,D
173921351,EUR/USD,2005-08-03 14:40:24.000,1.234000,1.234300,D
173921358,EUR/USD,2005-08-03 14:40:29.000,1.233900,1.234200,D
173921361,EUR/USD,2005-08-03 14:40:29.000,1.234000,1.234300,D
173921368,EUR/USD,2005-08-03 14:40:44.000,1.233900,1.234200,D
173921372,EUR/USD,2005-08-03 14:40:46.000,1.234000,1.234300,D
173921385,EUR/USD,2005-08-03 14:41:13.000,1.234100,1.234400,D
173921412,EUR/USD,2005-08-03 14:41:44.000,1.234000,1.234300,D
173921429,EUR/USD,2005-08-03 14:41:54.000,1.234100,1.234400,D
173921468,EUR/USD,2005-08-03 14:42:25.000,1.234000,1.234300,D
173921472,EUR/USD,2005-08-03 14:42:26.000,1.234100,1.234400,D
173921478,EUR/USD,2005-08-03 14:42:28.000,1.234000,1.234300,D
173921487,EUR/USD,2005-08-03 14:42:49.000,1.233900,1.234200,D
173921492,EUR/USD,2005-08-03 14:42:52.000,1.234000,1.234300,D
173921508,EUR/USD,2005-08-03 14:43:03.000,1.233900,1.234200,D
173921535,EUR/USD,2005-08-03 14:43:24.000,1.233800,1.234100,D
173921549,EUR/USD,2005-08-03 14:43:29.000,1.233900,1.234200,D
173921555,EUR/USD,2005-08-03 14:43:31.000,1.234000,1.234300,D
173921563,EUR/USD,2005-08-03 14:43:32.000,1.233900,1.234200,D
173921565,EUR/USD,2005-08-03 14:43:32.000,1.234000,1.234300,D
173921579,EUR/USD,2005-08-03 14:43:49.000,1.233900,1.234200,D
173921585,EUR/USD,2005-08-03 14:43:51.000,1.233800,1.234100,D
173921589,EUR/USD,2005-08-03 14:43:53.000,1.233900,1.234200,D
173921652,EUR/USD,2005-08-03 14:45:02.000,1.233800,1.234100,D
173921656,EUR/USD,2005-08-03 14:45:04.000,1.233900,1.234200,D
173921663,EUR/USD,2005-08-03 14:45:06.000,1.233800,1.234100,D
173921675,EUR/USD,2005-08-03 14:45:09.000,1.233900,1.234200,D
173921709,EUR/USD,2005-08-03 14:45:40.000,1.233800,1.234100,D
173921712,EUR/USD,2005-08-03 14:45:41.000,1.233900,1.234200,D
173921717,EUR/USD,2005-08-03 14:45:44.000,1.233800,1.234100,D
173921721,EUR/USD,2005-08-03 14:45:46.000,1.233900,1.234200,D
173921791,EUR/USD,2005-08-03 14:46:37.000,1.234000,1.234300,D
173921794,EUR/USD,2005-08-03 14:46:38.000,1.233900,1.234200,D
173921798,EUR/USD,2005-08-03 14:46:41.000,1.234000,1.234300,D
173921802,EUR/USD,2005-08-03 14:46:43.000,1.233900,1.234200,D
173921804,EUR/USD,2005-08-03 14:46:44.000,1.234000,1.234300,D
173921839,EUR/USD,2005-08-03 14:47:23.000,1.233900,1.234200,D
173921845,EUR/USD,2005-08-03 14:47:24.000,1.234000,1.234300,D
173921898,EUR/USD,2005-08-03 14:48:14.000,1.234100,1.234400,D
173921899,EUR/USD,2005-08-03 14:48:15.000,1.234000,1.234300,D
173921976,EUR/USD,2005-08-03 14:49:47.000,1.234100,1.234400,D
173921977,EUR/USD,2005-08-03 14:49:48.000,1.234000,1.234300,D
173921987,EUR/USD,2005-08-03 14:50:15.000,1.234100,1.234400,D
173921988,EUR/USD,2005-08-03 14:50:16.000,1.234000,1.234300,D
173922107,EUR/USD,2005-08-03 14:52:25.000,1.233900,1.234200,D
173922111,EUR/USD,2005-08-03 14:52:25.000,1.233800,1.234100,D
173922176,EUR/USD,2005-08-03 14:52:40.000,1.233700,1.234000,D
173922213,EUR/USD,2005-08-03 14:53:01.000,1.233600,1.233900,D
173922289,EUR/USD,2005-08-03 14:53:45.000,1.233500,1.233800,D
173922348,EUR/USD,2005-08-03 14:54:28.000,1.233400,1.233700,D
173922358,EUR/USD,2005-08-03 14:54:31.000,1.233300,1.233600,D
173922368,EUR/USD,2005-08-03 14:54:32.000,1.233400,1.233700,D
173922386,EUR/USD,2005-08-03 14:54:36.000,1.233300,1.233600,D
173922406,EUR/USD,2005-08-03 14:54:40.000,1.233400,1.233700,D
173922410,EUR/USD,2005-08-03 14:54:40.000,1.233300,1.233600,D
173922419,EUR/USD,2005-08-03 14:54:42.000,1.233200,1.233500,D
173922457,EUR/USD,2005-08-03 14:54:55.000,1.233300,1.233600,D
173922465,EUR/USD,2005-08-03 14:54:57.000,1.233200,1.233500,D
173922493,EUR/USD,2005-08-03 14:55:32.000,1.233300,1.233600,D
173922514,EUR/USD,2005-08-03 14:55:40.000,1.233200,1.233500,D
173922629,EUR/USD,2005-08-03 14:56:23.000,1.233300,1.233600,D
173922662,EUR/USD,2005-08-03 14:56:33.000,1.233400,1.233700,D
173922680,EUR/USD,2005-08-03 14:56:38.000,1.233500,1.233800,D
173922721,EUR/USD,2005-08-03 14:56:47.000,1.233600,1.233900,D
173922722,EUR/USD,2005-08-03 14:56:47.000,1.233500,1.233800,D
173922754,EUR/USD,2005-08-03 14:56:53.000,1.233600,1.233900,D
173922757,EUR/USD,2005-08-03 14:56:54.000,1.233500,1.233800,D
173922775,EUR/USD,2005-08-03 14:56:59.000,1.233600,1.233900,D
173922781,EUR/USD,2005-08-03 14:57:00.000,1.233700,1.234000,D
173922791,EUR/USD,2005-08-03 14:57:03.000,1.233800,1.234100,D
173922793,EUR/USD,2005-08-03 14:57:03.000,1.233700,1.234000,D
173922801,EUR/USD,2005-08-03 14:57:04.000,1.233600,1.233900,D
173922850,EUR/USD,2005-08-03 14:57:20.000,1.233700,1.234000,D
173922853,EUR/USD,2005-08-03 14:57:21.000,1.233600,1.233900,D
173922862,EUR/USD,2005-08-03 14:57:22.000,1.233700,1.234000,D
173922864,EUR/USD,2005-08-03 14:57:23.000,1.233900,1.234200,D
173922883,EUR/USD,2005-08-03 14:57:25.000,1.234000,1.234300,D
173922887,EUR/USD,2005-08-03 14:57:25.000,1.233900,1.234200,D
173922890,EUR/USD,2005-08-03 14:57:26.000,1.233800,1.234100,D
173922906,EUR/USD,2005-08-03 14:57:30.000,1.233700,1.234000,D
173922923,EUR/USD,2005-08-03 14:57:33.000,1.233600,1.233900,D
173922929,EUR/USD,2005-08-03 14:57:34.000,1.233700,1.234000,D
173922952,EUR/USD,2005-08-03 14:57:41.000,1.233600,1.233900,D
173923018,EUR/USD,2005-08-03 14:58:07.000,1.233500,1.233800,D
173923038,EUR/USD,2005-08-03 14:58:10.000,1.233400,1.233700,D
173923054,EUR/USD,2005-08-03 14:58:18.000,1.233500,1.233800,D
173923055,EUR/USD,2005-08-03 14:58:18.000,1.233400,1.233700,D
173923064,EUR/USD,2005-08-03 14:58:29.000,1.233500,1.233800,D
173923072,EUR/USD,2005-08-03 14:58:36.000,1.233600,1.233900,D
173923089,EUR/USD,2005-08-03 14:58:39.000,1.233500,1.233800,D
173923100,EUR/USD,2005-08-03 14:58:44.000,1.233400,1.233700,D
173923114,EUR/USD,2005-08-03 14:58:48.000,1.233500,1.233800,D
173923117,EUR/USD,2005-08-03 14:58:48.000,1.233600,1.233900,D
173923122,EUR/USD,2005-08-03 14:58:49.000,1.233500,1.233800,D
173923126,EUR/USD,2005-08-03 14:58:49.000,1.233400,1.233700,D
173923141,EUR/USD,2005-08-03 14:58:51.000,1.233500,1.233800,D
173923165,EUR/USD,2005-08-03 14:58:55.000,1.233600,1.233900,D
173923176,EUR/USD,2005-08-03 14:58:58.000,1.233500,1.233800,D
173923218,EUR/USD,2005-08-03 14:59:13.000,1.233600,1.233900,D
173923270,EUR/USD,2005-08-03 14:59:38.000,1.233700,1.234000,D
173923286,EUR/USD,2005-08-03 14:59:43.000,1.233600,1.233900,D
173923296,EUR/USD,2005-08-03 14:59:47.000,1.233700,1.234000,D
173923306,EUR/USD,2005-08-03 14:59:47.000,1.233600,1.233900,D
173923319,EUR/USD,2005-08-03 14:59:50.000,1.233400,1.233700,D
173923321,EUR/USD,2005-08-03 14:59:51.000,1.233300,1.233600,D
173923353,EUR/USD,2005-08-03 14:59:53.000,1.233400,1.233700,D
173923366,EUR/USD,2005-08-03 14:59:54.000,1.233300,1.233600,D
173923370,EUR/USD,2005-08-03 14:59:54.000,1.233400,1.233700,D
173923438,EUR/USD,2005-08-03 15:00:02.000,1.233500,1.233800,D
173923442,EUR/USD,2005-08-03 15:00:02.000,1.233600,1.233900,D
173923464,EUR/USD,2005-08-03 15:00:04.000,1.233700,1.234000,D
173923488,EUR/USD,2005-08-03 15:00:06.000,1.233800,1.234100,D
173923500,EUR/USD,2005-08-03 15:00:08.000,1.233900,1.234200,D
173923508,EUR/USD,2005-08-03 15:00:09.000,1.233800,1.234100,D
173923578,EUR/USD,2005-08-03 15:00:26.000,1.233700,1.234000,D
173923622,EUR/USD,2005-08-03 15:00:56.000,1.233600,1.233900,D
173923660,EUR/USD,2005-08-03 15:01:06.000,1.233700,1.234000,D
173923682,EUR/USD,2005-08-03 15:01:15.000,1.233600,1.233900,D
173923743,EUR/USD,2005-08-03 15:01:49.000,1.233700,1.234000,D
173923789,EUR/USD,2005-08-03 15:02:17.000,1.233600,1.233900,D
173923842,EUR/USD,2005-08-03 15:02:53.000,1.233700,1.234000,D
173923853,EUR/USD,2005-08-03 15:04:10.000,1.233600,1.233900,D
173923887,EUR/USD,2005-08-03 15:04:47.000,1.233500,1.233800,D
173923902,EUR/USD,2005-08-03 15:05:08.000,1.233600,1.233900,D
173923949,EUR/USD,2005-08-03 15:06:00.000,1.233500,1.233800,D
173923958,EUR/USD,2005-08-03 15:06:13.000,1.233600,1.233900,D
173923969,EUR/USD,2005-08-03 15:06:35.000,1.233700,1.234000,D
173923978,EUR/USD,2005-08-03 15:06:39.000,1.233800,1.234100,D
173923996,EUR/USD,2005-08-03 15:06:49.000,1.233700,1.234000,D
173924007,EUR/USD,2005-08-03 15:06:56.000,1.233800,1.234100,D
173924031,EUR/USD,2005-08-03 15:07:30.000,1.233700,1.234000,D
173924054,EUR/USD,2005-08-03 15:08:44.000,1.233600,1.233900,D
173924079,EUR/USD,2005-08-03 15:09:22.000,1.233700,1.234000,D
173924087,EUR/USD,2005-08-03 15:09:34.000,1.233600,1.233900,D
173924093,EUR/USD,2005-08-03 15:09:41.000,1.233500,1.233800,D
173924098,EUR/USD,2005-08-03 15:09:56.000,1.233600,1.233900,D
173924120,EUR/USD,2005-08-03 15:11:34.000,1.233500,1.233800,D
173924133,EUR/USD,2005-08-03 15:11:37.000,1.233400,1.233700,D
173924145,EUR/USD,2005-08-03 15:11:40.000,1.233300,1.233600,D
173924171,EUR/USD,2005-08-03 15:11:42.000,1.233400,1.233700,D
173924193,EUR/USD,2005-08-03 15:12:23.000,1.233300,1.233600,D
173924201,EUR/USD,2005-08-03 15:12:35.000,1.233200,1.233500,D
173924231,EUR/USD,2005-08-03 15:12:45.000,1.233300,1.233600,D
173924249,EUR/USD,2005-08-03 15:13:03.000,1.233400,1.233700,D
173924266,EUR/USD,2005-08-03 15:13:08.000,1.233300,1.233600,D
173924312,EUR/USD,2005-08-03 15:14:27.000,1.233400,1.233700,D
173924320,EUR/USD,2005-08-03 15:14:35.000,1.233300,1.233600,D
173924333,EUR/USD,2005-08-03 15:15:33.000,1.233400,1.233700,D
173924340,EUR/USD,2005-08-03 15:15:47.000,1.233300,1.233600,D
173924345,EUR/USD,2005-08-03 15:15:47.000,1.233200,1.233500,D
173924358,EUR/USD,2005-08-03 15:16:34.000,1.233300,1.233600,D
173924365,EUR/USD,2005-08-03 15:16:38.000,1.233400,1.233700,D
173924375,EUR/USD,2005-08-03 15:16:53.000,1.233300,1.233600,D
173924381,EUR/USD,2005-08-03 15:16:55.000,1.233400,1.233700,D
173924384,EUR/USD,2005-08-03 15:16:56.000,1.233300,1.233600,D
173924386,EUR/USD,2005-08-03 15:17:11.000,1.233400,1.233700,D
173924426,EUR/USD,2005-08-03 15:18:27.000,1.233300,1.233600,D
173924430,EUR/USD,2005-08-03 15:18:30.000,1.233400,1.233700,D
173924450,EUR/USD,2005-08-03 15:18:37.000,1.233500,1.233800,D
173924456,EUR/USD,2005-08-03 15:18:39.000,1.233400,1.233700,D
173924495,EUR/USD,2005-08-03 15:19:34.000,1.233300,1.233600,D
173924551,EUR/USD,2005-08-03 15:20:33.000,1.233200,1.233500,D
173924554,EUR/USD,2005-08-03 15:20:34.000,1.233300,1.233600,D
173924579,EUR/USD,2005-08-03 15:21:26.000,1.233200,1.233500,D
173924600,EUR/USD,2005-08-03 15:21:56.000,1.233300,1.233600,D
173924648,EUR/USD,2005-08-03 15:22:46.000,1.233200,1.233500,D
173924655,EUR/USD,2005-08-03 15:22:50.000,1.233300,1.233600,D
173924661,EUR/USD,2005-08-03 15:22:54.000,1.233200,1.233500,D
173924678,EUR/USD,2005-08-03 15:23:09.000,1.233300,1.233600,D
173924684,EUR/USD,2005-08-03 15:23:15.000,1.233200,1.233500,D
173924693,EUR/USD,2005-08-03 15:23:41.000,1.233300,1.233600,D
173924703,EUR/USD,2005-08-03 15:23:53.000,1.233200,1.233500,D
173924713,EUR/USD,2005-08-03 15:23:58.000,1.233300,1.233600,D
173924717,EUR/USD,2005-08-03 15:24:07.000,1.233200,1.233500,D
173924724,EUR/USD,2005-08-03 15:24:09.000,1.233300,1.233600,D
173924733,EUR/USD,2005-08-03 15:24:13.000,1.233200,1.233500,D
173924738,EUR/USD,2005-08-03 15:24:16.000,1.233300,1.233600,D
173924742,EUR/USD,2005-08-03 15:24:18.000,1.233200,1.233500,D
173924771,EUR/USD,2005-08-03 15:24:44.000,1.233100,1.233400,D
173924783,EUR/USD,2005-08-03 15:24:51.000,1.233200,1.233500,D
173924812,EUR/USD,2005-08-03 15:25:06.000,1.233100,1.233400,D
173924814,EUR/USD,2005-08-03 15:25:07.000,1.233200,1.233500,D
173924858,EUR/USD,2005-08-03 15:26:11.000,1.233300,1.233600,D
173924874,EUR/USD,2005-08-03 15:26:23.000,1.233200,1.233500,D
173924886,EUR/USD,2005-08-03 15:26:30.000,1.233300,1.233600,D
173924922,EUR/USD,2005-08-03 15:27:42.000,1.233200,1.233500,D
173925021,EUR/USD,2005-08-03 15:29:50.000,1.233300,1.233600,D
173925033,EUR/USD,2005-08-03 15:29:52.000,1.233200,1.233500,D
173925038,EUR/USD,2005-08-03 15:29:55.000,1.233300,1.233600,D
173925042,EUR/USD,2005-08-03 15:29:56.000,1.233200,1.233500,D
173925059,EUR/USD,2005-08-03 15:30:14.000,1.233300,1.233600,D
173925080,EUR/USD,2005-08-03 15:30:41.000,1.233200,1.233500,D
173925085,EUR/USD,2005-08-03 15:30:43.000,1.233100,1.233400,D
173925094,EUR/USD,2005-08-03 15:30:53.000,1.233000,1.233300,D
173925115,EUR/USD,2005-08-03 15:31:06.000,1.233100,1.233400,D
173925125,EUR/USD,2005-08-03 15:31:11.000,1.233000,1.233300,D
173925137,EUR/USD,2005-08-03 15:31:13.000,1.233100,1.233400,D
173925168,EUR/USD,2005-08-03 15:31:29.000,1.233200,1.233500,D
173925176,EUR/USD,2005-08-03 15:31:41.000,1.233300,1.233600,D
173925180,EUR/USD,2005-08-03 15:31:46.000,1.233200,1.233500,D
173925181,EUR/USD,2005-08-03 15:31:48.000,1.233300,1.233600,D
173925199,EUR/USD,2005-08-03 15:32:06.000,1.233200,1.233500,D
173925207,EUR/USD,2005-08-03 15:32:08.000,1.233300,1.233600,D
173925213,EUR/USD,2005-08-03 15:32:15.000,1.233200,1.233500,D
173925234,EUR/USD,2005-08-03 15:33:26.000,1.233300,1.233600,D
173925248,EUR/USD,2005-08-03 15:33:49.000,1.233200,1.233500,D
173925257,EUR/USD,2005-08-03 15:34:02.000,1.233100,1.233400,D
173925263,EUR/USD,2005-08-03 15:34:03.000,1.233200,1.233500,D
173925299,EUR/USD,2005-08-03 15:35:15.000,1.233100,1.233400,D
173925304,EUR/USD,2005-08-03 15:35:19.000,1.233200,1.233500,D
173925358,EUR/USD,2005-08-03 15:35:46.000,1.233100,1.233400,D
173925363,EUR/USD,2005-08-03 15:35:47.000,1.233200,1.233500,D
173925375,EUR/USD,2005-08-03 15:36:49.000,1.233300,1.233600,D
173925402,EUR/USD,2005-08-03 15:37:23.000,1.233200,1.233500,D
173925403,EUR/USD,2005-08-03 15:37:26.000,1.233300,1.233600,D
173925415,EUR/USD,2005-08-03 15:37:53.000,1.233400,1.233700,D
173925422,EUR/USD,2005-08-03 15:38:03.000,1.233300,1.233600,D
173925436,EUR/USD,2005-08-03 15:38:26.000,1.233400,1.233700,D
173925454,EUR/USD,2005-08-03 15:38:54.000,1.233300,1.233600,D
173925505,EUR/USD,2005-08-03 15:39:57.000,1.233200,1.233500,D
173925529,EUR/USD,2005-08-03 15:40:17.000,1.233300,1.233600,D
173925536,EUR/USD,2005-08-03 15:40:18.000,1.233200,1.233500,D
173925541,EUR/USD,2005-08-03 15:40:21.000,1.233300,1.233600,D
173925548,EUR/USD,2005-08-03 15:40:29.000,1.233200,1.233500,D
173925565,EUR/USD,2005-08-03 15:40:45.000,1.233100,1.233400,D
173925584,EUR/USD,2005-08-03 15:41:04.000,1.233000,1.233300,D
173925626,EUR/USD,2005-08-03 15:41:41.000,1.233100,1.233400,D
173925645,EUR/USD,2005-08-03 15:42:14.000,1.233000,1.233300,D
173925704,EUR/USD,2005-08-03 15:43:26.000,1.233100,1.233400,D
173925707,EUR/USD,2005-08-03 15:43:31.000,1.233200,1.233500,D
173925717,EUR/USD,2005-08-03 15:43:33.000,1.233100,1.233400,D
173925742,EUR/USD,2005-08-03 15:44:00.000,1.233200,1.233500,D
173925749,EUR/USD,2005-08-03 15:44:04.000,1.233100,1.233400,D
173925763,EUR/USD,2005-08-03 15:44:22.000,1.233000,1.233300,D
173925773,EUR/USD,2005-08-03 15:44:46.000,1.233100,1.233400,D
173925777,EUR/USD,2005-08-03 15:44:46.000,1.233200,1.233500,D
173925783,EUR/USD,2005-08-03 15:44:49.000,1.233100,1.233400,D
173925787,EUR/USD,2005-08-03 15:45:07.000,1.233200,1.233500,D
173925792,EUR/USD,2005-08-03 15:45:09.000,1.233100,1.233400,D
173925797,EUR/USD,2005-08-03 15:45:10.000,1.233200,1.233500,D
173925809,EUR/USD,2005-08-03 15:45:14.000,1.233100,1.233400,D
173925857,EUR/USD,2005-08-03 15:45:52.000,1.233200,1.233500,D
173925884,EUR/USD,2005-08-03 15:46:56.000,1.233300,1.233600,D
173925890,EUR/USD,2005-08-03 15:46:58.000,1.233200,1.233500,D
173925898,EUR/USD,2005-08-03 15:47:00.000,1.233300,1.233600,D
173925904,EUR/USD,2005-08-03 15:47:08.000,1.233200,1.233500,D
173925927,EUR/USD,2005-08-03 15:47:28.000,1.233300,1.233600,D
173925982,EUR/USD,2005-08-03 15:48:52.000,1.233200,1.233500,D
173926056,EUR/USD,2005-08-03 15:50:21.000,1.233100,1.233400,D
173926058,EUR/USD,2005-08-03 15:50:23.000,1.233200,1.233500,D
173926088,EUR/USD,2005-08-03 15:51:01.000,1.233100,1.233400,D
173926110,EUR/USD,2005-08-03 15:51:19.000,1.233200,1.233500,D
173926153,EUR/USD,2005-08-03 15:51:58.000,1.233100,1.233400,D
173926172,EUR/USD,2005-08-03 15:52:16.000,1.233200,1.233500,D
173926180,EUR/USD,2005-08-03 15:52:42.000,1.233100,1.233400,D
173926203,EUR/USD,2005-08-03 15:53:59.000,1.233200,1.233500,D
173926212,EUR/USD,2005-08-03 15:54:14.000,1.233300,1.233600,D
173926215,EUR/USD,2005-08-03 15:54:15.000,1.233200,1.233500,D
173926222,EUR/USD,2005-08-03 15:54:16.000,1.233300,1.233600,D
173926229,EUR/USD,2005-08-03 15:54:17.000,1.233400,1.233700,D
173926235,EUR/USD,2005-08-03 15:54:19.000,1.233500,1.233800,D
173926250,EUR/USD,2005-08-03 15:54:25.000,1.233400,1.233700,D
173926263,EUR/USD,2005-08-03 15:54:32.000,1.233300,1.233600,D
173926314,EUR/USD,2005-08-03 15:56:03.000,1.233400,1.233700,D
173926327,EUR/USD,2005-08-03 15:56:11.000,1.233300,1.233600,D
173926342,EUR/USD,2005-08-03 15:56:16.000,1.233400,1.233700,D
173926364,EUR/USD,2005-08-03 15:56:40.000,1.233300,1.233600,D
173926368,EUR/USD,2005-08-03 15:56:44.000,1.233400,1.233700,D
173926416,EUR/USD,2005-08-03 15:57:34.000,1.233500,1.233800,D
173926424,EUR/USD,2005-08-03 15:57:38.000,1.233400,1.233700,D
173926532,EUR/USD,2005-08-03 16:00:13.000,1.233300,1.233600,D
173926542,EUR/USD,2005-08-03 16:00:15.000,1.233400,1.233700,D
173926545,EUR/USD,2005-08-03 16:00:16.000,1.233300,1.233600,D
173926557,EUR/USD,2005-08-03 16:00:23.000,1.233200,1.233500,D
173926595,EUR/USD,2005-08-03 16:00:55.000,1.233300,1.233600,D
173926598,EUR/USD,2005-08-03 16:00:57.000,1.233200,1.233500,D
173926601,EUR/USD,2005-08-03 16:01:07.000,1.233300,1.233600,D
173926602,EUR/USD,2005-08-03 16:01:14.000,1.233200,1.233500,D
173926622,EUR/USD,2005-08-03 16:02:08.000,1.233300,1.233600,D
173926630,EUR/USD,2005-08-03 16:02:17.000,1.233200,1.233500,D
173926640,EUR/USD,2005-08-03 16:02:25.000,1.233300,1.233600,D
173926641,EUR/USD,2005-08-03 16:02:25.000,1.233200,1.233500,D
173926756,EUR/USD,2005-08-03 16:04:32.000,1.233300,1.233600,D
173926761,EUR/USD,2005-08-03 16:04:33.000,1.233200,1.233500,D
173926850,EUR/USD,2005-08-03 16:05:35.000,1.233100,1.233400,D
173926861,EUR/USD,2005-08-03 16:05:58.000,1.233200,1.233500,D
173926905,EUR/USD,2005-08-03 16:06:45.000,1.233100,1.233400,D
173926971,EUR/USD,2005-08-03 16:08:40.000,1.233200,1.233500,D
173926975,EUR/USD,2005-08-03 16:08:43.000,1.233100,1.233400,D
173926979,EUR/USD,2005-08-03 16:09:26.000,1.233200,1.233500,D
173927001,EUR/USD,2005-08-03 16:09:53.000,1.233100,1.233400,D
173927006,EUR/USD,2005-08-03 16:09:56.000,1.233200,1.233500,D
173927010,EUR/USD,2005-08-03 16:09:58.000,1.233100,1.233400,D
173927049,EUR/USD,2005-08-03 16:10:10.000,1.233200,1.233500,D
173927135,EUR/USD,2005-08-03 16:11:08.000,1.233100,1.233400,D
173927142,EUR/USD,2005-08-03 16:11:21.000,1.233200,1.233500,D
173927147,EUR/USD,2005-08-03 16:11:23.000,1.233100,1.233400,D
173927155,EUR/USD,2005-08-03 16:11:30.000,1.233200,1.233500,D
173927170,EUR/USD,2005-08-03 16:11:48.000,1.233100,1.233400,D
173927197,EUR/USD,2005-08-03 16:12:12.000,1.233200,1.233500,D
173927199,EUR/USD,2005-08-03 16:12:13.000,1.233100,1.233400,D
173927250,EUR/USD,2005-08-03 16:14:48.000,1.233200,1.233500,D
173927321,EUR/USD,2005-08-03 16:16:29.000,1.233100,1.233400,D
173927356,EUR/USD,2005-08-03 16:17:40.000,1.233200,1.233500,D
173927364,EUR/USD,2005-08-03 16:17:48.000,1.233100,1.233400,D
173927388,EUR/USD,2005-08-03 16:18:39.000,1.233200,1.233500,D
173927397,EUR/USD,2005-08-03 16:18:48.000,1.233300,1.233600,D
173927422,EUR/USD,2005-08-03 16:19:03.000,1.233200,1.233500,D
173927434,EUR/USD,2005-08-03 16:19:09.000,1.233300,1.233600,D
173927440,EUR/USD,2005-08-03 16:19:15.000,1.233400,1.233700,D
173927448,EUR/USD,2005-08-03 16:19:21.000,1.233300,1.233600,D
173927473,EUR/USD,2005-08-03 16:19:43.000,1.233200,1.233500,D
173927505,EUR/USD,2005-08-03 16:20:23.000,1.233300,1.233600,D
173927531,EUR/USD,2005-08-03 16:21:14.000,1.233200,1.233500,D
173927563,EUR/USD,2005-08-03 16:22:26.000,1.233100,1.233400,D
173927571,EUR/USD,2005-08-03 16:22:53.000,1.233200,1.233500,D
173927576,EUR/USD,2005-08-03 16:23:33.000,1.233100,1.233400,D
173927589,EUR/USD,2005-08-03 16:24:13.000,1.233200,1.233500,D
173927608,EUR/USD,2005-08-03 16:25:07.000,1.233100,1.233400,D
173927617,EUR/USD,2005-08-03 16:25:13.000,1.233200,1.233500,D
173927635,EUR/USD,2005-08-03 16:25:43.000,1.233300,1.233600,D
173927710,EUR/USD,2005-08-03 16:26:57.000,1.233400,1.233700,D
173927734,EUR/USD,2005-08-03 16:27:26.000,1.233300,1.233600,D
173927748,EUR/USD,2005-08-03 16:27:34.000,1.233400,1.233700,D
173927754,EUR/USD,2005-08-03 16:27:49.000,1.233300,1.233600,D
173927759,EUR/USD,2005-08-03 16:27:50.000,1.233400,1.233700,D
173927763,EUR/USD,2005-08-03 16:27:53.000,1.233300,1.233600,D
173927820,EUR/USD,2005-08-03 16:30:11.000,1.233200,1.233500,D
173927853,EUR/USD,2005-08-03 16:30:51.000,1.233300,1.233600,D
173927860,EUR/USD,2005-08-03 16:30:54.000,1.233200,1.233500,D
173927886,EUR/USD,2005-08-03 16:31:42.000,1.233300,1.233600,D
173927896,EUR/USD,2005-08-03 16:31:47.000,1.233200,1.233500,D
173927902,EUR/USD,2005-08-03 16:31:56.000,1.233300,1.233600,D
173927917,EUR/USD,2005-08-03 16:32:17.000,1.233400,1.233700,D
173928002,EUR/USD,2005-08-03 16:33:29.000,1.233300,1.233600,D
173928012,EUR/USD,2005-08-03 16:33:34.000,1.233200,1.233500,D
173928026,EUR/USD,2005-08-03 16:33:45.000,1.233300,1.233600,D
173928037,EUR/USD,2005-08-03 16:33:56.000,1.233200,1.233500,D
173928104,EUR/USD,2005-08-03 16:35:21.000,1.233300,1.233600,D
173928107,EUR/USD,2005-08-03 16:35:23.000,1.233200,1.233500,D
173928109,EUR/USD,2005-08-03 16:35:28.000,1.233300,1.233600,D
173928300,EUR/USD,2005-08-03 16:39:37.000,1.233200,1.233500,D
173928316,EUR/USD,2005-08-03 16:39:42.000,1.233300,1.233600,D
173928320,EUR/USD,2005-08-03 16:39:43.000,1.233200,1.233500,D
173928324,EUR/USD,2005-08-03 16:39:46.000,1.233300,1.233600,D
173928326,EUR/USD,2005-08-03 16:39:48.000,1.233200,1.233500,D
173928345,EUR/USD,2005-08-03 16:40:05.000,1.233100,1.233400,D
173928376,EUR/USD,2005-08-03 16:40:19.000,1.233200,1.233500,D
173928380,EUR/USD,2005-08-03 16:40:20.000,1.233100,1.233400,D
173928389,EUR/USD,2005-08-03 16:40:24.000,1.233200,1.233500,D
173928393,EUR/USD,2005-08-03 16:40:26.000,1.233100,1.233400,D
173928410,EUR/USD,2005-08-03 16:40:33.000,1.233200,1.233500,D
173928415,EUR/USD,2005-08-03 16:40:37.000,1.233100,1.233400,D
173928429,EUR/USD,2005-08-03 16:40:45.000,1.233200,1.233500,D
173928442,EUR/USD,2005-08-03 16:41:03.000,1.233300,1.233600,D
173928458,EUR/USD,2005-08-03 16:41:06.000,1.233200,1.233500,D
173928465,EUR/USD,2005-08-03 16:41:11.000,1.233300,1.233600,D
173928470,EUR/USD,2005-08-03 16:41:12.000,1.233200,1.233500,D
173928479,EUR/USD,2005-08-03 16:41:23.000,1.233100,1.233400,D
173928483,EUR/USD,2005-08-03 16:41:25.000,1.233200,1.233500,D
173928553,EUR/USD,2005-08-03 16:43:30.000,1.233100,1.233400,D
173928558,EUR/USD,2005-08-03 16:43:50.000,1.233200,1.233500,D
173928567,EUR/USD,2005-08-03 16:43:54.000,1.233100,1.233400,D
173928575,EUR/USD,2005-08-03 16:44:11.000,1.233200,1.233500,D
173928583,EUR/USD,2005-08-03 16:44:31.000,1.233300,1.233600,D
173928586,EUR/USD,2005-08-03 16:44:33.000,1.233200,1.233500,D
173928607,EUR/USD,2005-08-03 16:45:14.000,1.233300,1.233600,D
173928632,EUR/USD,2005-08-03 16:45:41.000,1.233200,1.233500,D
173928640,EUR/USD,2005-08-03 16:45:45.000,1.233300,1.233600,D
173928659,EUR/USD,2005-08-03 16:45:51.000,1.233400,1.233700,D
173928693,EUR/USD,2005-08-03 16:46:15.000,1.233300,1.233600,D
173928786,EUR/USD,2005-08-03 16:49:52.000,1.233400,1.233700,D
173928808,EUR/USD,2005-08-03 16:50:58.000,1.233500,1.233800,D
173928814,EUR/USD,2005-08-03 16:51:10.000,1.233400,1.233700,D
173928818,EUR/USD,2005-08-03 16:51:24.000,1.233500,1.233800,D
173928828,EUR/USD,2005-08-03 16:51:36.000,1.233600,1.233900,D
173928848,EUR/USD,2005-08-03 16:51:47.000,1.233500,1.233800,D
173928877,EUR/USD,2005-08-03 16:52:23.000,1.233400,1.233700,D
173928882,EUR/USD,2005-08-03 16:52:28.000,1.233300,1.233600,D
173928887,EUR/USD,2005-08-03 16:52:29.000,1.233400,1.233700,D
173928896,EUR/USD,2005-08-03 16:53:00.000,1.233500,1.233800,D
173928921,EUR/USD,2005-08-03 16:53:21.000,1.233400,1.233700,D
173928952,EUR/USD,2005-08-03 16:54:05.000,1.233500,1.233800,D
173928958,EUR/USD,2005-08-03 16:54:09.000,1.233400,1.233700,D
173928972,EUR/USD,2005-08-03 16:55:08.000,1.233500,1.233800,D
173929024,EUR/USD,2005-08-03 16:57:00.000,1.233400,1.233700,D
173929030,EUR/USD,2005-08-03 16:57:01.000,1.233500,1.233800,D
173929753,EUR/USD,2005-08-03 17:14:57.000,1.234100,1.234400,D
173929770,EUR/USD,2005-08-03 17:15:02.000,1.234200,1.234500,D
173929777,EUR/USD,2005-08-03 17:15:05.000,1.234100,1.234400,D
173929785,EUR/USD,2005-08-03 17:15:06.000,1.234200,1.234500,D
173929820,EUR/USD,2005-08-03 17:15:27.000,1.234100,1.234400,D
173929821,EUR/USD,2005-08-03 17:15:27.000,1.234200,1.234500,D
173929842,EUR/USD,2005-08-03 17:16:07.000,1.234300,1.234600,D
173929847,EUR/USD,2005-08-03 17:16:08.000,1.234200,1.234500,D
173929852,EUR/USD,2005-08-03 17:16:11.000,1.234300,1.234600,D
173929853,EUR/USD,2005-08-03 17:16:12.000,1.234200,1.234500,D
173929857,EUR/USD,2005-08-03 17:16:14.000,1.234100,1.234400,D
173929866,EUR/USD,2005-08-03 17:16:24.000,1.234000,1.234300,D
173929872,EUR/USD,2005-08-03 17:16:28.000,1.234100,1.234400,D
173929880,EUR/USD,2005-08-03 17:16:33.000,1.234200,1.234500,D
173929884,EUR/USD,2005-08-03 17:16:36.000,1.234100,1.234400,D
173929889,EUR/USD,2005-08-03 17:16:39.000,1.234200,1.234500,D
173929917,EUR/USD,2005-08-03 17:17:18.000,1.234300,1.234600,D
173929921,EUR/USD,2005-08-03 17:17:24.000,1.234200,1.234500,D
173929923,EUR/USD,2005-08-03 17:17:28.000,1.234100,1.234400,D
173929934,EUR/USD,2005-08-03 17:17:30.000,1.234200,1.234500,D
173929941,EUR/USD,2005-08-03 17:17:33.000,1.234100,1.234400,D
173929989,EUR/USD,2005-08-03 17:18:33.000,1.234200,1.234500,D
173930031,EUR/USD,2005-08-03 17:18:52.000,1.234100,1.234400,D
173930038,EUR/USD,2005-08-03 17:19:02.000,1.234000,1.234300,D
173930051,EUR/USD,2005-08-03 17:19:07.000,1.234100,1.234400,D
173930092,EUR/USD,2005-08-03 17:19:25.000,1.234300,1.234600,D
173930115,EUR/USD,2005-08-03 17:19:50.000,1.234200,1.234500,D
173930134,EUR/USD,2005-08-03 17:20:05.000,1.234300,1.234600,D
173930144,EUR/USD,2005-08-03 17:20:12.000,1.234200,1.234500,D
173930162,EUR/USD,2005-08-03 17:20:40.000,1.234100,1.234400,D
173930170,EUR/USD,2005-08-03 17:20:42.000,1.234000,1.234300,D
173930172,EUR/USD,2005-08-03 17:20:42.000,1.233900,1.234200,D
173930173,EUR/USD,2005-08-03 17:20:43.000,1.233800,1.234100,D
173930186,EUR/USD,2005-08-03 17:20:45.000,1.233900,1.234200,D
173930199,EUR/USD,2005-08-03 17:20:47.000,1.234000,1.234300,D
173930207,EUR/USD,2005-08-03 17:20:48.000,1.233900,1.234200,D
173930244,EUR/USD,2005-08-03 17:21:01.000,1.233800,1.234100,D
173930258,EUR/USD,2005-08-03 17:21:12.000,1.233900,1.234200,D
173930261,EUR/USD,2005-08-03 17:21:13.000,1.234000,1.234300,D
173930268,EUR/USD,2005-08-03 17:21:19.000,1.234100,1.234400,D
173930276,EUR/USD,2005-08-03 17:21:20.000,1.234000,1.234300,D
173930281,EUR/USD,2005-08-03 17:21:21.000,1.233900,1.234200,D
173930297,EUR/USD,2005-08-03 17:21:45.000,1.233800,1.234100,D
173930309,EUR/USD,2005-08-03 17:21:52.000,1.233900,1.234200,D
173930362,EUR/USD,2005-08-03 17:22:17.000,1.233800,1.234100,D
173930363,EUR/USD,2005-08-03 17:22:22.000,1.233900,1.234200,D
173930367,EUR/USD,2005-08-03 17:22:25.000,1.233800,1.234100,D
173930379,EUR/USD,2005-08-03 17:22:38.000,1.233700,1.234000,D
173930380,EUR/USD,2005-08-03 17:22:41.000,1.233800,1.234100,D
173930395,EUR/USD,2005-08-03 17:22:53.000,1.233700,1.234000,D
173930399,EUR/USD,2005-08-03 17:22:56.000,1.233800,1.234100,D
173930413,EUR/USD,2005-08-03 17:23:04.000,1.233700,1.234000,D
173930435,EUR/USD,2005-08-03 17:23:51.000,1.233800,1.234100,D
173930440,EUR/USD,2005-08-03 17:23:55.000,1.233700,1.234000,D
173930460,EUR/USD,2005-08-03 17:24:22.000,1.233600,1.233900,D
173930475,EUR/USD,2005-08-03 17:25:03.000,1.233700,1.234000,D
173930497,EUR/USD,2005-08-03 17:25:43.000,1.233800,1.234100,D
173930501,EUR/USD,2005-08-03 17:26:10.000,1.233700,1.234000,D
173930506,EUR/USD,2005-08-03 17:26:17.000,1.233800,1.234100,D
173930522,EUR/USD,2005-08-03 17:26:42.000,1.233700,1.234000,D
173930552,EUR/USD,2005-08-03 17:27:54.000,1.233600,1.233900,D
173930615,EUR/USD,2005-08-03 17:28:15.000,1.233500,1.233800,D
173930630,EUR/USD,2005-08-03 17:28:20.000,1.233400,1.233700,D
173930632,EUR/USD,2005-08-03 17:28:21.000,1.233500,1.233800,D
173930638,EUR/USD,2005-08-03 17:28:25.000,1.233400,1.233700,D
173930648,EUR/USD,2005-08-03 17:28:28.000,1.233500,1.233800,D
173930672,EUR/USD,2005-08-03 17:28:34.000,1.233400,1.233700,D
173930687,EUR/USD,2005-08-03 17:28:40.000,1.233500,1.233800,D
173930696,EUR/USD,2005-08-03 17:28:44.000,1.233400,1.233700,D
173930698,EUR/USD,2005-08-03 17:28:53.000,1.233500,1.233800,D
173930706,EUR/USD,2005-08-03 17:28:57.000,1.233400,1.233700,D
173930713,EUR/USD,2005-08-03 17:29:13.000,1.233500,1.233800,D
173930722,EUR/USD,2005-08-03 17:29:23.000,1.233600,1.233900,D
173930727,EUR/USD,2005-08-03 17:29:27.000,1.233500,1.233800,D
173930737,EUR/USD,2005-08-03 17:29:46.000,1.233600,1.233900,D
173930744,EUR/USD,2005-08-03 17:30:02.000,1.233700,1.234000,D
173930756,EUR/USD,2005-08-03 17:30:05.000,1.233600,1.233900,D
173930757,EUR/USD,2005-08-03 17:30:08.000,1.233700,1.234000,D
173930799,EUR/USD,2005-08-03 17:30:41.000,1.233600,1.233900,D
173930810,EUR/USD,2005-08-03 17:30:53.000,1.233700,1.234000,D
173930819,EUR/USD,2005-08-03 17:30:55.000,1.233600,1.233900,D
173930847,EUR/USD,2005-08-03 17:31:20.000,1.233700,1.234000,D
173930867,EUR/USD,2005-08-03 17:32:12.000,1.233800,1.234100,D
173930875,EUR/USD,2005-08-03 17:32:15.000,1.233700,1.234000,D
173930900,EUR/USD,2005-08-03 17:32:59.000,1.233800,1.234100,D
173930906,EUR/USD,2005-08-03 17:33:12.000,1.233700,1.234000,D
173930911,EUR/USD,2005-08-03 17:33:16.000,1.233800,1.234100,D
173930914,EUR/USD,2005-08-03 17:33:27.000,1.233900,1.234200,D
173930938,EUR/USD,2005-08-03 17:33:39.000,1.233800,1.234100,D
173930945,EUR/USD,2005-08-03 17:33:48.000,1.233900,1.234200,D
173930947,EUR/USD,2005-08-03 17:33:53.000,1.233800,1.234100,D
173930951,EUR/USD,2005-08-03 17:34:25.000,1.233900,1.234200,D
173930966,EUR/USD,2005-08-03 17:34:47.000,1.233800,1.234100,D
173930989,EUR/USD,2005-08-03 17:35:28.000,1.233700,1.234000,D
173931031,EUR/USD,2005-08-03 17:36:33.000,1.233600,1.233900,D
173931038,EUR/USD,2005-08-03 17:36:41.000,1.233700,1.234000,D
173931051,EUR/USD,2005-08-03 17:36:49.000,1.233800,1.234100,D
173931103,EUR/USD,2005-08-03 17:37:39.000,1.233700,1.234000,D
173931136,EUR/USD,2005-08-03 17:38:48.000,1.233600,1.233900,D
173931143,EUR/USD,2005-08-03 17:39:03.000,1.233700,1.234000,D
173931182,EUR/USD,2005-08-03 17:39:41.000,1.233600,1.233900,D
173931188,EUR/USD,2005-08-03 17:39:57.000,1.233700,1.234000,D
173931193,EUR/USD,2005-08-03 17:40:07.000,1.233600,1.233900,D
173931245,EUR/USD,2005-08-03 17:41:31.000,1.233500,1.233800,D
173931267,EUR/USD,2005-08-03 17:41:56.000,1.233400,1.233700,D
173931275,EUR/USD,2005-08-03 17:41:57.000,1.233500,1.233800,D
173931276,EUR/USD,2005-08-03 17:42:03.000,1.233400,1.233700,D
173931286,EUR/USD,2005-08-03 17:42:26.000,1.233500,1.233800,D
173931288,EUR/USD,2005-08-03 17:42:27.000,1.233400,1.233700,D
173931311,EUR/USD,2005-08-03 17:42:52.000,1.233300,1.233600,D
173931316,EUR/USD,2005-08-03 17:42:55.000,1.233200,1.233500,D
173931319,EUR/USD,2005-08-03 17:42:58.000,1.233100,1.233400,D
173931329,EUR/USD,2005-08-03 17:43:00.000,1.233200,1.233500,D
173931334,EUR/USD,2005-08-03 17:43:05.000,1.233300,1.233600,D
173931342,EUR/USD,2005-08-03 17:43:15.000,1.233400,1.233700,D
173931344,EUR/USD,2005-08-03 17:43:17.000,1.233300,1.233600,D
173931350,EUR/USD,2005-08-03 17:43:22.000,1.233400,1.233700,D
173931358,EUR/USD,2005-08-03 17:43:26.000,1.233300,1.233600,D
173931393,EUR/USD,2005-08-03 17:44:25.000,1.233400,1.233700,D
173931395,EUR/USD,2005-08-03 17:44:33.000,1.233300,1.233600,D
173931443,EUR/USD,2005-08-03 17:46:36.000,1.233200,1.233500,D
173931455,EUR/USD,2005-08-03 17:46:48.000,1.233300,1.233600,D
173931473,EUR/USD,2005-08-03 17:47:05.000,1.233400,1.233700,D
173931475,EUR/USD,2005-08-03 17:47:19.000,1.233300,1.233600,D
173931502,EUR/USD,2005-08-03 17:48:13.000,1.233200,1.233500,D
173931505,EUR/USD,2005-08-03 17:48:17.000,1.233300,1.233600,D
173931515,EUR/USD,2005-08-03 17:48:28.000,1.233200,1.233500,D
173931520,EUR/USD,2005-08-03 17:48:40.000,1.233300,1.233600,D
173931533,EUR/USD,2005-08-03 17:49:06.000,1.233200,1.233500,D
173931629,EUR/USD,2005-08-03 17:51:13.000,1.233300,1.233600,D
173931632,EUR/USD,2005-08-03 17:51:14.000,1.233200,1.233500,D
173931640,EUR/USD,2005-08-03 17:51:18.000,1.233300,1.233600,D
173931641,EUR/USD,2005-08-03 17:51:20.000,1.233200,1.233500,D
173931728,EUR/USD,2005-08-03 17:53:09.000,1.233100,1.233400,D
173931765,EUR/USD,2005-08-03 17:53:32.000,1.233000,1.233300,D
173931819,EUR/USD,2005-08-03 17:54:01.000,1.233100,1.233400,D
173931824,EUR/USD,2005-08-03 17:54:02.000,1.233000,1.233300,D
173931832,EUR/USD,2005-08-03 17:54:04.000,1.233100,1.233400,D
173931852,EUR/USD,2005-08-03 17:54:12.000,1.233000,1.233300,D
173931940,EUR/USD,2005-08-03 17:55:14.000,1.232900,1.233200,D
173931963,EUR/USD,2005-08-03 17:55:27.000,1.233000,1.233300,D
173932014,EUR/USD,2005-08-03 17:56:32.000,1.233100,1.233400,D
173932021,EUR/USD,2005-08-03 17:56:43.000,1.233000,1.233300,D
173932025,EUR/USD,2005-08-03 17:56:44.000,1.232900,1.233200,D
173932032,EUR/USD,2005-08-03 17:56:49.000,1.233000,1.233300,D
173932075,EUR/USD,2005-08-03 17:57:16.000,1.232900,1.233200,D
173932079,EUR/USD,2005-08-03 17:57:18.000,1.233000,1.233300,D
173932090,EUR/USD,2005-08-03 17:57:20.000,1.232900,1.233200,D
173932091,EUR/USD,2005-08-03 17:57:21.000,1.233000,1.233300,D
173932103,EUR/USD,2005-08-03 17:57:26.000,1.232900,1.233200,D
173932106,EUR/USD,2005-08-03 17:57:28.000,1.233000,1.233300,D
173932123,EUR/USD,2005-08-03 17:57:58.000,1.233100,1.233400,D
173932129,EUR/USD,2005-08-03 17:57:59.000,1.233000,1.233300,D
173932135,EUR/USD,2005-08-03 17:58:03.000,1.233100,1.233400,D
173932166,EUR/USD,2005-08-03 17:58:16.000,1.233200,1.233500,D
173932174,EUR/USD,2005-08-03 17:58:18.000,1.233100,1.233400,D
173932208,EUR/USD,2005-08-03 17:59:10.000,1.233000,1.233300,D
173932218,EUR/USD,2005-08-03 17:59:14.000,1.233100,1.233400,D
173932219,EUR/USD,2005-08-03 17:59:14.000,1.233200,1.233500,D
173932230,EUR/USD,2005-08-03 17:59:22.000,1.233100,1.233400,D
173932263,EUR/USD,2005-08-03 18:00:39.000,1.233200,1.233500,D
173932324,EUR/USD,2005-08-03 18:01:26.000,1.233300,1.233600,D
173932405,EUR/USD,2005-08-03 18:02:12.000,1.233400,1.233700,D
173932446,EUR/USD,2005-08-03 18:03:01.000,1.233500,1.233800,D
173932477,EUR/USD,2005-08-03 18:05:03.000,1.233400,1.233700,D
173932498,EUR/USD,2005-08-03 18:05:30.000,1.233500,1.233800,D
173932507,EUR/USD,2005-08-03 18:05:46.000,1.233400,1.233700,D
173932509,EUR/USD,2005-08-03 18:05:48.000,1.233500,1.233800,D
173932511,EUR/USD,2005-08-03 18:05:55.000,1.233400,1.233700,D
173932518,EUR/USD,2005-08-03 18:05:58.000,1.233500,1.233800,D
173932539,EUR/USD,2005-08-03 18:06:21.000,1.233600,1.233900,D
173932544,EUR/USD,2005-08-03 18:06:23.000,1.233500,1.233800,D
173932559,EUR/USD,2005-08-03 18:06:34.000,1.233600,1.233900,D
173932635,EUR/USD,2005-08-03 18:08:49.000,1.233500,1.233800,D
173932640,EUR/USD,2005-08-03 18:08:53.000,1.233600,1.233900,D
173932642,EUR/USD,2005-08-03 18:08:58.000,1.233500,1.233800,D
173932644,EUR/USD,2005-08-03 18:09:07.000,1.233600,1.233900,D
173932646,EUR/USD,2005-08-03 18:09:16.000,1.233500,1.233800,D
173932654,EUR/USD,2005-08-03 18:09:19.000,1.233600,1.233900,D
173932665,EUR/USD,2005-08-03 18:09:27.000,1.233500,1.233800,D
173932669,EUR/USD,2005-08-03 18:09:33.000,1.233600,1.233900,D
173932685,EUR/USD,2005-08-03 18:09:55.000,1.233500,1.233800,D
173932693,EUR/USD,2005-08-03 18:10:08.000,1.233600,1.233900,D
173932699,EUR/USD,2005-08-03 18:10:16.000,1.233500,1.233800,D
173932711,EUR/USD,2005-08-03 18:10:19.000,1.233600,1.233900,D
173932727,EUR/USD,2005-08-03 18:10:28.000,1.233400,1.233700,D
173932736,EUR/USD,2005-08-03 18:10:29.000,1.233300,1.233600,D
173932742,EUR/USD,2005-08-03 18:10:31.000,1.233400,1.233700,D
173932747,EUR/USD,2005-08-03 18:10:31.000,1.233500,1.233800,D
173932768,EUR/USD,2005-08-03 18:10:45.000,1.233400,1.233700,D
173932802,EUR/USD,2005-08-03 18:11:25.000,1.233300,1.233600,D
173932858,EUR/USD,2005-08-03 18:12:56.000,1.233400,1.233700,D
173932902,EUR/USD,2005-08-03 18:13:27.000,1.233300,1.233600,D
173932966,EUR/USD,2005-08-03 18:16:29.000,1.233400,1.233700,D
173932978,EUR/USD,2005-08-03 18:17:20.000,1.233300,1.233600,D
173933063,EUR/USD,2005-08-03 18:21:02.000,1.233200,1.233500,D
173933072,EUR/USD,2005-08-03 18:21:11.000,1.233100,1.233400,D
173933091,EUR/USD,2005-08-03 18:21:18.000,1.233000,1.233300,D
173933093,EUR/USD,2005-08-03 18:21:19.000,1.232900,1.233200,D
173933097,EUR/USD,2005-08-03 18:21:21.000,1.233000,1.233300,D
173933101,EUR/USD,2005-08-03 18:21:22.000,1.233100,1.233400,D
173933111,EUR/USD,2005-08-03 18:21:23.000,1.233000,1.233300,D
173933113,EUR/USD,2005-08-03 18:21:28.000,1.233100,1.233400,D
173933128,EUR/USD,2005-08-03 18:21:33.000,1.233000,1.233300,D
173933131,EUR/USD,2005-08-03 18:21:39.000,1.233100,1.233400,D
173933139,EUR/USD,2005-08-03 18:21:40.000,1.233000,1.233300,D
173933177,EUR/USD,2005-08-03 18:21:56.000,1.232900,1.233200,D
173933205,EUR/USD,2005-08-03 18:22:03.000,1.232800,1.233100,D
173933206,EUR/USD,2005-08-03 18:22:03.000,1.232700,1.233000,D
173933210,EUR/USD,2005-08-03 18:22:03.000,1.232800,1.233100,D
173933348,EUR/USD,2005-08-03 18:23:27.000,1.232700,1.233000,D
173933375,EUR/USD,2005-08-03 18:23:33.000,1.232800,1.233100,D
173933394,EUR/USD,2005-08-03 18:23:46.000,1.232900,1.233200,D
173933398,EUR/USD,2005-08-03 18:23:51.000,1.232800,1.233100,D
173933399,EUR/USD,2005-08-03 18:23:59.000,1.232900,1.233200,D
173933406,EUR/USD,2005-08-03 18:24:15.000,1.232800,1.233100,D
173933411,EUR/USD,2005-08-03 18:24:46.000,1.232900,1.233200,D
173933433,EUR/USD,2005-08-03 18:26:27.000,1.232800,1.233100,D
173933442,EUR/USD,2005-08-03 18:26:38.000,1.232900,1.233200,D
173933472,EUR/USD,2005-08-03 18:26:58.000,1.233000,1.233300,D
173933477,EUR/USD,2005-08-03 18:27:01.000,1.232900,1.233200,D
173933480,EUR/USD,2005-08-03 18:27:03.000,1.233000,1.233300,D
173933482,EUR/USD,2005-08-03 18:27:03.000,1.233100,1.233400,D
173933490,EUR/USD,2005-08-03 18:27:04.000,1.233200,1.233500,D
173933505,EUR/USD,2005-08-03 18:27:07.000,1.233100,1.233400,D
173933538,EUR/USD,2005-08-03 18:27:20.000,1.233000,1.233300,D
173933548,EUR/USD,2005-08-03 18:27:23.000,1.233100,1.233400,D
173933581,EUR/USD,2005-08-03 18:28:07.000,1.233200,1.233500,D
173933589,EUR/USD,2005-08-03 18:28:09.000,1.233100,1.233400,D
173933657,EUR/USD,2005-08-03 18:28:47.000,1.233000,1.233300,D
173933679,EUR/USD,2005-08-03 18:29:04.000,1.233100,1.233400,D
173933720,EUR/USD,2005-08-03 18:29:22.000,1.233000,1.233300,D
173933723,EUR/USD,2005-08-03 18:29:24.000,1.233100,1.233400,D
173933731,EUR/USD,2005-08-03 18:29:28.000,1.233000,1.233300,D
173933747,EUR/USD,2005-08-03 18:29:38.000,1.233100,1.233400,D
173933815,EUR/USD,2005-08-03 18:32:09.000,1.233000,1.233300,D
173933869,EUR/USD,2005-08-03 18:33:05.000,1.232900,1.233200,D
173933877,EUR/USD,2005-08-03 18:33:23.000,1.232800,1.233100,D
173933903,EUR/USD,2005-08-03 18:34:31.000,1.232700,1.233000,D
173933914,EUR/USD,2005-08-03 18:34:42.000,1.232600,1.232900,D
173933921,EUR/USD,2005-08-03 18:34:44.000,1.232700,1.233000,D
173933928,EUR/USD,2005-08-03 18:34:52.000,1.232600,1.232900,D
173933930,EUR/USD,2005-08-03 18:34:59.000,1.232700,1.233000,D
173933935,EUR/USD,2005-08-03 18:35:07.000,1.232800,1.233100,D
173933936,EUR/USD,2005-08-03 18:35:08.000,1.232900,1.233200,D
173933942,EUR/USD,2005-08-03 18:35:12.000,1.232800,1.233100,D
173933964,EUR/USD,2005-08-03 18:35:39.000,1.232700,1.233000,D
173933995,EUR/USD,2005-08-03 18:36:34.000,1.232800,1.233100,D
173934025,EUR/USD,2005-08-03 18:37:00.000,1.232700,1.233000,D
173934046,EUR/USD,2005-08-03 18:37:29.000,1.232800,1.233100,D
173934068,EUR/USD,2005-08-03 18:37:37.000,1.232700,1.233000,D
173934070,EUR/USD,2005-08-03 18:37:44.000,1.232800,1.233100,D
173934109,EUR/USD,2005-08-03 18:38:14.000,1.232700,1.233000,D
173934118,EUR/USD,2005-08-03 18:38:20.000,1.232800,1.233100,D
173934142,EUR/USD,2005-08-03 18:38:49.000,1.232700,1.233000,D
173934158,EUR/USD,2005-08-03 18:39:08.000,1.232800,1.233100,D
173934185,EUR/USD,2005-08-03 18:39:16.000,1.232700,1.233000,D
173934194,EUR/USD,2005-08-03 18:39:20.000,1.232600,1.232900,D
173934201,EUR/USD,2005-08-03 18:39:23.000,1.232700,1.233000,D
173934211,EUR/USD,2005-08-03 18:39:26.000,1.232600,1.232900,D
173934220,EUR/USD,2005-08-03 18:39:29.000,1.232500,1.232800,D
173934225,EUR/USD,2005-08-03 18:39:30.000,1.232600,1.232900,D
173934228,EUR/USD,2005-08-03 18:39:32.000,1.232700,1.233000,D
173934235,EUR/USD,2005-08-03 18:39:37.000,1.232800,1.233100,D
173934249,EUR/USD,2005-08-03 18:39:41.000,1.232700,1.233000,D
173934256,EUR/USD,2005-08-03 18:39:45.000,1.232700,1.233000,D
173934272,EUR/USD,2005-08-03 18:39:47.000,1.232800,1.233100,D
173934279,EUR/USD,2005-08-03 18:39:49.000,1.232700,1.233000,D
173934285,EUR/USD,2005-08-03 18:39:52.000,1.232800,1.233100,D
173934433,EUR/USD,2005-08-03 18:43:01.000,1.232700,1.233000,D
173934437,EUR/USD,2005-08-03 18:43:02.000,1.232800,1.233100,D
173934582,EUR/USD,2005-08-03 18:45:58.000,1.232900,1.233200,D
173934585,EUR/USD,2005-08-03 18:46:01.000,1.232800,1.233100,D
173934592,EUR/USD,2005-08-03 18:46:04.000,1.232900,1.233200,D
173934604,EUR/USD,2005-08-03 18:46:13.000,1.232800,1.233100,D
173934682,EUR/USD,2005-08-03 18:47:43.000,1.232900,1.233200,D
173934684,EUR/USD,2005-08-03 18:47:43.000,1.233000,1.233300,D
173934782,EUR/USD,2005-08-03 18:49:25.000,1.233100,1.233400,D
173934786,EUR/USD,2005-08-03 18:49:29.000,1.233000,1.233300,D
173934790,EUR/USD,2005-08-03 18:49:32.000,1.233100,1.233400,D
173934791,EUR/USD,2005-08-03 18:49:32.000,1.233200,1.233500,D
173934798,EUR/USD,2005-08-03 18:49:35.000,1.233100,1.233400,D
173934804,EUR/USD,2005-08-03 18:49:35.000,1.233000,1.233300,D
173934856,EUR/USD,2005-08-03 18:50:36.000,1.233100,1.233400,D
173934861,EUR/USD,2005-08-03 18:50:40.000,1.233000,1.233300,D
173934891,EUR/USD,2005-08-03 18:50:57.000,1.232900,1.233200,D
173934913,EUR/USD,2005-08-03 18:51:14.000,1.233000,1.233300,D
173934937,EUR/USD,2005-08-03 18:51:26.000,1.232900,1.233200,D
173934942,EUR/USD,2005-08-03 18:51:29.000,1.233000,1.233300,D
173934975,EUR/USD,2005-08-03 18:51:50.000,1.232900,1.233200,D
173934982,EUR/USD,2005-08-03 18:51:53.000,1.233000,1.233300,D
173934993,EUR/USD,2005-08-03 18:52:02.000,1.232900,1.233200,D
173935018,EUR/USD,2005-08-03 18:52:12.000,1.233000,1.233300,D
173935026,EUR/USD,2005-08-03 18:52:21.000,1.232900,1.233200,D
173935032,EUR/USD,2005-08-03 18:52:24.000,1.233000,1.233300,D
173935033,EUR/USD,2005-08-03 18:52:24.000,1.233100,1.233400,D
173935037,EUR/USD,2005-08-03 18:52:26.000,1.233000,1.233300,D
173935040,EUR/USD,2005-08-03 18:52:26.000,1.233100,1.233400,D
173935048,EUR/USD,2005-08-03 18:52:28.000,1.233000,1.233300,D
173935056,EUR/USD,2005-08-03 18:52:38.000,1.233100,1.233400,D
173935060,EUR/USD,2005-08-03 18:52:42.000,1.233000,1.233300,D
173935083,EUR/USD,2005-08-03 18:54:12.000,1.233100,1.233400,D
173935116,EUR/USD,2005-08-03 18:55:00.000,1.233200,1.233500,D
173935124,EUR/USD,2005-08-03 18:55:04.000,1.233100,1.233400,D
173935127,EUR/USD,2005-08-03 18:55:05.000,1.233200,1.233500,D
173935137,EUR/USD,2005-08-03 18:55:13.000,1.233300,1.233600,D
173935145,EUR/USD,2005-08-03 18:55:22.000,1.233200,1.233500,D
173935150,EUR/USD,2005-08-03 18:55:28.000,1.233300,1.233600,D
173935177,EUR/USD,2005-08-03 18:56:03.000,1.233200,1.233500,D
173935358,EUR/USD,2005-08-03 19:00:42.000,1.233300,1.233600,D
173935359,EUR/USD,2005-08-03 19:00:49.000,1.233400,1.233700,D
173935366,EUR/USD,2005-08-03 19:00:50.000,1.233500,1.233800,D
173935388,EUR/USD,2005-08-03 19:00:52.000,1.233400,1.233700,D
173935397,EUR/USD,2005-08-03 19:00:54.000,1.233500,1.233800,D
173935411,EUR/USD,2005-08-03 19:00:55.000,1.233400,1.233700,D
173935430,EUR/USD,2005-08-03 19:01:00.000,1.233500,1.233800,D
173935434,EUR/USD,2005-08-03 19:01:01.000,1.233400,1.233700,D
173935453,EUR/USD,2005-08-03 19:01:32.000,1.233500,1.233800,D
173935485,EUR/USD,2005-08-03 19:01:43.000,1.233400,1.233700,D
173935502,EUR/USD,2005-08-03 19:02:00.000,1.233500,1.233800,D
173935527,EUR/USD,2005-08-03 19:02:11.000,1.233600,1.233900,D
173935542,EUR/USD,2005-08-03 19:02:18.000,1.233500,1.233800,D
173935546,EUR/USD,2005-08-03 19:02:18.000,1.233600,1.233900,D
173935552,EUR/USD,2005-08-03 19:02:20.000,1.233700,1.234000,D
173935572,EUR/USD,2005-08-03 19:02:25.000,1.233800,1.234100,D
173935586,EUR/USD,2005-08-03 19:02:29.000,1.233700,1.234000,D
173935593,EUR/USD,2005-08-03 19:02:33.000,1.233800,1.234100,D
173935607,EUR/USD,2005-08-03 19:02:35.000,1.233700,1.234000,D
173935626,EUR/USD,2005-08-03 19:02:40.000,1.233800,1.234100,D
173935637,EUR/USD,2005-08-03 19:02:43.000,1.233700,1.234000,D
173935651,EUR/USD,2005-08-03 19:03:09.000,1.233800,1.234100,D
173935656,EUR/USD,2005-08-03 19:03:14.000,1.233700,1.234000,D
173935668,EUR/USD,2005-08-03 19:03:33.000,1.233800,1.234100,D
173935691,EUR/USD,2005-08-03 19:03:46.000,1.233700,1.234000,D
173935709,EUR/USD,2005-08-03 19:03:51.000,1.233800,1.234100,D
173935719,EUR/USD,2005-08-03 19:03:52.000,1.233700,1.234000,D
173935736,EUR/USD,2005-08-03 19:04:07.000,1.233600,1.233900,D
173935742,EUR/USD,2005-08-03 19:04:07.000,1.233500,1.233800,D
173935746,EUR/USD,2005-08-03 19:04:08.000,1.233600,1.233900,D
173935752,EUR/USD,2005-08-03 19:04:08.000,1.233700,1.234000,D
173935766,EUR/USD,2005-08-03 19:04:11.000,1.233600,1.233900,D
173935770,EUR/USD,2005-08-03 19:04:12.000,1.233700,1.234000,D
173935781,EUR/USD,2005-08-03 19:04:14.000,1.233600,1.233900,D
173935785,EUR/USD,2005-08-03 19:04:15.000,1.233700,1.234000,D
173935816,EUR/USD,2005-08-03 19:04:23.000,1.233600,1.233900,D
173935842,EUR/USD,2005-08-03 19:04:34.000,1.233700,1.234000,D
173935867,EUR/USD,2005-08-03 19:04:52.000,1.233600,1.233900,D
173935868,EUR/USD,2005-08-03 19:04:54.000,1.233700,1.234000,D
173935875,EUR/USD,2005-08-03 19:05:00.000,1.233600,1.233900,D
173935887,EUR/USD,2005-08-03 19:05:06.000,1.233700,1.234000,D
173935896,EUR/USD,2005-08-03 19:05:10.000,1.233600,1.233900,D
173935910,EUR/USD,2005-08-03 19:05:35.000,1.233500,1.233800,D
173935912,EUR/USD,2005-08-03 19:05:37.000,1.233600,1.233900,D
173935918,EUR/USD,2005-08-03 19:05:41.000,1.233500,1.233800,D
173935931,EUR/USD,2005-08-03 19:05:47.000,1.233600,1.233900,D
173935947,EUR/USD,2005-08-03 19:06:01.000,1.233700,1.234000,D
173935956,EUR/USD,2005-08-03 19:06:09.000,1.233600,1.233900,D
173935965,EUR/USD,2005-08-03 19:06:40.000,1.233500,1.233800,D
173936066,EUR/USD,2005-08-03 19:08:38.000,1.233600,1.233900,D
173936072,EUR/USD,2005-08-03 19:08:38.000,1.233700,1.234000,D
173936104,EUR/USD,2005-08-03 19:08:56.000,1.233600,1.233900,D
173936110,EUR/USD,2005-08-03 19:09:00.000,1.233700,1.234000,D
173936118,EUR/USD,2005-08-03 19:09:07.000,1.233600,1.233900,D
173936127,EUR/USD,2005-08-03 19:09:18.000,1.233700,1.234000,D
173936168,EUR/USD,2005-08-03 19:09:51.000,1.233600,1.233900,D
173936188,EUR/USD,2005-08-03 19:10:18.000,1.233500,1.233800,D
173936193,EUR/USD,2005-08-03 19:10:18.000,1.233400,1.233700,D
173936203,EUR/USD,2005-08-03 19:10:23.000,1.233500,1.233800,D
173936251,EUR/USD,2005-08-03 19:11:11.000,1.233600,1.233900,D
173936257,EUR/USD,2005-08-03 19:11:11.000,1.233700,1.234000,D
173936266,EUR/USD,2005-08-03 19:11:14.000,1.233600,1.233900,D
173936320,EUR/USD,2005-08-03 19:12:35.000,1.233500,1.233800,D
173936348,EUR/USD,2005-08-03 19:13:20.000,1.233600,1.233900,D
173936352,EUR/USD,2005-08-03 19:14:26.000,1.233500,1.233800,D
173936374,EUR/USD,2005-08-03 19:15:25.000,1.233600,1.233900,D
173936403,EUR/USD,2005-08-03 19:15:41.000,1.233500,1.233800,D
173936414,EUR/USD,2005-08-03 19:15:54.000,1.233600,1.233900,D
173936419,EUR/USD,2005-08-03 19:16:00.000,1.233700,1.234000,D
173936447,EUR/USD,2005-08-03 19:16:10.000,1.233600,1.233900,D
173936502,EUR/USD,2005-08-03 19:16:46.000,1.233700,1.234000,D
173936510,EUR/USD,2005-08-03 19:16:49.000,1.233600,1.233900,D
173936520,EUR/USD,2005-08-03 19:17:08.000,1.233500,1.233800,D
173936542,EUR/USD,2005-08-03 19:18:23.000,1.233400,1.233700,D
173936546,EUR/USD,2005-08-03 19:18:23.000,1.233500,1.233800,D
173936561,EUR/USD,2005-08-03 19:18:26.000,1.233400,1.233700,D
173936562,EUR/USD,2005-08-03 19:18:27.000,1.233500,1.233800,D
173936563,EUR/USD,2005-08-03 19:18:30.000,1.233400,1.233700,D
173936585,EUR/USD,2005-08-03 19:18:33.000,1.233300,1.233600,D
173936590,EUR/USD,2005-08-03 19:18:34.000,1.233200,1.233500,D
173936596,EUR/USD,2005-08-03 19:18:35.000,1.233300,1.233600,D
173936631,EUR/USD,2005-08-03 19:18:52.000,1.233200,1.233500,D
173936664,EUR/USD,2005-08-03 19:19:16.000,1.233100,1.233400,D
173936669,EUR/USD,2005-08-03 19:19:20.000,1.233200,1.233500,D
173936711,EUR/USD,2005-08-03 19:20:00.000,1.233300,1.233600,D
173936712,EUR/USD,2005-08-03 19:20:03.000,1.233200,1.233500,D
173936723,EUR/USD,2005-08-03 19:20:06.000,1.233100,1.233400,D
173936744,EUR/USD,2005-08-03 19:20:17.000,1.233200,1.233500,D
173936747,EUR/USD,2005-08-03 19:20:18.000,1.233100,1.233400,D
173936794,EUR/USD,2005-08-03 19:22:10.000,1.233000,1.233300,D
173936804,EUR/USD,2005-08-03 19:23:49.000,1.233100,1.233400,D
173936850,EUR/USD,2005-08-03 19:25:17.000,1.233200,1.233500,D
173936920,EUR/USD,2005-08-03 19:25:53.000,1.233300,1.233600,D
173936948,EUR/USD,2005-08-03 19:26:03.000,1.233200,1.233500,D
173936953,EUR/USD,2005-08-03 19:26:03.000,1.233300,1.233600,D
173937009,EUR/USD,2005-08-03 19:26:15.000,1.233400,1.233700,D
173937020,EUR/USD,2005-08-03 19:26:16.000,1.233500,1.233800,D
173937025,EUR/USD,2005-08-03 19:26:18.000,1.233400,1.233700,D
173937043,EUR/USD,2005-08-03 19:26:22.000,1.233500,1.233800,D
173937053,EUR/USD,2005-08-03 19:26:27.000,1.233400,1.233700,D
173937143,EUR/USD,2005-08-03 19:27:39.000,1.233300,1.233600,D
173937151,EUR/USD,2005-08-03 19:27:40.000,1.233200,1.233500,D
173937221,EUR/USD,2005-08-03 19:28:42.000,1.233300,1.233600,D
173937223,EUR/USD,2005-08-03 19:28:43.000,1.233200,1.233500,D
173937230,EUR/USD,2005-08-03 19:28:50.000,1.233100,1.233400,D
173937234,EUR/USD,2005-08-03 19:28:53.000,1.233200,1.233500,D
173937237,EUR/USD,2005-08-03 19:28:54.000,1.233100,1.233400,D
173937244,EUR/USD,2005-08-03 19:28:56.000,1.233200,1.233500,D
173937252,EUR/USD,2005-08-03 19:28:58.000,1.233100,1.233400,D
173937263,EUR/USD,2005-08-03 19:29:45.000,1.233200,1.233500,D
173937280,EUR/USD,2005-08-03 19:30:22.000,1.233100,1.233400,D
173937294,EUR/USD,2005-08-03 19:30:37.000,1.233200,1.233500,D
173937338,EUR/USD,2005-08-03 19:32:11.000,1.233100,1.233400,D
173937362,EUR/USD,2005-08-03 19:32:27.000,1.233000,1.233300,D
173937375,EUR/USD,2005-08-03 19:33:20.000,1.233100,1.233400,D
173937383,EUR/USD,2005-08-03 19:33:21.000,1.233000,1.233300,D
173937397,EUR/USD,2005-08-03 19:34:33.000,1.233100,1.233400,D
173937406,EUR/USD,2005-08-03 19:35:55.000,1.233000,1.233300,D
173937407,EUR/USD,2005-08-03 19:35:55.000,1.233100,1.233400,D
173937414,EUR/USD,2005-08-03 19:36:01.000,1.233000,1.233300,D
173937427,EUR/USD,2005-08-03 19:36:12.000,1.233100,1.233400,D
173937457,EUR/USD,2005-08-03 19:36:39.000,1.233000,1.233300,D
173937467,EUR/USD,2005-08-03 19:36:41.000,1.233100,1.233400,D
173937470,EUR/USD,2005-08-03 19:36:42.000,1.232900,1.233200,D
173937505,EUR/USD,2005-08-03 19:36:57.000,1.232800,1.233100,D
173937524,EUR/USD,2005-08-03 19:37:03.000,1.232700,1.233000,D
173937529,EUR/USD,2005-08-03 19:37:05.000,1.232800,1.233100,D
173937563,EUR/USD,2005-08-03 19:37:34.000,1.232900,1.233200,D
173937604,EUR/USD,2005-08-03 19:38:30.000,1.233000,1.233300,D
173937641,EUR/USD,2005-08-03 19:38:58.000,1.232900,1.233200,D
173937661,EUR/USD,2005-08-03 19:39:03.000,1.233000,1.233300,D
173937692,EUR/USD,2005-08-03 19:39:34.000,1.233100,1.233400,D
173937735,EUR/USD,2005-08-03 19:40:09.000,1.233000,1.233300,D
173937754,EUR/USD,2005-08-03 19:40:15.000,1.233100,1.233400,D
173937777,EUR/USD,2005-08-03 19:40:31.000,1.233000,1.233300,D
173937789,EUR/USD,2005-08-03 19:40:54.000,1.232900,1.233200,D
173937802,EUR/USD,2005-08-03 19:40:57.000,1.233000,1.233300,D
173937842,EUR/USD,2005-08-03 19:41:36.000,1.232900,1.233200,D
173937851,EUR/USD,2005-08-03 19:41:39.000,1.233000,1.233300,D
173937859,EUR/USD,2005-08-03 19:41:45.000,1.233100,1.233400,D
173937867,EUR/USD,2005-08-03 19:41:46.000,1.233000,1.233300,D
173937885,EUR/USD,2005-08-03 19:41:58.000,1.232900,1.233200,D
173937893,EUR/USD,2005-08-03 19:42:01.000,1.233000,1.233300,D
173937896,EUR/USD,2005-08-03 19:42:02.000,1.233100,1.233400,D
173937911,EUR/USD,2005-08-03 19:42:06.000,1.233000,1.233300,D
173937933,EUR/USD,2005-08-03 19:42:17.000,1.233100,1.233400,D
173937936,EUR/USD,2005-08-03 19:42:28.000,1.233000,1.233300,D
173937968,EUR/USD,2005-08-03 19:43:15.000,1.233100,1.233400,D
173938007,EUR/USD,2005-08-03 19:44:05.000,1.233200,1.233500,D
173938016,EUR/USD,2005-08-03 19:44:07.000,1.233100,1.233400,D
173938034,EUR/USD,2005-08-03 19:44:20.000,1.233000,1.233300,D
173938039,EUR/USD,2005-08-03 19:44:31.000,1.233100,1.233400,D
173938063,EUR/USD,2005-08-03 19:45:15.000,1.233200,1.233500,D
173938072,EUR/USD,2005-08-03 19:45:20.000,1.233100,1.233400,D
173938080,EUR/USD,2005-08-03 19:45:35.000,1.233000,1.233300,D
173938086,EUR/USD,2005-08-03 19:45:44.000,1.233100,1.233400,D
173938110,EUR/USD,2005-08-03 19:46:13.000,1.233200,1.233500,D
173938123,EUR/USD,2005-08-03 19:46:23.000,1.233300,1.233600,D
173938135,EUR/USD,2005-08-03 19:46:30.000,1.233200,1.233500,D
173938151,EUR/USD,2005-08-03 19:46:47.000,1.233300,1.233600,D
173938206,EUR/USD,2005-08-03 19:48:04.000,1.233200,1.233500,D
173938216,EUR/USD,2005-08-03 19:48:15.000,1.233300,1.233600,D
173938267,EUR/USD,2005-08-03 19:49:36.000,1.233400,1.233700,D
173938277,EUR/USD,2005-08-03 19:49:43.000,1.233300,1.233600,D
173938280,EUR/USD,2005-08-03 19:49:45.000,1.233400,1.233700,D
173938295,EUR/USD,2005-08-03 19:49:53.000,1.233300,1.233600,D
173938299,EUR/USD,2005-08-03 19:50:00.000,1.233400,1.233700,D
173938315,EUR/USD,2005-08-03 19:50:12.000,1.233500,1.233800,D
173938358,EUR/USD,2005-08-03 19:50:36.000,1.233400,1.233700,D
173938409,EUR/USD,2005-08-03 19:51:23.000,1.233300,1.233600,D
173938412,EUR/USD,2005-08-03 19:51:25.000,1.233200,1.233500,D
173938438,EUR/USD,2005-08-03 19:51:43.000,1.233300,1.233600,D
173938470,EUR/USD,2005-08-03 19:52:01.000,1.233200,1.233500,D
173938502,EUR/USD,2005-08-03 19:52:20.000,1.233100,1.233400,D
173938506,EUR/USD,2005-08-03 19:52:23.000,1.233200,1.233500,D
173938514,EUR/USD,2005-08-03 19:52:24.000,1.233100,1.233400,D
173938517,EUR/USD,2005-08-03 19:52:28.000,1.233200,1.233500,D
173938523,EUR/USD,2005-08-03 19:52:31.000,1.233100,1.233400,D
173938529,EUR/USD,2005-08-03 19:52:33.000,1.233200,1.233500,D
173938535,EUR/USD,2005-08-03 19:52:35.000,1.233100,1.233400,D
173938549,EUR/USD,2005-08-03 19:52:39.000,1.233200,1.233500,D
173938555,EUR/USD,2005-08-03 19:52:42.000,1.233100,1.233400,D
173938565,EUR/USD,2005-08-03 19:52:53.000,1.233000,1.233300,D
173938568,EUR/USD,2005-08-03 19:52:55.000,1.233100,1.233400,D
173938586,EUR/USD,2005-08-03 19:53:01.000,1.233000,1.233300,D
173938643,EUR/USD,2005-08-03 19:54:12.000,1.232900,1.233200,D
173938646,EUR/USD,2005-08-03 19:54:15.000,1.233000,1.233300,D
173938650,EUR/USD,2005-08-03 19:54:17.000,1.232900,1.233200,D
173938658,EUR/USD,2005-08-03 19:54:19.000,1.233000,1.233300,D
173938680,EUR/USD,2005-08-03 19:54:58.000,1.232900,1.233200,D
173938706,EUR/USD,2005-08-03 19:55:12.000,1.232800,1.233100,D
173938715,EUR/USD,2005-08-03 19:55:14.000,1.232900,1.233200,D
173938726,EUR/USD,2005-08-03 19:55:20.000,1.232800,1.233100,D
173938742,EUR/USD,2005-08-03 19:55:22.000,1.232900,1.233200,D
173938777,EUR/USD,2005-08-03 19:55:53.000,1.232800,1.233100,D
173938800,EUR/USD,2005-08-03 19:56:12.000,1.232900,1.233200,D
173938804,EUR/USD,2005-08-03 19:56:12.000,1.232800,1.233100,D
173938825,EUR/USD,2005-08-03 19:56:14.000,1.232600,1.232900,D
173938833,EUR/USD,2005-08-03 19:56:17.000,1.232700,1.233000,D
173938857,EUR/USD,2005-08-03 19:56:21.000,1.232800,1.233100,D
173938865,EUR/USD,2005-08-03 19:56:25.000,1.232700,1.233000,D
173938884,EUR/USD,2005-08-03 19:56:31.000,1.232600,1.232900,D
173938903,EUR/USD,2005-08-03 19:56:38.000,1.232700,1.233000,D
173938912,EUR/USD,2005-08-03 19:56:40.000,1.232600,1.232900,D
173938931,EUR/USD,2005-08-03 19:56:54.000,1.232700,1.233000,D
173938945,EUR/USD,2005-08-03 19:57:03.000,1.232600,1.232900,D
173938961,EUR/USD,2005-08-03 19:57:12.000,1.232700,1.233000,D
173939006,EUR/USD,2005-08-03 19:57:54.000,1.232600,1.232900,D
173939007,EUR/USD,2005-08-03 19:57:55.000,1.232700,1.233000,D
173939008,EUR/USD,2005-08-03 19:57:58.000,1.232800,1.233100,D
173939040,EUR/USD,2005-08-03 19:58:39.000,1.232900,1.233200,D
173939062,EUR/USD,2005-08-03 19:58:43.000,1.232800,1.233100,D
173939070,EUR/USD,2005-08-03 19:58:46.000,1.232900,1.233200,D
173939075,EUR/USD,2005-08-03 19:58:48.000,1.232800,1.233100,D
173939100,EUR/USD,2005-08-03 19:59:16.000,1.232900,1.233200,D
173939132,EUR/USD,2005-08-03 19:59:35.000,1.233000,1.233300,D
173939140,EUR/USD,2005-08-03 19:59:39.000,1.232900,1.233200,D
173939150,EUR/USD,2005-08-03 19:59:48.000,1.233000,1.233300,D
173939170,EUR/USD,2005-08-03 19:59:54.000,1.232900,1.233200,D
173939194,EUR/USD,2005-08-03 19:59:59.000,1.233000,1.233300,D
173939199,EUR/USD,2005-08-03 20:00:03.000,1.232900,1.233200,D
173939214,EUR/USD,2005-08-03 20:00:08.000,1.233000,1.233300,D
173939216,EUR/USD,2005-08-03 20:00:11.000,1.232900,1.233200,D
173939249,EUR/USD,2005-08-03 20:00:22.000,1.233000,1.233300,D
173939258,EUR/USD,2005-08-03 20:00:25.000,1.232900,1.233200,D
173939267,EUR/USD,2005-08-03 20:00:31.000,1.232800,1.233100,D
173939270,EUR/USD,2005-08-03 20:00:31.000,1.232900,1.233200,D
173939273,EUR/USD,2005-08-03 20:00:32.000,1.232800,1.233100,D
173939304,EUR/USD,2005-08-03 20:00:55.000,1.232900,1.233200,D
173939348,EUR/USD,2005-08-03 20:01:17.000,1.232800,1.233100,D
173939448,EUR/USD,2005-08-03 20:02:32.000,1.232700,1.233000,D
173939474,EUR/USD,2005-08-03 20:02:46.000,1.232800,1.233100,D
173939476,EUR/USD,2005-08-03 20:02:47.000,1.232700,1.233000,D
173939478,EUR/USD,2005-08-03 20:02:47.000,1.232800,1.233100,D
173939480,EUR/USD,2005-08-03 20:02:48.000,1.232700,1.233000,D
173939506,EUR/USD,2005-08-03 20:03:01.000,1.232600,1.232900,D
173939520,EUR/USD,2005-08-03 20:03:06.000,1.232700,1.233000,D
173939573,EUR/USD,2005-08-03 20:03:38.000,1.232600,1.232900,D
173939597,EUR/USD,2005-08-03 20:03:50.000,1.232700,1.233000,D
173939629,EUR/USD,2005-08-03 20:04:06.000,1.232600,1.232900,D
173939640,EUR/USD,2005-08-03 20:04:11.000,1.232700,1.233000,D
173939708,EUR/USD,2005-08-03 20:04:55.000,1.232600,1.232900,D
173939724,EUR/USD,2005-08-03 20:05:01.000,1.232700,1.233000,D
173939732,EUR/USD,2005-08-03 20:05:03.000,1.232600,1.232900,D
173939784,EUR/USD,2005-08-03 20:05:34.000,1.232700,1.233000,D
173939820,EUR/USD,2005-08-03 20:06:21.000,1.232600,1.232900,D
173939869,EUR/USD,2005-08-03 20:06:35.000,1.232700,1.233000,D
173939887,EUR/USD,2005-08-03 20:06:41.000,1.232800,1.233100,D
173939898,EUR/USD,2005-08-03 20:06:50.000,1.232700,1.233000,D
173939900,EUR/USD,2005-08-03 20:06:56.000,1.232800,1.233100,D
173939901,EUR/USD,2005-08-03 20:06:59.000,1.232700,1.233000,D
173939915,EUR/USD,2005-08-03 20:07:23.000,1.232800,1.233100,D
173939934,EUR/USD,2005-08-03 20:07:48.000,1.232900,1.233200,D
173939937,EUR/USD,2005-08-03 20:07:50.000,1.232800,1.233100,D
173939959,EUR/USD,2005-08-03 20:08:52.000,1.232700,1.233000,D
173939968,EUR/USD,2005-08-03 20:08:55.000,1.232600,1.232900,D
173940011,EUR/USD,2005-08-03 20:09:14.000,1.232500,1.232800,D
173940059,EUR/USD,2005-08-03 20:09:35.000,1.232400,1.232700,D
173940067,EUR/USD,2005-08-03 20:09:37.000,1.232500,1.232800,D
173940075,EUR/USD,2005-08-03 20:09:46.000,1.232600,1.232900,D
173940086,EUR/USD,2005-08-03 20:09:49.000,1.232700,1.233000,D
173940144,EUR/USD,2005-08-03 20:10:06.000,1.232600,1.232900,D
173940215,EUR/USD,2005-08-03 20:10:43.000,1.232500,1.232800,D
173940217,EUR/USD,2005-08-03 20:10:43.000,1.232400,1.232700,D
173940224,EUR/USD,2005-08-03 20:10:46.000,1.232500,1.232800,D
173940226,EUR/USD,2005-08-03 20:10:46.000,1.232600,1.232900,D
173940235,EUR/USD,2005-08-03 20:10:48.000,1.232500,1.232800,D
173940240,EUR/USD,2005-08-03 20:10:52.000,1.232600,1.232900,D
173940247,EUR/USD,2005-08-03 20:10:55.000,1.232500,1.232800,D
173940284,EUR/USD,2005-08-03 20:11:21.000,1.232600,1.232900,D
173940303,EUR/USD,2005-08-03 20:11:30.000,1.232500,1.232800,D
173940308,EUR/USD,2005-08-03 20:11:31.000,1.232600,1.232900,D
173940330,EUR/USD,2005-08-03 20:11:47.000,1.232700,1.233000,D
173940348,EUR/USD,2005-08-03 20:11:53.000,1.232600,1.232900,D
173940363,EUR/USD,2005-08-03 20:11:57.000,1.232500,1.232800,D
173940378,EUR/USD,2005-08-03 20:11:59.000,1.232600,1.232900,D
173940389,EUR/USD,2005-08-03 20:12:02.000,1.232500,1.232800,D
173940416,EUR/USD,2005-08-03 20:12:14.000,1.232600,1.232900,D
173940434,EUR/USD,2005-08-03 20:12:18.000,1.232700,1.233000,D
173940458,EUR/USD,2005-08-03 20:12:26.000,1.232600,1.232900,D
173940459,EUR/USD,2005-08-03 20:12:28.000,1.232700,1.233000,D
173940549,EUR/USD,2005-08-03 20:13:11.000,1.232600,1.232900,D
173940551,EUR/USD,2005-08-03 20:13:11.000,1.232500,1.232800,D
173940556,EUR/USD,2005-08-03 20:13:14.000,1.232600,1.232900,D
173940564,EUR/USD,2005-08-03 20:13:19.000,1.232700,1.233000,D
173940594,EUR/USD,2005-08-03 20:13:51.000,1.232600,1.232900,D
173940597,EUR/USD,2005-08-03 20:13:51.000,1.232500,1.232800,D
173940618,EUR/USD,2005-08-03 20:13:57.000,1.232600,1.232900,D
173940660,EUR/USD,2005-08-03 20:14:35.000,1.232700,1.233000,D
173940665,EUR/USD,2005-08-03 20:14:37.000,1.232600,1.232900,D
173940697,EUR/USD,2005-08-03 20:15:05.000,1.232700,1.233000,D
173940711,EUR/USD,2005-08-03 20:15:15.000,1.232600,1.232900,D
173940739,EUR/USD,2005-08-03 20:15:41.000,1.232500,1.232800,D
173940750,EUR/USD,2005-08-03 20:15:46.000,1.232600,1.232900,D
173940769,EUR/USD,2005-08-03 20:15:54.000,1.232500,1.232800,D
173940777,EUR/USD,2005-08-03 20:15:56.000,1.232600,1.232900,D
173940786,EUR/USD,2005-08-03 20:16:02.000,1.232500,1.232800,D
173940837,EUR/USD,2005-08-03 20:16:40.000,1.232600,1.232900,D
173940839,EUR/USD,2005-08-03 20:16:40.000,1.232500,1.232800,D
173940848,EUR/USD,2005-08-03 20:16:41.000,1.232400,1.232700,D
173940850,EUR/USD,2005-08-03 20:16:43.000,1.232500,1.232800,D
173940906,EUR/USD,2005-08-03 20:17:05.000,1.232600,1.232900,D
173941011,EUR/USD,2005-08-03 20:18:25.000,1.232700,1.233000,D
173941013,EUR/USD,2005-08-03 20:18:29.000,1.232600,1.232900,D
173941015,EUR/USD,2005-08-03 20:18:31.000,1.232700,1.233000,D
173941027,EUR/USD,2005-08-03 20:18:41.000,1.232600,1.232900,D
173941044,EUR/USD,2005-08-03 20:19:00.000,1.232500,1.232800,D
173941074,EUR/USD,2005-08-03 20:19:16.000,1.232600,1.232900,D
173941084,EUR/USD,2005-08-03 20:19:20.000,1.232500,1.232800,D
173941093,EUR/USD,2005-08-03 20:19:32.000,1.232400,1.232700,D
173941101,EUR/USD,2005-08-03 20:19:37.000,1.232500,1.232800,D
173941107,EUR/USD,2005-08-03 20:19:41.000,1.232400,1.232700,D
173941111,EUR/USD,2005-08-03 20:19:41.000,1.232500,1.232800,D
173941114,EUR/USD,2005-08-03 20:19:45.000,1.232400,1.232700,D
173941135,EUR/USD,2005-08-03 20:19:53.000,1.232300,1.232600,D
173941155,EUR/USD,2005-08-03 20:19:55.000,1.232400,1.232700,D
173941159,EUR/USD,2005-08-03 20:19:57.000,1.232300,1.232600,D
173941162,EUR/USD,2005-08-03 20:19:59.000,1.232400,1.232700,D
173941167,EUR/USD,2005-08-03 20:20:03.000,1.232300,1.232600,D
173941199,EUR/USD,2005-08-03 20:20:15.000,1.232200,1.232500,D
173941206,EUR/USD,2005-08-03 20:20:17.000,1.232300,1.232600,D
173941221,EUR/USD,2005-08-03 20:20:19.000,1.232200,1.232500,D
173941242,EUR/USD,2005-08-03 20:20:23.000,1.232300,1.232600,D
173941262,EUR/USD,2005-08-03 20:20:25.000,1.232200,1.232500,D
173941271,EUR/USD,2005-08-03 20:20:27.000,1.232300,1.232600,D
173941288,EUR/USD,2005-08-03 20:20:29.000,1.232200,1.232500,D
173941329,EUR/USD,2005-08-03 20:20:36.000,1.232300,1.232600,D
173941343,EUR/USD,2005-08-03 20:20:37.000,1.232200,1.232500,D
173941351,EUR/USD,2005-08-03 20:20:38.000,1.232300,1.232600,D
173941368,EUR/USD,2005-08-03 20:20:41.000,1.232200,1.232500,D
173941379,EUR/USD,2005-08-03 20:20:50.000,1.232300,1.232600,D
173941390,EUR/USD,2005-08-03 20:20:51.000,1.232200,1.232500,D
173941439,EUR/USD,2005-08-03 20:21:34.000,1.232300,1.232600,D
173941534,EUR/USD,2005-08-03 20:23:48.000,1.232400,1.232700,D
173941615,EUR/USD,2005-08-03 20:24:36.000,1.232500,1.232800,D
173941684,EUR/USD,2005-08-03 20:25:20.000,1.232600,1.232900,D
173941691,EUR/USD,2005-08-03 20:25:21.000,1.232500,1.232800,D
173941694,EUR/USD,2005-08-03 20:25:22.000,1.232600,1.232900,D
173941707,EUR/USD,2005-08-03 20:25:24.000,1.232600,1.232800,D
173941716,EUR/USD,2005-08-03 20:25:25.000,1.232500,1.232800,D
173941726,EUR/USD,2005-08-03 20:25:27.000,1.232600,1.232900,D
173941746,EUR/USD,2005-08-03 20:25:38.000,1.232500,1.232800,D
173941754,EUR/USD,2005-08-03 20:25:45.000,1.232600,1.232900,D
173941797,EUR/USD,2005-08-03 20:26:15.000,1.232700,1.233000,D
173941815,EUR/USD,2005-08-03 20:26:21.000,1.232600,1.232900,D
173941879,EUR/USD,2005-08-03 20:27:19.000,1.232500,1.232800,D
173941886,EUR/USD,2005-08-03 20:27:20.000,1.232400,1.232700,D
173941948,EUR/USD,2005-08-03 20:28:54.000,1.232500,1.232800,D
173941961,EUR/USD,2005-08-03 20:29:15.000,1.232600,1.232900,D
173941966,EUR/USD,2005-08-03 20:29:24.000,1.232500,1.232800,D
173941974,EUR/USD,2005-08-03 20:29:25.000,1.232600,1.232900,D
173941981,EUR/USD,2005-08-03 20:29:29.000,1.232500,1.232800,D
173941984,EUR/USD,2005-08-03 20:29:29.000,1.232600,1.232900,D
173941988,EUR/USD,2005-08-03 20:29:36.000,1.232700,1.233000,D
173942014,EUR/USD,2005-08-03 20:29:45.000,1.232600,1.232900,D
173942040,EUR/USD,2005-08-03 20:30:11.000,1.232500,1.232800,D
173942047,EUR/USD,2005-08-03 20:30:21.000,1.232600,1.232800,D
173942049,EUR/USD,2005-08-03 20:30:21.000,1.232700,1.233000,D
173942075,EUR/USD,2005-08-03 20:30:32.000,1.232800,1.233100,D
173942081,EUR/USD,2005-08-03 20:30:34.000,1.232700,1.233000,D
173942084,EUR/USD,2005-08-03 20:30:34.000,1.232800,1.233100,D
173942114,EUR/USD,2005-08-03 20:30:44.000,1.232900,1.233200,D
173942121,EUR/USD,2005-08-03 20:30:46.000,1.232800,1.233100,D
173942147,EUR/USD,2005-08-03 20:31:22.000,1.232700,1.233000,D
173942155,EUR/USD,2005-08-03 20:31:27.000,1.232800,1.233100,D
173942165,EUR/USD,2005-08-03 20:31:32.000,1.232700,1.233000,D
173942184,EUR/USD,2005-08-03 20:31:54.000,1.232600,1.232900,D
173942194,EUR/USD,2005-08-03 20:31:56.000,1.232700,1.233000,D
173942196,EUR/USD,2005-08-03 20:32:01.000,1.232600,1.232900,D
173942204,EUR/USD,2005-08-03 20:32:03.000,1.232700,1.233000,D
173942207,EUR/USD,2005-08-03 20:32:06.000,1.232600,1.232900,D
173942215,EUR/USD,2005-08-03 20:32:09.000,1.232700,1.233000,D
173942229,EUR/USD,2005-08-03 20:32:22.000,1.232600,1.232900,D
173942240,EUR/USD,2005-08-03 20:32:25.000,1.232700,1.233000,D
173942302,EUR/USD,2005-08-03 20:32:44.000,1.232600,1.232900,D
173942339,EUR/USD,2005-08-03 20:33:13.000,1.232700,1.233000,D
173942396,EUR/USD,2005-08-03 20:33:32.000,1.232800,1.233100,D
173942414,EUR/USD,2005-08-03 20:33:35.000,1.232700,1.233000,D
173942447,EUR/USD,2005-08-03 20:33:48.000,1.232800,1.233100,D
173942487,EUR/USD,2005-08-03 20:34:04.000,1.232700,1.233000,D
173942513,EUR/USD,2005-08-03 20:34:16.000,1.232600,1.232900,D
173942637,EUR/USD,2005-08-03 20:35:05.000,1.232500,1.232800,D
173942668,EUR/USD,2005-08-03 20:35:23.000,1.232400,1.232700,D
173942675,EUR/USD,2005-08-03 20:35:25.000,1.232300,1.232600,D
173942683,EUR/USD,2005-08-03 20:35:26.000,1.232400,1.232700,D
173942882,EUR/USD,2005-08-03 20:37:17.000,1.232500,1.232800,D
173942908,EUR/USD,2005-08-03 20:37:29.000,1.232400,1.232700,D
173942916,EUR/USD,2005-08-03 20:37:34.000,1.232500,1.232800,D
173942941,EUR/USD,2005-08-03 20:37:58.000,1.232400,1.232700,D
173942966,EUR/USD,2005-08-03 20:38:03.000,1.232300,1.232600,D
173942984,EUR/USD,2005-08-03 20:38:06.000,1.232400,1.232700,D
173943009,EUR/USD,2005-08-03 20:38:12.000,1.232300,1.232600,D
173943032,EUR/USD,2005-08-03 20:38:21.000,1.232200,1.232500,D
173943040,EUR/USD,2005-08-03 20:38:26.000,1.232300,1.232600,D
173943049,EUR/USD,2005-08-03 20:38:30.000,1.232200,1.232500,D
173943062,EUR/USD,2005-08-03 20:38:41.000,1.232300,1.232600,D
173943078,EUR/USD,2005-08-03 20:38:48.000,1.232200,1.232500,D
173943126,EUR/USD,2005-08-03 20:39:37.000,1.232300,1.232600,D
173943186,EUR/USD,2005-08-03 20:40:19.000,1.232200,1.232500,D
173943328,EUR/USD,2005-08-03 20:42:32.000,1.232300,1.232600,D
173943355,EUR/USD,2005-08-03 20:43:41.000,1.232200,1.232500,D
173943378,EUR/USD,2005-08-03 20:43:47.000,1.232300,1.232600,D
173943398,EUR/USD,2005-08-03 20:44:03.000,1.232200,1.232500,D
173943407,EUR/USD,2005-08-03 20:44:19.000,1.232300,1.232600,D
173943416,EUR/USD,2005-08-03 20:44:28.000,1.232200,1.232500,D
173943434,EUR/USD,2005-08-03 20:44:45.000,1.232300,1.232600,D
173943440,EUR/USD,2005-08-03 20:44:48.000,1.232200,1.232500,D
173943472,EUR/USD,2005-08-03 20:45:55.000,1.232300,1.232600,D
173943499,EUR/USD,2005-08-03 20:46:13.000,1.232200,1.232500,D
173943503,EUR/USD,2005-08-03 20:46:14.000,1.232300,1.232600,D
173943509,EUR/USD,2005-08-03 20:46:19.000,1.232200,1.232500,D
173943535,EUR/USD,2005-08-03 20:46:34.000,1.232300,1.232600,D
173943553,EUR/USD,2005-08-03 20:46:45.000,1.232200,1.232500,D
173943583,EUR/USD,2005-08-03 20:47:30.000,1.232100,1.232400,D
173943598,EUR/USD,2005-08-03 20:47:50.000,1.232200,1.232500,D
173943606,EUR/USD,2005-08-03 20:47:55.000,1.232100,1.232400,D
173943610,EUR/USD,2005-08-03 20:47:58.000,1.232200,1.232500,D
173943654,EUR/USD,2005-08-03 20:49:14.000,1.232300,1.232600,D
173943716,EUR/USD,2005-08-03 20:50:08.000,1.232200,1.232500,D
173943724,EUR/USD,2005-08-03 20:50:11.000,1.232300,1.232600,D
173943791,EUR/USD,2005-08-03 20:51:31.000,1.232400,1.232700,D
173943796,EUR/USD,2005-08-03 20:51:32.000,1.232500,1.232800,D
173943803,EUR/USD,2005-08-03 20:51:41.000,1.232400,1.232700,D
173943826,EUR/USD,2005-08-03 20:51:53.000,1.232500,1.232800,D
173943834,EUR/USD,2005-08-03 20:51:58.000,1.232400,1.232700,D
173943840,EUR/USD,2005-08-03 20:51:59.000,1.232300,1.232600,D
173943844,EUR/USD,2005-08-03 20:52:00.000,1.232400,1.232700,D
173943852,EUR/USD,2005-08-03 20:52:03.000,1.232500,1.232800,D
173943857,EUR/USD,2005-08-03 20:52:05.000,1.232400,1.232700,D
173943864,EUR/USD,2005-08-03 20:52:21.000,1.232500,1.232800,D
173943866,EUR/USD,2005-08-03 20:52:31.000,1.232400,1.232700,D
173943870,EUR/USD,2005-08-03 20:52:35.000,1.232500,1.232800,D
173943884,EUR/USD,2005-08-03 20:52:54.000,1.232600,1.232900,D
173943888,EUR/USD,2005-08-03 20:52:55.000,1.232500,1.232800,D
173943895,EUR/USD,2005-08-03 20:52:58.000,1.232400,1.232700,D
173943900,EUR/USD,2005-08-03 20:53:06.000,1.232500,1.232800,D
173943913,EUR/USD,2005-08-03 20:53:13.000,1.232400,1.232700,D
173943942,EUR/USD,2005-08-03 20:53:49.000,1.232500,1.232800,D
173943952,EUR/USD,2005-08-03 20:53:59.000,1.232600,1.232900,D
173943957,EUR/USD,2005-08-03 20:54:05.000,1.232700,1.233000,D
173943988,EUR/USD,2005-08-03 20:54:22.000,1.232600,1.232900,D
173943996,EUR/USD,2005-08-03 20:54:26.000,1.232500,1.232800,D
173944005,EUR/USD,2005-08-03 20:54:42.000,1.232600,1.232900,D
173944009,EUR/USD,2005-08-03 20:54:47.000,1.232500,1.232800,D
173944011,EUR/USD,2005-08-03 20:54:50.000,1.232600,1.232900,D
173944021,EUR/USD,2005-08-03 20:54:58.000,1.232500,1.232800,D
173944029,EUR/USD,2005-08-03 20:55:00.000,1.232600,1.232900,D
173944049,EUR/USD,2005-08-03 20:55:04.000,1.232500,1.232800,D
173944087,EUR/USD,2005-08-03 20:55:17.000,1.232400,1.232700,D
173944094,EUR/USD,2005-08-03 20:55:21.000,1.232500,1.232800,D
173944149,EUR/USD,2005-08-03 20:55:56.000,1.232600,1.232900,D
173944156,EUR/USD,2005-08-03 20:55:56.000,1.232500,1.232800,D
173944159,EUR/USD,2005-08-03 20:55:58.000,1.232600,1.232900,D
173944165,EUR/USD,2005-08-03 20:56:04.000,1.232500,1.232800,D
173944167,EUR/USD,2005-08-03 20:56:06.000,1.232600,1.232900,D
173944280,EUR/USD,2005-08-03 20:57:27.000,1.232500,1.232800,D
173944299,EUR/USD,2005-08-03 20:57:42.000,1.232600,1.232900,D
173944310,EUR/USD,2005-08-03 20:57:45.000,1.232700,1.233000,D
173944399,EUR/USD,2005-08-03 20:58:23.000,1.232800,1.233100,D
173944437,EUR/USD,2005-08-03 20:58:44.000,1.232700,1.233000,D
173944485,EUR/USD,2005-08-03 20:59:31.000,1.232600,1.232900,D
173944489,EUR/USD,2005-08-03 20:59:33.000,1.232700,1.233000,D
173944555,EUR/USD,2005-08-03 20:59:59.000,1.232800,1.233100,D
173944559,EUR/USD,2005-08-03 21:00:02.000,1.232700,1.233000,D
173944570,EUR/USD,2005-08-03 21:00:03.000,1.232800,1.233100,D
173944657,EUR/USD,2005-08-03 21:00:52.000,1.232900,1.233200,D
173944734,EUR/USD,2005-08-03 21:01:17.000,1.233000,1.233300,D
173944742,EUR/USD,2005-08-03 21:01:18.000,1.232900,1.233200,D
173944760,EUR/USD,2005-08-03 21:01:20.000,1.233000,1.233300,D
173944853,EUR/USD,2005-08-03 21:01:41.000,1.232900,1.233200,D
173944863,EUR/USD,2005-08-03 21:01:44.000,1.233000,1.233300,D
173944865,EUR/USD,2005-08-03 21:01:46.000,1.232900,1.233200,D
173944885,EUR/USD,2005-08-03 21:01:55.000,1.232800,1.233100,D
173944892,EUR/USD,2005-08-03 21:01:56.000,1.232900,1.233200,D
173944903,EUR/USD,2005-08-03 21:01:57.000,1.232800,1.233100,D
173944941,EUR/USD,2005-08-03 21:02:02.000,1.232900,1.233200,D
173944959,EUR/USD,2005-08-03 21:02:04.000,1.233000,1.233300,D
173944966,EUR/USD,2005-08-03 21:02:08.000,1.232900,1.233200,D
173944979,EUR/USD,2005-08-03 21:02:10.000,1.233000,1.233300,D
173944991,EUR/USD,2005-08-03 21:02:15.000,1.233100,1.233400,D
173945049,EUR/USD,2005-08-03 21:02:26.000,1.233200,1.233500,D
173945097,EUR/USD,2005-08-03 21:02:34.000,1.233100,1.233400,D
173945143,EUR/USD,2005-08-03 21:02:45.000,1.233200,1.233500,D
173945194,EUR/USD,2005-08-03 21:03:02.000,1.233100,1.233400,D
173945214,EUR/USD,2005-08-03 21:03:09.000,1.233200,1.233500,D
173945230,EUR/USD,2005-08-03 21:03:14.000,1.233100,1.233400,D
173945246,EUR/USD,2005-08-03 21:03:21.000,1.233200,1.233500,D
173945419,EUR/USD,2005-08-03 21:04:09.000,1.233300,1.233600,D
173945464,EUR/USD,2005-08-03 21:04:24.000,1.233200,1.233500,D
173945475,EUR/USD,2005-08-03 21:04:25.000,1.233300,1.233600,D
173945478,EUR/USD,2005-08-03 21:04:27.000,1.233200,1.233500,D
173945481,EUR/USD,2005-08-03 21:04:28.000,1.233300,1.233600,D
173945611,EUR/USD,2005-08-03 21:05:58.000,1.233200,1.233500,D
173945621,EUR/USD,2005-08-03 21:05:59.000,1.233300,1.233600,D
173945628,EUR/USD,2005-08-03 21:06:03.000,1.233200,1.233500,D
173945653,EUR/USD,2005-08-03 21:06:08.000,1.233300,1.233600,D
173945661,EUR/USD,2005-08-03 21:06:10.000,1.233200,1.233500,D
173945663,EUR/USD,2005-08-03 21:06:11.000,1.233300,1.233600,D
173945742,EUR/USD,2005-08-03 21:06:38.000,1.233400,1.233700,D
173945814,EUR/USD,2005-08-03 21:07:12.000,1.233300,1.233600,D
173945834,EUR/USD,2005-08-03 21:07:20.000,1.233400,1.233700,D
173945888,EUR/USD,2005-08-03 21:07:46.000,1.233500,1.233800,D
173945896,EUR/USD,2005-08-03 21:07:50.000,1.233600,1.233900,D
173945902,EUR/USD,2005-08-03 21:07:50.000,1.233500,1.233800,D
173945910,EUR/USD,2005-08-03 21:07:53.000,1.233600,1.233900,D
173945915,EUR/USD,2005-08-03 21:07:53.000,1.233700,1.234000,D
173945924,EUR/USD,2005-08-03 21:07:56.000,1.233600,1.233900,D
173945934,EUR/USD,2005-08-03 21:08:00.000,1.233700,1.234000,D
173945999,EUR/USD,2005-08-03 21:08:19.000,1.233600,1.233900,D
173946003,EUR/USD,2005-08-03 21:08:21.000,1.233700,1.234000,D
173946018,EUR/USD,2005-08-03 21:08:26.000,1.233600,1.233900,D
173946030,EUR/USD,2005-08-03 21:08:30.000,1.233700,1.234000,D
173946039,EUR/USD,2005-08-03 21:08:32.000,1.233600,1.233900,D
173946121,EUR/USD,2005-08-03 21:09:01.000,1.233500,1.233800,D
173946129,EUR/USD,2005-08-03 21:09:03.000,1.233600,1.233900,D
173946168,EUR/USD,2005-08-03 21:09:12.000,1.233500,1.233800,D
173946204,EUR/USD,2005-08-03 21:09:25.000,1.233600,1.233900,D
173946209,EUR/USD,2005-08-03 21:09:26.000,1.233500,1.233800,D
173946232,EUR/USD,2005-08-03 21:09:35.000,1.233600,1.233900,D
173946285,EUR/USD,2005-08-03 21:09:58.000,1.233700,1.234000,D
173946311,EUR/USD,2005-08-03 21:10:09.000,1.233800,1.234100,D
173946343,EUR/USD,2005-08-03 21:10:19.000,1.233900,1.234200,D
173946345,EUR/USD,2005-08-03 21:10:20.000,1.233800,1.234100,D
173946351,EUR/USD,2005-08-03 21:10:22.000,1.233900,1.234200,D
173946353,EUR/USD,2005-08-03 21:10:22.000,1.233800,1.234100,D
173946362,EUR/USD,2005-08-03 21:10:23.000,1.233900,1.234200,D
173946382,EUR/USD,2005-08-03 21:10:32.000,1.233800,1.234100,D
173946389,EUR/USD,2005-08-03 21:10:34.000,1.233900,1.234200,D
173946399,EUR/USD,2005-08-03 21:10:37.000,1.234100,1.234400,D
173946426,EUR/USD,2005-08-03 21:10:40.000,1.234000,1.234300,D
173946465,EUR/USD,2005-08-03 21:10:51.000,1.233900,1.234200,D
173946479,EUR/USD,2005-08-03 21:10:57.000,1.233800,1.234100,D
173946508,EUR/USD,2005-08-03 21:11:03.000,1.233900,1.234200,D
173946524,EUR/USD,2005-08-03 21:11:08.000,1.234000,1.234300,D
173946553,EUR/USD,2005-08-03 21:11:21.000,1.234100,1.234400,D
173946556,EUR/USD,2005-08-03 21:11:22.000,1.234200,1.234500,D
173946572,EUR/USD,2005-08-03 21:11:25.000,1.234300,1.234600,D
173946601,EUR/USD,2005-08-03 21:11:33.000,1.234200,1.234500,D
173946616,EUR/USD,2005-08-03 21:11:37.000,1.234300,1.234600,D
173946623,EUR/USD,2005-08-03 21:11:38.000,1.234200,1.234500,D
173946643,EUR/USD,2005-08-03 21:11:47.000,1.234300,1.234600,D
173946651,EUR/USD,2005-08-03 21:11:50.000,1.234200,1.234500,D
173946654,EUR/USD,2005-08-03 21:11:52.000,1.234300,1.234600,D
173946665,EUR/USD,2005-08-03 21:11:56.000,1.234200,1.234500,D
173946669,EUR/USD,2005-08-03 21:11:56.000,1.234300,1.234600,D
173946676,EUR/USD,2005-08-03 21:11:59.000,1.234400,1.234700,D
173946678,EUR/USD,2005-08-03 21:12:00.000,1.234300,1.234600,D
173946697,EUR/USD,2005-08-03 21:12:08.000,1.234200,1.234500,D
173946716,EUR/USD,2005-08-03 21:12:13.000,1.234300,1.234600,D
173946737,EUR/USD,2005-08-03 21:12:29.000,1.234200,1.234500,D
173946746,EUR/USD,2005-08-03 21:12:33.000,1.234300,1.234600,D
173946771,EUR/USD,2005-08-03 21:12:41.000,1.234200,1.234500,D
173946801,EUR/USD,2005-08-03 21:12:53.000,1.234300,1.234600,D
173946818,EUR/USD,2005-08-03 21:12:59.000,1.234200,1.234500,D
173946832,EUR/USD,2005-08-03 21:13:07.000,1.234100,1.234400,D
173946835,EUR/USD,2005-08-03 21:13:07.000,1.234200,1.234500,D
173946856,EUR/USD,2005-08-03 21:13:20.000,1.234100,1.234400,D
173946905,EUR/USD,2005-08-03 21:13:46.000,1.234000,1.234300,D
173946953,EUR/USD,2005-08-03 21:13:55.000,1.233900,1.234200,D
173946996,EUR/USD,2005-08-03 21:14:17.000,1.234000,1.234300,D
173947020,EUR/USD,2005-08-03 21:14:26.000,1.233900,1.234200,D
173947025,EUR/USD,2005-08-03 21:14:27.000,1.234000,1.234300,D
173947054,EUR/USD,2005-08-03 21:14:45.000,1.233900,1.234200,D
173947066,EUR/USD,2005-08-03 21:14:50.000,1.234000,1.234300,D
173947075,EUR/USD,2005-08-03 21:14:51.000,1.234100,1.234400,D
173947077,EUR/USD,2005-08-03 21:14:52.000,1.234000,1.234300,D
173947083,EUR/USD,2005-08-03 21:14:52.000,1.233900,1.234200,D
173947089,EUR/USD,2005-08-03 21:14:53.000,1.234000,1.234300,D
173947134,EUR/USD,2005-08-03 21:15:03.000,1.234100,1.234400,D
173947137,EUR/USD,2005-08-03 21:15:04.000,1.234000,1.234300,D
173947158,EUR/USD,2005-08-03 21:15:07.000,1.234100,1.234400,D
173947177,EUR/USD,2005-08-03 21:15:16.000,1.234200,1.234500,D
173947249,EUR/USD,2005-08-03 21:15:38.000,1.234100,1.234400,D
173947250,EUR/USD,2005-08-03 21:15:39.000,1.234200,1.234500,D
173947268,EUR/USD,2005-08-03 21:15:45.000,1.234300,1.234600,D
173947309,EUR/USD,2005-08-03 21:16:03.000,1.234200,1.234500,D
173947317,EUR/USD,2005-08-03 21:16:06.000,1.234300,1.234600,D
173947337,EUR/USD,2005-08-03 21:16:15.000,1.234400,1.234700,D
173947348,EUR/USD,2005-08-03 21:16:16.000,1.234300,1.234600,D
173947355,EUR/USD,2005-08-03 21:16:17.000,1.234400,1.234700,D
173947387,EUR/USD,2005-08-03 21:16:28.000,1.234500,1.234800,D
173947403,EUR/USD,2005-08-03 21:16:35.000,1.234600,1.234900,D
173947408,EUR/USD,2005-08-03 21:16:36.000,1.234700,1.235000,D
173947451,EUR/USD,2005-08-03 21:16:48.000,1.234600,1.234900,D
173947473,EUR/USD,2005-08-03 21:16:53.000,1.234500,1.234800,D
173947491,EUR/USD,2005-08-03 21:16:56.000,1.234400,1.234700,D
173947502,EUR/USD,2005-08-03 21:16:57.000,1.234500,1.234800,D
173947517,EUR/USD,2005-08-03 21:17:00.000,1.234400,1.234700,D
173947520,EUR/USD,2005-08-03 21:17:00.000,1.234300,1.234600,D
173947523,EUR/USD,2005-08-03 21:17:01.000,1.234400,1.234700,D
173947533,EUR/USD,2005-08-03 21:17:01.000,1.234300,1.234600,D
173947567,EUR/USD,2005-08-03 21:17:08.000,1.234500,1.234700,D
173947572,EUR/USD,2005-08-03 21:17:08.000,1.234500,1.234800,D
173947578,EUR/USD,2005-08-03 21:17:09.000,1.234400,1.234700,D
173947588,EUR/USD,2005-08-03 21:17:11.000,1.234500,1.234800,D
173947592,EUR/USD,2005-08-03 21:17:12.000,1.234600,1.234900,D
173947613,EUR/USD,2005-08-03 21:17:16.000,1.234500,1.234800,D
173947618,EUR/USD,2005-08-03 21:17:17.000,1.234600,1.234900,D
173947621,EUR/USD,2005-08-03 21:17:18.000,1.234500,1.234800,D
173947630,EUR/USD,2005-08-03 21:17:27.000,1.234600,1.234900,D
173947633,EUR/USD,2005-08-03 21:17:28.000,1.234700,1.235000,D
173947637,EUR/USD,2005-08-03 21:17:28.000,1.234600,1.234900,D
173947644,EUR/USD,2005-08-03 21:17:29.000,1.234500,1.234800,D
173947651,EUR/USD,2005-08-03 21:17:31.000,1.234600,1.234900,D
173947661,EUR/USD,2005-08-03 21:17:39.000,1.234500,1.234800,D
173947666,EUR/USD,2005-08-03 21:17:40.000,1.234600,1.234900,D
173947669,EUR/USD,2005-08-03 21:17:44.000,1.234500,1.234800,D
173947675,EUR/USD,2005-08-03 21:17:46.000,1.234600,1.234900,D
173947691,EUR/USD,2005-08-03 21:17:50.000,1.234700,1.235000,D
173947697,EUR/USD,2005-08-03 21:17:52.000,1.234800,1.235100,D
173947704,EUR/USD,2005-08-03 21:17:53.000,1.234900,1.235200,D
173947715,EUR/USD,2005-08-03 21:17:54.000,1.235000,1.235300,D
173947729,EUR/USD,2005-08-03 21:17:55.000,1.235100,1.235400,D
173947737,EUR/USD,2005-08-03 21:17:56.000,1.235400,1.235700,D
173947753,EUR/USD,2005-08-03 21:17:57.000,1.235500,1.235700,D
173947763,EUR/USD,2005-08-03 21:17:57.000,1.235500,1.235800,D
173947767,EUR/USD,2005-08-03 21:17:57.000,1.235600,1.235900,D
173947775,EUR/USD,2005-08-03 21:17:58.000,1.235500,1.235800,D
173947793,EUR/USD,2005-08-03 21:17:58.000,1.235700,1.236000,D
173947814,EUR/USD,2005-08-03 21:18:00.000,1.235800,1.236100,D
173947820,EUR/USD,2005-08-03 21:18:00.000,1.235900,1.236200,D
173947823,EUR/USD,2005-08-03 21:18:00.000,1.236000,1.236300,D
173947838,EUR/USD,2005-08-03 21:18:01.000,1.236200,1.236500,D
173947842,EUR/USD,2005-08-03 21:18:01.000,1.236400,1.236700,D
173947848,EUR/USD,2005-08-03 21:18:01.000,1.236300,1.236600,D
173947856,EUR/USD,2005-08-03 21:18:02.000,1.236200,1.236500,D
173947878,EUR/USD,2005-08-03 21:18:03.000,1.236400,1.236600,D
173947887,EUR/USD,2005-08-03 21:18:03.000,1.236600,1.236900,D
173947895,EUR/USD,2005-08-03 21:18:04.000,1.236300,1.236600,D
173947903,EUR/USD,2005-08-03 21:18:04.000,1.236400,1.236700,D
173947911,EUR/USD,2005-08-03 21:18:05.000,1.236500,1.236800,D
173947914,EUR/USD,2005-08-03 21:18:05.000,1.236600,1.236900,D
173947941,EUR/USD,2005-08-03 21:18:07.000,1.236500,1.236800,D
173947953,EUR/USD,2005-08-03 21:18:08.000,1.236600,1.236900,D
173947961,EUR/USD,2005-08-03 21:18:09.000,1.236700,1.237000,D
173947976,EUR/USD,2005-08-03 21:18:11.000,1.236800,1.237100,D
173947986,EUR/USD,2005-08-03 21:18:12.000,1.236700,1.237000,D
173947995,EUR/USD,2005-08-03 21:18:12.000,1.236600,1.236900,D
173948031,EUR/USD,2005-08-03 21:18:16.000,1.236500,1.236800,D
173948048,EUR/USD,2005-08-03 21:18:17.000,1.236400,1.236700,D
173948051,EUR/USD,2005-08-03 21:18:19.000,1.236300,1.236600,D
173948066,EUR/USD,2005-08-03 21:18:20.000,1.236200,1.236500,D
173948075,EUR/USD,2005-08-03 21:18:21.000,1.236300,1.236600,D
173948083,EUR/USD,2005-08-03 21:18:21.000,1.236200,1.236500,D
173948088,EUR/USD,2005-08-03 21:18:22.000,1.236100,1.236400,D
173948091,EUR/USD,2005-08-03 21:18:22.000,1.236200,1.236500,D
173948099,EUR/USD,2005-08-03 21:18:22.000,1.236100,1.236400,D
173948105,EUR/USD,2005-08-03 21:18:23.000,1.236000,1.236300,D
173948109,EUR/USD,2005-08-03 21:18:23.000,1.235900,1.236200,D
173948113,EUR/USD,2005-08-03 21:18:23.000,1.236000,1.236300,D
173948119,EUR/USD,2005-08-03 21:18:24.000,1.236100,1.236400,D
173948137,EUR/USD,2005-08-03 21:18:25.000,1.236200,1.236500,D
173948144,EUR/USD,2005-08-03 21:18:26.000,1.236100,1.236400,D
173948151,EUR/USD,2005-08-03 21:18:27.000,1.236200,1.236500,D
173948158,EUR/USD,2005-08-03 21:18:27.000,1.236300,1.236600,D
173948164,EUR/USD,2005-08-03 21:18:28.000,1.236200,1.236500,D
173948170,EUR/USD,2005-08-03 21:18:29.000,1.236300,1.236600,D
173948183,EUR/USD,2005-08-03 21:18:32.000,1.236200,1.236500,D
173948187,EUR/USD,2005-08-03 21:18:32.000,1.236300,1.236600,D
173948195,EUR/USD,2005-08-03 21:18:33.000,1.236200,1.236500,D
173948203,EUR/USD,2005-08-03 21:18:34.000,1.236300,1.236600,D
173948219,EUR/USD,2005-08-03 21:18:37.000,1.236400,1.236700,D
173948253,EUR/USD,2005-08-03 21:18:41.000,1.236500,1.236800,D
173948257,EUR/USD,2005-08-03 21:18:41.000,1.236600,1.236900,D
173948274,EUR/USD,2005-08-03 21:18:43.000,1.236500,1.236800,D
173948278,EUR/USD,2005-08-03 21:18:44.000,1.236800,1.236900,D
173948297,EUR/USD,2005-08-03 21:18:45.000,1.236900,1.237200,D
173948324,EUR/USD,2005-08-03 21:18:47.000,1.237000,1.237300,D
173948375,EUR/USD,2005-08-03 21:18:51.000,1.237100,1.237400,D
173948379,EUR/USD,2005-08-03 21:18:51.000,1.237200,1.237500,D
173948403,EUR/USD,2005-08-03 21:18:53.000,1.237100,1.237400,D
173948421,EUR/USD,2005-08-03 21:18:55.000,1.237000,1.237300,D
173948431,EUR/USD,2005-08-03 21:18:56.000,1.236900,1.237200,D
173948443,EUR/USD,2005-08-03 21:18:57.000,1.236800,1.237100,D
173948467,EUR/USD,2005-08-03 21:19:00.000,1.236700,1.237000,D
173948503,EUR/USD,2005-08-03 21:19:05.000,1.236800,1.237100,D
173948505,EUR/USD,2005-08-03 21:19:05.000,1.236900,1.237200,D
173948534,EUR/USD,2005-08-03 21:19:11.000,1.236800,1.237100,D
173948540,EUR/USD,2005-08-03 21:19:13.000,1.236900,1.237200,D
173948543,EUR/USD,2005-08-03 21:19:13.000,1.236800,1.237100,D
173948550,EUR/USD,2005-08-03 21:19:14.000,1.236900,1.237200,D
173948573,EUR/USD,2005-08-03 21:19:19.000,1.236800,1.237100,D
173948582,EUR/USD,2005-08-03 21:19:20.000,1.236700,1.237000,D
173948593,EUR/USD,2005-08-03 21:19:22.000,1.236900,1.237200,D
173948624,EUR/USD,2005-08-03 21:19:26.000,1.237000,1.237300,D
173948658,EUR/USD,2005-08-03 21:19:31.000,1.237100,1.237400,D
173948671,EUR/USD,2005-08-03 21:19:32.000,1.237000,1.237300,D
173948683,EUR/USD,2005-08-03 21:19:33.000,1.237100,1.237400,D
173948695,EUR/USD,2005-08-03 21:19:35.000,1.237200,1.237500,D
173948701,EUR/USD,2005-08-03 21:19:35.000,1.237300,1.237600,D
173948709,EUR/USD,2005-08-03 21:19:35.000,1.237200,1.237500,D
173948712,EUR/USD,2005-08-03 21:19:36.000,1.237100,1.237400,D
173948717,EUR/USD,2005-08-03 21:19:36.000,1.237200,1.237500,D
173948725,EUR/USD,2005-08-03 21:19:36.000,1.237300,1.237600,D
173948738,EUR/USD,2005-08-03 21:19:37.000,1.237400,1.237700,D
173948766,EUR/USD,2005-08-03 21:19:39.000,1.237300,1.237600,D
173948774,EUR/USD,2005-08-03 21:19:39.000,1.237400,1.237700,D
173948793,EUR/USD,2005-08-03 21:19:41.000,1.237300,1.237600,D
173948804,EUR/USD,2005-08-03 21:19:42.000,1.237400,1.237700,D
173948816,EUR/USD,2005-08-03 21:19:44.000,1.237200,1.237500,D
173948827,EUR/USD,2005-08-03 21:19:45.000,1.237100,1.237400,D
173948857,EUR/USD,2005-08-03 21:19:48.000,1.237200,1.237500,D
173948907,EUR/USD,2005-08-03 21:19:52.000,1.237300,1.237600,D
173948919,EUR/USD,2005-08-03 21:19:52.000,1.237200,1.237500,D
173948923,EUR/USD,2005-08-03 21:19:53.000,1.237100,1.237400,D
173948938,EUR/USD,2005-08-03 21:19:56.000,1.237000,1.237300,D
173948941,EUR/USD,2005-08-03 21:19:57.000,1.237100,1.237400,D
173948943,EUR/USD,2005-08-03 21:19:59.000,1.237000,1.237300,D
173948951,EUR/USD,2005-08-03 21:20:02.000,1.236900,1.237200,D
173948970,EUR/USD,2005-08-03 21:20:06.000,1.236800,1.237100,D
173949004,EUR/USD,2005-08-03 21:20:13.000,1.236900,1.237200,D
173949013,EUR/USD,2005-08-03 21:20:15.000,1.236800,1.237100,D
173949028,EUR/USD,2005-08-03 21:20:17.000,1.236700,1.237000,D
173949059,EUR/USD,2005-08-03 21:20:22.000,1.236600,1.236900,D
173949072,EUR/USD,2005-08-03 21:20:25.000,1.236700,1.237000,D
173949090,EUR/USD,2005-08-03 21:20:29.000,1.236600,1.236900,D
173949092,EUR/USD,2005-08-03 21:20:31.000,1.236700,1.237000,D
173949093,EUR/USD,2005-08-03 21:20:31.000,1.236800,1.237100,D
173949100,EUR/USD,2005-08-03 21:20:32.000,1.236700,1.237000,D
173949114,EUR/USD,2005-08-03 21:20:36.000,1.236800,1.237100,D
173949117,EUR/USD,2005-08-03 21:20:38.000,1.236700,1.237000,D
173949121,EUR/USD,2005-08-03 21:20:40.000,1.236600,1.236900,D
173949140,EUR/USD,2005-08-03 21:20:44.000,1.236500,1.236800,D
173949146,EUR/USD,2005-08-03 21:20:46.000,1.236600,1.236900,D
173949162,EUR/USD,2005-08-03 21:20:48.000,1.236500,1.236800,D
173949198,EUR/USD,2005-08-03 21:20:57.000,1.236600,1.236900,D
173949205,EUR/USD,2005-08-03 21:20:58.000,1.236500,1.236800,D
173949214,EUR/USD,2005-08-03 21:20:59.000,1.236600,1.236900,D
173949221,EUR/USD,2005-08-03 21:21:01.000,1.236500,1.236800,D
173949240,EUR/USD,2005-08-03 21:21:04.000,1.236400,1.236700,D
173949279,EUR/USD,2005-08-03 21:21:09.000,1.236500,1.236800,D
173949306,EUR/USD,2005-08-03 21:21:13.000,1.236600,1.236900,D
173949313,EUR/USD,2005-08-03 21:21:14.000,1.236700,1.237000,D
173949334,EUR/USD,2005-08-03 21:21:18.000,1.236600,1.236900,D
173949341,EUR/USD,2005-08-03 21:21:21.000,1.236700,1.237000,D
173949347,EUR/USD,2005-08-03 21:21:22.000,1.236800,1.237100,D
173949348,EUR/USD,2005-08-03 21:21:22.000,1.236700,1.237000,D
173949357,EUR/USD,2005-08-03 21:21:23.000,1.236600,1.236900,D
173949365,EUR/USD,2005-08-03 21:21:25.000,1.236700,1.237000,D
173949380,EUR/USD,2005-08-03 21:21:28.000,1.236800,1.237100,D
173949388,EUR/USD,2005-08-03 21:21:29.000,1.236900,1.237200,D
173949392,EUR/USD,2005-08-03 21:21:30.000,1.236800,1.237100,D
173949396,EUR/USD,2005-08-03 21:21:32.000,1.236900,1.237200,D
173949415,EUR/USD,2005-08-03 21:21:36.000,1.236800,1.237100,D
173949427,EUR/USD,2005-08-03 21:21:40.000,1.236900,1.237200,D
173949440,EUR/USD,2005-08-03 21:21:41.000,1.236800,1.237100,D
173949451,EUR/USD,2005-08-03 21:21:42.000,1.236900,1.237200,D
173949472,EUR/USD,2005-08-03 21:21:44.000,1.236800,1.237100,D
173949484,EUR/USD,2005-08-03 21:21:46.000,1.236700,1.237000,D
173949485,EUR/USD,2005-08-03 21:21:46.000,1.236800,1.237100,D
173949508,EUR/USD,2005-08-03 21:21:50.000,1.236700,1.237000,D
173949514,EUR/USD,2005-08-03 21:21:53.000,1.236800,1.237100,D
173949528,EUR/USD,2005-08-03 21:21:55.000,1.236700,1.237000,D
173949534,EUR/USD,2005-08-03 21:21:56.000,1.236800,1.237100,D
173949561,EUR/USD,2005-08-03 21:22:00.000,1.236700,1.237000,D
173949572,EUR/USD,2005-08-03 21:22:06.000,1.236800,1.237100,D
173949595,EUR/USD,2005-08-03 21:22:09.000,1.236700,1.237000,D
173949601,EUR/USD,2005-08-03 21:22:10.000,1.236600,1.236900,D
173949632,EUR/USD,2005-08-03 21:22:14.000,1.236500,1.236800,D
173949641,EUR/USD,2005-08-03 21:22:17.000,1.236400,1.236700,D
173949651,EUR/USD,2005-08-03 21:22:20.000,1.236500,1.236800,D
173949683,EUR/USD,2005-08-03 21:22:26.000,1.236600,1.236900,D
173949700,EUR/USD,2005-08-03 21:22:30.000,1.236700,1.237000,D
173949712,EUR/USD,2005-08-03 21:22:34.000,1.236600,1.236900,D
173949721,EUR/USD,2005-08-03 21:22:36.000,1.236700,1.237000,D
173949730,EUR/USD,2005-08-03 21:22:41.000,1.236600,1.236900,D
173949737,EUR/USD,2005-08-03 21:22:43.000,1.236500,1.236800,D
173949744,EUR/USD,2005-08-03 21:22:47.000,1.236400,1.236700,D
173949766,EUR/USD,2005-08-03 21:22:52.000,1.236300,1.236600,D
173949778,EUR/USD,2005-08-03 21:22:54.000,1.236400,1.236700,D
173949800,EUR/USD,2005-08-03 21:22:58.000,1.236500,1.236800,D
173949818,EUR/USD,2005-08-03 21:23:05.000,1.236600,1.236900,D
173949870,EUR/USD,2005-08-03 21:23:22.000,1.236700,1.237000,D
173949927,EUR/USD,2005-08-03 21:23:38.000,1.236800,1.237100,D
173949933,EUR/USD,2005-08-03 21:23:39.000,1.236900,1.237200,D
173949941,EUR/USD,2005-08-03 21:23:41.000,1.237000,1.237300,D
173949942,EUR/USD,2005-08-03 21:23:41.000,1.236900,1.237200,D
173949950,EUR/USD,2005-08-03 21:23:42.000,1.237000,1.237300,D
173949957,EUR/USD,2005-08-03 21:23:42.000,1.237100,1.237400,D
173949992,EUR/USD,2005-08-03 21:23:50.000,1.237200,1.237500,D
173950008,EUR/USD,2005-08-03 21:23:54.000,1.237300,1.237600,D
173950034,EUR/USD,2005-08-03 21:23:58.000,1.237400,1.237700,D
173950053,EUR/USD,2005-08-03 21:24:00.000,1.237600,1.237900,D
173950063,EUR/USD,2005-08-03 21:24:01.000,1.237700,1.238000,D
173950084,EUR/USD,2005-08-03 21:24:04.000,1.237800,1.238100,D
173950103,EUR/USD,2005-08-03 21:24:06.000,1.237900,1.238200,D
173950110,EUR/USD,2005-08-03 21:24:06.000,1.238000,1.238300,D
173950113,EUR/USD,2005-08-03 21:24:07.000,1.238100,1.238400,D
173950123,EUR/USD,2005-08-03 21:24:07.000,1.238000,1.238300,D
173950128,EUR/USD,2005-08-03 21:24:07.000,1.238100,1.238400,D
173950133,EUR/USD,2005-08-03 21:24:08.000,1.238200,1.238500,D
173950144,EUR/USD,2005-08-03 21:24:10.000,1.238000,1.238300,D
173950148,EUR/USD,2005-08-03 21:24:10.000,1.238100,1.238400,D
173950159,EUR/USD,2005-08-03 21:24:11.000,1.238000,1.238300,D
173950182,EUR/USD,2005-08-03 21:24:13.000,1.237900,1.238200,D
173950202,EUR/USD,2005-08-03 21:24:14.000,1.238000,1.238300,D
173950236,EUR/USD,2005-08-03 21:24:17.000,1.237900,1.238200,D
173950258,EUR/USD,2005-08-03 21:24:20.000,1.237800,1.238100,D
173950260,EUR/USD,2005-08-03 21:24:21.000,1.237900,1.238200,D
173950267,EUR/USD,2005-08-03 21:24:22.000,1.237800,1.238100,D
173950285,EUR/USD,2005-08-03 21:24:25.000,1.237900,1.238200,D
173950286,EUR/USD,2005-08-03 21:24:26.000,1.237800,1.238100,D
173950297,EUR/USD,2005-08-03 21:24:28.000,1.237900,1.238200,D
173950302,EUR/USD,2005-08-03 21:24:28.000,1.238100,1.238400,D
173950310,EUR/USD,2005-08-03 21:24:29.000,1.238000,1.238300,D
173950312,EUR/USD,2005-08-03 21:24:29.000,1.237900,1.238200,D
173950320,EUR/USD,2005-08-03 21:24:30.000,1.238000,1.238300,D
173950326,EUR/USD,2005-08-03 21:24:31.000,1.238100,1.238400,D
173950330,EUR/USD,2005-08-03 21:24:31.000,1.238200,1.238500,D
173950335,EUR/USD,2005-08-03 21:24:31.000,1.238300,1.238600,D
173950345,EUR/USD,2005-08-03 21:24:32.000,1.238200,1.238500,D
173950348,EUR/USD,2005-08-03 21:24:32.000,1.238300,1.238600,D
173950356,EUR/USD,2005-08-03 21:24:33.000,1.238200,1.238500,D
173950358,EUR/USD,2005-08-03 21:24:33.000,1.238100,1.238400,D
173950387,EUR/USD,2005-08-03 21:24:36.000,1.238200,1.238500,D
173950400,EUR/USD,2005-08-03 21:24:37.000,1.238300,1.238600,D
173950405,EUR/USD,2005-08-03 21:24:37.000,1.238200,1.238500,D
173950416,EUR/USD,2005-08-03 21:24:38.000,1.238100,1.238400,D
173950426,EUR/USD,2005-08-03 21:24:40.000,1.238200,1.238500,D
173950429,EUR/USD,2005-08-03 21:24:41.000,1.238100,1.238400,D
173950437,EUR/USD,2005-08-03 21:24:42.000,1.238200,1.238500,D
173950448,EUR/USD,2005-08-03 21:24:42.000,1.238100,1.238400,D
173950454,EUR/USD,2005-08-03 21:24:43.000,1.238000,1.238300,D
173950457,EUR/USD,2005-08-03 21:24:44.000,1.238100,1.238400,D
173950462,EUR/USD,2005-08-03 21:24:45.000,1.238000,1.238300,D
173950470,EUR/USD,2005-08-03 21:24:46.000,1.237900,1.238200,D
173950482,EUR/USD,2005-08-03 21:24:49.000,1.237800,1.238100,D
173950490,EUR/USD,2005-08-03 21:24:51.000,1.237700,1.238000,D
173950492,EUR/USD,2005-08-03 21:24:53.000,1.237800,1.238100,D
173950500,EUR/USD,2005-08-03 21:24:54.000,1.237700,1.238000,D
173950520,EUR/USD,2005-08-03 21:25:00.000,1.237600,1.237900,D
173950552,EUR/USD,2005-08-03 21:25:21.000,1.237500,1.237800,D
173950553,EUR/USD,2005-08-03 21:25:21.000,1.237400,1.237700,D
173950571,EUR/USD,2005-08-03 21:25:23.000,1.237500,1.237800,D
173950575,EUR/USD,2005-08-03 21:25:25.000,1.237400,1.237700,D
173950585,EUR/USD,2005-08-03 21:25:26.000,1.237500,1.237800,D
173950605,EUR/USD,2005-08-03 21:25:30.000,1.237400,1.237700,D
173950607,EUR/USD,2005-08-03 21:25:30.000,1.237500,1.237800,D
173950613,EUR/USD,2005-08-03 21:25:32.000,1.237400,1.237700,D
173950617,EUR/USD,2005-08-03 21:25:33.000,1.237500,1.237800,D
173950633,EUR/USD,2005-08-03 21:25:37.000,1.237600,1.237900,D
173950649,EUR/USD,2005-08-03 21:25:39.000,1.237500,1.237800,D
173950657,EUR/USD,2005-08-03 21:25:40.000,1.237600,1.237900,D
173950672,EUR/USD,2005-08-03 21:25:46.000,1.237700,1.238000,D
173950711,EUR/USD,2005-08-03 21:25:54.000,1.237600,1.237900,D
173950730,EUR/USD,2005-08-03 21:25:59.000,1.237500,1.237800,D
173950735,EUR/USD,2005-08-03 21:25:59.000,1.237400,1.237700,D
173950764,EUR/USD,2005-08-03 21:26:03.000,1.237300,1.237600,D
173950770,EUR/USD,2005-08-03 21:26:04.000,1.237400,1.237700,D
173950785,EUR/USD,2005-08-03 21:26:06.000,1.237500,1.237800,D
173950800,EUR/USD,2005-08-03 21:26:09.000,1.237600,1.237900,D
173950807,EUR/USD,2005-08-03 21:26:10.000,1.237500,1.237800,D
173950811,EUR/USD,2005-08-03 21:26:10.000,1.237400,1.237700,D
173950824,EUR/USD,2005-08-03 21:26:15.000,1.237500,1.237800,D
173950830,EUR/USD,2005-08-03 21:26:16.000,1.237600,1.237900,D
173950831,EUR/USD,2005-08-03 21:26:16.000,1.237500,1.237800,D
173950843,EUR/USD,2005-08-03 21:26:18.000,1.237600,1.237900,D
173950845,EUR/USD,2005-08-03 21:26:18.000,1.237500,1.237800,D
173950868,EUR/USD,2005-08-03 21:26:22.000,1.237600,1.237900,D
173950898,EUR/USD,2005-08-03 21:26:31.000,1.237500,1.237800,D
173950902,EUR/USD,2005-08-03 21:26:31.000,1.237400,1.237700,D
173950924,EUR/USD,2005-08-03 21:26:40.000,1.237300,1.237600,D
173950946,EUR/USD,2005-08-03 21:26:47.000,1.237200,1.237500,D
173950959,EUR/USD,2005-08-03 21:26:50.000,1.237300,1.237600,D
173950983,EUR/USD,2005-08-03 21:26:56.000,1.237400,1.237700,D
173950992,EUR/USD,2005-08-03 21:26:58.000,1.237300,1.237600,D
173951006,EUR/USD,2005-08-03 21:26:59.000,1.237400,1.237700,D
173951008,EUR/USD,2005-08-03 21:27:00.000,1.237500,1.237800,D
173951029,EUR/USD,2005-08-03 21:27:03.000,1.237400,1.237700,D
173951049,EUR/USD,2005-08-03 21:27:10.000,1.237300,1.237600,D
173951059,EUR/USD,2005-08-03 21:27:15.000,1.237400,1.237700,D
173951061,EUR/USD,2005-08-03 21:27:15.000,1.237300,1.237600,D
173951108,EUR/USD,2005-08-03 21:27:49.000,1.237400,1.237700,D
173951116,EUR/USD,2005-08-03 21:27:53.000,1.237500,1.237800,D
173951124,EUR/USD,2005-08-03 21:27:55.000,1.237400,1.237700,D
173951128,EUR/USD,2005-08-03 21:27:55.000,1.237500,1.237800,D
173951147,EUR/USD,2005-08-03 21:27:58.000,1.237600,1.237900,D
173951169,EUR/USD,2005-08-03 21:28:00.000,1.237700,1.238000,D
173951248,EUR/USD,2005-08-03 21:28:10.000,1.237600,1.237900,D
173951262,EUR/USD,2005-08-03 21:28:12.000,1.237700,1.238000,D
173951269,EUR/USD,2005-08-03 21:28:12.000,1.237600,1.237900,D
173951283,EUR/USD,2005-08-03 21:28:14.000,1.237500,1.237800,D
173951295,EUR/USD,2005-08-03 21:28:17.000,1.237600,1.237900,D
173951318,EUR/USD,2005-08-03 21:28:23.000,1.237700,1.238000,D
173951322,EUR/USD,2005-08-03 21:28:24.000,1.237600,1.237900,D
173951342,EUR/USD,2005-08-03 21:28:27.000,1.237500,1.237800,D
173951348,EUR/USD,2005-08-03 21:28:28.000,1.237600,1.237900,D
173951371,EUR/USD,2005-08-03 21:28:37.000,1.237500,1.237800,D
173951375,EUR/USD,2005-08-03 21:28:39.000,1.237600,1.237900,D
173951385,EUR/USD,2005-08-03 21:28:41.000,1.237500,1.237800,D
173951414,EUR/USD,2005-08-03 21:28:49.000,1.237400,1.237700,D
173951421,EUR/USD,2005-08-03 21:28:50.000,1.237300,1.237600,D
173951441,EUR/USD,2005-08-03 21:28:56.000,1.237200,1.237500,D
173951447,EUR/USD,2005-08-03 21:28:57.000,1.237100,1.237400,D
173951464,EUR/USD,2005-08-03 21:29:02.000,1.237200,1.237500,D
173951469,EUR/USD,2005-08-03 21:29:03.000,1.237100,1.237400,D
173951491,EUR/USD,2005-08-03 21:29:06.000,1.237000,1.237300,D
173951500,EUR/USD,2005-08-03 21:29:08.000,1.236900,1.237200,D
173951502,EUR/USD,2005-08-03 21:29:09.000,1.236800,1.237100,D
173951514,EUR/USD,2005-08-03 21:29:11.000,1.236700,1.237000,D
173951519,EUR/USD,2005-08-03 21:29:11.000,1.236800,1.237100,D
173951534,EUR/USD,2005-08-03 21:29:14.000,1.236700,1.237000,D
173951539,EUR/USD,2005-08-03 21:29:16.000,1.236800,1.237100,D
173951544,EUR/USD,2005-08-03 21:29:16.000,1.236700,1.237000,D
173951549,EUR/USD,2005-08-03 21:29:17.000,1.236800,1.237100,D
173951573,EUR/USD,2005-08-03 21:29:22.000,1.236700,1.237000,D
173951585,EUR/USD,2005-08-03 21:29:25.000,1.236600,1.236900,D
173951613,EUR/USD,2005-08-03 21:29:36.000,1.236700,1.237000,D
173951619,EUR/USD,2005-08-03 21:29:38.000,1.236800,1.237100,D
173951623,EUR/USD,2005-08-03 21:29:38.000,1.236700,1.237000,D
173951640,EUR/USD,2005-08-03 21:29:42.000,1.236800,1.237100,D
173951684,EUR/USD,2005-08-03 21:29:53.000,1.236700,1.237000,D
173951690,EUR/USD,2005-08-03 21:29:54.000,1.236800,1.237100,D
173951692,EUR/USD,2005-08-03 21:29:55.000,1.236900,1.237200,D
173951715,EUR/USD,2005-08-03 21:29:57.000,1.236800,1.237100,D
173951734,EUR/USD,2005-08-03 21:30:05.000,1.236900,1.237200,D
173951747,EUR/USD,2005-08-03 21:30:06.000,1.237000,1.237300,D
173951751,EUR/USD,2005-08-03 21:30:07.000,1.236900,1.237200,D
173951791,EUR/USD,2005-08-03 21:30:26.000,1.237000,1.237300,D
173951799,EUR/USD,2005-08-03 21:30:28.000,1.237100,1.237400,D
173951803,EUR/USD,2005-08-03 21:30:28.000,1.237000,1.237300,D
173951812,EUR/USD,2005-08-03 21:30:31.000,1.236900,1.237200,D
173951815,EUR/USD,2005-08-03 21:30:31.000,1.237000,1.237300,D
173951824,EUR/USD,2005-08-03 21:30:32.000,1.236900,1.237200,D
173951825,EUR/USD,2005-08-03 21:30:32.000,1.237000,1.237300,D
173951828,EUR/USD,2005-08-03 21:30:33.000,1.236900,1.237200,D
173951832,EUR/USD,2005-08-03 21:30:33.000,1.237000,1.237300,D
173951837,EUR/USD,2005-08-03 21:30:36.000,1.236900,1.237200,D
173951852,EUR/USD,2005-08-03 21:30:45.000,1.237000,1.237300,D
173951859,EUR/USD,2005-08-03 21:30:48.000,1.236900,1.237200,D
173951884,EUR/USD,2005-08-03 21:31:12.000,1.237000,1.237300,D
173951899,EUR/USD,2005-08-03 21:31:15.000,1.236900,1.237200,D
173951904,EUR/USD,2005-08-03 21:31:15.000,1.236800,1.237100,D
173951926,EUR/USD,2005-08-03 21:31:19.000,1.236700,1.237000,D
173951934,EUR/USD,2005-08-03 21:31:20.000,1.236800,1.237100,D
173951951,EUR/USD,2005-08-03 21:31:29.000,1.236700,1.237000,D
173951963,EUR/USD,2005-08-03 21:31:33.000,1.236800,1.237100,D
173952064,EUR/USD,2005-08-03 21:32:17.000,1.236900,1.237200,D
173952065,EUR/USD,2005-08-03 21:32:18.000,1.236800,1.237100,D
173952101,EUR/USD,2005-08-03 21:32:34.000,1.236700,1.237000,D
173952111,EUR/USD,2005-08-03 21:32:38.000,1.236800,1.237100,D
173952114,EUR/USD,2005-08-03 21:32:41.000,1.236700,1.237000,D
173952122,EUR/USD,2005-08-03 21:32:42.000,1.236800,1.237100,D
173952174,EUR/USD,2005-08-03 21:33:23.000,1.236700,1.237000,D
173952183,EUR/USD,2005-08-03 21:33:36.000,1.236800,1.237100,D
173952188,EUR/USD,2005-08-03 21:33:39.000,1.236700,1.237000,D
173952211,EUR/USD,2005-08-03 21:33:53.000,1.236600,1.236900,D
173952219,EUR/USD,2005-08-03 21:33:55.000,1.236500,1.236800,D
173952257,EUR/USD,2005-08-03 21:34:16.000,1.236400,1.236700,D
173952318,EUR/USD,2005-08-03 21:34:41.000,1.236500,1.236800,D
173952327,EUR/USD,2005-08-03 21:34:44.000,1.236400,1.236700,D
173952342,EUR/USD,2005-08-03 21:34:47.000,1.236500,1.236800,D
173952349,EUR/USD,2005-08-03 21:34:48.000,1.236400,1.236700,D
173952359,EUR/USD,2005-08-03 21:34:50.000,1.236500,1.236800,D
173952373,EUR/USD,2005-08-03 21:34:56.000,1.236400,1.236700,D
173952382,EUR/USD,2005-08-03 21:34:57.000,1.236500,1.236800,D
173952412,EUR/USD,2005-08-03 21:35:05.000,1.236400,1.236700,D
173952446,EUR/USD,2005-08-03 21:35:20.000,1.236500,1.236800,D
173952480,EUR/USD,2005-08-03 21:35:33.000,1.236400,1.236700,D
173952499,EUR/USD,2005-08-03 21:35:48.000,1.236500,1.236800,D
173952501,EUR/USD,2005-08-03 21:35:52.000,1.236400,1.236700,D
173952502,EUR/USD,2005-08-03 21:35:53.000,1.236300,1.236600,D
173952510,EUR/USD,2005-08-03 21:35:59.000,1.236400,1.236700,D
173952528,EUR/USD,2005-08-03 21:36:05.000,1.236300,1.236600,D
173952536,EUR/USD,2005-08-03 21:36:12.000,1.236400,1.236700,D
173952539,EUR/USD,2005-08-03 21:36:15.000,1.236300,1.236600,D
173952547,EUR/USD,2005-08-03 21:36:25.000,1.236400,1.236700,D
173952550,EUR/USD,2005-08-03 21:36:27.000,1.236300,1.236600,D
173952556,EUR/USD,2005-08-03 21:36:28.000,1.236400,1.236700,D
173952565,EUR/USD,2005-08-03 21:36:30.000,1.236300,1.236600,D
173952571,EUR/USD,2005-08-03 21:36:34.000,1.236400,1.236700,D
173952581,EUR/USD,2005-08-03 21:36:38.000,1.236300,1.236600,D
173952587,EUR/USD,2005-08-03 21:36:40.000,1.236400,1.236700,D
173952593,EUR/USD,2005-08-03 21:36:43.000,1.236300,1.236600,D
173952598,EUR/USD,2005-08-03 21:36:45.000,1.236400,1.236700,D
173952603,EUR/USD,2005-08-03 21:36:48.000,1.236300,1.236600,D
173952611,EUR/USD,2005-08-03 21:36:50.000,1.236400,1.236700,D
173952618,EUR/USD,2005-08-03 21:36:55.000,1.236300,1.236600,D
173952627,EUR/USD,2005-08-03 21:36:58.000,1.236400,1.236700,D
173952630,EUR/USD,2005-08-03 21:36:59.000,1.236300,1.236600,D
173952670,EUR/USD,2005-08-03 21:37:21.000,1.236200,1.236500,D
173952681,EUR/USD,2005-08-03 21:37:24.000,1.236300,1.236600,D
173952696,EUR/USD,2005-08-03 21:37:26.000,1.236200,1.236500,D
173952716,EUR/USD,2005-08-03 21:37:34.000,1.236100,1.236400,D
173952724,EUR/USD,2005-08-03 21:37:36.000,1.236200,1.236500,D
173952734,EUR/USD,2005-08-03 21:37:39.000,1.236100,1.236400,D
173952738,EUR/USD,2005-08-03 21:37:39.000,1.236200,1.236500,D
173952748,EUR/USD,2005-08-03 21:37:42.000,1.236100,1.236400,D
173952752,EUR/USD,2005-08-03 21:37:43.000,1.236200,1.236500,D
173952786,EUR/USD,2005-08-03 21:38:03.000,1.236100,1.236400,D
173952791,EUR/USD,2005-08-03 21:38:04.000,1.236000,1.236300,D
173952807,EUR/USD,2005-08-03 21:38:08.000,1.236100,1.236400,D
173952811,EUR/USD,2005-08-03 21:38:08.000,1.236000,1.236300,D
173952876,EUR/USD,2005-08-03 21:38:26.000,1.236100,1.236400,D
173952894,EUR/USD,2005-08-03 21:38:29.000,1.236000,1.236300,D
173952946,EUR/USD,2005-08-03 21:38:45.000,1.235900,1.236200,D
173952965,EUR/USD,2005-08-03 21:38:48.000,1.235800,1.236100,D
173952973,EUR/USD,2005-08-03 21:38:51.000,1.235700,1.236000,D
173953005,EUR/USD,2005-08-03 21:38:58.000,1.235600,1.235900,D
173953055,EUR/USD,2005-08-03 21:39:06.000,1.235500,1.235800,D
173953082,EUR/USD,2005-08-03 21:39:12.000,1.235600,1.235900,D
173953094,EUR/USD,2005-08-03 21:39:13.000,1.235700,1.236000,D
173953122,EUR/USD,2005-08-03 21:39:17.000,1.235600,1.235900,D
173953153,EUR/USD,2005-08-03 21:39:22.000,1.235500,1.235800,D
173953156,EUR/USD,2005-08-03 21:39:23.000,1.235400,1.235700,D
173953166,EUR/USD,2005-08-03 21:39:24.000,1.235500,1.235800,D
173953183,EUR/USD,2005-08-03 21:39:27.000,1.235400,1.235700,D
173953238,EUR/USD,2005-08-03 21:39:38.000,1.235300,1.235600,D
173953252,EUR/USD,2005-08-03 21:39:41.000,1.235400,1.235700,D
173953292,EUR/USD,2005-08-03 21:39:50.000,1.235300,1.235600,D
173953312,EUR/USD,2005-08-03 21:39:56.000,1.235400,1.235700,D
173953330,EUR/USD,2005-08-03 21:39:58.000,1.235300,1.235600,D
173953379,EUR/USD,2005-08-03 21:40:08.000,1.235400,1.235700,D
173953389,EUR/USD,2005-08-03 21:40:10.000,1.235300,1.235600,D
173953393,EUR/USD,2005-08-03 21:40:10.000,1.235400,1.235700,D
173953410,EUR/USD,2005-08-03 21:40:15.000,1.235300,1.235600,D
173953416,EUR/USD,2005-08-03 21:40:17.000,1.235400,1.235700,D
173953468,EUR/USD,2005-08-03 21:40:28.000,1.235500,1.235800,D
173953475,EUR/USD,2005-08-03 21:40:29.000,1.235400,1.235700,D
173953499,EUR/USD,2005-08-03 21:40:35.000,1.235500,1.235800,D
173953527,EUR/USD,2005-08-03 21:40:39.000,1.235400,1.235700,D
173953539,EUR/USD,2005-08-03 21:40:40.000,1.235500,1.235800,D
173953558,EUR/USD,2005-08-03 21:40:45.000,1.235400,1.235700,D
173953562,EUR/USD,2005-08-03 21:40:45.000,1.235500,1.235800,D
173953624,EUR/USD,2005-08-03 21:40:56.000,1.235400,1.235700,D
173953629,EUR/USD,2005-08-03 21:40:57.000,1.235500,1.235800,D
173953663,EUR/USD,2005-08-03 21:41:02.000,1.235400,1.235700,D
173953670,EUR/USD,2005-08-03 21:41:02.000,1.235500,1.235800,D
173953728,EUR/USD,2005-08-03 21:41:18.000,1.235400,1.235700,D
173953733,EUR/USD,2005-08-03 21:41:19.000,1.235500,1.235800,D
173953759,EUR/USD,2005-08-03 21:41:27.000,1.235400,1.235700,D
173953798,EUR/USD,2005-08-03 21:41:33.000,1.235300,1.235600,D
173953808,EUR/USD,2005-08-03 21:41:36.000,1.235200,1.235500,D
173953819,EUR/USD,2005-08-03 21:41:37.000,1.235300,1.235600,D
173953878,EUR/USD,2005-08-03 21:41:47.000,1.235400,1.235700,D
173953936,EUR/USD,2005-08-03 21:42:07.000,1.235300,1.235600,D
173954017,EUR/USD,2005-08-03 21:42:59.000,1.235200,1.235500,D
173954019,EUR/USD,2005-08-03 21:42:59.000,1.235300,1.235600,D
173954038,EUR/USD,2005-08-03 21:43:08.000,1.235200,1.235500,D
173954047,EUR/USD,2005-08-03 21:43:11.000,1.235100,1.235400,D
173954059,EUR/USD,2005-08-03 21:43:12.000,1.235200,1.235500,D
173954073,EUR/USD,2005-08-03 21:43:18.000,1.235100,1.235400,D
173954080,EUR/USD,2005-08-03 21:43:24.000,1.235000,1.235300,D
173954088,EUR/USD,2005-08-03 21:43:26.000,1.235100,1.235400,D
173954104,EUR/USD,2005-08-03 21:43:28.000,1.235000,1.235300,D
173954119,EUR/USD,2005-08-03 21:43:31.000,1.234900,1.235200,D
173954156,EUR/USD,2005-08-03 21:43:38.000,1.235000,1.235300,D
173954188,EUR/USD,2005-08-03 21:43:46.000,1.235100,1.235400,D
173954200,EUR/USD,2005-08-03 21:43:47.000,1.235200,1.235500,D
173954204,EUR/USD,2005-08-03 21:43:47.000,1.235100,1.235400,D
173954218,EUR/USD,2005-08-03 21:43:49.000,1.235200,1.235500,D
173954225,EUR/USD,2005-08-03 21:43:49.000,1.235100,1.235400,D
173954227,EUR/USD,2005-08-03 21:43:50.000,1.235200,1.235500,D
173954267,EUR/USD,2005-08-03 21:43:56.000,1.235300,1.235600,D
173954274,EUR/USD,2005-08-03 21:43:57.000,1.235200,1.235500,D
173954285,EUR/USD,2005-08-03 21:43:59.000,1.235300,1.235600,D
173954303,EUR/USD,2005-08-03 21:44:03.000,1.235200,1.235500,D
173954327,EUR/USD,2005-08-03 21:44:11.000,1.235300,1.235600,D
173954351,EUR/USD,2005-08-03 21:44:16.000,1.235200,1.235500,D
173954361,EUR/USD,2005-08-03 21:44:17.000,1.235300,1.235600,D
173954378,EUR/USD,2005-08-03 21:44:19.000,1.235200,1.235500,D
173954388,EUR/USD,2005-08-03 21:44:21.000,1.235300,1.235600,D
173954434,EUR/USD,2005-08-03 21:44:41.000,1.235400,1.235700,D
173954453,EUR/USD,2005-08-03 21:44:52.000,1.235300,1.235600,D
173954459,EUR/USD,2005-08-03 21:44:52.000,1.235400,1.235700,D
173954486,EUR/USD,2005-08-03 21:45:10.000,1.235500,1.235800,D
173954489,EUR/USD,2005-08-03 21:45:11.000,1.235700,1.236000,D
173954496,EUR/USD,2005-08-03 21:45:11.000,1.235600,1.235900,D
173954499,EUR/USD,2005-08-03 21:45:11.000,1.235500,1.235800,D
173954502,EUR/USD,2005-08-03 21:45:11.000,1.235600,1.235900,D
173954512,EUR/USD,2005-08-03 21:45:13.000,1.235500,1.235800,D
173954515,EUR/USD,2005-08-03 21:45:14.000,1.235400,1.235700,D
173954522,EUR/USD,2005-08-03 21:45:16.000,1.235500,1.235800,D
173954557,EUR/USD,2005-08-03 21:45:27.000,1.235400,1.235700,D
173954596,EUR/USD,2005-08-03 21:45:42.000,1.235300,1.235600,D
173954623,EUR/USD,2005-08-03 21:45:45.000,1.235200,1.235500,D
173954686,EUR/USD,2005-08-03 21:46:06.000,1.235300,1.235600,D
173954755,EUR/USD,2005-08-03 21:46:24.000,1.235200,1.235500,D
173954795,EUR/USD,2005-08-03 21:46:41.000,1.235100,1.235400,D
173954800,EUR/USD,2005-08-03 21:46:44.000,1.235200,1.235500,D
173954804,EUR/USD,2005-08-03 21:46:45.000,1.235100,1.235400,D
173954817,EUR/USD,2005-08-03 21:46:50.000,1.235200,1.235500,D
173954820,EUR/USD,2005-08-03 21:46:51.000,1.235300,1.235600,D
173954827,EUR/USD,2005-08-03 21:46:52.000,1.235200,1.235500,D
173954841,EUR/USD,2005-08-03 21:46:56.000,1.235300,1.235600,D
173954846,EUR/USD,2005-08-03 21:46:59.000,1.235200,1.235500,D
173954894,EUR/USD,2005-08-03 21:47:26.000,1.235100,1.235400,D
173954902,EUR/USD,2005-08-03 21:47:31.000,1.235200,1.235500,D
173954939,EUR/USD,2005-08-03 21:47:47.000,1.235100,1.235400,D
173954954,EUR/USD,2005-08-03 21:47:51.000,1.235000,1.235300,D
173954970,EUR/USD,2005-08-03 21:47:53.000,1.234900,1.235200,D
173954979,EUR/USD,2005-08-03 21:47:55.000,1.234800,1.235100,D
173954987,EUR/USD,2005-08-03 21:47:56.000,1.234700,1.235000,D
173955011,EUR/USD,2005-08-03 21:47:58.000,1.234600,1.234900,D
173955036,EUR/USD,2005-08-03 21:48:04.000,1.234500,1.234800,D
173955045,EUR/USD,2005-08-03 21:48:08.000,1.234400,1.234700,D
173955051,EUR/USD,2005-08-03 21:48:09.000,1.234500,1.234800,D
173955083,EUR/USD,2005-08-03 21:48:20.000,1.234600,1.234900,D
173955130,EUR/USD,2005-08-03 21:48:38.000,1.234500,1.234800,D
173955140,EUR/USD,2005-08-03 21:48:42.000,1.234400,1.234700,D
173955152,EUR/USD,2005-08-03 21:48:47.000,1.234300,1.234600,D
173955160,EUR/USD,2005-08-03 21:48:48.000,1.234400,1.234700,D
173955214,EUR/USD,2005-08-03 21:49:04.000,1.234300,1.234600,D
173955223,EUR/USD,2005-08-03 21:49:05.000,1.234400,1.234700,D
173955247,EUR/USD,2005-08-03 21:49:12.000,1.234300,1.234600,D
173955255,EUR/USD,2005-08-03 21:49:15.000,1.234400,1.234700,D
173955273,EUR/USD,2005-08-03 21:49:18.000,1.234300,1.234600,D
173955281,EUR/USD,2005-08-03 21:49:23.000,1.234400,1.234700,D
173955283,EUR/USD,2005-08-03 21:49:23.000,1.234300,1.234600,D
173955295,EUR/USD,2005-08-03 21:49:25.000,1.234400,1.234700,D
173955320,EUR/USD,2005-08-03 21:49:32.000,1.234300,1.234600,D
173955328,EUR/USD,2005-08-03 21:49:36.000,1.234400,1.234700,D
173955332,EUR/USD,2005-08-03 21:49:36.000,1.234300,1.234600,D
173955342,EUR/USD,2005-08-03 21:49:38.000,1.234400,1.234700,D
173955358,EUR/USD,2005-08-03 21:49:43.000,1.234500,1.234800,D
173955381,EUR/USD,2005-08-03 21:49:50.000,1.234400,1.234700,D
173955385,EUR/USD,2005-08-03 21:49:51.000,1.234500,1.234800,D
173955426,EUR/USD,2005-08-03 21:50:02.000,1.234600,1.234900,D
173955427,EUR/USD,2005-08-03 21:50:02.000,1.234700,1.235000,D
173955444,EUR/USD,2005-08-03 21:50:06.000,1.234600,1.234900,D
173955474,EUR/USD,2005-08-03 21:50:17.000,1.234700,1.235000,D
173955489,EUR/USD,2005-08-03 21:50:21.000,1.234600,1.234900,D
173955491,EUR/USD,2005-08-03 21:50:22.000,1.234700,1.235000,D
173955507,EUR/USD,2005-08-03 21:50:25.000,1.234800,1.235100,D
173955540,EUR/USD,2005-08-03 21:50:30.000,1.234900,1.235200,D
173955558,EUR/USD,2005-08-03 21:50:35.000,1.235000,1.235300,D
173955565,EUR/USD,2005-08-03 21:50:36.000,1.235100,1.235400,D
173955582,EUR/USD,2005-08-03 21:50:37.000,1.235000,1.235300,D
173955721,EUR/USD,2005-08-03 21:52:03.000,1.234900,1.235200,D
173955733,EUR/USD,2005-08-03 21:52:15.000,1.234800,1.235100,D
173955748,EUR/USD,2005-08-03 21:52:27.000,1.234700,1.235000,D
173955790,EUR/USD,2005-08-03 21:53:00.000,1.234800,1.235100,D
173955819,EUR/USD,2005-08-03 21:53:16.000,1.234700,1.235000,D
173955824,EUR/USD,2005-08-03 21:53:18.000,1.234800,1.235100,D
173955830,EUR/USD,2005-08-03 21:53:19.000,1.234700,1.235000,D
173955899,EUR/USD,2005-08-03 21:53:56.000,1.234600,1.234900,D
173955933,EUR/USD,2005-08-03 21:54:16.000,1.234500,1.234800,D
173955938,EUR/USD,2005-08-03 21:54:17.000,1.234400,1.234700,D
173955944,EUR/USD,2005-08-03 21:54:18.000,1.234500,1.234800,D
173955963,EUR/USD,2005-08-03 21:54:25.000,1.234400,1.234700,D
173955981,EUR/USD,2005-08-03 21:54:30.000,1.234300,1.234600,D
173955995,EUR/USD,2005-08-03 21:54:34.000,1.234200,1.234500,D
173956005,EUR/USD,2005-08-03 21:54:37.000,1.234100,1.234400,D
173956050,EUR/USD,2005-08-03 21:54:44.000,1.234000,1.234300,D
173956051,EUR/USD,2005-08-03 21:54:45.000,1.234100,1.234400,D
173956067,EUR/USD,2005-08-03 21:54:49.000,1.234200,1.234500,D
173956077,EUR/USD,2005-08-03 21:54:50.000,1.234300,1.234600,D
173956099,EUR/USD,2005-08-03 21:54:56.000,1.234400,1.234700,D
173956103,EUR/USD,2005-08-03 21:54:57.000,1.234300,1.234600,D
173956108,EUR/USD,2005-08-03 21:54:57.000,1.234200,1.234500,D
173956111,EUR/USD,2005-08-03 21:54:58.000,1.234300,1.234600,D
173956145,EUR/USD,2005-08-03 21:55:16.000,1.234200,1.234500,D
173956157,EUR/USD,2005-08-03 21:55:22.000,1.234300,1.234600,D
173956220,EUR/USD,2005-08-03 21:55:59.000,1.234400,1.234700,D
173956231,EUR/USD,2005-08-03 21:56:04.000,1.234500,1.234800,D
173956251,EUR/USD,2005-08-03 21:56:16.000,1.234600,1.234900,D
173956287,EUR/USD,2005-08-03 21:56:53.000,1.234700,1.235000,D
173956296,EUR/USD,2005-08-03 21:56:57.000,1.234600,1.234900,D
173956312,EUR/USD,2005-08-03 21:57:03.000,1.234700,1.235000,D
173956351,EUR/USD,2005-08-03 21:57:30.000,1.234600,1.234900,D
173956353,EUR/USD,2005-08-03 21:57:31.000,1.234500,1.234800,D
173956358,EUR/USD,2005-08-03 21:57:33.000,1.234600,1.234900,D
173956385,EUR/USD,2005-08-03 21:57:37.000,1.234500,1.234800,D
173956425,EUR/USD,2005-08-03 21:57:45.000,1.234400,1.234700,D
173956431,EUR/USD,2005-08-03 21:57:48.000,1.234300,1.234600,D
173956462,EUR/USD,2005-08-03 21:58:01.000,1.234400,1.234700,D
173956477,EUR/USD,2005-08-03 21:58:05.000,1.234500,1.234800,D
173956512,EUR/USD,2005-08-03 21:58:20.000,1.234600,1.234900,D
173956527,EUR/USD,2005-08-03 21:58:27.000,1.234500,1.234800,D
173956532,EUR/USD,2005-08-03 21:58:29.000,1.234600,1.234900,D
173956554,EUR/USD,2005-08-03 21:58:33.000,1.234500,1.234800,D
173956576,EUR/USD,2005-08-03 21:58:40.000,1.234400,1.234700,D
173956577,EUR/USD,2005-08-03 21:58:43.000,1.234500,1.234800,D
173956586,EUR/USD,2005-08-03 21:58:45.000,1.234400,1.234700,D
173956597,EUR/USD,2005-08-03 21:58:53.000,1.234500,1.234800,D
173956613,EUR/USD,2005-08-03 21:58:58.000,1.234600,1.234900,D
173956648,EUR/USD,2005-08-03 21:59:45.000,1.234700,1.235000,D
173956650,EUR/USD,2005-08-03 21:59:46.000,1.234600,1.234900,D
173956787,EUR/USD,2005-08-03 22:01:50.000,1.234500,1.234800,D
173956792,EUR/USD,2005-08-03 22:01:51.000,1.234400,1.234700,D
173956829,EUR/USD,2005-08-03 22:02:03.000,1.234500,1.234800,D
173956854,EUR/USD,2005-08-03 22:02:15.000,1.234400,1.234700,D
173956884,EUR/USD,2005-08-03 22:02:39.000,1.234500,1.234800,D
173956885,EUR/USD,2005-08-03 22:02:40.000,1.234400,1.234700,D
173956947,EUR/USD,2005-08-03 22:03:17.000,1.234500,1.234800,D
173956949,EUR/USD,2005-08-03 22:03:18.000,1.234400,1.234700,D
173956976,EUR/USD,2005-08-03 22:03:38.000,1.234300,1.234600,D
173957002,EUR/USD,2005-08-03 22:03:56.000,1.234200,1.234500,D
173957046,EUR/USD,2005-08-03 22:04:24.000,1.234300,1.234600,D
173957055,EUR/USD,2005-08-03 22:04:26.000,1.234200,1.234500,D
173957065,EUR/USD,2005-08-03 22:04:38.000,1.234300,1.234600,D
173957078,EUR/USD,2005-08-03 22:04:45.000,1.234200,1.234500,D
173957086,EUR/USD,2005-08-03 22:04:56.000,1.234300,1.234600,D
173957090,EUR/USD,2005-08-03 22:05:00.000,1.234200,1.234500,D
173957094,EUR/USD,2005-08-03 22:05:01.000,1.234300,1.234600,D
173957106,EUR/USD,2005-08-03 22:05:05.000,1.234200,1.234500,D
173957131,EUR/USD,2005-08-03 22:05:22.000,1.234300,1.234600,D
173957144,EUR/USD,2005-08-03 22:05:34.000,1.234200,1.234500,D
173957160,EUR/USD,2005-08-03 22:05:45.000,1.234300,1.234600,D
173957191,EUR/USD,2005-08-03 22:06:15.000,1.234200,1.234500,D
173957225,EUR/USD,2005-08-03 22:06:50.000,1.234100,1.234400,D
173957244,EUR/USD,2005-08-03 22:06:58.000,1.234000,1.234300,D
173957304,EUR/USD,2005-08-03 22:07:45.000,1.234100,1.234400,D
173957346,EUR/USD,2005-08-03 22:08:10.000,1.234200,1.234500,D
173957362,EUR/USD,2005-08-03 22:08:15.000,1.234100,1.234400,D
173957440,EUR/USD,2005-08-03 22:09:20.000,1.234200,1.234500,D
173957452,EUR/USD,2005-08-03 22:09:23.000,1.234100,1.234400,D
173957465,EUR/USD,2005-08-03 22:09:32.000,1.234200,1.234500,D
173957475,EUR/USD,2005-08-03 22:09:34.000,1.234100,1.234400,D
173957480,EUR/USD,2005-08-03 22:09:34.000,1.234200,1.234500,D
173957485,EUR/USD,2005-08-03 22:09:36.000,1.234100,1.234400,D
173957492,EUR/USD,2005-08-03 22:09:46.000,1.234200,1.234500,D
173957498,EUR/USD,2005-08-03 22:10:08.000,1.234100,1.234400,D
173957514,EUR/USD,2005-08-03 22:10:27.000,1.234000,1.234300,D
173957518,EUR/USD,2005-08-03 22:10:27.000,1.233900,1.234200,D
173957533,EUR/USD,2005-08-03 22:10:33.000,1.234000,1.234300,D
173957537,EUR/USD,2005-08-03 22:10:36.000,1.234100,1.234400,D
173957542,EUR/USD,2005-08-03 22:10:39.000,1.234000,1.234300,D
173957549,EUR/USD,2005-08-03 22:10:41.000,1.234100,1.234400,D
173957557,EUR/USD,2005-08-03 22:10:42.000,1.234000,1.234300,D
173957577,EUR/USD,2005-08-03 22:10:51.000,1.233900,1.234200,D
173957591,EUR/USD,2005-08-03 22:10:56.000,1.233800,1.234100,D
173957602,EUR/USD,2005-08-03 22:10:57.000,1.233700,1.234000,D
173957609,EUR/USD,2005-08-03 22:11:02.000,1.233600,1.233900,D
173957620,EUR/USD,2005-08-03 22:11:06.000,1.233700,1.234000,D
173957636,EUR/USD,2005-08-03 22:11:10.000,1.233600,1.233900,D
173957680,EUR/USD,2005-08-03 22:11:31.000,1.233700,1.234000,D
173957692,EUR/USD,2005-08-03 22:11:33.000,1.233600,1.233900,D
173957703,EUR/USD,2005-08-03 22:11:39.000,1.233700,1.234000,D
173957714,EUR/USD,2005-08-03 22:11:43.000,1.233600,1.233900,D
173957729,EUR/USD,2005-08-03 22:11:48.000,1.233500,1.233800,D
173957731,EUR/USD,2005-08-03 22:11:48.000,1.233600,1.233900,D
173957734,EUR/USD,2005-08-03 22:11:49.000,1.233500,1.233800,D
173957738,EUR/USD,2005-08-03 22:11:50.000,1.233600,1.233900,D
173957739,EUR/USD,2005-08-03 22:11:50.000,1.233500,1.233800,D
173957755,EUR/USD,2005-08-03 22:11:53.000,1.233400,1.233700,D
173957756,EUR/USD,2005-08-03 22:11:53.000,1.233300,1.233600,D
173957784,EUR/USD,2005-08-03 22:11:57.000,1.233400,1.233700,D
173957795,EUR/USD,2005-08-03 22:12:08.000,1.233300,1.233600,D
173957796,EUR/USD,2005-08-03 22:12:08.000,1.233200,1.233500,D
173957798,EUR/USD,2005-08-03 22:12:09.000,1.233300,1.233600,D
173957799,EUR/USD,2005-08-03 22:12:10.000,1.233400,1.233700,D
173957824,EUR/USD,2005-08-03 22:12:27.000,1.233500,1.233800,D
173957832,EUR/USD,2005-08-03 22:12:27.000,1.233600,1.233900,D
173957835,EUR/USD,2005-08-03 22:12:28.000,1.233500,1.233800,D
173957840,EUR/USD,2005-08-03 22:12:28.000,1.233400,1.233700,D
173957859,EUR/USD,2005-08-03 22:12:33.000,1.233500,1.233800,D
173957867,EUR/USD,2005-08-03 22:12:39.000,1.233600,1.233900,D
173957877,EUR/USD,2005-08-03 22:12:41.000,1.233700,1.234000,D
173957888,EUR/USD,2005-08-03 22:12:42.000,1.233600,1.233900,D
173957893,EUR/USD,2005-08-03 22:12:43.000,1.233700,1.234000,D
173957901,EUR/USD,2005-08-03 22:12:47.000,1.233600,1.233900,D
173957912,EUR/USD,2005-08-03 22:13:04.000,1.233700,1.234000,D
173957935,EUR/USD,2005-08-03 22:13:26.000,1.233600,1.233900,D
173957958,EUR/USD,2005-08-03 22:13:47.000,1.233500,1.233800,D
173957963,EUR/USD,2005-08-03 22:13:48.000,1.233600,1.233900,D
173957970,EUR/USD,2005-08-03 22:13:54.000,1.233700,1.234000,D
173957998,EUR/USD,2005-08-03 22:14:19.000,1.233800,1.234100,D
173958031,EUR/USD,2005-08-03 22:14:29.000,1.233700,1.234000,D
173958045,EUR/USD,2005-08-03 22:14:31.000,1.233800,1.234100,D
173958063,EUR/USD,2005-08-03 22:14:35.000,1.233700,1.234000,D
173958074,EUR/USD,2005-08-03 22:14:36.000,1.233600,1.233900,D
173958090,EUR/USD,2005-08-03 22:14:40.000,1.233700,1.234000,D
173958118,EUR/USD,2005-08-03 22:14:47.000,1.233600,1.233900,D
173958124,EUR/USD,2005-08-03 22:14:47.000,1.233500,1.233800,D
173958135,EUR/USD,2005-08-03 22:14:49.000,1.233400,1.233700,D
173958139,EUR/USD,2005-08-03 22:14:49.000,1.233500,1.233800,D
173958147,EUR/USD,2005-08-03 22:14:50.000,1.233600,1.233900,D
173958168,EUR/USD,2005-08-03 22:14:55.000,1.233700,1.234000,D
173958175,EUR/USD,2005-08-03 22:14:58.000,1.233600,1.233900,D
173958180,EUR/USD,2005-08-03 22:15:02.000,1.233500,1.233800,D
173958188,EUR/USD,2005-08-03 22:15:03.000,1.233400,1.233700,D
173958195,EUR/USD,2005-08-03 22:15:04.000,1.233500,1.233800,D
173958208,EUR/USD,2005-08-03 22:15:07.000,1.233400,1.233700,D
173958270,EUR/USD,2005-08-03 22:15:18.000,1.233300,1.233600,D
173958278,EUR/USD,2005-08-03 22:15:19.000,1.233400,1.233700,D
173958296,EUR/USD,2005-08-03 22:15:24.000,1.233500,1.233800,D
173958314,EUR/USD,2005-08-03 22:15:29.000,1.233600,1.233900,D
173958337,EUR/USD,2005-08-03 22:15:40.000,1.233700,1.234000,D
173958350,EUR/USD,2005-08-03 22:15:43.000,1.233600,1.233900,D
173958359,EUR/USD,2005-08-03 22:15:49.000,1.233700,1.234000,D
173958388,EUR/USD,2005-08-03 22:16:21.000,1.233800,1.234100,D
173958412,EUR/USD,2005-08-03 22:16:30.000,1.233900,1.234200,D
173958422,EUR/USD,2005-08-03 22:16:32.000,1.233800,1.234100,D
173958433,EUR/USD,2005-08-03 22:16:36.000,1.233900,1.234200,D
173958458,EUR/USD,2005-08-03 22:16:53.000,1.234000,1.234300,D
173958587,EUR/USD,2005-08-03 22:17:56.000,1.233900,1.234200,D
173958602,EUR/USD,2005-08-03 22:18:03.000,1.233800,1.234100,D
173958614,EUR/USD,2005-08-03 22:18:10.000,1.233900,1.234200,D
173958615,EUR/USD,2005-08-03 22:18:12.000,1.233800,1.234100,D
173958629,EUR/USD,2005-08-03 22:18:30.000,1.233900,1.234200,D
173958637,EUR/USD,2005-08-03 22:18:51.000,1.233800,1.234100,D
173958660,EUR/USD,2005-08-03 22:19:29.000,1.233700,1.234000,D
173958684,EUR/USD,2005-08-03 22:19:50.000,1.233600,1.233900,D
173958690,EUR/USD,2005-08-03 22:19:52.000,1.233700,1.234000,D
173958698,EUR/USD,2005-08-03 22:19:57.000,1.233600,1.233900,D
173958715,EUR/USD,2005-08-03 22:20:08.000,1.233700,1.234000,D
173958759,EUR/USD,2005-08-03 22:20:49.000,1.233600,1.233900,D
173958774,EUR/USD,2005-08-03 22:20:57.000,1.233700,1.234000,D
173958796,EUR/USD,2005-08-03 22:21:05.000,1.233600,1.233900,D
173958801,EUR/USD,2005-08-03 22:21:06.000,1.233700,1.234000,D
173958866,EUR/USD,2005-08-03 22:23:00.000,1.233600,1.233900,D
173958873,EUR/USD,2005-08-03 22:23:24.000,1.233700,1.234000,D
173958877,EUR/USD,2005-08-03 22:23:38.000,1.233600,1.233900,D
173958881,EUR/USD,2005-08-03 22:23:39.000,1.233700,1.234000,D
173958935,EUR/USD,2005-08-03 22:24:32.000,1.233600,1.233900,D
173958949,EUR/USD,2005-08-03 22:24:47.000,1.233700,1.234000,D
173958950,EUR/USD,2005-08-03 22:24:47.000,1.233600,1.233900,D
173958956,EUR/USD,2005-08-03 22:24:52.000,1.233700,1.234000,D
173958957,EUR/USD,2005-08-03 22:24:53.000,1.233600,1.233900,D
173958977,EUR/USD,2005-08-03 22:25:03.000,1.233700,1.234000,D
173958995,EUR/USD,2005-08-03 22:25:08.000,1.233800,1.234100,D
173959008,EUR/USD,2005-08-03 22:25:17.000,1.233900,1.234200,D
173959016,EUR/USD,2005-08-03 22:25:19.000,1.233800,1.234100,D
173959033,EUR/USD,2005-08-03 22:25:23.000,1.233900,1.234200,D
173959066,EUR/USD,2005-08-03 22:25:38.000,1.234000,1.234300,D
173959075,EUR/USD,2005-08-03 22:25:39.000,1.233900,1.234200,D
173959082,EUR/USD,2005-08-03 22:25:41.000,1.233800,1.234100,D
173959091,EUR/USD,2005-08-03 22:25:43.000,1.233900,1.234200,D
173959103,EUR/USD,2005-08-03 22:25:51.000,1.234000,1.234300,D
173959138,EUR/USD,2005-08-03 22:26:14.000,1.233900,1.234200,D
173959146,EUR/USD,2005-08-03 22:26:25.000,1.234000,1.234300,D
173959148,EUR/USD,2005-08-03 22:26:26.000,1.233900,1.234200,D
173959153,EUR/USD,2005-08-03 22:26:28.000,1.234000,1.234300,D
173959162,EUR/USD,2005-08-03 22:26:30.000,1.233900,1.234200,D
173959211,EUR/USD,2005-08-03 22:26:46.000,1.234000,1.234300,D
173959237,EUR/USD,2005-08-03 22:27:04.000,1.233900,1.234200,D
173959256,EUR/USD,2005-08-03 22:27:15.000,1.233800,1.234100,D
173959266,EUR/USD,2005-08-03 22:27:19.000,1.233700,1.234000,D
173959268,EUR/USD,2005-08-03 22:27:19.000,1.233600,1.233900,D
173959279,EUR/USD,2005-08-03 22:27:23.000,1.233700,1.234000,D
173959312,EUR/USD,2005-08-03 22:27:34.000,1.233600,1.233900,D
173959331,EUR/USD,2005-08-03 22:27:42.000,1.233700,1.234000,D
173959338,EUR/USD,2005-08-03 22:27:45.000,1.233600,1.233900,D
173959350,EUR/USD,2005-08-03 22:27:53.000,1.233700,1.234000,D
173959358,EUR/USD,2005-08-03 22:27:55.000,1.233600,1.233900,D
173959368,EUR/USD,2005-08-03 22:27:59.000,1.233700,1.234000,D
173959374,EUR/USD,2005-08-03 22:28:06.000,1.233800,1.234100,D
173959377,EUR/USD,2005-08-03 22:28:09.000,1.233700,1.234000,D
173959381,EUR/USD,2005-08-03 22:28:10.000,1.233800,1.234100,D
173959386,EUR/USD,2005-08-03 22:28:11.000,1.233700,1.234000,D
173959387,EUR/USD,2005-08-03 22:28:12.000,1.233800,1.234100,D
173959392,EUR/USD,2005-08-03 22:28:13.000,1.233700,1.234000,D
173959400,EUR/USD,2005-08-03 22:28:14.000,1.233800,1.234100,D
173959415,EUR/USD,2005-08-03 22:28:23.000,1.233700,1.234000,D
173959422,EUR/USD,2005-08-03 22:28:27.000,1.233600,1.233900,D
173959449,EUR/USD,2005-08-03 22:28:36.000,1.233700,1.234000,D
173959460,EUR/USD,2005-08-03 22:28:53.000,1.233800,1.234100,D
173959485,EUR/USD,2005-08-03 22:29:47.000,1.233700,1.234000,D
173959510,EUR/USD,2005-08-03 22:29:58.000,1.233800,1.234100,D
173959516,EUR/USD,2005-08-03 22:30:01.000,1.233700,1.234000,D
173959528,EUR/USD,2005-08-03 22:30:16.000,1.233800,1.234100,D
173959532,EUR/USD,2005-08-03 22:30:16.000,1.233700,1.234000,D
173959559,EUR/USD,2005-08-03 22:30:48.000,1.233800,1.234100,D
173959572,EUR/USD,2005-08-03 22:31:16.000,1.233700,1.234000,D
173959598,EUR/USD,2005-08-03 22:31:35.000,1.233600,1.233900,D
173959677,EUR/USD,2005-08-03 22:32:00.000,1.233700,1.234000,D
173959689,EUR/USD,2005-08-03 22:32:04.000,1.233600,1.233900,D
173959733,EUR/USD,2005-08-03 22:32:25.000,1.233500,1.233800,D
173959740,EUR/USD,2005-08-03 22:32:25.000,1.233400,1.233700,D
173959756,EUR/USD,2005-08-03 22:32:28.000,1.233300,1.233600,D
173959765,EUR/USD,2005-08-03 22:32:35.000,1.233400,1.233700,D
173959786,EUR/USD,2005-08-03 22:32:38.000,1.233300,1.233600,D
173959808,EUR/USD,2005-08-03 22:32:47.000,1.233400,1.233700,D
173959868,EUR/USD,2005-08-03 22:33:03.000,1.233500,1.233800,D
173959872,EUR/USD,2005-08-03 22:33:04.000,1.233600,1.233900,D
173959877,EUR/USD,2005-08-03 22:33:05.000,1.233700,1.234000,D
173959887,EUR/USD,2005-08-03 22:33:06.000,1.233600,1.233900,D
173959890,EUR/USD,2005-08-03 22:33:07.000,1.233500,1.233800,D
173959917,EUR/USD,2005-08-03 22:33:11.000,1.233400,1.233700,D
173959925,EUR/USD,2005-08-03 22:33:12.000,1.233500,1.233800,D
173959929,EUR/USD,2005-08-03 22:33:12.000,1.233400,1.233700,D
173960052,EUR/USD,2005-08-03 22:33:47.000,1.233300,1.233600,D
173960082,EUR/USD,2005-08-03 22:33:50.000,1.233400,1.233700,D
173960085,EUR/USD,2005-08-03 22:33:50.000,1.233300,1.233600,D
173960094,EUR/USD,2005-08-03 22:33:51.000,1.233200,1.233500,D
173960099,EUR/USD,2005-08-03 22:33:52.000,1.233300,1.233600,D
173960112,EUR/USD,2005-08-03 22:33:54.000,1.233200,1.233500,D
173960124,EUR/USD,2005-08-03 22:33:55.000,1.233300,1.233600,D
173960131,EUR/USD,2005-08-03 22:33:55.000,1.233200,1.233500,D
173960177,EUR/USD,2005-08-03 22:34:05.000,1.233100,1.233400,D
173960199,EUR/USD,2005-08-03 22:34:10.000,1.233000,1.233300,D
173960216,EUR/USD,2005-08-03 22:34:16.000,1.232900,1.233200,D
173960223,EUR/USD,2005-08-03 22:34:17.000,1.233000,1.233300,D
173960225,EUR/USD,2005-08-03 22:34:17.000,1.232900,1.233200,D
173960245,EUR/USD,2005-08-03 22:34:21.000,1.232800,1.233100,D
173960257,EUR/USD,2005-08-03 22:34:23.000,1.232700,1.233000,D
173960321,EUR/USD,2005-08-03 22:34:40.000,1.232800,1.233100,D
173960357,EUR/USD,2005-08-03 22:34:46.000,1.232900,1.233200,D
173960358,EUR/USD,2005-08-03 22:34:46.000,1.232800,1.233100,D
173960376,EUR/USD,2005-08-03 22:34:56.000,1.232700,1.233000,D
173960463,EUR/USD,2005-08-03 22:35:25.000,1.232800,1.233100,D
173960464,EUR/USD,2005-08-03 22:35:25.000,1.232700,1.233000,D
173960494,EUR/USD,2005-08-03 22:35:30.000,1.232600,1.232900,D
173960497,EUR/USD,2005-08-03 22:35:31.000,1.232500,1.232800,D
173960520,EUR/USD,2005-08-03 22:35:34.000,1.232400,1.232700,D
173960535,EUR/USD,2005-08-03 22:35:38.000,1.232300,1.232600,D
173960540,EUR/USD,2005-08-03 22:35:39.000,1.232200,1.232500,D
173960556,EUR/USD,2005-08-03 22:35:42.000,1.232300,1.232600,D
173960563,EUR/USD,2005-08-03 22:35:42.000,1.232200,1.232500,D
173960575,EUR/USD,2005-08-03 22:35:43.000,1.232300,1.232600,D
173960589,EUR/USD,2005-08-03 22:35:45.000,1.232200,1.232500,D
173960595,EUR/USD,2005-08-03 22:35:46.000,1.232300,1.232600,D
173960602,EUR/USD,2005-08-03 22:35:47.000,1.232200,1.232500,D
173960639,EUR/USD,2005-08-03 22:35:56.000,1.232100,1.232400,D
173960662,EUR/USD,2005-08-03 22:36:00.000,1.232000,1.232300,D
173960676,EUR/USD,2005-08-03 22:36:01.000,1.231900,1.232200,D
173960682,EUR/USD,2005-08-03 22:36:02.000,1.232000,1.232300,D
173960696,EUR/USD,2005-08-03 22:36:03.000,1.231900,1.232200,D
173960707,EUR/USD,2005-08-03 22:36:04.000,1.232000,1.232300,D
173960713,EUR/USD,2005-08-03 22:36:04.000,1.231900,1.232200,D
173960718,EUR/USD,2005-08-03 22:36:05.000,1.232000,1.232300,D
173960723,EUR/USD,2005-08-03 22:36:06.000,1.232100,1.232400,D
173960730,EUR/USD,2005-08-03 22:36:07.000,1.232000,1.232300,D
173960751,EUR/USD,2005-08-03 22:36:11.000,1.232100,1.232400,D
173960764,EUR/USD,2005-08-03 22:36:15.000,1.232200,1.232500,D
173960794,EUR/USD,2005-08-03 22:36:21.000,1.232300,1.232600,D
173960799,EUR/USD,2005-08-03 22:36:22.000,1.232200,1.232500,D
173960800,EUR/USD,2005-08-03 22:36:22.000,1.232300,1.232600,D
173960803,EUR/USD,2005-08-03 22:36:23.000,1.232400,1.232700,D
173960818,EUR/USD,2005-08-03 22:36:26.000,1.232300,1.232600,D
173960848,EUR/USD,2005-08-03 22:36:31.000,1.232200,1.232500,D
173960868,EUR/USD,2005-08-03 22:36:37.000,1.232300,1.232600,D
173960886,EUR/USD,2005-08-03 22:36:43.000,1.232200,1.232500,D
173960888,EUR/USD,2005-08-03 22:36:47.000,1.232300,1.232600,D
173960919,EUR/USD,2005-08-03 22:37:11.000,1.232400,1.232700,D
173960948,EUR/USD,2005-08-03 22:37:23.000,1.232500,1.232800,D
173960964,EUR/USD,2005-08-03 22:37:25.000,1.232400,1.232700,D
173961007,EUR/USD,2005-08-03 22:37:52.000,1.232300,1.232600,D
173961011,EUR/USD,2005-08-03 22:37:53.000,1.232400,1.232700,D
173961021,EUR/USD,2005-08-03 22:37:55.000,1.232300,1.232600,D
173961032,EUR/USD,2005-08-03 22:37:57.000,1.232400,1.232700,D
173961038,EUR/USD,2005-08-03 22:37:58.000,1.232300,1.232600,D
173961043,EUR/USD,2005-08-03 22:37:59.000,1.232400,1.232700,D
173961052,EUR/USD,2005-08-03 22:38:00.000,1.232300,1.232600,D
173961057,EUR/USD,2005-08-03 22:38:02.000,1.232400,1.232700,D
173961079,EUR/USD,2005-08-03 22:38:09.000,1.232300,1.232600,D
173961155,EUR/USD,2005-08-03 22:38:36.000,1.232400,1.232700,D
173961157,EUR/USD,2005-08-03 22:38:36.000,1.232500,1.232800,D
173961168,EUR/USD,2005-08-03 22:38:38.000,1.232400,1.232700,D
173961272,EUR/USD,2005-08-03 22:39:24.000,1.232300,1.232600,D
173961281,EUR/USD,2005-08-03 22:39:26.000,1.232400,1.232700,D
173961287,EUR/USD,2005-08-03 22:39:27.000,1.232300,1.232600,D
173961312,EUR/USD,2005-08-03 22:39:41.000,1.232400,1.232700,D
173961314,EUR/USD,2005-08-03 22:39:42.000,1.232500,1.232800,D
173961328,EUR/USD,2005-08-03 22:39:45.000,1.232400,1.232700,D
173961342,EUR/USD,2005-08-03 22:39:46.000,1.232500,1.232800,D
173961353,EUR/USD,2005-08-03 22:39:49.000,1.232600,1.232900,D
173961355,EUR/USD,2005-08-03 22:39:50.000,1.232700,1.233000,D
173961359,EUR/USD,2005-08-03 22:39:50.000,1.232600,1.232900,D
173961362,EUR/USD,2005-08-03 22:39:51.000,1.232500,1.232800,D
173961371,EUR/USD,2005-08-03 22:39:53.000,1.232600,1.232900,D
173961378,EUR/USD,2005-08-03 22:39:54.000,1.232500,1.232800,D
173961386,EUR/USD,2005-08-03 22:39:56.000,1.232600,1.232900,D
173961392,EUR/USD,2005-08-03 22:39:58.000,1.232500,1.232800,D
173961399,EUR/USD,2005-08-03 22:39:59.000,1.232600,1.232900,D
173961401,EUR/USD,2005-08-03 22:40:00.000,1.232700,1.233000,D
173961409,EUR/USD,2005-08-03 22:40:04.000,1.232800,1.233100,D
173961422,EUR/USD,2005-08-03 22:40:08.000,1.232900,1.233200,D
173961426,EUR/USD,2005-08-03 22:40:09.000,1.232800,1.233100,D
173961438,EUR/USD,2005-08-03 22:40:17.000,1.232900,1.233200,D
173961443,EUR/USD,2005-08-03 22:40:19.000,1.232800,1.233100,D
173961468,EUR/USD,2005-08-03 22:40:23.000,1.232900,1.233200,D
173961469,EUR/USD,2005-08-03 22:40:23.000,1.232800,1.233100,D
173961485,EUR/USD,2005-08-03 22:40:37.000,1.232700,1.233000,D
173961498,EUR/USD,2005-08-03 22:40:40.000,1.232800,1.233100,D
173961502,EUR/USD,2005-08-03 22:40:43.000,1.232700,1.233000,D
173961504,EUR/USD,2005-08-03 22:40:44.000,1.232800,1.233100,D
173961508,EUR/USD,2005-08-03 22:40:45.000,1.232700,1.233000,D
173961513,EUR/USD,2005-08-03 22:40:46.000,1.232800,1.233100,D
173961516,EUR/USD,2005-08-03 22:40:46.000,1.232700,1.233000,D
173961552,EUR/USD,2005-08-03 22:41:04.000,1.232800,1.233100,D
173961557,EUR/USD,2005-08-03 22:41:06.000,1.232700,1.233000,D
173961590,EUR/USD,2005-08-03 22:41:26.000,1.232800,1.233100,D
173961603,EUR/USD,2005-08-03 22:41:29.000,1.232900,1.233200,D
173961609,EUR/USD,2005-08-03 22:41:31.000,1.232800,1.233100,D
173961627,EUR/USD,2005-08-03 22:41:38.000,1.232900,1.233200,D
173961639,EUR/USD,2005-08-03 22:41:40.000,1.232800,1.233100,D
173961648,EUR/USD,2005-08-03 22:41:44.000,1.232900,1.233200,D
173961668,EUR/USD,2005-08-03 22:41:46.000,1.232800,1.233100,D
173961679,EUR/USD,2005-08-03 22:41:48.000,1.232900,1.233200,D
173961689,EUR/USD,2005-08-03 22:41:50.000,1.232800,1.233100,D
173961730,EUR/USD,2005-08-03 22:42:06.000,1.232700,1.233000,D
173961740,EUR/USD,2005-08-03 22:42:10.000,1.232800,1.233100,D
173961760,EUR/USD,2005-08-03 22:42:20.000,1.232900,1.233200,D
173961784,EUR/USD,2005-08-03 22:42:28.000,1.233000,1.233300,D
173961808,EUR/USD,2005-08-03 22:42:43.000,1.233100,1.233400,D
173961816,EUR/USD,2005-08-03 22:42:46.000,1.233000,1.233300,D
173961824,EUR/USD,2005-08-03 22:42:47.000,1.233100,1.233400,D
173961937,EUR/USD,2005-08-03 22:43:30.000,1.233200,1.233500,D
173961941,EUR/USD,2005-08-03 22:43:30.000,1.233100,1.233400,D
173961993,EUR/USD,2005-08-03 22:43:40.000,1.233200,1.233500,D
173962005,EUR/USD,2005-08-03 22:43:44.000,1.233300,1.233600,D
173962053,EUR/USD,2005-08-03 22:43:54.000,1.233200,1.233500,D
173962188,EUR/USD,2005-08-03 22:44:57.000,1.233300,1.233600,D
173962197,EUR/USD,2005-08-03 22:45:05.000,1.233200,1.233500,D
173962202,EUR/USD,2005-08-03 22:45:07.000,1.233300,1.233600,D
173962211,EUR/USD,2005-08-03 22:45:20.000,1.233200,1.233500,D
173962216,EUR/USD,2005-08-03 22:45:23.000,1.233300,1.233600,D
173962219,EUR/USD,2005-08-03 22:45:27.000,1.233200,1.233500,D
173962227,EUR/USD,2005-08-03 22:45:41.000,1.233100,1.233400,D
173962237,EUR/USD,2005-08-03 22:45:50.000,1.233200,1.233500,D
173962299,EUR/USD,2005-08-03 22:46:29.000,1.233300,1.233600,D
173962308,EUR/USD,2005-08-03 22:46:36.000,1.233200,1.233500,D
173962322,EUR/USD,2005-08-03 22:46:42.000,1.233300,1.233600,D
173962337,EUR/USD,2005-08-03 22:46:46.000,1.233200,1.233500,D
173962358,EUR/USD,2005-08-03 22:46:52.000,1.233300,1.233600,D
173962441,EUR/USD,2005-08-03 22:48:55.000,1.233200,1.233500,D
173962463,EUR/USD,2005-08-03 22:49:04.000,1.233100,1.233400,D
173962483,EUR/USD,2005-08-03 22:49:10.000,1.233200,1.233500,D
173962486,EUR/USD,2005-08-03 22:49:11.000,1.233100,1.233400,D
173962518,EUR/USD,2005-08-03 22:49:19.000,1.233000,1.233300,D
173962589,EUR/USD,2005-08-03 22:50:40.000,1.233100,1.233400,D
173962595,EUR/USD,2005-08-03 22:50:42.000,1.233000,1.233300,D
173962600,EUR/USD,2005-08-03 22:50:45.000,1.233100,1.233400,D
173962642,EUR/USD,2005-08-03 22:51:13.000,1.233000,1.233300,D
173962647,EUR/USD,2005-08-03 22:51:14.000,1.233100,1.233400,D
173962721,EUR/USD,2005-08-03 22:52:29.000,1.233200,1.233500,D
173962746,EUR/USD,2005-08-03 22:52:55.000,1.233300,1.233600,D
173962772,EUR/USD,2005-08-03 22:53:03.000,1.233200,1.233500,D
173962799,EUR/USD,2005-08-03 22:53:24.000,1.233300,1.233600,D
173962817,EUR/USD,2005-08-03 22:53:44.000,1.233200,1.233500,D
173962820,EUR/USD,2005-08-03 22:53:44.000,1.233100,1.233400,D
173962828,EUR/USD,2005-08-03 22:53:50.000,1.233200,1.233500,D
173962836,EUR/USD,2005-08-03 22:53:51.000,1.233300,1.233600,D
173962841,EUR/USD,2005-08-03 22:53:53.000,1.233200,1.233500,D
173962858,EUR/USD,2005-08-03 22:54:10.000,1.233100,1.233400,D
173962899,EUR/USD,2005-08-03 22:55:08.000,1.233000,1.233300,D
173962902,EUR/USD,2005-08-03 22:55:14.000,1.233100,1.233400,D
173962922,EUR/USD,2005-08-03 22:55:58.000,1.233000,1.233300,D
173962935,EUR/USD,2005-08-03 22:56:28.000,1.233100,1.233400,D
173962992,EUR/USD,2005-08-03 22:57:02.000,1.233000,1.233300,D
173963016,EUR/USD,2005-08-03 22:57:19.000,1.233100,1.233400,D
173963021,EUR/USD,2005-08-03 22:57:23.000,1.233000,1.233300,D
173963084,EUR/USD,2005-08-03 22:58:28.000,1.232900,1.233200,D
173963088,EUR/USD,2005-08-03 22:58:28.000,1.232800,1.233100,D
173963130,EUR/USD,2005-08-03 22:58:40.000,1.232900,1.233200,D
173963143,EUR/USD,2005-08-03 22:58:43.000,1.232800,1.233100,D
173963281,EUR/USD,2005-08-03 22:59:43.000,1.232900,1.233200,D
173963354,EUR/USD,2005-08-03 23:00:13.000,1.232800,1.233100,D
173963412,EUR/USD,2005-08-03 23:00:33.000,1.232900,1.233200,D
173963418,EUR/USD,2005-08-03 23:00:35.000,1.233000,1.233300,D
173963437,EUR/USD,2005-08-03 23:00:39.000,1.233100,1.233400,D
173963445,EUR/USD,2005-08-03 23:00:41.000,1.233200,1.233500,D
173963450,EUR/USD,2005-08-03 23:00:42.000,1.233100,1.233400,D
173963458,EUR/USD,2005-08-03 23:00:44.000,1.233000,1.233300,D
173963496,EUR/USD,2005-08-03 23:00:58.000,1.233100,1.233400,D
173963500,EUR/USD,2005-08-03 23:01:01.000,1.233000,1.233300,D
173963540,EUR/USD,2005-08-03 23:01:18.000,1.233100,1.233400,D
173963593,EUR/USD,2005-08-03 23:01:34.000,1.233200,1.233500,D
173963617,EUR/USD,2005-08-03 23:01:39.000,1.233100,1.233400,D
173963643,EUR/USD,2005-08-03 23:02:03.000,1.233200,1.233500,D
173963644,EUR/USD,2005-08-03 23:02:04.000,1.233100,1.233400,D
173963706,EUR/USD,2005-08-03 23:02:29.000,1.233000,1.233300,D
173963763,EUR/USD,2005-08-03 23:04:08.000,1.232900,1.233200,D
173963814,EUR/USD,2005-08-03 23:04:33.000,1.232800,1.233100,D
173963896,EUR/USD,2005-08-03 23:06:03.000,1.232900,1.233200,D
173963904,EUR/USD,2005-08-03 23:06:05.000,1.233000,1.233300,D
173963907,EUR/USD,2005-08-03 23:06:07.000,1.232900,1.233200,D
173963912,EUR/USD,2005-08-03 23:06:11.000,1.233000,1.233300,D
173963914,EUR/USD,2005-08-03 23:06:11.000,1.232900,1.233200,D
173963921,EUR/USD,2005-08-03 23:06:26.000,1.233000,1.233300,D
173963935,EUR/USD,2005-08-03 23:06:57.000,1.233100,1.233400,D
173963939,EUR/USD,2005-08-03 23:06:59.000,1.233000,1.233300,D
173963956,EUR/USD,2005-08-03 23:07:16.000,1.233100,1.233400,D
173964001,EUR/USD,2005-08-03 23:07:37.000,1.233200,1.233500,D
173964006,EUR/USD,2005-08-03 23:07:40.000,1.233100,1.233400,D
173964067,EUR/USD,2005-08-03 23:08:11.000,1.233200,1.233500,D
173964155,EUR/USD,2005-08-03 23:09:31.000,1.233100,1.233400,D
173964206,EUR/USD,2005-08-03 23:10:26.000,1.233200,1.233500,D
173964233,EUR/USD,2005-08-03 23:10:48.000,1.233300,1.233600,D
173964236,EUR/USD,2005-08-03 23:10:48.000,1.233400,1.233700,D
173964237,EUR/USD,2005-08-03 23:10:48.000,1.233300,1.233600,D
173964250,EUR/USD,2005-08-03 23:10:52.000,1.233400,1.233700,D
173964253,EUR/USD,2005-08-03 23:10:53.000,1.233300,1.233600,D
173964375,EUR/USD,2005-08-03 23:12:04.000,1.233200,1.233500,D
173964418,EUR/USD,2005-08-03 23:12:51.000,1.233300,1.233600,D
173964422,EUR/USD,2005-08-03 23:13:02.000,1.233200,1.233500,D
173964463,EUR/USD,2005-08-03 23:13:38.000,1.233100,1.233400,D
173964466,EUR/USD,2005-08-03 23:13:40.000,1.233200,1.233500,D
173964481,EUR/USD,2005-08-03 23:13:44.000,1.233100,1.233400,D
173964517,EUR/USD,2005-08-03 23:14:22.000,1.233200,1.233500,D
173964519,EUR/USD,2005-08-03 23:14:22.000,1.233300,1.233600,D
173964527,EUR/USD,2005-08-03 23:14:27.000,1.233200,1.233500,D
173964595,EUR/USD,2005-08-03 23:15:27.000,1.233300,1.233600,D
173964623,EUR/USD,2005-08-03 23:15:50.000,1.233200,1.233500,D
173964633,EUR/USD,2005-08-03 23:15:55.000,1.233300,1.233600,D
173964638,EUR/USD,2005-08-03 23:16:06.000,1.233200,1.233500,D
173964675,EUR/USD,2005-08-03 23:17:25.000,1.233300,1.233600,D
173964686,EUR/USD,2005-08-03 23:17:55.000,1.233200,1.233500,D
173964714,EUR/USD,2005-08-03 23:18:17.000,1.233300,1.233600,D
173964767,EUR/USD,2005-08-03 23:19:35.000,1.233200,1.233500,D
173964772,EUR/USD,2005-08-03 23:19:36.000,1.233300,1.233600,D
173964778,EUR/USD,2005-08-03 23:19:38.000,1.233200,1.233500,D
173964786,EUR/USD,2005-08-03 23:19:53.000,1.233300,1.233600,D
173964805,EUR/USD,2005-08-03 23:20:11.000,1.233200,1.233500,D
173964809,EUR/USD,2005-08-03 23:20:12.000,1.233300,1.233600,D
173964835,EUR/USD,2005-08-03 23:20:36.000,1.233400,1.233700,D
173964873,EUR/USD,2005-08-03 23:21:56.000,1.233500,1.233800,D
173964880,EUR/USD,2005-08-03 23:21:57.000,1.233400,1.233700,D
173964895,EUR/USD,2005-08-03 23:22:03.000,1.233500,1.233800,D
173964912,EUR/USD,2005-08-03 23:22:11.000,1.233400,1.233700,D
173964927,EUR/USD,2005-08-03 23:22:19.000,1.233500,1.233800,D
173964966,EUR/USD,2005-08-03 23:23:26.000,1.233400,1.233700,D
173964999,EUR/USD,2005-08-03 23:23:49.000,1.233500,1.233800,D
173965036,EUR/USD,2005-08-03 23:25:12.000,1.233400,1.233700,D
173965040,EUR/USD,2005-08-03 23:25:14.000,1.233500,1.233800,D
173965044,EUR/USD,2005-08-03 23:25:25.000,1.233400,1.233700,D
173965048,EUR/USD,2005-08-03 23:25:28.000,1.233500,1.233800,D
173965053,EUR/USD,2005-08-03 23:25:28.000,1.233600,1.233900,D
173965061,EUR/USD,2005-08-03 23:25:31.000,1.233500,1.233800,D
173965071,EUR/USD,2005-08-03 23:25:36.000,1.233400,1.233700,D
173965085,EUR/USD,2005-08-03 23:25:49.000,1.233500,1.233800,D
173965113,EUR/USD,2005-08-03 23:26:12.000,1.233400,1.233700,D
173965139,EUR/USD,2005-08-03 23:26:34.000,1.233500,1.233800,D
173965168,EUR/USD,2005-08-03 23:27:55.000,1.233400,1.233700,D
173965177,EUR/USD,2005-08-03 23:28:00.000,1.233500,1.233800,D
173965192,EUR/USD,2005-08-03 23:28:18.000,1.233400,1.233700,D
173965199,EUR/USD,2005-08-03 23:28:22.000,1.233500,1.233800,D
173965218,EUR/USD,2005-08-03 23:28:43.000,1.233400,1.233700,D
173965230,EUR/USD,2005-08-03 23:28:50.000,1.233500,1.233800,D
173965241,EUR/USD,2005-08-03 23:28:53.000,1.233400,1.233700,D
173965244,EUR/USD,2005-08-03 23:28:55.000,1.233500,1.233800,D
173965252,EUR/USD,2005-08-03 23:29:01.000,1.233600,1.233900,D
173965270,EUR/USD,2005-08-03 23:29:10.000,1.233500,1.233800,D
173965297,EUR/USD,2005-08-03 23:29:17.000,1.233600,1.233900,D
173965359,EUR/USD,2005-08-03 23:29:58.000,1.233500,1.233800,D
173965430,EUR/USD,2005-08-03 23:30:28.000,1.233600,1.233900,D
173965432,EUR/USD,2005-08-03 23:30:29.000,1.233500,1.233800,D
173965463,EUR/USD,2005-08-03 23:30:42.000,1.233600,1.233900,D
173965471,EUR/USD,2005-08-03 23:30:58.000,1.233500,1.233800,D
173965480,EUR/USD,2005-08-03 23:31:08.000,1.233600,1.233900,D
173965497,EUR/USD,2005-08-03 23:31:18.000,1.233700,1.234000,D
173965499,EUR/USD,2005-08-03 23:31:19.000,1.233600,1.233900,D
173965505,EUR/USD,2005-08-03 23:31:23.000,1.233500,1.233800,D
173965510,EUR/USD,2005-08-03 23:31:26.000,1.233600,1.233900,D
173965529,EUR/USD,2005-08-03 23:31:37.000,1.233500,1.233800,D
173965533,EUR/USD,2005-08-03 23:31:47.000,1.233600,1.233900,D
173965544,EUR/USD,2005-08-03 23:31:57.000,1.233700,1.234000,D
173965571,EUR/USD,2005-08-03 23:32:15.000,1.233600,1.233900,D
173965575,EUR/USD,2005-08-03 23:32:19.000,1.233500,1.233800,D
173965636,EUR/USD,2005-08-03 23:33:28.000,1.233600,1.233900,D
173965640,EUR/USD,2005-08-03 23:33:29.000,1.233500,1.233800,D
173965653,EUR/USD,2005-08-03 23:35:05.000,1.233600,1.233900,D
173965658,EUR/USD,2005-08-03 23:35:11.000,1.233500,1.233800,D
173965663,EUR/USD,2005-08-03 23:35:14.000,1.233600,1.233900,D
173965667,EUR/USD,2005-08-03 23:35:33.000,1.233500,1.233800,D
173965675,EUR/USD,2005-08-03 23:35:41.000,1.233600,1.233900,D
173965684,EUR/USD,2005-08-03 23:36:05.000,1.233500,1.233800,D
173965733,EUR/USD,2005-08-03 23:37:47.000,1.233400,1.233700,D
173965745,EUR/USD,2005-08-03 23:37:57.000,1.233500,1.233800,D
173965758,EUR/USD,2005-08-03 23:38:15.000,1.233600,1.233900,D
173965762,EUR/USD,2005-08-03 23:38:18.000,1.233500,1.233800,D
173965808,EUR/USD,2005-08-03 23:39:54.000,1.233400,1.233700,D
173965834,EUR/USD,2005-08-03 23:40:22.000,1.233300,1.233600,D
173965841,EUR/USD,2005-08-03 23:40:26.000,1.233400,1.233700,D
173965847,EUR/USD,2005-08-03 23:40:30.000,1.233300,1.233600,D
173965855,EUR/USD,2005-08-03 23:40:38.000,1.233200,1.233500,D
173965877,EUR/USD,2005-08-03 23:40:50.000,1.233100,1.233400,D
173965881,EUR/USD,2005-08-03 23:40:53.000,1.233200,1.233500,D
173965883,EUR/USD,2005-08-03 23:40:55.000,1.233100,1.233400,D
173965888,EUR/USD,2005-08-03 23:40:56.000,1.233000,1.233300,D
173965911,EUR/USD,2005-08-03 23:41:07.000,1.233100,1.233400,D
173965931,EUR/USD,2005-08-03 23:41:24.000,1.233000,1.233300,D
173965939,EUR/USD,2005-08-03 23:41:27.000,1.233100,1.233400,D
173965949,EUR/USD,2005-08-03 23:41:30.000,1.233200,1.233500,D
173965969,EUR/USD,2005-08-03 23:41:33.000,1.233100,1.233400,D
173966016,EUR/USD,2005-08-03 23:41:49.000,1.233200,1.233500,D
173966020,EUR/USD,2005-08-03 23:41:51.000,1.233100,1.233400,D
173966053,EUR/USD,2005-08-03 23:42:48.000,1.233000,1.233300,D
173966056,EUR/USD,2005-08-03 23:42:51.000,1.233100,1.233400,D
173966089,EUR/USD,2005-08-03 23:43:27.000,1.233200,1.233500,D
173966093,EUR/USD,2005-08-03 23:43:28.000,1.233100,1.233400,D
173966115,EUR/USD,2005-08-03 23:43:43.000,1.233000,1.233300,D
173966135,EUR/USD,2005-08-03 23:44:19.000,1.233100,1.233400,D
173966160,EUR/USD,2005-08-03 23:44:44.000,1.233200,1.233500,D
173966179,EUR/USD,2005-08-03 23:44:53.000,1.233100,1.233400,D
173966191,EUR/USD,2005-08-03 23:45:12.000,1.233200,1.233500,D
173966196,EUR/USD,2005-08-03 23:45:20.000,1.233100,1.233400,D
173966201,EUR/USD,2005-08-03 23:45:25.000,1.233200,1.233500,D
173966209,EUR/USD,2005-08-03 23:45:26.000,1.233100,1.233400,D
173966219,EUR/USD,2005-08-03 23:45:33.000,1.233200,1.233500,D
173966221,EUR/USD,2005-08-03 23:45:35.000,1.233100,1.233400,D
173966257,EUR/USD,2005-08-03 23:46:17.000,1.233200,1.233500,D
173966266,EUR/USD,2005-08-03 23:46:30.000,1.233300,1.233600,D
173966271,EUR/USD,2005-08-03 23:46:32.000,1.233200,1.233500,D
173966278,EUR/USD,2005-08-03 23:46:37.000,1.233100,1.233400,D
173966279,EUR/USD,2005-08-03 23:46:37.000,1.233000,1.233300,D
173966286,EUR/USD,2005-08-03 23:46:39.000,1.233100,1.233400,D
173966293,EUR/USD,2005-08-03 23:46:40.000,1.233000,1.233300,D
173966297,EUR/USD,2005-08-03 23:46:42.000,1.233100,1.233400,D
173966306,EUR/USD,2005-08-03 23:46:56.000,1.233200,1.233500,D
173966307,EUR/USD,2005-08-03 23:46:58.000,1.233100,1.233400,D
173966310,EUR/USD,2005-08-03 23:47:04.000,1.233200,1.233500,D
173966320,EUR/USD,2005-08-03 23:47:24.000,1.233100,1.233400,D
173966374,EUR/USD,2005-08-03 23:48:18.000,1.233000,1.233300,D
173966383,EUR/USD,2005-08-03 23:48:20.000,1.233100,1.233400,D
173966391,EUR/USD,2005-08-03 23:48:29.000,1.233000,1.233300,D
173966397,EUR/USD,2005-08-03 23:48:37.000,1.233100,1.233400,D
173966402,EUR/USD,2005-08-03 23:48:40.000,1.233000,1.233300,D
173966412,EUR/USD,2005-08-03 23:48:55.000,1.233100,1.233400,D
173966420,EUR/USD,2005-08-03 23:48:59.000,1.233000,1.233300,D
173966432,EUR/USD,2005-08-03 23:49:02.000,1.233100,1.233400,D
173966449,EUR/USD,2005-08-03 23:49:13.000,1.233000,1.233300,D
173966458,EUR/USD,2005-08-03 23:49:16.000,1.233100,1.233400,D
173966461,EUR/USD,2005-08-03 23:49:16.000,1.233000,1.233300,D
173966468,EUR/USD,2005-08-03 23:49:18.000,1.233100,1.233400,D
173966506,EUR/USD,2005-08-03 23:49:52.000,1.233000,1.233300,D
173966538,EUR/USD,2005-08-03 23:50:04.000,1.232900,1.233200,D
173966548,EUR/USD,2005-08-03 23:50:11.000,1.233000,1.233300,D
173966550,EUR/USD,2005-08-03 23:50:13.000,1.232900,1.233200,D
173966565,EUR/USD,2005-08-03 23:50:16.000,1.233000,1.233300,D
173966569,EUR/USD,2005-08-03 23:50:16.000,1.232900,1.233200,D
173966620,EUR/USD,2005-08-03 23:50:54.000,1.232800,1.233100,D
173966626,EUR/USD,2005-08-03 23:50:59.000,1.232900,1.233200,D
173966629,EUR/USD,2005-08-03 23:51:02.000,1.232800,1.233100,D
173966724,EUR/USD,2005-08-03 23:52:03.000,1.232900,1.233200,D
173966745,EUR/USD,2005-08-03 23:53:11.000,1.233000,1.233300,D
173966759,EUR/USD,2005-08-03 23:53:23.000,1.233100,1.233400,D
173966761,EUR/USD,2005-08-03 23:53:23.000,1.233000,1.233300,D
173966801,EUR/USD,2005-08-03 23:53:34.000,1.233100,1.233400,D
173966812,EUR/USD,2005-08-03 23:53:37.000,1.233000,1.233300,D
173966850,EUR/USD,2005-08-03 23:53:50.000,1.232900,1.233200,D
173966894,EUR/USD,2005-08-03 23:54:32.000,1.233000,1.233300,D
173966901,EUR/USD,2005-08-03 23:54:35.000,1.232900,1.233200,D
173966910,EUR/USD,2005-08-03 23:54:46.000,1.232800,1.233100,D
173966932,EUR/USD,2005-08-03 23:55:25.000,1.232900,1.233200,D
173966966,EUR/USD,2005-08-03 23:57:01.000,1.232800,1.233100,D
173966985,EUR/USD,2005-08-03 23:57:10.000,1.232700,1.233000,D
173966994,EUR/USD,2005-08-03 23:57:13.000,1.232800,1.233100,D
173967001,EUR/USD,2005-08-03 23:57:16.000,1.232700,1.233000,D
173967068,EUR/USD,2005-08-03 23:57:50.000,1.232800,1.233100,D
173967107,EUR/USD,2005-08-03 23:58:20.000,1.232900,1.233200,D
173967111,EUR/USD,2005-08-03 23:58:22.000,1.232800,1.233100,D
173967160,EUR/USD,2005-08-03 23:59:17.000,1.232900,1.233200,D
173967163,EUR/USD,2005-08-03 23:59:17.000,1.232800,1.233100,D
173967169,EUR/USD,2005-08-03 23:59:21.000,1.232900,1.233200,D
173967190,EUR/USD,2005-08-04 00:00:17.000,1.232800,1.233100,D
173967202,EUR/USD,2005-08-04 00:00:45.000,1.232900,1.233200,D
173967285,EUR/USD,2005-08-04 00:01:34.000,1.233000,1.233300,D
173967433,EUR/USD,2005-08-04 00:03:55.000,1.232900,1.233200,D
173967444,EUR/USD,2005-08-04 00:04:11.000,1.233000,1.233300,D
173967461,EUR/USD,2005-08-04 00:04:14.000,1.232900,1.233200,D
173967541,EUR/USD,2005-08-04 00:06:57.000,1.233000,1.233300,D
173967548,EUR/USD,2005-08-04 00:07:00.000,1.232900,1.233200,D
173967615,EUR/USD,2005-08-04 00:08:48.000,1.232800,1.233100,D
173967616,EUR/USD,2005-08-04 00:08:51.000,1.232700,1.233000,D
173967619,EUR/USD,2005-08-04 00:08:52.000,1.232600,1.232900,D
173967630,EUR/USD,2005-08-04 00:08:56.000,1.232800,1.233100,D
173967636,EUR/USD,2005-08-04 00:09:00.000,1.232700,1.233000,D
173967647,EUR/USD,2005-08-04 00:09:21.000,1.232800,1.233100,D
173967668,EUR/USD,2005-08-04 00:09:44.000,1.232700,1.233000,D
173967677,EUR/USD,2005-08-04 00:09:50.000,1.232800,1.233100,D
173967680,EUR/USD,2005-08-04 00:09:50.000,1.232700,1.233000,D
173967689,EUR/USD,2005-08-04 00:09:53.000,1.232800,1.233100,D
173967697,EUR/USD,2005-08-04 00:09:56.000,1.232700,1.233000,D
173967740,EUR/USD,2005-08-04 00:10:44.000,1.232600,1.232900,D
173967752,EUR/USD,2005-08-04 00:10:47.000,1.232700,1.233000,D
173967761,EUR/USD,2005-08-04 00:11:01.000,1.232600,1.232900,D
173967766,EUR/USD,2005-08-04 00:11:07.000,1.232700,1.233000,D
173967805,EUR/USD,2005-08-04 00:12:16.000,1.232600,1.232900,D
173967822,EUR/USD,2005-08-04 00:13:05.000,1.232700,1.233000,D
173967864,EUR/USD,2005-08-04 00:14:30.000,1.232800,1.233100,D
173967867,EUR/USD,2005-08-04 00:14:33.000,1.232700,1.233000,D
173967874,EUR/USD,2005-08-04 00:14:47.000,1.232800,1.233100,D
173967882,EUR/USD,2005-08-04 00:14:49.000,1.232700,1.233000,D
173967884,EUR/USD,2005-08-04 00:14:51.000,1.232800,1.233100,D
173967907,EUR/USD,2005-08-04 00:15:25.000,1.232700,1.233000,D
173967913,EUR/USD,2005-08-04 00:15:28.000,1.232800,1.233100,D
173967923,EUR/USD,2005-08-04 00:15:41.000,1.232700,1.233000,D
173967933,EUR/USD,2005-08-04 00:15:54.000,1.232600,1.232900,D
173967940,EUR/USD,2005-08-04 00:16:00.000,1.232700,1.233000,D
173967948,EUR/USD,2005-08-04 00:16:09.000,1.232600,1.232900,D
173967951,EUR/USD,2005-08-04 00:16:13.000,1.232700,1.233000,D
173967957,EUR/USD,2005-08-04 00:16:21.000,1.232600,1.232900,D
173967967,EUR/USD,2005-08-04 00:16:57.000,1.232700,1.233000,D
173967988,EUR/USD,2005-08-04 00:17:48.000,1.232600,1.232900,D
173968004,EUR/USD,2005-08-04 00:18:40.000,1.232700,1.233000,D
173968067,EUR/USD,2005-08-04 00:19:58.000,1.232800,1.233100,D
173968079,EUR/USD,2005-08-04 00:20:16.000,1.232900,1.233200,D
173968087,EUR/USD,2005-08-04 00:20:18.000,1.232800,1.233100,D
173968108,EUR/USD,2005-08-04 00:20:27.000,1.232700,1.233000,D
173968120,EUR/USD,2005-08-04 00:20:34.000,1.232600,1.232900,D
173968131,EUR/USD,2005-08-04 00:20:40.000,1.232700,1.233000,D
173968138,EUR/USD,2005-08-04 00:20:47.000,1.232600,1.232900,D
173968172,EUR/USD,2005-08-04 00:21:53.000,1.232700,1.233000,D
173968179,EUR/USD,2005-08-04 00:21:56.000,1.232600,1.232900,D
173968184,EUR/USD,2005-08-04 00:22:00.000,1.232500,1.232800,D
173968187,EUR/USD,2005-08-04 00:22:01.000,1.232600,1.232900,D
173968197,EUR/USD,2005-08-04 00:22:02.000,1.232700,1.233000,D
173968205,EUR/USD,2005-08-04 00:22:06.000,1.232600,1.232900,D
173968208,EUR/USD,2005-08-04 00:22:11.000,1.232700,1.233000,D
173968214,EUR/USD,2005-08-04 00:22:17.000,1.232600,1.232900,D
173968225,EUR/USD,2005-08-04 00:22:46.000,1.232500,1.232800,D
173968231,EUR/USD,2005-08-04 00:22:47.000,1.232600,1.232900,D
173968252,EUR/USD,2005-08-04 00:23:06.000,1.232700,1.233000,D
173968259,EUR/USD,2005-08-04 00:23:08.000,1.232600,1.232900,D
173968339,EUR/USD,2005-08-04 00:25:30.000,1.232500,1.232800,D
173968362,EUR/USD,2005-08-04 00:26:14.000,1.232400,1.232700,D
173968379,EUR/USD,2005-08-04 00:26:18.000,1.232300,1.232600,D
173968382,EUR/USD,2005-08-04 00:26:22.000,1.232200,1.232500,D
173968388,EUR/USD,2005-08-04 00:26:23.000,1.232100,1.232400,D
173968399,EUR/USD,2005-08-04 00:26:24.000,1.232200,1.232500,D
173968422,EUR/USD,2005-08-04 00:26:43.000,1.232100,1.232400,D
173968425,EUR/USD,2005-08-04 00:26:43.000,1.232200,1.232500,D
173968427,EUR/USD,2005-08-04 00:26:46.000,1.232100,1.232400,D
173968440,EUR/USD,2005-08-04 00:26:56.000,1.232200,1.232500,D
173968458,EUR/USD,2005-08-04 00:27:09.000,1.232100,1.232400,D
173968469,EUR/USD,2005-08-04 00:27:15.000,1.232000,1.232300,D
173968475,EUR/USD,2005-08-04 00:27:16.000,1.232100,1.232400,D
173968481,EUR/USD,2005-08-04 00:27:18.000,1.232200,1.232500,D
173968484,EUR/USD,2005-08-04 00:27:18.000,1.232100,1.232400,D
173968491,EUR/USD,2005-08-04 00:27:19.000,1.232200,1.232500,D
173968495,EUR/USD,2005-08-04 00:27:20.000,1.232100,1.232400,D
173968505,EUR/USD,2005-08-04 00:27:33.000,1.232200,1.232500,D
173968536,EUR/USD,2005-08-04 00:28:04.000,1.232300,1.232600,D
173968572,EUR/USD,2005-08-04 00:28:40.000,1.232200,1.232500,D
173968577,EUR/USD,2005-08-04 00:28:42.000,1.232300,1.232600,D
173968581,EUR/USD,2005-08-04 00:28:44.000,1.232200,1.232500,D
173968590,EUR/USD,2005-08-04 00:28:48.000,1.232100,1.232400,D
173968603,EUR/USD,2005-08-04 00:28:52.000,1.232200,1.232500,D
173968623,EUR/USD,2005-08-04 00:29:28.000,1.232300,1.232600,D
173968659,EUR/USD,2005-08-04 00:30:10.000,1.232400,1.232700,D
173968667,EUR/USD,2005-08-04 00:30:19.000,1.232300,1.232600,D
173968682,EUR/USD,2005-08-04 00:30:30.000,1.232200,1.232500,D
173968701,EUR/USD,2005-08-04 00:30:37.000,1.232300,1.232600,D
173968718,EUR/USD,2005-08-04 00:30:52.000,1.232400,1.232700,D
173968737,EUR/USD,2005-08-04 00:31:00.000,1.232300,1.232600,D
173968777,EUR/USD,2005-08-04 00:31:57.000,1.232200,1.232500,D
173968781,EUR/USD,2005-08-04 00:32:02.000,1.232300,1.232600,D
173968804,EUR/USD,2005-08-04 00:32:25.000,1.232200,1.232500,D
173968818,EUR/USD,2005-08-04 00:32:53.000,1.232300,1.232600,D
173968830,EUR/USD,2005-08-04 00:32:58.000,1.232200,1.232500,D
173968866,EUR/USD,2005-08-04 00:33:55.000,1.232300,1.232600,D
173968942,EUR/USD,2005-08-04 00:35:52.000,1.232200,1.232500,D
173968943,EUR/USD,2005-08-04 00:35:57.000,1.232300,1.232600,D
173968978,EUR/USD,2005-08-04 00:37:52.000,1.232400,1.232700,D
173968994,EUR/USD,2005-08-04 00:38:01.000,1.232300,1.232600,D
173968998,EUR/USD,2005-08-04 00:38:04.000,1.232400,1.232700,D
173969007,EUR/USD,2005-08-04 00:38:17.000,1.232500,1.232800,D
173969013,EUR/USD,2005-08-04 00:38:20.000,1.232400,1.232700,D
173969019,EUR/USD,2005-08-04 00:38:30.000,1.232500,1.232800,D
173969040,EUR/USD,2005-08-04 00:38:42.000,1.232400,1.232700,D
173969044,EUR/USD,2005-08-04 00:38:46.000,1.232500,1.232800,D
173969110,EUR/USD,2005-08-04 00:40:36.000,1.232600,1.232900,D
173969228,EUR/USD,2005-08-04 00:42:00.000,1.232700,1.233000,D
173969318,EUR/USD,2005-08-04 00:43:58.000,1.232600,1.232900,D
173969323,EUR/USD,2005-08-04 00:44:03.000,1.232500,1.232800,D
173969326,EUR/USD,2005-08-04 00:44:03.000,1.232400,1.232700,D
173969352,EUR/USD,2005-08-04 00:44:11.000,1.232300,1.232600,D
173969356,EUR/USD,2005-08-04 00:44:12.000,1.232400,1.232700,D
173969369,EUR/USD,2005-08-04 00:44:16.000,1.232300,1.232600,D
173969383,EUR/USD,2005-08-04 00:44:25.000,1.232400,1.232700,D
173969400,EUR/USD,2005-08-04 00:44:35.000,1.232500,1.232800,D
173969415,EUR/USD,2005-08-04 00:44:37.000,1.232400,1.232700,D
173969419,EUR/USD,2005-08-04 00:44:38.000,1.232300,1.232600,D
173969424,EUR/USD,2005-08-04 00:44:42.000,1.232400,1.232700,D
173969426,EUR/USD,2005-08-04 00:44:42.000,1.232500,1.232800,D
173969436,EUR/USD,2005-08-04 00:44:53.000,1.232500,1.232800,D
173969480,EUR/USD,2005-08-04 00:45:13.000,1.232600,1.232900,D
173969503,EUR/USD,2005-08-04 00:45:21.000,1.232500,1.232800,D
173969505,EUR/USD,2005-08-04 00:45:22.000,1.232400,1.232700,D
173969606,EUR/USD,2005-08-04 00:46:10.000,1.232300,1.232600,D
173969618,EUR/USD,2005-08-04 00:46:14.000,1.232400,1.232700,D
173969704,EUR/USD,2005-08-04 00:46:42.000,1.232300,1.232600,D
173969716,EUR/USD,2005-08-04 00:46:57.000,1.232400,1.232700,D
173969718,EUR/USD,2005-08-04 00:47:01.000,1.232300,1.232600,D
173969727,EUR/USD,2005-08-04 00:47:09.000,1.232400,1.232700,D
173969737,EUR/USD,2005-08-04 00:47:16.000,1.232300,1.232600,D
173969816,EUR/USD,2005-08-04 00:49:25.000,1.232400,1.232700,D
173969894,EUR/USD,2005-08-04 00:50:38.000,1.232500,1.232800,D
173969933,EUR/USD,2005-08-04 00:50:53.000,1.232600,1.232900,D
173970029,EUR/USD,2005-08-04 00:51:59.000,1.232700,1.233000,D
173970085,EUR/USD,2005-08-04 00:53:00.000,1.232800,1.233100,D
173970098,EUR/USD,2005-08-04 00:53:12.000,1.232700,1.233000,D
173970345,EUR/USD,2005-08-04 00:56:15.000,1.232800,1.233100,D
173970360,EUR/USD,2005-08-04 00:56:21.000,1.232700,1.233000,D
173970367,EUR/USD,2005-08-04 00:56:30.000,1.232800,1.233100,D
173970494,EUR/USD,2005-08-04 00:58:30.000,1.232700,1.233000,D
173970497,EUR/USD,2005-08-04 00:58:32.000,1.232800,1.233100,D
173970503,EUR/USD,2005-08-04 00:58:39.000,1.232700,1.233000,D
173970507,EUR/USD,2005-08-04 00:58:41.000,1.232800,1.233100,D
173970510,EUR/USD,2005-08-04 00:58:41.000,1.232700,1.233000,D
173970513,EUR/USD,2005-08-04 00:58:42.000,1.232800,1.233100,D
173970515,EUR/USD,2005-08-04 00:58:44.000,1.232700,1.233000,D
173970556,EUR/USD,2005-08-04 01:00:12.000,1.232800,1.233100,D
173970579,EUR/USD,2005-08-04 01:00:50.000,1.232700,1.233000,D
173970584,EUR/USD,2005-08-04 01:00:57.000,1.232800,1.233100,D
173970591,EUR/USD,2005-08-04 01:01:02.000,1.232700,1.233000,D
173970616,EUR/USD,2005-08-04 01:01:40.000,1.232800,1.233100,D
173970617,EUR/USD,2005-08-04 01:01:41.000,1.232900,1.233200,D
173970632,EUR/USD,2005-08-04 01:01:46.000,1.233000,1.233300,D
173970637,EUR/USD,2005-08-04 01:01:49.000,1.232900,1.233200,D
173970643,EUR/USD,2005-08-04 01:01:50.000,1.233000,1.233300,D
173970647,EUR/USD,2005-08-04 01:01:51.000,1.232900,1.233200,D
173970651,EUR/USD,2005-08-04 01:01:53.000,1.233000,1.233300,D
173970655,EUR/USD,2005-08-04 01:01:54.000,1.232900,1.233200,D
173970661,EUR/USD,2005-08-04 01:01:56.000,1.233000,1.233300,D
173970672,EUR/USD,2005-08-04 01:01:58.000,1.232900,1.233200,D
173970678,EUR/USD,2005-08-04 01:02:01.000,1.233000,1.233300,D
173970698,EUR/USD,2005-08-04 01:02:18.000,1.233100,1.233400,D
173970717,EUR/USD,2005-08-04 01:02:35.000,1.233200,1.233500,D
173970725,EUR/USD,2005-08-04 01:02:37.000,1.233100,1.233400,D
173970730,EUR/USD,2005-08-04 01:02:37.000,1.233200,1.233500,D
173970740,EUR/USD,2005-08-04 01:02:40.000,1.233100,1.233400,D
173970756,EUR/USD,2005-08-04 01:03:00.000,1.233000,1.233300,D
173970775,EUR/USD,2005-08-04 01:03:17.000,1.232900,1.233200,D
173970783,EUR/USD,2005-08-04 01:03:32.000,1.233000,1.233300,D
173970796,EUR/USD,2005-08-04 01:03:51.000,1.232900,1.233200,D
173970837,EUR/USD,2005-08-04 01:04:26.000,1.233000,1.233300,D
173970869,EUR/USD,2005-08-04 01:04:39.000,1.233100,1.233400,D
173970886,EUR/USD,2005-08-04 01:04:44.000,1.233000,1.233300,D
173970899,EUR/USD,2005-08-04 01:04:58.000,1.232900,1.233200,D
173970943,EUR/USD,2005-08-04 01:05:39.000,1.233000,1.233300,D
173970952,EUR/USD,2005-08-04 01:05:51.000,1.232900,1.233200,D
173970954,EUR/USD,2005-08-04 01:05:51.000,1.233000,1.233300,D
173970959,EUR/USD,2005-08-04 01:05:52.000,1.232900,1.233200,D
173970971,EUR/USD,2005-08-04 01:05:58.000,1.232800,1.233100,D
173970983,EUR/USD,2005-08-04 01:06:11.000,1.232900,1.233200,D
173970998,EUR/USD,2005-08-04 01:06:38.000,1.232800,1.233100,D
173971057,EUR/USD,2005-08-04 01:07:44.000,1.232900,1.233200,D
173971058,EUR/USD,2005-08-04 01:07:44.000,1.232800,1.233100,D
173971089,EUR/USD,2005-08-04 01:08:13.000,1.232900,1.233200,D
173971093,EUR/USD,2005-08-04 01:08:13.000,1.232800,1.233100,D
173971112,EUR/USD,2005-08-04 01:08:26.000,1.232900,1.233200,D
173971116,EUR/USD,2005-08-04 01:08:29.000,1.232800,1.233100,D
173971122,EUR/USD,2005-08-04 01:08:32.000,1.232900,1.233200,D
173971127,EUR/USD,2005-08-04 01:08:34.000,1.232800,1.233100,D
173971165,EUR/USD,2005-08-04 01:09:03.000,1.232700,1.233000,D
173971217,EUR/USD,2005-08-04 01:10:13.000,1.232800,1.233100,D
173971237,EUR/USD,2005-08-04 01:10:40.000,1.232900,1.233200,D
173971240,EUR/USD,2005-08-04 01:10:48.000,1.232800,1.233100,D
173971246,EUR/USD,2005-08-04 01:10:51.000,1.232900,1.233200,D
173971287,EUR/USD,2005-08-04 01:11:22.000,1.232800,1.233100,D
173971298,EUR/USD,2005-08-04 01:11:33.000,1.232900,1.233200,D
173971300,EUR/USD,2005-08-04 01:11:38.000,1.232800,1.233100,D
173971319,EUR/USD,2005-08-04 01:12:03.000,1.232700,1.233000,D
173971329,EUR/USD,2005-08-04 01:12:09.000,1.232600,1.232900,D
173971364,EUR/USD,2005-08-04 01:12:23.000,1.232500,1.232800,D
173971371,EUR/USD,2005-08-04 01:12:25.000,1.232600,1.232900,D
173971458,EUR/USD,2005-08-04 01:13:45.000,1.232700,1.233000,D
173971483,EUR/USD,2005-08-04 01:14:14.000,1.232800,1.233100,D
173971484,EUR/USD,2005-08-04 01:14:14.000,1.232700,1.233000,D
173971513,EUR/USD,2005-08-04 01:14:45.000,1.232800,1.233100,D
173971523,EUR/USD,2005-08-04 01:14:51.000,1.232700,1.233000,D
173971531,EUR/USD,2005-08-04 01:15:11.000,1.232800,1.233100,D
173971560,EUR/USD,2005-08-04 01:15:35.000,1.232900,1.233200,D
173971578,EUR/USD,2005-08-04 01:15:46.000,1.233000,1.233300,D
173971583,EUR/USD,2005-08-04 01:15:48.000,1.232900,1.233200,D
173971590,EUR/USD,2005-08-04 01:15:50.000,1.233000,1.233300,D
173971613,EUR/USD,2005-08-04 01:16:09.000,1.233100,1.233400,D
173971622,EUR/USD,2005-08-04 01:16:13.000,1.233200,1.233500,D
173971643,EUR/USD,2005-08-04 01:16:19.000,1.233300,1.233600,D
173971654,EUR/USD,2005-08-04 01:16:21.000,1.233200,1.233500,D
173971695,EUR/USD,2005-08-04 01:16:42.000,1.233100,1.233400,D
173971701,EUR/USD,2005-08-04 01:16:42.000,1.233000,1.233300,D
173971708,EUR/USD,2005-08-04 01:16:46.000,1.233100,1.233400,D
173971821,EUR/USD,2005-08-04 01:17:54.000,1.233200,1.233500,D
173971830,EUR/USD,2005-08-04 01:17:56.000,1.233100,1.233400,D
173971847,EUR/USD,2005-08-04 01:18:00.000,1.233200,1.233500,D
173971858,EUR/USD,2005-08-04 01:18:05.000,1.233300,1.233600,D
173971863,EUR/USD,2005-08-04 01:18:16.000,1.233200,1.233500,D
173971866,EUR/USD,2005-08-04 01:18:16.000,1.233100,1.233400,D
173971870,EUR/USD,2005-08-04 01:18:17.000,1.233200,1.233500,D
173971872,EUR/USD,2005-08-04 01:18:17.000,1.233100,1.233400,D
173971874,EUR/USD,2005-08-04 01:18:18.000,1.233200,1.233500,D
173971893,EUR/USD,2005-08-04 01:18:28.000,1.233300,1.233600,D
173971900,EUR/USD,2005-08-04 01:18:29.000,1.233400,1.233700,D
173971903,EUR/USD,2005-08-04 01:18:30.000,1.233300,1.233600,D
173971932,EUR/USD,2005-08-04 01:18:50.000,1.233400,1.233700,D
173971948,EUR/USD,2005-08-04 01:19:12.000,1.233300,1.233600,D
173971954,EUR/USD,2005-08-04 01:19:17.000,1.233400,1.233700,D
173971963,EUR/USD,2005-08-04 01:19:29.000,1.233300,1.233600,D
173971973,EUR/USD,2005-08-04 01:19:51.000,1.233200,1.233500,D
173971985,EUR/USD,2005-08-04 01:19:57.000,1.233100,1.233400,D
173972009,EUR/USD,2005-08-04 01:20:02.000,1.233200,1.233500,D
173972015,EUR/USD,2005-08-04 01:20:04.000,1.233100,1.233400,D
173972022,EUR/USD,2005-08-04 01:20:06.000,1.233000,1.233300,D
173972024,EUR/USD,2005-08-04 01:20:09.000,1.233100,1.233400,D
173972040,EUR/USD,2005-08-04 01:20:21.000,1.233000,1.233300,D
173972046,EUR/USD,2005-08-04 01:20:22.000,1.233100,1.233400,D
173972083,EUR/USD,2005-08-04 01:20:51.000,1.233000,1.233300,D
173972086,EUR/USD,2005-08-04 01:20:53.000,1.232900,1.233200,D
173972098,EUR/USD,2005-08-04 01:20:56.000,1.233000,1.233300,D
173972104,EUR/USD,2005-08-04 01:21:00.000,1.232900,1.233200,D
173972120,EUR/USD,2005-08-04 01:21:11.000,1.233000,1.233300,D
173972141,EUR/USD,2005-08-04 01:21:22.000,1.232900,1.233200,D
173972156,EUR/USD,2005-08-04 01:21:32.000,1.232800,1.233100,D
173972186,EUR/USD,2005-08-04 01:21:35.000,1.232900,1.233200,D
173972211,EUR/USD,2005-08-04 01:21:42.000,1.233000,1.233300,D
173972218,EUR/USD,2005-08-04 01:21:43.000,1.232900,1.233200,D
173972271,EUR/USD,2005-08-04 01:22:05.000,1.233000,1.233300,D
173972272,EUR/USD,2005-08-04 01:22:05.000,1.233100,1.233400,D
173972310,EUR/USD,2005-08-04 01:22:24.000,1.233000,1.233300,D
173972319,EUR/USD,2005-08-04 01:22:28.000,1.232900,1.233200,D
173972331,EUR/USD,2005-08-04 01:22:29.000,1.233000,1.233300,D
173972340,EUR/USD,2005-08-04 01:22:35.000,1.232900,1.233200,D
173972342,EUR/USD,2005-08-04 01:22:35.000,1.233000,1.233300,D
173972367,EUR/USD,2005-08-04 01:22:51.000,1.233100,1.233400,D
173972372,EUR/USD,2005-08-04 01:22:51.000,1.233000,1.233300,D
173972396,EUR/USD,2005-08-04 01:23:11.000,1.233100,1.233400,D
173972433,EUR/USD,2005-08-04 01:23:47.000,1.233000,1.233300,D
173972451,EUR/USD,2005-08-04 01:24:01.000,1.232900,1.233200,D
173972453,EUR/USD,2005-08-04 01:24:05.000,1.233000,1.233300,D
173972566,EUR/USD,2005-08-04 01:27:30.000,1.233100,1.233400,D
173972622,EUR/USD,2005-08-04 01:28:29.000,1.233200,1.233500,D
173972650,EUR/USD,2005-08-04 01:28:34.000,1.233100,1.233400,D
173972654,EUR/USD,2005-08-04 01:28:35.000,1.233200,1.233500,D
173972715,EUR/USD,2005-08-04 01:28:58.000,1.233100,1.233400,D
173972749,EUR/USD,2005-08-04 01:29:06.000,1.233200,1.233500,D
173972758,EUR/USD,2005-08-04 01:29:08.000,1.233100,1.233400,D
173972810,EUR/USD,2005-08-04 01:29:34.000,1.233200,1.233500,D
173972829,EUR/USD,2005-08-04 01:29:43.000,1.233100,1.233400,D
173972864,EUR/USD,2005-08-04 01:30:09.000,1.233200,1.233500,D
173972867,EUR/USD,2005-08-04 01:30:11.000,1.233100,1.233400,D
173972890,EUR/USD,2005-08-04 01:30:28.000,1.233200,1.233500,D
173972946,EUR/USD,2005-08-04 01:31:07.000,1.233100,1.233400,D
173972957,EUR/USD,2005-08-04 01:31:13.000,1.233200,1.233500,D
173972971,EUR/USD,2005-08-04 01:31:37.000,1.233100,1.233400,D
173973000,EUR/USD,2005-08-04 01:31:49.000,1.233200,1.233500,D
173973016,EUR/USD,2005-08-04 01:32:13.000,1.233100,1.233400,D
173973038,EUR/USD,2005-08-04 01:32:32.000,1.233200,1.233500,D
173973046,EUR/USD,2005-08-04 01:32:44.000,1.233300,1.233600,D
173973064,EUR/USD,2005-08-04 01:33:03.000,1.233400,1.233700,D
173973075,EUR/USD,2005-08-04 01:33:06.000,1.233500,1.233800,D
173973094,EUR/USD,2005-08-04 01:33:10.000,1.233600,1.233900,D
173973156,EUR/USD,2005-08-04 01:33:35.000,1.233500,1.233800,D
173973162,EUR/USD,2005-08-04 01:33:36.000,1.233600,1.233900,D
173973198,EUR/USD,2005-08-04 01:33:59.000,1.233500,1.233800,D
173973202,EUR/USD,2005-08-04 01:34:01.000,1.233600,1.233900,D
173973206,EUR/USD,2005-08-04 01:34:03.000,1.233500,1.233800,D
173973235,EUR/USD,2005-08-04 01:34:29.000,1.233400,1.233700,D
173973256,EUR/USD,2005-08-04 01:34:34.000,1.233500,1.233800,D
173973262,EUR/USD,2005-08-04 01:34:36.000,1.233400,1.233700,D
173973269,EUR/USD,2005-08-04 01:34:49.000,1.233300,1.233600,D
173973285,EUR/USD,2005-08-04 01:34:54.000,1.233400,1.233700,D
173973322,EUR/USD,2005-08-04 01:35:12.000,1.233500,1.233800,D
173973338,EUR/USD,2005-08-04 01:35:28.000,1.233600,1.233900,D
173973363,EUR/USD,2005-08-04 01:35:33.000,1.233500,1.233800,D
173973373,EUR/USD,2005-08-04 01:35:42.000,1.233400,1.233700,D
173973397,EUR/USD,2005-08-04 01:35:54.000,1.233500,1.233800,D
173973421,EUR/USD,2005-08-04 01:36:13.000,1.233600,1.233900,D
173973455,EUR/USD,2005-08-04 01:36:43.000,1.233700,1.234000,D
173973458,EUR/USD,2005-08-04 01:36:43.000,1.233800,1.234100,D
173973465,EUR/USD,2005-08-04 01:36:44.000,1.233700,1.234000,D
173973470,EUR/USD,2005-08-04 01:36:45.000,1.233800,1.234100,D
173973493,EUR/USD,2005-08-04 01:36:52.000,1.233900,1.234200,D
173973516,EUR/USD,2005-08-04 01:36:56.000,1.234000,1.234300,D
173973522,EUR/USD,2005-08-04 01:36:56.000,1.234100,1.234400,D
173973535,EUR/USD,2005-08-04 01:36:58.000,1.234000,1.234300,D
173973551,EUR/USD,2005-08-04 01:37:01.000,1.233900,1.234200,D
173973558,EUR/USD,2005-08-04 01:37:01.000,1.234000,1.234300,D
173973578,EUR/USD,2005-08-04 01:37:13.000,1.233900,1.234200,D
173973583,EUR/USD,2005-08-04 01:37:14.000,1.233800,1.234100,D
173973588,EUR/USD,2005-08-04 01:37:14.000,1.233700,1.234000,D
173973597,EUR/USD,2005-08-04 01:37:16.000,1.233800,1.234100,D
173973603,EUR/USD,2005-08-04 01:37:17.000,1.233900,1.234200,D
173973613,EUR/USD,2005-08-04 01:37:20.000,1.233800,1.234100,D
173973667,EUR/USD,2005-08-04 01:37:41.000,1.233700,1.234000,D
173973668,EUR/USD,2005-08-04 01:37:41.000,1.233600,1.233900,D
173973677,EUR/USD,2005-08-04 01:37:42.000,1.233700,1.234000,D
173973683,EUR/USD,2005-08-04 01:37:43.000,1.233600,1.233900,D
173973685,EUR/USD,2005-08-04 01:37:43.000,1.233700,1.234000,D
173973692,EUR/USD,2005-08-04 01:37:46.000,1.233600,1.233900,D
173973699,EUR/USD,2005-08-04 01:37:49.000,1.233700,1.234000,D
173973712,EUR/USD,2005-08-04 01:37:57.000,1.233600,1.233900,D
173973714,EUR/USD,2005-08-04 01:37:57.000,1.233700,1.234000,D
173973729,EUR/USD,2005-08-04 01:38:04.000,1.233800,1.234100,D
173973751,EUR/USD,2005-08-04 01:38:21.000,1.233700,1.234000,D
173973765,EUR/USD,2005-08-04 01:38:32.000,1.233600,1.233900,D
173973788,EUR/USD,2005-08-04 01:38:44.000,1.233700,1.234000,D
173973793,EUR/USD,2005-08-04 01:38:46.000,1.233600,1.233900,D
173973808,EUR/USD,2005-08-04 01:38:53.000,1.233500,1.233800,D
173973819,EUR/USD,2005-08-04 01:38:54.000,1.233600,1.233900,D
173973876,EUR/USD,2005-08-04 01:39:15.000,1.233700,1.234000,D
173973882,EUR/USD,2005-08-04 01:39:16.000,1.233600,1.233900,D
173973893,EUR/USD,2005-08-04 01:39:18.000,1.233700,1.234000,D
173973924,EUR/USD,2005-08-04 01:39:25.000,1.233800,1.234100,D
173973932,EUR/USD,2005-08-04 01:39:26.000,1.233700,1.234000,D
173973937,EUR/USD,2005-08-04 01:39:26.000,1.233600,1.233900,D
173973945,EUR/USD,2005-08-04 01:39:29.000,1.233700,1.234000,D
173973961,EUR/USD,2005-08-04 01:39:39.000,1.233800,1.234100,D
173973976,EUR/USD,2005-08-04 01:39:48.000,1.233700,1.234000,D
173974018,EUR/USD,2005-08-04 01:40:12.000,1.233800,1.234100,D
173974034,EUR/USD,2005-08-04 01:40:16.000,1.233900,1.234200,D
173974037,EUR/USD,2005-08-04 01:40:17.000,1.233800,1.234100,D
173974043,EUR/USD,2005-08-04 01:40:18.000,1.233900,1.234200,D
173974048,EUR/USD,2005-08-04 01:40:19.000,1.234000,1.234300,D
173974050,EUR/USD,2005-08-04 01:40:20.000,1.233900,1.234200,D
173974052,EUR/USD,2005-08-04 01:40:20.000,1.233800,1.234100,D
173974109,EUR/USD,2005-08-04 01:40:47.000,1.233900,1.234200,D
173974154,EUR/USD,2005-08-04 01:41:39.000,1.233800,1.234100,D
173974170,EUR/USD,2005-08-04 01:41:46.000,1.233700,1.234000,D
173974196,EUR/USD,2005-08-04 01:42:01.000,1.233600,1.233900,D
173974199,EUR/USD,2005-08-04 01:42:03.000,1.233700,1.234000,D
173974203,EUR/USD,2005-08-04 01:42:05.000,1.233600,1.233900,D
173974207,EUR/USD,2005-08-04 01:42:08.000,1.233700,1.234000,D
173974212,EUR/USD,2005-08-04 01:42:12.000,1.233600,1.233900,D
173974258,EUR/USD,2005-08-04 01:42:25.000,1.233700,1.234000,D
173974261,EUR/USD,2005-08-04 01:42:25.000,1.233600,1.233900,D
173974284,EUR/USD,2005-08-04 01:42:39.000,1.233700,1.234000,D
173974292,EUR/USD,2005-08-04 01:42:40.000,1.233600,1.233900,D
173974302,EUR/USD,2005-08-04 01:42:43.000,1.233700,1.234000,D
173974307,EUR/USD,2005-08-04 01:42:48.000,1.233600,1.233900,D
173974335,EUR/USD,2005-08-04 01:42:52.000,1.233700,1.234000,D
173974374,EUR/USD,2005-08-04 01:43:38.000,1.233600,1.233900,D
173974404,EUR/USD,2005-08-04 01:43:59.000,1.233500,1.233800,D
173974432,EUR/USD,2005-08-04 01:44:10.000,1.233400,1.233700,D
173974434,EUR/USD,2005-08-04 01:44:11.000,1.233300,1.233600,D
173974458,EUR/USD,2005-08-04 01:44:18.000,1.233400,1.233700,D
173974478,EUR/USD,2005-08-04 01:44:26.000,1.233500,1.233800,D
173974534,EUR/USD,2005-08-04 01:45:03.000,1.233400,1.233700,D
173974548,EUR/USD,2005-08-04 01:45:14.000,1.233500,1.233800,D
173974560,EUR/USD,2005-08-04 01:45:27.000,1.233600,1.233900,D
173974563,EUR/USD,2005-08-04 01:45:27.000,1.233500,1.233800,D
173974569,EUR/USD,2005-08-04 01:45:32.000,1.233600,1.233900,D
173974600,EUR/USD,2005-08-04 01:45:54.000,1.233700,1.234000,D
173974608,EUR/USD,2005-08-04 01:45:59.000,1.233800,1.234100,D
173974615,EUR/USD,2005-08-04 01:46:03.000,1.233700,1.234000,D
173974648,EUR/USD,2005-08-04 01:46:21.000,1.233800,1.234100,D
173974669,EUR/USD,2005-08-04 01:46:30.000,1.233700,1.234000,D
173974688,EUR/USD,2005-08-04 01:46:48.000,1.233800,1.234100,D
173974691,EUR/USD,2005-08-04 01:46:50.000,1.233700,1.234000,D
173974700,EUR/USD,2005-08-04 01:46:55.000,1.233800,1.234100,D
173974704,EUR/USD,2005-08-04 01:46:57.000,1.233700,1.234000,D
173974720,EUR/USD,2005-08-04 01:47:20.000,1.233800,1.234100,D
173974726,EUR/USD,2005-08-04 01:47:25.000,1.233700,1.234000,D
173974770,EUR/USD,2005-08-04 01:47:45.000,1.233600,1.233900,D
173974788,EUR/USD,2005-08-04 01:47:57.000,1.233700,1.234000,D
173974813,EUR/USD,2005-08-04 01:48:28.000,1.233600,1.233900,D
173974817,EUR/USD,2005-08-04 01:48:28.000,1.233700,1.234000,D
173974845,EUR/USD,2005-08-04 01:49:21.000,1.233800,1.234100,D
173974854,EUR/USD,2005-08-04 01:49:23.000,1.233700,1.234000,D
173974880,EUR/USD,2005-08-04 01:49:52.000,1.233600,1.233900,D
173974898,EUR/USD,2005-08-04 01:49:57.000,1.233700,1.234000,D
173974901,EUR/USD,2005-08-04 01:49:59.000,1.233600,1.233900,D
173974911,EUR/USD,2005-08-04 01:50:04.000,1.233500,1.233800,D
173974929,EUR/USD,2005-08-04 01:50:21.000,1.233600,1.233900,D
173974932,EUR/USD,2005-08-04 01:50:22.000,1.233500,1.233800,D
173974961,EUR/USD,2005-08-04 01:50:41.000,1.233600,1.233900,D
173974965,EUR/USD,2005-08-04 01:50:41.000,1.233500,1.233800,D
173974975,EUR/USD,2005-08-04 01:50:46.000,1.233400,1.233700,D
173974976,EUR/USD,2005-08-04 01:50:46.000,1.233300,1.233600,D
173974982,EUR/USD,2005-08-04 01:50:46.000,1.233400,1.233700,D
173974984,EUR/USD,2005-08-04 01:50:47.000,1.233500,1.233800,D
173974986,EUR/USD,2005-08-04 01:50:47.000,1.233400,1.233700,D
173974993,EUR/USD,2005-08-04 01:50:50.000,1.233300,1.233600,D
173975001,EUR/USD,2005-08-04 01:50:51.000,1.233400,1.233700,D
173975005,EUR/USD,2005-08-04 01:50:51.000,1.233500,1.233800,D
173975027,EUR/USD,2005-08-04 01:50:56.000,1.233400,1.233700,D
173975038,EUR/USD,2005-08-04 01:50:59.000,1.233500,1.233800,D
173975054,EUR/USD,2005-08-04 01:51:07.000,1.233600,1.233900,D
173975062,EUR/USD,2005-08-04 01:51:12.000,1.233500,1.233800,D
173975097,EUR/USD,2005-08-04 01:51:53.000,1.233600,1.233900,D
173975128,EUR/USD,2005-08-04 01:52:51.000,1.233700,1.234000,D
173975134,EUR/USD,2005-08-04 01:52:52.000,1.233600,1.233900,D
173975143,EUR/USD,2005-08-04 01:52:55.000,1.233500,1.233800,D
173975169,EUR/USD,2005-08-04 01:53:29.000,1.233400,1.233700,D
173975172,EUR/USD,2005-08-04 01:53:30.000,1.233300,1.233600,D
173975180,EUR/USD,2005-08-04 01:53:31.000,1.233400,1.233700,D
173975184,EUR/USD,2005-08-04 01:53:31.000,1.233500,1.233800,D
173975220,EUR/USD,2005-08-04 01:53:47.000,1.233400,1.233700,D
173975227,EUR/USD,2005-08-04 01:53:48.000,1.233500,1.233800,D
173975231,EUR/USD,2005-08-04 01:53:48.000,1.233400,1.233700,D
173975239,EUR/USD,2005-08-04 01:53:50.000,1.233300,1.233600,D
173975260,EUR/USD,2005-08-04 01:53:55.000,1.233400,1.233700,D
173975265,EUR/USD,2005-08-04 01:53:56.000,1.233500,1.233800,D
173975277,EUR/USD,2005-08-04 01:53:59.000,1.233400,1.233700,D
173975312,EUR/USD,2005-08-04 01:54:20.000,1.233500,1.233800,D
173975314,EUR/USD,2005-08-04 01:54:20.000,1.233400,1.233700,D
173975317,EUR/USD,2005-08-04 01:54:21.000,1.233300,1.233600,D
173975324,EUR/USD,2005-08-04 01:54:29.000,1.233400,1.233700,D
173975352,EUR/USD,2005-08-04 01:54:49.000,1.233500,1.233800,D
173975354,EUR/USD,2005-08-04 01:54:50.000,1.233400,1.233700,D
173975373,EUR/USD,2005-08-04 01:54:58.000,1.233500,1.233800,D
173975380,EUR/USD,2005-08-04 01:54:59.000,1.233600,1.233900,D
173975381,EUR/USD,2005-08-04 01:55:00.000,1.233500,1.233800,D
173975434,EUR/USD,2005-08-04 01:55:23.000,1.233600,1.233900,D
173975447,EUR/USD,2005-08-04 01:55:26.000,1.233500,1.233800,D
173975450,EUR/USD,2005-08-04 01:55:27.000,1.233600,1.233900,D
173975453,EUR/USD,2005-08-04 01:55:27.000,1.233700,1.234000,D
173975485,EUR/USD,2005-08-04 01:55:36.000,1.233800,1.234100,D
173975500,EUR/USD,2005-08-04 01:55:38.000,1.233700,1.234000,D
173975516,EUR/USD,2005-08-04 01:55:41.000,1.233800,1.234100,D
173975523,EUR/USD,2005-08-04 01:55:45.000,1.233700,1.234000,D
173975545,EUR/USD,2005-08-04 01:55:49.000,1.233600,1.233900,D
173975553,EUR/USD,2005-08-04 01:55:51.000,1.233500,1.233800,D
173975558,EUR/USD,2005-08-04 01:55:52.000,1.233600,1.233900,D
173975589,EUR/USD,2005-08-04 01:56:18.000,1.233500,1.233800,D
173975595,EUR/USD,2005-08-04 01:56:20.000,1.233600,1.233900,D
173975769,EUR/USD,2005-08-04 01:58:33.000,1.233500,1.233800,D
173975784,EUR/USD,2005-08-04 01:58:35.000,1.233600,1.233900,D
173975790,EUR/USD,2005-08-04 01:58:36.000,1.233500,1.233800,D
173975868,EUR/USD,2005-08-04 02:00:02.000,1.233400,1.233700,D
173975877,EUR/USD,2005-08-04 02:00:03.000,1.233500,1.233800,D
173975902,EUR/USD,2005-08-04 02:00:26.000,1.233400,1.233700,D
173975906,EUR/USD,2005-08-04 02:00:26.000,1.233300,1.233600,D
173975914,EUR/USD,2005-08-04 02:00:29.000,1.233400,1.233700,D
173975918,EUR/USD,2005-08-04 02:00:35.000,1.233300,1.233600,D
173975945,EUR/USD,2005-08-04 02:00:54.000,1.233200,1.233500,D
173975951,EUR/USD,2005-08-04 02:01:00.000,1.233300,1.233600,D
173975955,EUR/USD,2005-08-04 02:01:01.000,1.233200,1.233500,D
173975959,EUR/USD,2005-08-04 02:01:02.000,1.233300,1.233600,D
173976058,EUR/USD,2005-08-04 02:02:31.000,1.233200,1.233500,D
173976064,EUR/USD,2005-08-04 02:02:32.000,1.233300,1.233600,D
173976083,EUR/USD,2005-08-04 02:02:40.000,1.233200,1.233500,D
173976100,EUR/USD,2005-08-04 02:03:09.000,1.233300,1.233600,D
173976260,EUR/USD,2005-08-04 02:04:42.000,1.233200,1.233500,D
173976322,EUR/USD,2005-08-04 02:05:18.000,1.233100,1.233400,D
173976330,EUR/USD,2005-08-04 02:05:22.000,1.233000,1.233300,D
173976344,EUR/USD,2005-08-04 02:05:26.000,1.232900,1.233200,D
173976357,EUR/USD,2005-08-04 02:05:31.000,1.232800,1.233100,D
173976369,EUR/USD,2005-08-04 02:05:32.000,1.232900,1.233200,D
173976380,EUR/USD,2005-08-04 02:05:33.000,1.232800,1.233100,D
173976406,EUR/USD,2005-08-04 02:05:40.000,1.232700,1.233000,D
173976432,EUR/USD,2005-08-04 02:05:47.000,1.232600,1.232900,D
173976453,EUR/USD,2005-08-04 02:05:56.000,1.232500,1.232800,D
173976471,EUR/USD,2005-08-04 02:06:01.000,1.232300,1.232600,D
173976480,EUR/USD,2005-08-04 02:06:03.000,1.232400,1.232700,D
173976491,EUR/USD,2005-08-04 02:06:05.000,1.232300,1.232600,D
173976519,EUR/USD,2005-08-04 02:06:09.000,1.232400,1.232700,D
173976587,EUR/USD,2005-08-04 02:06:35.000,1.232500,1.232800,D
173976611,EUR/USD,2005-08-04 02:06:45.000,1.232600,1.232900,D
173976617,EUR/USD,2005-08-04 02:06:47.000,1.232500,1.232800,D
173976648,EUR/USD,2005-08-04 02:06:58.000,1.232400,1.232700,D
173976659,EUR/USD,2005-08-04 02:07:06.000,1.232500,1.232800,D
173976727,EUR/USD,2005-08-04 02:07:58.000,1.232600,1.232900,D
173976733,EUR/USD,2005-08-04 02:07:59.000,1.232700,1.233000,D
173976749,EUR/USD,2005-08-04 02:08:02.000,1.232600,1.232900,D
173976763,EUR/USD,2005-08-04 02:08:05.000,1.232700,1.233000,D
173976800,EUR/USD,2005-08-04 02:08:16.000,1.232600,1.232900,D
173976825,EUR/USD,2005-08-04 02:08:21.000,1.232700,1.233000,D
173976841,EUR/USD,2005-08-04 02:08:25.000,1.232800,1.233100,D
173976845,EUR/USD,2005-08-04 02:08:26.000,1.232700,1.233000,D
173976848,EUR/USD,2005-08-04 02:08:27.000,1.232800,1.233100,D
173976863,EUR/USD,2005-08-04 02:08:36.000,1.232900,1.233200,D
173976868,EUR/USD,2005-08-04 02:08:38.000,1.232800,1.233100,D
173976873,EUR/USD,2005-08-04 02:08:39.000,1.232900,1.233200,D
173976884,EUR/USD,2005-08-04 02:08:39.000,1.232800,1.233100,D
173976897,EUR/USD,2005-08-04 02:08:43.000,1.232900,1.233200,D
173976906,EUR/USD,2005-08-04 02:08:47.000,1.233000,1.233300,D
173976916,EUR/USD,2005-08-04 02:08:50.000,1.232900,1.233200,D
173976921,EUR/USD,2005-08-04 02:08:51.000,1.233000,1.233300,D
173976939,EUR/USD,2005-08-04 02:08:55.000,1.233100,1.233400,D
173976988,EUR/USD,2005-08-04 02:09:07.000,1.233000,1.233300,D
173977003,EUR/USD,2005-08-04 02:09:18.000,1.233100,1.233400,D
173977016,EUR/USD,2005-08-04 02:09:21.000,1.233200,1.233500,D
173977024,EUR/USD,2005-08-04 02:09:22.000,1.233300,1.233600,D
173977036,EUR/USD,2005-08-04 02:09:23.000,1.233200,1.233500,D
173977046,EUR/USD,2005-08-04 02:09:24.000,1.233300,1.233600,D
173977060,EUR/USD,2005-08-04 02:09:26.000,1.233200,1.233500,D
173977068,EUR/USD,2005-08-04 02:09:26.000,1.233100,1.233400,D
173977075,EUR/USD,2005-08-04 02:09:28.000,1.233200,1.233500,D
173977085,EUR/USD,2005-08-04 02:09:31.000,1.233100,1.233400,D
173977123,EUR/USD,2005-08-04 02:09:42.000,1.233000,1.233300,D
173977139,EUR/USD,2005-08-04 02:09:45.000,1.232900,1.233200,D
173977182,EUR/USD,2005-08-04 02:09:53.000,1.232800,1.233100,D
173977186,EUR/USD,2005-08-04 02:09:53.000,1.232900,1.233200,D
173977210,EUR/USD,2005-08-04 02:10:01.000,1.232800,1.233100,D
173977214,EUR/USD,2005-08-04 02:10:04.000,1.232700,1.233000,D
173977242,EUR/USD,2005-08-04 02:10:12.000,1.232600,1.232900,D
173977260,EUR/USD,2005-08-04 02:10:15.000,1.232700,1.233000,D
173977281,EUR/USD,2005-08-04 02:10:20.000,1.232600,1.232900,D
173977305,EUR/USD,2005-08-04 02:10:26.000,1.232500,1.232800,D
173977344,EUR/USD,2005-08-04 02:10:36.000,1.232400,1.232700,D
173977369,EUR/USD,2005-08-04 02:10:42.000,1.232300,1.232600,D
173977407,EUR/USD,2005-08-04 02:10:47.000,1.232200,1.232500,D
173977432,EUR/USD,2005-08-04 02:10:52.000,1.232300,1.232600,D
173977439,EUR/USD,2005-08-04 02:10:55.000,1.232200,1.232500,D
173977465,EUR/USD,2005-08-04 02:11:02.000,1.232300,1.232600,D
173977482,EUR/USD,2005-08-04 02:11:05.000,1.232200,1.232500,D
173977493,EUR/USD,2005-08-04 02:11:08.000,1.232300,1.232600,D
173977518,EUR/USD,2005-08-04 02:11:13.000,1.232400,1.232700,D
173977536,EUR/USD,2005-08-04 02:11:15.000,1.232300,1.232600,D
173977541,EUR/USD,2005-08-04 02:11:15.000,1.232400,1.232700,D
173977555,EUR/USD,2005-08-04 02:11:18.000,1.232500,1.232800,D
173977587,EUR/USD,2005-08-04 02:11:29.000,1.232600,1.232900,D
173977599,EUR/USD,2005-08-04 02:11:32.000,1.232500,1.232800,D
173977603,EUR/USD,2005-08-04 02:11:33.000,1.232600,1.232900,D
173977632,EUR/USD,2005-08-04 02:11:46.000,1.232700,1.233000,D
173977649,EUR/USD,2005-08-04 02:11:47.000,1.232600,1.232900,D
173977673,EUR/USD,2005-08-04 02:11:50.000,1.232700,1.233000,D
173977686,EUR/USD,2005-08-04 02:11:51.000,1.232600,1.232900,D
173977693,EUR/USD,2005-08-04 02:11:53.000,1.232500,1.232800,D
173977703,EUR/USD,2005-08-04 02:11:53.000,1.232600,1.232900,D
173977763,EUR/USD,2005-08-04 02:12:22.000,1.232500,1.232800,D
173977805,EUR/USD,2005-08-04 02:12:36.000,1.232400,1.232700,D
173977818,EUR/USD,2005-08-04 02:12:40.000,1.232300,1.232600,D
173977830,EUR/USD,2005-08-04 02:12:46.000,1.232200,1.232500,D
173977885,EUR/USD,2005-08-04 02:13:09.000,1.232100,1.232400,D
173977918,EUR/USD,2005-08-04 02:13:18.000,1.232000,1.232300,D
173977933,EUR/USD,2005-08-04 02:13:20.000,1.232100,1.232400,D
173977944,EUR/USD,2005-08-04 02:13:24.000,1.232000,1.232300,D
173977955,EUR/USD,2005-08-04 02:13:26.000,1.231900,1.232200,D
173977986,EUR/USD,2005-08-04 02:13:33.000,1.232000,1.232300,D
173977991,EUR/USD,2005-08-04 02:13:34.000,1.231900,1.232200,D
173977998,EUR/USD,2005-08-04 02:13:34.000,1.232000,1.232300,D
173978030,EUR/USD,2005-08-04 02:13:38.000,1.232100,1.232400,D
173978043,EUR/USD,2005-08-04 02:13:39.000,1.232200,1.232500,D
173978048,EUR/USD,2005-08-04 02:13:40.000,1.232100,1.232400,D
173978053,EUR/USD,2005-08-04 02:13:40.000,1.232200,1.232500,D
173978057,EUR/USD,2005-08-04 02:13:41.000,1.232100,1.232400,D
173978077,EUR/USD,2005-08-04 02:13:43.000,1.232200,1.232500,D
173978119,EUR/USD,2005-08-04 02:13:51.000,1.232100,1.232400,D
173978136,EUR/USD,2005-08-04 02:13:54.000,1.232200,1.232500,D
173978141,EUR/USD,2005-08-04 02:13:55.000,1.232100,1.232400,D
173978147,EUR/USD,2005-08-04 02:13:55.000,1.232200,1.232500,D
173978174,EUR/USD,2005-08-04 02:14:07.000,1.232300,1.232600,D
173978236,EUR/USD,2005-08-04 02:14:34.000,1.232400,1.232700,D
173978243,EUR/USD,2005-08-04 02:14:36.000,1.232300,1.232600,D
173978258,EUR/USD,2005-08-04 02:14:43.000,1.232400,1.232700,D
173978268,EUR/USD,2005-08-04 02:14:48.000,1.232500,1.232800,D
173978330,EUR/USD,2005-08-04 02:15:03.000,1.232600,1.232900,D
173978355,EUR/USD,2005-08-04 02:15:09.000,1.232700,1.233000,D
173978359,EUR/USD,2005-08-04 02:15:10.000,1.232600,1.232900,D
173978371,EUR/USD,2005-08-04 02:15:12.000,1.232700,1.233000,D
173978380,EUR/USD,2005-08-04 02:15:14.000,1.232800,1.233100,D
173978388,EUR/USD,2005-08-04 02:15:16.000,1.232700,1.233000,D
173978405,EUR/USD,2005-08-04 02:15:19.000,1.232600,1.232900,D
173978436,EUR/USD,2005-08-04 02:15:33.000,1.232500,1.232800,D
173978494,EUR/USD,2005-08-04 02:15:53.000,1.232600,1.232900,D
173978533,EUR/USD,2005-08-04 02:16:04.000,1.232700,1.233000,D
173978538,EUR/USD,2005-08-04 02:16:07.000,1.232800,1.233100,D
173978544,EUR/USD,2005-08-04 02:16:09.000,1.232600,1.232900,D
173978563,EUR/USD,2005-08-04 02:16:14.000,1.232500,1.232800,D
173978575,EUR/USD,2005-08-04 02:16:24.000,1.232400,1.232700,D
173978635,EUR/USD,2005-08-04 02:17:03.000,1.232300,1.232600,D
173978648,EUR/USD,2005-08-04 02:17:07.000,1.232400,1.232700,D
173978681,EUR/USD,2005-08-04 02:17:22.000,1.232500,1.232800,D
173978723,EUR/USD,2005-08-04 02:17:43.000,1.232600,1.232900,D
173978734,EUR/USD,2005-08-04 02:17:46.000,1.232500,1.232800,D
173978735,EUR/USD,2005-08-04 02:17:46.000,1.232600,1.232900,D
173978812,EUR/USD,2005-08-04 02:18:40.000,1.232700,1.233000,D
173978845,EUR/USD,2005-08-04 02:18:59.000,1.232600,1.232900,D
173978867,EUR/USD,2005-08-04 02:19:38.000,1.232500,1.232800,D
173978889,EUR/USD,2005-08-04 02:19:44.000,1.232600,1.232900,D
173978908,EUR/USD,2005-08-04 02:19:59.000,1.232500,1.232800,D
173978912,EUR/USD,2005-08-04 02:19:59.000,1.232600,1.232900,D
173978931,EUR/USD,2005-08-04 02:20:05.000,1.232700,1.233000,D
173978949,EUR/USD,2005-08-04 02:20:09.000,1.232800,1.233100,D
173978955,EUR/USD,2005-08-04 02:20:11.000,1.232700,1.233000,D
173978990,EUR/USD,2005-08-04 02:20:33.000,1.232800,1.233100,D
173979001,EUR/USD,2005-08-04 02:20:39.000,1.232700,1.233000,D
173979006,EUR/USD,2005-08-04 02:20:39.000,1.232800,1.233100,D
173979041,EUR/USD,2005-08-04 02:20:53.000,1.232700,1.233000,D
173979048,EUR/USD,2005-08-04 02:20:54.000,1.232800,1.233100,D
173979065,EUR/USD,2005-08-04 02:20:56.000,1.232700,1.233000,D
173979105,EUR/USD,2005-08-04 02:21:12.000,1.232800,1.233100,D
173979114,EUR/USD,2005-08-04 02:21:17.000,1.232700,1.233000,D
173979118,EUR/USD,2005-08-04 02:21:19.000,1.232800,1.233100,D
173979193,EUR/USD,2005-08-04 02:21:47.000,1.232900,1.233200,D
173979197,EUR/USD,2005-08-04 02:21:47.000,1.232800,1.233100,D
173979230,EUR/USD,2005-08-04 02:21:57.000,1.232700,1.233000,D
173979276,EUR/USD,2005-08-04 02:22:10.000,1.232600,1.232900,D
173979294,EUR/USD,2005-08-04 02:22:17.000,1.232500,1.232800,D
173979348,EUR/USD,2005-08-04 02:22:36.000,1.232400,1.232700,D
173979349,EUR/USD,2005-08-04 02:22:43.000,1.232500,1.232800,D
173979359,EUR/USD,2005-08-04 02:22:49.000,1.232600,1.232900,D
173979375,EUR/USD,2005-08-04 02:22:54.000,1.232700,1.233000,D
173979400,EUR/USD,2005-08-04 02:23:02.000,1.232600,1.232900,D
173979463,EUR/USD,2005-08-04 02:23:48.000,1.232700,1.233000,D
173979470,EUR/USD,2005-08-04 02:23:49.000,1.232600,1.232900,D
173979477,EUR/USD,2005-08-04 02:23:57.000,1.232700,1.233000,D
173979504,EUR/USD,2005-08-04 02:24:17.000,1.232600,1.232900,D
173979565,EUR/USD,2005-08-04 02:24:56.000,1.232500,1.232800,D
173979567,EUR/USD,2005-08-04 02:24:57.000,1.232600,1.232900,D
173979571,EUR/USD,2005-08-04 02:25:07.000,1.232500,1.232800,D
173979573,EUR/USD,2005-08-04 02:25:07.000,1.232600,1.232900,D
173979574,EUR/USD,2005-08-04 02:25:07.000,1.232500,1.232800,D
173979576,EUR/USD,2005-08-04 02:25:08.000,1.232600,1.232900,D
173979589,EUR/USD,2005-08-04 02:25:10.000,1.232500,1.232800,D
173979594,EUR/USD,2005-08-04 02:25:14.000,1.232600,1.232900,D
173979612,EUR/USD,2005-08-04 02:25:31.000,1.232500,1.232800,D
173979626,EUR/USD,2005-08-04 02:25:48.000,1.232600,1.232900,D
173979710,EUR/USD,2005-08-04 02:26:25.000,1.232500,1.232800,D
173979719,EUR/USD,2005-08-04 02:26:37.000,1.232600,1.232900,D
173979727,EUR/USD,2005-08-04 02:26:47.000,1.232500,1.232800,D
173979739,EUR/USD,2005-08-04 02:27:02.000,1.232600,1.232900,D
173979783,EUR/USD,2005-08-04 02:27:22.000,1.232500,1.232800,D
173979787,EUR/USD,2005-08-04 02:27:23.000,1.232600,1.232900,D
173979813,EUR/USD,2005-08-04 02:27:34.000,1.232700,1.233000,D
173979833,EUR/USD,2005-08-04 02:27:37.000,1.232600,1.232900,D
173979839,EUR/USD,2005-08-04 02:27:39.000,1.232700,1.233000,D
173979854,EUR/USD,2005-08-04 02:27:45.000,1.232800,1.233100,D
173979862,EUR/USD,2005-08-04 02:27:53.000,1.232700,1.233000,D
173979897,EUR/USD,2005-08-04 02:28:00.000,1.232800,1.233100,D
173979928,EUR/USD,2005-08-04 02:28:14.000,1.232700,1.233000,D
173979947,EUR/USD,2005-08-04 02:28:18.000,1.232800,1.233100,D
173979970,EUR/USD,2005-08-04 02:28:26.000,1.232900,1.233200,D
173979976,EUR/USD,2005-08-04 02:28:27.000,1.233000,1.233300,D
173980006,EUR/USD,2005-08-04 02:28:33.000,1.232900,1.233200,D
173980027,EUR/USD,2005-08-04 02:28:43.000,1.232800,1.233100,D
173980033,EUR/USD,2005-08-04 02:28:45.000,1.232900,1.233200,D
173980063,EUR/USD,2005-08-04 02:28:57.000,1.232800,1.233100,D
173980098,EUR/USD,2005-08-04 02:29:26.000,1.232900,1.233200,D
173980109,EUR/USD,2005-08-04 02:29:27.000,1.232800,1.233100,D
173980115,EUR/USD,2005-08-04 02:29:32.000,1.232900,1.233200,D
173980122,EUR/USD,2005-08-04 02:29:33.000,1.232800,1.233100,D
173980126,EUR/USD,2005-08-04 02:29:35.000,1.232900,1.233200,D
173980132,EUR/USD,2005-08-04 02:29:37.000,1.232800,1.233100,D
173980226,EUR/USD,2005-08-04 02:30:24.000,1.232900,1.233200,D
173980230,EUR/USD,2005-08-04 02:30:25.000,1.232800,1.233100,D
173980232,EUR/USD,2005-08-04 02:30:25.000,1.232900,1.233200,D
173980280,EUR/USD,2005-08-04 02:30:40.000,1.233000,1.233300,D
173980281,EUR/USD,2005-08-04 02:30:41.000,1.232900,1.233200,D
173980285,EUR/USD,2005-08-04 02:30:42.000,1.233000,1.233300,D
173980310,EUR/USD,2005-08-04 02:30:47.000,1.232900,1.233200,D
173980319,EUR/USD,2005-08-04 02:30:49.000,1.233000,1.233300,D
173980403,EUR/USD,2005-08-04 02:31:17.000,1.232900,1.233200,D
173980412,EUR/USD,2005-08-04 02:31:18.000,1.233000,1.233300,D
173980423,EUR/USD,2005-08-04 02:31:19.000,1.233100,1.233400,D
173980456,EUR/USD,2005-08-04 02:31:21.000,1.233000,1.233300,D
173980491,EUR/USD,2005-08-04 02:31:31.000,1.233100,1.233400,D
173980496,EUR/USD,2005-08-04 02:31:31.000,1.233000,1.233300,D
173980514,EUR/USD,2005-08-04 02:31:36.000,1.233100,1.233400,D
173980567,EUR/USD,2005-08-04 02:31:51.000,1.233200,1.233500,D
173980569,EUR/USD,2005-08-04 02:31:53.000,1.233100,1.233400,D
173980603,EUR/USD,2005-08-04 02:32:13.000,1.233200,1.233500,D
173980621,EUR/USD,2005-08-04 02:32:28.000,1.233100,1.233400,D
173980632,EUR/USD,2005-08-04 02:32:30.000,1.233200,1.233500,D
173980639,EUR/USD,2005-08-04 02:32:31.000,1.233100,1.233400,D
173980645,EUR/USD,2005-08-04 02:32:38.000,1.233200,1.233500,D
173980656,EUR/USD,2005-08-04 02:32:44.000,1.233100,1.233400,D
173980667,EUR/USD,2005-08-04 02:32:47.000,1.233000,1.233300,D
173980678,EUR/USD,2005-08-04 02:32:49.000,1.233100,1.233400,D
173980701,EUR/USD,2005-08-04 02:32:54.000,1.233000,1.233300,D
173980706,EUR/USD,2005-08-04 02:32:54.000,1.233100,1.233400,D
173980728,EUR/USD,2005-08-04 02:33:01.000,1.233200,1.233500,D
173980737,EUR/USD,2005-08-04 02:33:02.000,1.233300,1.233600,D
173980745,EUR/USD,2005-08-04 02:33:04.000,1.233200,1.233500,D
173980749,EUR/USD,2005-08-04 02:33:04.000,1.233100,1.233400,D
173980755,EUR/USD,2005-08-04 02:33:06.000,1.233200,1.233500,D
173980771,EUR/USD,2005-08-04 02:33:12.000,1.233300,1.233600,D
173980781,EUR/USD,2005-08-04 02:33:13.000,1.233200,1.233500,D
173980789,EUR/USD,2005-08-04 02:33:13.000,1.233100,1.233400,D
173980803,EUR/USD,2005-08-04 02:33:19.000,1.233200,1.233500,D
173980815,EUR/USD,2005-08-04 02:33:26.000,1.233300,1.233600,D
173980891,EUR/USD,2005-08-04 02:34:26.000,1.233400,1.233700,D
173980899,EUR/USD,2005-08-04 02:34:30.000,1.233300,1.233600,D
173980913,EUR/USD,2005-08-04 02:34:46.000,1.233200,1.233500,D
173980930,EUR/USD,2005-08-04 02:34:51.000,1.233300,1.233600,D
173980937,EUR/USD,2005-08-04 02:34:54.000,1.233400,1.233700,D
173980945,EUR/USD,2005-08-04 02:34:55.000,1.233500,1.233800,D
173980969,EUR/USD,2005-08-04 02:34:59.000,1.233600,1.233900,D
173980973,EUR/USD,2005-08-04 02:35:00.000,1.233500,1.233800,D
173980995,EUR/USD,2005-08-04 02:35:04.000,1.233600,1.233900,D
173981010,EUR/USD,2005-08-04 02:35:10.000,1.233700,1.234000,D
173981025,EUR/USD,2005-08-04 02:35:14.000,1.233600,1.233900,D
173981073,EUR/USD,2005-08-04 02:35:24.000,1.233500,1.233800,D
173981092,EUR/USD,2005-08-04 02:35:30.000,1.233400,1.233700,D
173981100,EUR/USD,2005-08-04 02:35:33.000,1.233500,1.233800,D
173981104,EUR/USD,2005-08-04 02:35:35.000,1.233400,1.233700,D
173981110,EUR/USD,2005-08-04 02:35:38.000,1.233500,1.233800,D
173981125,EUR/USD,2005-08-04 02:35:41.000,1.233400,1.233700,D
173981132,EUR/USD,2005-08-04 02:35:45.000,1.233300,1.233600,D
173981179,EUR/USD,2005-08-04 02:35:56.000,1.233200,1.233500,D
173981241,EUR/USD,2005-08-04 02:36:17.000,1.233100,1.233400,D
173981245,EUR/USD,2005-08-04 02:36:18.000,1.233200,1.233500,D
173981264,EUR/USD,2005-08-04 02:36:26.000,1.233300,1.233600,D
173981326,EUR/USD,2005-08-04 02:37:03.000,1.233200,1.233500,D
173981367,EUR/USD,2005-08-04 02:37:28.000,1.233300,1.233600,D
173981372,EUR/USD,2005-08-04 02:37:30.000,1.233200,1.233500,D
173981379,EUR/USD,2005-08-04 02:37:35.000,1.233300,1.233600,D
173981382,EUR/USD,2005-08-04 02:37:36.000,1.233200,1.233500,D
173981385,EUR/USD,2005-08-04 02:37:37.000,1.233300,1.233600,D
173981423,EUR/USD,2005-08-04 02:37:57.000,1.233200,1.233500,D
173981443,EUR/USD,2005-08-04 02:38:02.000,1.233300,1.233600,D
173981454,EUR/USD,2005-08-04 02:38:04.000,1.233200,1.233500,D
173981463,EUR/USD,2005-08-04 02:38:04.000,1.233100,1.233400,D
173981493,EUR/USD,2005-08-04 02:38:11.000,1.233000,1.233300,D
173981530,EUR/USD,2005-08-04 02:38:17.000,1.232900,1.233200,D
173981539,EUR/USD,2005-08-04 02:38:23.000,1.233000,1.233300,D
173981550,EUR/USD,2005-08-04 02:38:23.000,1.232900,1.233200,D
173981558,EUR/USD,2005-08-04 02:38:24.000,1.232800,1.233100,D
173981569,EUR/USD,2005-08-04 02:38:25.000,1.232700,1.233000,D
173981577,EUR/USD,2005-08-04 02:38:25.000,1.232800,1.233100,D
173981637,EUR/USD,2005-08-04 02:38:49.000,1.232900,1.233200,D
173981648,EUR/USD,2005-08-04 02:38:51.000,1.232800,1.233100,D
173981715,EUR/USD,2005-08-04 02:39:21.000,1.232600,1.232900,D
173981743,EUR/USD,2005-08-04 02:39:25.000,1.232500,1.232800,D
173981754,EUR/USD,2005-08-04 02:39:25.000,1.232600,1.232900,D
173981780,EUR/USD,2005-08-04 02:39:29.000,1.232500,1.232800,D
173981789,EUR/USD,2005-08-04 02:39:32.000,1.232600,1.232900,D
173981801,EUR/USD,2005-08-04 02:39:40.000,1.232500,1.232800,D
173981804,EUR/USD,2005-08-04 02:39:40.000,1.232600,1.232900,D
173981872,EUR/USD,2005-08-04 02:39:58.000,1.232500,1.232800,D
173981897,EUR/USD,2005-08-04 02:40:03.000,1.232600,1.232900,D
173981916,EUR/USD,2005-08-04 02:40:09.000,1.232500,1.232800,D
173981930,EUR/USD,2005-08-04 02:40:10.000,1.232600,1.232900,D
173981938,EUR/USD,2005-08-04 02:40:14.000,1.232700,1.233000,D
173981966,EUR/USD,2005-08-04 02:40:25.000,1.232600,1.232900,D
173981997,EUR/USD,2005-08-04 02:40:41.000,1.232700,1.233000,D
173982003,EUR/USD,2005-08-04 02:40:44.000,1.232600,1.232900,D
173982039,EUR/USD,2005-08-04 02:40:56.000,1.232700,1.233000,D
173982060,EUR/USD,2005-08-04 02:41:00.000,1.232800,1.233100,D
173982086,EUR/USD,2005-08-04 02:41:06.000,1.232700,1.233000,D
173982106,EUR/USD,2005-08-04 02:41:09.000,1.232800,1.233100,D
173982113,EUR/USD,2005-08-04 02:41:11.000,1.232700,1.233000,D
173982119,EUR/USD,2005-08-04 02:41:12.000,1.232800,1.233100,D
173982144,EUR/USD,2005-08-04 02:41:26.000,1.232900,1.233200,D
173982162,EUR/USD,2005-08-04 02:41:28.000,1.232800,1.233100,D
173982185,EUR/USD,2005-08-04 02:41:35.000,1.232900,1.233200,D
173982219,EUR/USD,2005-08-04 02:41:44.000,1.233000,1.233300,D
173982234,EUR/USD,2005-08-04 02:41:46.000,1.232900,1.233200,D
173982249,EUR/USD,2005-08-04 02:41:48.000,1.233000,1.233300,D
173982279,EUR/USD,2005-08-04 02:42:07.000,1.233100,1.233400,D
173982295,EUR/USD,2005-08-04 02:42:12.000,1.233200,1.233500,D
173982300,EUR/USD,2005-08-04 02:42:13.000,1.233100,1.233400,D
173982310,EUR/USD,2005-08-04 02:42:14.000,1.233200,1.233500,D
173982330,EUR/USD,2005-08-04 02:42:18.000,1.233100,1.233400,D
173982347,EUR/USD,2005-08-04 02:42:21.000,1.233000,1.233300,D
173982350,EUR/USD,2005-08-04 02:42:21.000,1.233100,1.233400,D
173982396,EUR/USD,2005-08-04 02:42:44.000,1.233200,1.233500,D
173982400,EUR/USD,2005-08-04 02:42:45.000,1.233100,1.233400,D
173982408,EUR/USD,2005-08-04 02:42:46.000,1.233200,1.233500,D
173982414,EUR/USD,2005-08-04 02:42:47.000,1.233300,1.233600,D
173982435,EUR/USD,2005-08-04 02:42:50.000,1.233200,1.233500,D
173982446,EUR/USD,2005-08-04 02:42:52.000,1.233300,1.233600,D
173982459,EUR/USD,2005-08-04 02:42:54.000,1.233200,1.233500,D
173982476,EUR/USD,2005-08-04 02:42:58.000,1.233100,1.233400,D
173982486,EUR/USD,2005-08-04 02:43:00.000,1.233200,1.233500,D
173982499,EUR/USD,2005-08-04 02:43:04.000,1.233100,1.233400,D
173982506,EUR/USD,2005-08-04 02:43:07.000,1.233200,1.233500,D
173982511,EUR/USD,2005-08-04 02:43:08.000,1.233100,1.233400,D
173982519,EUR/USD,2005-08-04 02:43:10.000,1.233000,1.233300,D
173982524,EUR/USD,2005-08-04 02:43:10.000,1.233100,1.233400,D
173982539,EUR/USD,2005-08-04 02:43:21.000,1.233200,1.233500,D
173982550,EUR/USD,2005-08-04 02:43:24.000,1.233300,1.233600,D
173982555,EUR/USD,2005-08-04 02:43:25.000,1.233200,1.233500,D
173982616,EUR/USD,2005-08-04 02:43:38.000,1.233300,1.233600,D
173982636,EUR/USD,2005-08-04 02:43:44.000,1.233200,1.233500,D
173982644,EUR/USD,2005-08-04 02:43:45.000,1.233300,1.233600,D
173982669,EUR/USD,2005-08-04 02:43:54.000,1.233200,1.233500,D
173982676,EUR/USD,2005-08-04 02:43:55.000,1.233300,1.233600,D
173982729,EUR/USD,2005-08-04 02:44:25.000,1.233400,1.233700,D
173982757,EUR/USD,2005-08-04 02:44:32.000,1.233300,1.233600,D
173982828,EUR/USD,2005-08-04 02:45:02.000,1.233400,1.233700,D
173982836,EUR/USD,2005-08-04 02:45:14.000,1.233500,1.233800,D
173982845,EUR/USD,2005-08-04 02:45:15.000,1.233400,1.233700,D
173982861,EUR/USD,2005-08-04 02:45:19.000,1.233500,1.233800,D
173982881,EUR/USD,2005-08-04 02:45:27.000,1.233400,1.233700,D
173982905,EUR/USD,2005-08-04 02:45:37.000,1.233300,1.233600,D
173982914,EUR/USD,2005-08-04 02:45:38.000,1.233400,1.233700,D
173982917,EUR/USD,2005-08-04 02:45:39.000,1.233300,1.233600,D
173982947,EUR/USD,2005-08-04 02:45:55.000,1.233400,1.233700,D
173982987,EUR/USD,2005-08-04 02:46:11.000,1.233300,1.233600,D
173983001,EUR/USD,2005-08-04 02:46:13.000,1.233400,1.233700,D
173983030,EUR/USD,2005-08-04 02:46:28.000,1.233300,1.233600,D
173983042,EUR/USD,2005-08-04 02:46:31.000,1.233400,1.233700,D
173983068,EUR/USD,2005-08-04 02:46:52.000,1.233300,1.233600,D
173983075,EUR/USD,2005-08-04 02:46:54.000,1.233400,1.233700,D
173983113,EUR/USD,2005-08-04 02:47:35.000,1.233300,1.233600,D
173983184,EUR/USD,2005-08-04 02:48:11.000,1.233200,1.233500,D
173983190,EUR/USD,2005-08-04 02:48:17.000,1.233100,1.233400,D
173983196,EUR/USD,2005-08-04 02:48:18.000,1.233200,1.233500,D
173983227,EUR/USD,2005-08-04 02:48:24.000,1.233100,1.233400,D
173983255,EUR/USD,2005-08-04 02:48:38.000,1.233000,1.233300,D
173983307,EUR/USD,2005-08-04 02:48:51.000,1.233100,1.233400,D
173983326,EUR/USD,2005-08-04 02:48:55.000,1.233000,1.233300,D
173983328,EUR/USD,2005-08-04 02:48:56.000,1.233100,1.233400,D
173983341,EUR/USD,2005-08-04 02:48:58.000,1.233000,1.233300,D
173983384,EUR/USD,2005-08-04 02:49:19.000,1.232900,1.233200,D
173983390,EUR/USD,2005-08-04 02:49:20.000,1.233000,1.233300,D
173983394,EUR/USD,2005-08-04 02:49:21.000,1.232900,1.233200,D
173983422,EUR/USD,2005-08-04 02:49:30.000,1.233000,1.233300,D
173983426,EUR/USD,2005-08-04 02:49:31.000,1.232900,1.233200,D
173983432,EUR/USD,2005-08-04 02:49:34.000,1.233000,1.233300,D
173983449,EUR/USD,2005-08-04 02:49:54.000,1.232900,1.233200,D
173983455,EUR/USD,2005-08-04 02:49:55.000,1.233000,1.233300,D
173983473,EUR/USD,2005-08-04 02:50:01.000,1.232900,1.233200,D
173983480,EUR/USD,2005-08-04 02:50:04.000,1.233000,1.233300,D
173983493,EUR/USD,2005-08-04 02:50:13.000,1.232900,1.233200,D
173983513,EUR/USD,2005-08-04 02:50:30.000,1.232800,1.233100,D
173983518,EUR/USD,2005-08-04 02:50:31.000,1.232900,1.233200,D
173983559,EUR/USD,2005-08-04 02:50:43.000,1.233000,1.233300,D
173983571,EUR/USD,2005-08-04 02:50:44.000,1.232900,1.233200,D
173983588,EUR/USD,2005-08-04 02:50:52.000,1.232800,1.233100,D
173983634,EUR/USD,2005-08-04 02:51:11.000,1.232900,1.233200,D
173983639,EUR/USD,2005-08-04 02:51:12.000,1.232800,1.233100,D
173983643,EUR/USD,2005-08-04 02:51:14.000,1.232700,1.233000,D
173983651,EUR/USD,2005-08-04 02:51:15.000,1.232800,1.233100,D
173983695,EUR/USD,2005-08-04 02:51:36.000,1.232700,1.233000,D
173983704,EUR/USD,2005-08-04 02:51:40.000,1.232800,1.233100,D
173983743,EUR/USD,2005-08-04 02:52:07.000,1.232700,1.233000,D
173983787,EUR/USD,2005-08-04 02:52:22.000,1.232800,1.233100,D
173983823,EUR/USD,2005-08-04 02:52:30.000,1.232900,1.233200,D
173983832,EUR/USD,2005-08-04 02:52:32.000,1.232800,1.233100,D
173983837,EUR/USD,2005-08-04 02:52:33.000,1.232900,1.233200,D
173983848,EUR/USD,2005-08-04 02:52:35.000,1.233000,1.233300,D
173983856,EUR/USD,2005-08-04 02:52:36.000,1.232900,1.233200,D
173983859,EUR/USD,2005-08-04 02:52:36.000,1.233000,1.233300,D
173983867,EUR/USD,2005-08-04 02:52:37.000,1.232900,1.233200,D
173983890,EUR/USD,2005-08-04 02:52:44.000,1.233000,1.233300,D
173983901,EUR/USD,2005-08-04 02:52:45.000,1.232900,1.233200,D
173983917,EUR/USD,2005-08-04 02:52:50.000,1.232800,1.233100,D
173983935,EUR/USD,2005-08-04 02:52:53.000,1.232700,1.233000,D
173983947,EUR/USD,2005-08-04 02:52:55.000,1.232800,1.233100,D
173983957,EUR/USD,2005-08-04 02:52:56.000,1.232700,1.233000,D
173983962,EUR/USD,2005-08-04 02:52:59.000,1.232800,1.233100,D
173983982,EUR/USD,2005-08-04 02:53:04.000,1.232900,1.233200,D
173983990,EUR/USD,2005-08-04 02:53:06.000,1.233000,1.233300,D
173984006,EUR/USD,2005-08-04 02:53:08.000,1.233100,1.233400,D
173984025,EUR/USD,2005-08-04 02:53:10.000,1.233000,1.233300,D
173984051,EUR/USD,2005-08-04 02:53:14.000,1.232900,1.233200,D
173984070,EUR/USD,2005-08-04 02:53:19.000,1.233000,1.233300,D
173984083,EUR/USD,2005-08-04 02:53:22.000,1.233100,1.233400,D
173984102,EUR/USD,2005-08-04 02:53:28.000,1.233200,1.233500,D
173984114,EUR/USD,2005-08-04 02:53:28.000,1.233100,1.233400,D
173984184,EUR/USD,2005-08-04 02:53:56.000,1.233000,1.233300,D
173984187,EUR/USD,2005-08-04 02:53:57.000,1.233100,1.233400,D
173984211,EUR/USD,2005-08-04 02:54:09.000,1.233000,1.233300,D
173984222,EUR/USD,2005-08-04 02:54:10.000,1.233100,1.233400,D
173984226,EUR/USD,2005-08-04 02:54:11.000,1.233200,1.233500,D
173984248,EUR/USD,2005-08-04 02:54:16.000,1.233100,1.233400,D
173984250,EUR/USD,2005-08-04 02:54:16.000,1.233200,1.233500,D
173984254,EUR/USD,2005-08-04 02:54:17.000,1.233300,1.233600,D
173984269,EUR/USD,2005-08-04 02:54:21.000,1.233200,1.233500,D
173984276,EUR/USD,2005-08-04 02:54:24.000,1.233100,1.233400,D
173984289,EUR/USD,2005-08-04 02:54:26.000,1.233200,1.233500,D
173984313,EUR/USD,2005-08-04 02:54:33.000,1.233300,1.233600,D
173984324,EUR/USD,2005-08-04 02:54:37.000,1.233400,1.233700,D
173984330,EUR/USD,2005-08-04 02:54:38.000,1.233300,1.233600,D
173984342,EUR/USD,2005-08-04 02:54:40.000,1.233400,1.233700,D
173984346,EUR/USD,2005-08-04 02:54:44.000,1.233300,1.233600,D
173984414,EUR/USD,2005-08-04 02:55:11.000,1.233200,1.233500,D
173984438,EUR/USD,2005-08-04 02:55:17.000,1.233300,1.233600,D
173984447,EUR/USD,2005-08-04 02:55:18.000,1.233200,1.233500,D
173984458,EUR/USD,2005-08-04 02:55:21.000,1.233300,1.233600,D
173984466,EUR/USD,2005-08-04 02:55:21.000,1.233200,1.233500,D
173984478,EUR/USD,2005-08-04 02:55:26.000,1.233300,1.233600,D
173984489,EUR/USD,2005-08-04 02:55:32.000,1.233200,1.233500,D
173984494,EUR/USD,2005-08-04 02:55:34.000,1.233300,1.233600,D
173984503,EUR/USD,2005-08-04 02:55:35.000,1.233400,1.233700,D
173984512,EUR/USD,2005-08-04 02:55:36.000,1.233300,1.233600,D
173984539,EUR/USD,2005-08-04 02:55:43.000,1.233400,1.233700,D
173984543,EUR/USD,2005-08-04 02:55:44.000,1.233300,1.233600,D
173984549,EUR/USD,2005-08-04 02:55:44.000,1.233400,1.233700,D
173984568,EUR/USD,2005-08-04 02:55:47.000,1.233500,1.233800,D
173984573,EUR/USD,2005-08-04 02:55:48.000,1.233400,1.233700,D
173984581,EUR/USD,2005-08-04 02:55:53.000,1.233500,1.233800,D
173984607,EUR/USD,2005-08-04 02:56:04.000,1.233600,1.233900,D
173984652,EUR/USD,2005-08-04 02:56:11.000,1.233700,1.234000,D
173984677,EUR/USD,2005-08-04 02:56:19.000,1.233600,1.233900,D
173984703,EUR/USD,2005-08-04 02:56:21.000,1.233700,1.234000,D
173984715,EUR/USD,2005-08-04 02:56:22.000,1.233600,1.233900,D
173984738,EUR/USD,2005-08-04 02:56:23.000,1.233700,1.234000,D
173984778,EUR/USD,2005-08-04 02:56:35.000,1.233800,1.234100,D
173984787,EUR/USD,2005-08-04 02:56:36.000,1.233700,1.234000,D
173984794,EUR/USD,2005-08-04 02:56:37.000,1.233800,1.234100,D
173984817,EUR/USD,2005-08-04 02:56:43.000,1.233900,1.234200,D
173984829,EUR/USD,2005-08-04 02:56:46.000,1.233800,1.234100,D
173984838,EUR/USD,2005-08-04 02:56:49.000,1.233900,1.234200,D
173984859,EUR/USD,2005-08-04 02:56:54.000,1.233800,1.234100,D
173984928,EUR/USD,2005-08-04 02:57:19.000,1.233900,1.234200,D
173984931,EUR/USD,2005-08-04 02:57:20.000,1.233800,1.234100,D
173984950,EUR/USD,2005-08-04 02:57:24.000,1.233900,1.234200,D
173984965,EUR/USD,2005-08-04 02:57:25.000,1.233800,1.234100,D
173985021,EUR/USD,2005-08-04 02:57:54.000,1.233700,1.234000,D
173985045,EUR/USD,2005-08-04 02:58:08.000,1.233600,1.233900,D
173985053,EUR/USD,2005-08-04 02:58:09.000,1.233700,1.234000,D
173985060,EUR/USD,2005-08-04 02:58:10.000,1.233600,1.233900,D
173985081,EUR/USD,2005-08-04 02:58:20.000,1.233700,1.234000,D
173985090,EUR/USD,2005-08-04 02:58:21.000,1.233600,1.233900,D
173985095,EUR/USD,2005-08-04 02:58:21.000,1.233700,1.234000,D
173985111,EUR/USD,2005-08-04 02:58:26.000,1.233800,1.234100,D
173985137,EUR/USD,2005-08-04 02:58:33.000,1.233700,1.234000,D
173985143,EUR/USD,2005-08-04 02:58:33.000,1.233800,1.234100,D
173985160,EUR/USD,2005-08-04 02:58:37.000,1.233900,1.234200,D
173985182,EUR/USD,2005-08-04 02:58:41.000,1.234000,1.234300,D
173985196,EUR/USD,2005-08-04 02:58:45.000,1.234100,1.234400,D
173985210,EUR/USD,2005-08-04 02:58:49.000,1.234000,1.234300,D
173985219,EUR/USD,2005-08-04 02:58:50.000,1.234100,1.234400,D
173985227,EUR/USD,2005-08-04 02:58:50.000,1.234000,1.234300,D
173985249,EUR/USD,2005-08-04 02:58:54.000,1.233900,1.234200,D
173985313,EUR/USD,2005-08-04 02:59:26.000,1.234000,1.234300,D
173985351,EUR/USD,2005-08-04 02:59:35.000,1.234100,1.234400,D
173985359,EUR/USD,2005-08-04 02:59:38.000,1.234000,1.234300,D
173985370,EUR/USD,2005-08-04 02:59:40.000,1.233900,1.234200,D
173985383,EUR/USD,2005-08-04 02:59:42.000,1.233800,1.234100,D
173985427,EUR/USD,2005-08-04 02:59:53.000,1.233700,1.234000,D
173985430,EUR/USD,2005-08-04 02:59:53.000,1.233800,1.234100,D
173985452,EUR/USD,2005-08-04 02:59:55.000,1.233700,1.234000,D
173985465,EUR/USD,2005-08-04 03:00:00.000,1.233800,1.234100,D
173985474,EUR/USD,2005-08-04 03:00:01.000,1.233700,1.234000,D
173985478,EUR/USD,2005-08-04 03:00:01.000,1.233800,1.234100,D
173985485,EUR/USD,2005-08-04 03:00:03.000,1.233700,1.234000,D
173985514,EUR/USD,2005-08-04 03:00:19.000,1.233600,1.233900,D
173985551,EUR/USD,2005-08-04 03:00:31.000,1.233500,1.233800,D
173985558,EUR/USD,2005-08-04 03:00:32.000,1.233600,1.233900,D
173985563,EUR/USD,2005-08-04 03:00:33.000,1.233500,1.233800,D
173985574,EUR/USD,2005-08-04 03:00:35.000,1.233600,1.233900,D
173985590,EUR/USD,2005-08-04 03:00:41.000,1.233700,1.234000,D
173985601,EUR/USD,2005-08-04 03:00:42.000,1.233600,1.233900,D
173985662,EUR/USD,2005-08-04 03:01:26.000,1.233700,1.234000,D
173985672,EUR/USD,2005-08-04 03:01:28.000,1.233600,1.233900,D
173985681,EUR/USD,2005-08-04 03:01:30.000,1.233700,1.234000,D
173985702,EUR/USD,2005-08-04 03:01:39.000,1.233800,1.234100,D
173985711,EUR/USD,2005-08-04 03:01:43.000,1.233700,1.234000,D
173985730,EUR/USD,2005-08-04 03:01:59.000,1.233600,1.233900,D
173985745,EUR/USD,2005-08-04 03:02:10.000,1.233700,1.234000,D
173985750,EUR/USD,2005-08-04 03:02:11.000,1.233600,1.233900,D
173985756,EUR/USD,2005-08-04 03:02:12.000,1.233700,1.234000,D
173985769,EUR/USD,2005-08-04 03:02:22.000,1.233800,1.234100,D
173985856,EUR/USD,2005-08-04 03:02:54.000,1.233900,1.234200,D
173985873,EUR/USD,2005-08-04 03:03:00.000,1.233800,1.234100,D
173985882,EUR/USD,2005-08-04 03:03:02.000,1.233900,1.234200,D
173985893,EUR/USD,2005-08-04 03:03:05.000,1.234000,1.234300,D
173985894,EUR/USD,2005-08-04 03:03:05.000,1.233900,1.234200,D
173985903,EUR/USD,2005-08-04 03:03:06.000,1.234000,1.234300,D
173985912,EUR/USD,2005-08-04 03:03:08.000,1.234100,1.234400,D
173985937,EUR/USD,2005-08-04 03:03:13.000,1.234000,1.234300,D
173985970,EUR/USD,2005-08-04 03:03:21.000,1.234100,1.234400,D
173985981,EUR/USD,2005-08-04 03:03:23.000,1.234000,1.234300,D
173986007,EUR/USD,2005-08-04 03:03:29.000,1.233900,1.234200,D
173986048,EUR/USD,2005-08-04 03:03:53.000,1.234000,1.234300,D
173986081,EUR/USD,2005-08-04 03:04:04.000,1.234100,1.234400,D
173986083,EUR/USD,2005-08-04 03:04:05.000,1.234000,1.234300,D
173986085,EUR/USD,2005-08-04 03:04:06.000,1.234100,1.234400,D
173986094,EUR/USD,2005-08-04 03:04:08.000,1.234000,1.234300,D
173986100,EUR/USD,2005-08-04 03:04:08.000,1.234100,1.234400,D
173986103,EUR/USD,2005-08-04 03:04:10.000,1.234000,1.234300,D
173986126,EUR/USD,2005-08-04 03:04:16.000,1.233900,1.234200,D
173986162,EUR/USD,2005-08-04 03:04:28.000,1.234000,1.234300,D
173986177,EUR/USD,2005-08-04 03:04:30.000,1.233900,1.234200,D
173986186,EUR/USD,2005-08-04 03:04:31.000,1.234000,1.234300,D
173986198,EUR/USD,2005-08-04 03:04:33.000,1.233900,1.234200,D
173986211,EUR/USD,2005-08-04 03:04:37.000,1.233800,1.234100,D
173986235,EUR/USD,2005-08-04 03:04:41.000,1.233900,1.234200,D
173986244,EUR/USD,2005-08-04 03:04:43.000,1.233800,1.234100,D
173986278,EUR/USD,2005-08-04 03:04:51.000,1.233700,1.234000,D
173986317,EUR/USD,2005-08-04 03:05:06.000,1.233800,1.234100,D
173986321,EUR/USD,2005-08-04 03:05:07.000,1.233700,1.234000,D
173986327,EUR/USD,2005-08-04 03:05:10.000,1.233800,1.234100,D
173986331,EUR/USD,2005-08-04 03:05:12.000,1.233700,1.234000,D
173986356,EUR/USD,2005-08-04 03:05:17.000,1.233600,1.233900,D
173986371,EUR/USD,2005-08-04 03:05:22.000,1.233700,1.234000,D
173986376,EUR/USD,2005-08-04 03:05:24.000,1.233600,1.233900,D
173986424,EUR/USD,2005-08-04 03:05:34.000,1.233500,1.233800,D
173986453,EUR/USD,2005-08-04 03:05:39.000,1.233400,1.233700,D
173986471,EUR/USD,2005-08-04 03:05:44.000,1.233300,1.233600,D
173986488,EUR/USD,2005-08-04 03:05:48.000,1.233400,1.233700,D
173986509,EUR/USD,2005-08-04 03:05:58.000,1.233300,1.233600,D
173986518,EUR/USD,2005-08-04 03:06:00.000,1.233200,1.233500,D
173986525,EUR/USD,2005-08-04 03:06:01.000,1.233300,1.233600,D
173986536,EUR/USD,2005-08-04 03:06:02.000,1.233200,1.233500,D
173986545,EUR/USD,2005-08-04 03:06:03.000,1.233300,1.233600,D
173986552,EUR/USD,2005-08-04 03:06:04.000,1.233200,1.233500,D
173986616,EUR/USD,2005-08-04 03:06:20.000,1.233300,1.233600,D
173986626,EUR/USD,2005-08-04 03:06:21.000,1.233200,1.233500,D
173986656,EUR/USD,2005-08-04 03:06:31.000,1.233300,1.233600,D
173986660,EUR/USD,2005-08-04 03:06:31.000,1.233200,1.233500,D
173986666,EUR/USD,2005-08-04 03:06:32.000,1.233300,1.233600,D
173986675,EUR/USD,2005-08-04 03:06:35.000,1.233200,1.233500,D
173986716,EUR/USD,2005-08-04 03:06:40.000,1.233300,1.233600,D
173986739,EUR/USD,2005-08-04 03:06:46.000,1.233400,1.233700,D
173986762,EUR/USD,2005-08-04 03:06:49.000,1.233300,1.233600,D
173986769,EUR/USD,2005-08-04 03:06:49.000,1.233400,1.233700,D
173986813,EUR/USD,2005-08-04 03:06:59.000,1.233500,1.233800,D
173986885,EUR/USD,2005-08-04 03:07:45.000,1.233600,1.233900,D
173986955,EUR/USD,2005-08-04 03:08:13.000,1.233500,1.233800,D
173986981,EUR/USD,2005-08-04 03:08:37.000,1.233400,1.233700,D
173987002,EUR/USD,2005-08-04 03:08:56.000,1.233300,1.233600,D
173987020,EUR/USD,2005-08-04 03:09:02.000,1.233200,1.233500,D
173987034,EUR/USD,2005-08-04 03:09:05.000,1.233300,1.233600,D
173987039,EUR/USD,2005-08-04 03:09:07.000,1.233200,1.233500,D
173987043,EUR/USD,2005-08-04 03:09:08.000,1.233300,1.233600,D
173987061,EUR/USD,2005-08-04 03:09:12.000,1.233200,1.233500,D
173987080,EUR/USD,2005-08-04 03:09:17.000,1.233100,1.233400,D
173987088,EUR/USD,2005-08-04 03:09:18.000,1.233200,1.233500,D
173987106,EUR/USD,2005-08-04 03:09:27.000,1.233300,1.233600,D
173987140,EUR/USD,2005-08-04 03:09:42.000,1.233400,1.233700,D
173987166,EUR/USD,2005-08-04 03:10:20.000,1.233300,1.233600,D
173987194,EUR/USD,2005-08-04 03:10:46.000,1.233400,1.233700,D
173987201,EUR/USD,2005-08-04 03:10:49.000,1.233300,1.233600,D
173987228,EUR/USD,2005-08-04 03:11:14.000,1.233400,1.233700,D
173987356,EUR/USD,2005-08-04 03:12:17.000,1.233500,1.233800,D
173987368,EUR/USD,2005-08-04 03:12:19.000,1.233400,1.233700,D
173987373,EUR/USD,2005-08-04 03:12:21.000,1.233500,1.233800,D
173987384,EUR/USD,2005-08-04 03:12:23.000,1.233400,1.233700,D
173987397,EUR/USD,2005-08-04 03:12:29.000,1.233300,1.233600,D
173987437,EUR/USD,2005-08-04 03:12:56.000,1.233200,1.233500,D
173987441,EUR/USD,2005-08-04 03:12:57.000,1.233300,1.233600,D
173987444,EUR/USD,2005-08-04 03:12:58.000,1.233200,1.233500,D
173987464,EUR/USD,2005-08-04 03:13:12.000,1.233100,1.233400,D
173987473,EUR/USD,2005-08-04 03:13:14.000,1.233000,1.233300,D
173987482,EUR/USD,2005-08-04 03:13:16.000,1.233100,1.233400,D
173987491,EUR/USD,2005-08-04 03:13:17.000,1.233000,1.233300,D
173987496,EUR/USD,2005-08-04 03:13:18.000,1.233100,1.233400,D
173987499,EUR/USD,2005-08-04 03:13:19.000,1.233000,1.233300,D
173987509,EUR/USD,2005-08-04 03:13:20.000,1.233100,1.233400,D
173987515,EUR/USD,2005-08-04 03:13:21.000,1.233000,1.233300,D
173987526,EUR/USD,2005-08-04 03:13:22.000,1.233100,1.233400,D
173987530,EUR/USD,2005-08-04 03:13:23.000,1.233000,1.233300,D
173987576,EUR/USD,2005-08-04 03:13:34.000,1.232900,1.233200,D
173987585,EUR/USD,2005-08-04 03:13:36.000,1.233000,1.233300,D
173987589,EUR/USD,2005-08-04 03:13:36.000,1.232900,1.233200,D
173987618,EUR/USD,2005-08-04 03:13:44.000,1.232800,1.233100,D
173987677,EUR/USD,2005-08-04 03:13:53.000,1.232900,1.233200,D
173987698,EUR/USD,2005-08-04 03:14:05.000,1.232800,1.233100,D
173987717,EUR/USD,2005-08-04 03:14:07.000,1.232900,1.233200,D
173987722,EUR/USD,2005-08-04 03:14:08.000,1.232800,1.233100,D
173987746,EUR/USD,2005-08-04 03:14:18.000,1.232700,1.233000,D
173987788,EUR/USD,2005-08-04 03:14:27.000,1.232600,1.232900,D
173987806,EUR/USD,2005-08-04 03:14:32.000,1.232500,1.232800,D
173987813,EUR/USD,2005-08-04 03:14:33.000,1.232600,1.232900,D
173987831,EUR/USD,2005-08-04 03:14:45.000,1.232500,1.232800,D
173987852,EUR/USD,2005-08-04 03:14:48.000,1.232600,1.232900,D
173987855,EUR/USD,2005-08-04 03:14:56.000,1.232700,1.233000,D
173987907,EUR/USD,2005-08-04 03:15:14.000,1.232800,1.233100,D
173988061,EUR/USD,2005-08-04 03:16:40.000,1.232700,1.233000,D
173988162,EUR/USD,2005-08-04 03:17:44.000,1.232600,1.232900,D
173988201,EUR/USD,2005-08-04 03:17:56.000,1.232500,1.232800,D
173988206,EUR/USD,2005-08-04 03:17:57.000,1.232600,1.232900,D
173988213,EUR/USD,2005-08-04 03:17:57.000,1.232500,1.232800,D
173988226,EUR/USD,2005-08-04 03:18:01.000,1.232400,1.232700,D
173988259,EUR/USD,2005-08-04 03:18:11.000,1.232500,1.232800,D
173988277,EUR/USD,2005-08-04 03:18:14.000,1.232600,1.232900,D
173988374,EUR/USD,2005-08-04 03:18:58.000,1.232500,1.232800,D
173988392,EUR/USD,2005-08-04 03:19:03.000,1.232600,1.232900,D
173988401,EUR/USD,2005-08-04 03:19:08.000,1.232500,1.232800,D
173988406,EUR/USD,2005-08-04 03:19:11.000,1.232400,1.232700,D
173988430,EUR/USD,2005-08-04 03:19:16.000,1.232500,1.232800,D
173988441,EUR/USD,2005-08-04 03:19:20.000,1.232400,1.232700,D
173988452,EUR/USD,2005-08-04 03:19:22.000,1.232300,1.232600,D
173988467,EUR/USD,2005-08-04 03:19:25.000,1.232200,1.232500,D
173988469,EUR/USD,2005-08-04 03:19:26.000,1.232300,1.232600,D
173988473,EUR/USD,2005-08-04 03:19:27.000,1.232400,1.232700,D
173988525,EUR/USD,2005-08-04 03:19:43.000,1.232300,1.232600,D
173988542,EUR/USD,2005-08-04 03:19:51.000,1.232400,1.232700,D
173988570,EUR/USD,2005-08-04 03:20:01.000,1.232300,1.232600,D
173988579,EUR/USD,2005-08-04 03:20:03.000,1.232400,1.232700,D
173988589,EUR/USD,2005-08-04 03:20:05.000,1.232300,1.232600,D
173988592,EUR/USD,2005-08-04 03:20:05.000,1.232400,1.232700,D
173988599,EUR/USD,2005-08-04 03:20:06.000,1.232300,1.232600,D
173988607,EUR/USD,2005-08-04 03:20:08.000,1.232400,1.232700,D
173988612,EUR/USD,2005-08-04 03:20:09.000,1.232500,1.232800,D
173988622,EUR/USD,2005-08-04 03:20:10.000,1.232400,1.232700,D
173988646,EUR/USD,2005-08-04 03:20:15.000,1.232500,1.232800,D
173988693,EUR/USD,2005-08-04 03:20:24.000,1.232600,1.232900,D
173988717,EUR/USD,2005-08-04 03:20:33.000,1.232700,1.233000,D
173988733,EUR/USD,2005-08-04 03:20:41.000,1.232600,1.232900,D
173988753,EUR/USD,2005-08-04 03:20:48.000,1.232500,1.232800,D
173988758,EUR/USD,2005-08-04 03:20:50.000,1.232400,1.232700,D
173988795,EUR/USD,2005-08-04 03:21:02.000,1.232500,1.232800,D
173988803,EUR/USD,2005-08-04 03:21:07.000,1.232400,1.232700,D
173988821,EUR/USD,2005-08-04 03:21:13.000,1.232500,1.232800,D
173988849,EUR/USD,2005-08-04 03:21:21.000,1.232400,1.232700,D
173988872,EUR/USD,2005-08-04 03:21:41.000,1.232300,1.232600,D
173988877,EUR/USD,2005-08-04 03:21:42.000,1.232400,1.232700,D
173988882,EUR/USD,2005-08-04 03:21:43.000,1.232300,1.232600,D
173988890,EUR/USD,2005-08-04 03:21:45.000,1.232400,1.232700,D
173988901,EUR/USD,2005-08-04 03:22:00.000,1.232500,1.232800,D
173988908,EUR/USD,2005-08-04 03:22:02.000,1.232400,1.232700,D
173988919,EUR/USD,2005-08-04 03:22:09.000,1.232500,1.232800,D
173988923,EUR/USD,2005-08-04 03:22:10.000,1.232400,1.232700,D
173988929,EUR/USD,2005-08-04 03:22:17.000,1.232500,1.232800,D
173988951,EUR/USD,2005-08-04 03:22:32.000,1.232600,1.232900,D
173988980,EUR/USD,2005-08-04 03:22:41.000,1.232500,1.232800,D
173989029,EUR/USD,2005-08-04 03:23:00.000,1.232400,1.232700,D
173989032,EUR/USD,2005-08-04 03:23:00.000,1.232500,1.232800,D
173989046,EUR/USD,2005-08-04 03:23:07.000,1.232400,1.232700,D
173989058,EUR/USD,2005-08-04 03:23:12.000,1.232300,1.232600,D
173989069,EUR/USD,2005-08-04 03:23:15.000,1.232200,1.232500,D
173989070,EUR/USD,2005-08-04 03:23:17.000,1.232300,1.232600,D
173989072,EUR/USD,2005-08-04 03:23:18.000,1.232200,1.232500,D
173989089,EUR/USD,2005-08-04 03:23:20.000,1.232100,1.232400,D
173989110,EUR/USD,2005-08-04 03:23:22.000,1.232200,1.232500,D
173989117,EUR/USD,2005-08-04 03:23:23.000,1.232100,1.232400,D
173989123,EUR/USD,2005-08-04 03:23:24.000,1.232200,1.232500,D
173989128,EUR/USD,2005-08-04 03:23:25.000,1.232100,1.232400,D
173989161,EUR/USD,2005-08-04 03:23:37.000,1.232000,1.232300,D
173989175,EUR/USD,2005-08-04 03:23:39.000,1.232100,1.232400,D
173989191,EUR/USD,2005-08-04 03:23:44.000,1.232200,1.232500,D
173989199,EUR/USD,2005-08-04 03:23:46.000,1.232100,1.232400,D
173989205,EUR/USD,2005-08-04 03:23:47.000,1.232200,1.232500,D
173989208,EUR/USD,2005-08-04 03:23:49.000,1.232100,1.232400,D
173989211,EUR/USD,2005-08-04 03:23:50.000,1.232200,1.232500,D
173989215,EUR/USD,2005-08-04 03:23:54.000,1.232100,1.232400,D
173989250,EUR/USD,2005-08-04 03:24:07.000,1.232000,1.232300,D
173989270,EUR/USD,2005-08-04 03:24:14.000,1.231900,1.232200,D
173989280,EUR/USD,2005-08-04 03:24:16.000,1.231800,1.232100,D
173989290,EUR/USD,2005-08-04 03:24:17.000,1.231900,1.232200,D
173989297,EUR/USD,2005-08-04 03:24:17.000,1.231800,1.232100,D
173989304,EUR/USD,2005-08-04 03:24:18.000,1.231700,1.232000,D
173989311,EUR/USD,2005-08-04 03:24:20.000,1.231800,1.232100,D
173989350,EUR/USD,2005-08-04 03:24:25.000,1.231900,1.232200,D
173989374,EUR/USD,2005-08-04 03:24:32.000,1.232000,1.232300,D
173989384,EUR/USD,2005-08-04 03:24:32.000,1.231900,1.232200,D
173989407,EUR/USD,2005-08-04 03:24:37.000,1.231800,1.232100,D
173989420,EUR/USD,2005-08-04 03:24:40.000,1.231900,1.232200,D
173989440,EUR/USD,2005-08-04 03:24:46.000,1.232000,1.232300,D
173989452,EUR/USD,2005-08-04 03:24:51.000,1.232100,1.232400,D
173989476,EUR/USD,2005-08-04 03:24:57.000,1.232200,1.232500,D
173989487,EUR/USD,2005-08-04 03:24:59.000,1.232100,1.232400,D
173989543,EUR/USD,2005-08-04 03:25:23.000,1.232200,1.232500,D
173989559,EUR/USD,2005-08-04 03:25:28.000,1.232100,1.232400,D
173989594,EUR/USD,2005-08-04 03:25:40.000,1.232000,1.232300,D
173989599,EUR/USD,2005-08-04 03:25:40.000,1.232100,1.232400,D
173989606,EUR/USD,2005-08-04 03:25:41.000,1.232000,1.232300,D
173989627,EUR/USD,2005-08-04 03:25:47.000,1.231900,1.232200,D
173989639,EUR/USD,2005-08-04 03:25:50.000,1.232000,1.232300,D
173989647,EUR/USD,2005-08-04 03:25:53.000,1.231900,1.232200,D
173989651,EUR/USD,2005-08-04 03:25:53.000,1.232000,1.232300,D
173989659,EUR/USD,2005-08-04 03:25:54.000,1.231900,1.232200,D
173989664,EUR/USD,2005-08-04 03:25:55.000,1.232000,1.232300,D
173989675,EUR/USD,2005-08-04 03:25:58.000,1.232100,1.232400,D
173989683,EUR/USD,2005-08-04 03:26:01.000,1.232000,1.232300,D
173989706,EUR/USD,2005-08-04 03:26:07.000,1.231900,1.232200,D
173989709,EUR/USD,2005-08-04 03:26:07.000,1.232000,1.232300,D
173989713,EUR/USD,2005-08-04 03:26:08.000,1.231900,1.232200,D
173989716,EUR/USD,2005-08-04 03:26:08.000,1.232000,1.232300,D
173989724,EUR/USD,2005-08-04 03:26:12.000,1.231900,1.232200,D
173989737,EUR/USD,2005-08-04 03:26:16.000,1.231800,1.232100,D
173989745,EUR/USD,2005-08-04 03:26:18.000,1.231700,1.232000,D
173989758,EUR/USD,2005-08-04 03:26:19.000,1.231600,1.231900,D
173989765,EUR/USD,2005-08-04 03:26:21.000,1.231500,1.231800,D
173989792,EUR/USD,2005-08-04 03:26:24.000,1.231400,1.231700,D
173989823,EUR/USD,2005-08-04 03:26:29.000,1.231300,1.231600,D
173989836,EUR/USD,2005-08-04 03:26:32.000,1.231200,1.231500,D
173989848,EUR/USD,2005-08-04 03:26:33.000,1.231100,1.231400,D
173989853,EUR/USD,2005-08-04 03:26:34.000,1.231200,1.231500,D
173989861,EUR/USD,2005-08-04 03:26:35.000,1.231100,1.231400,D
173989866,EUR/USD,2005-08-04 03:26:36.000,1.231200,1.231500,D
173989909,EUR/USD,2005-08-04 03:26:43.000,1.231300,1.231600,D
173989912,EUR/USD,2005-08-04 03:26:44.000,1.231200,1.231500,D
173989916,EUR/USD,2005-08-04 03:26:44.000,1.231300,1.231600,D
173989954,EUR/USD,2005-08-04 03:26:54.000,1.231400,1.231700,D
173989967,EUR/USD,2005-08-04 03:26:56.000,1.231300,1.231600,D
173989971,EUR/USD,2005-08-04 03:26:56.000,1.231400,1.231700,D
173989979,EUR/USD,2005-08-04 03:26:57.000,1.231300,1.231600,D
173989996,EUR/USD,2005-08-04 03:27:00.000,1.231200,1.231500,D
173990012,EUR/USD,2005-08-04 03:27:02.000,1.231300,1.231600,D
173990026,EUR/USD,2005-08-04 03:27:04.000,1.231200,1.231500,D
173990039,EUR/USD,2005-08-04 03:27:06.000,1.231300,1.231600,D
173990048,EUR/USD,2005-08-04 03:27:06.000,1.231200,1.231500,D
173990054,EUR/USD,2005-08-04 03:27:07.000,1.231300,1.231600,D
173990061,EUR/USD,2005-08-04 03:27:07.000,1.231200,1.231500,D
173990072,EUR/USD,2005-08-04 03:27:08.000,1.231100,1.231400,D
173990102,EUR/USD,2005-08-04 03:27:12.000,1.231000,1.231300,D
173990117,EUR/USD,2005-08-04 03:27:14.000,1.231100,1.231400,D
173990132,EUR/USD,2005-08-04 03:27:15.000,1.231000,1.231300,D
173990138,EUR/USD,2005-08-04 03:27:15.000,1.231100,1.231400,D
173990170,EUR/USD,2005-08-04 03:27:20.000,1.231000,1.231300,D
173990181,EUR/USD,2005-08-04 03:27:21.000,1.231100,1.231400,D
173990225,EUR/USD,2005-08-04 03:27:33.000,1.231200,1.231500,D
173990254,EUR/USD,2005-08-04 03:27:39.000,1.231100,1.231400,D
173990261,EUR/USD,2005-08-04 03:27:40.000,1.231200,1.231500,D
173990264,EUR/USD,2005-08-04 03:27:41.000,1.231100,1.231400,D
173990274,EUR/USD,2005-08-04 03:27:42.000,1.231200,1.231500,D
173990299,EUR/USD,2005-08-04 03:27:50.000,1.231100,1.231400,D
173990319,EUR/USD,2005-08-04 03:27:55.000,1.231200,1.231500,D
173990331,EUR/USD,2005-08-04 03:27:59.000,1.231100,1.231400,D
173990339,EUR/USD,2005-08-04 03:28:00.000,1.231200,1.231500,D
173990343,EUR/USD,2005-08-04 03:28:02.000,1.231100,1.231400,D
173990346,EUR/USD,2005-08-04 03:28:02.000,1.231200,1.231500,D
173990357,EUR/USD,2005-08-04 03:28:05.000,1.231100,1.231400,D
173990365,EUR/USD,2005-08-04 03:28:06.000,1.231200,1.231500,D
173990380,EUR/USD,2005-08-04 03:28:09.000,1.231000,1.231300,D
173990393,EUR/USD,2005-08-04 03:28:10.000,1.231100,1.231400,D
173990398,EUR/USD,2005-08-04 03:28:11.000,1.231000,1.231300,D
173990425,EUR/USD,2005-08-04 03:28:15.000,1.230900,1.231200,D
173990457,EUR/USD,2005-08-04 03:28:26.000,1.231000,1.231300,D
173990476,EUR/USD,2005-08-04 03:28:34.000,1.230900,1.231200,D
173990484,EUR/USD,2005-08-04 03:28:35.000,1.231000,1.231300,D
173990493,EUR/USD,2005-08-04 03:28:37.000,1.230900,1.231200,D
173990507,EUR/USD,2005-08-04 03:28:41.000,1.231000,1.231300,D
173990513,EUR/USD,2005-08-04 03:28:41.000,1.230900,1.231200,D
173990526,EUR/USD,2005-08-04 03:28:44.000,1.231000,1.231300,D
173990548,EUR/USD,2005-08-04 03:28:50.000,1.231100,1.231400,D
173990565,EUR/USD,2005-08-04 03:28:55.000,1.231000,1.231300,D
173990575,EUR/USD,2005-08-04 03:28:57.000,1.231100,1.231400,D
173990592,EUR/USD,2005-08-04 03:28:59.000,1.231000,1.231300,D
173990609,EUR/USD,2005-08-04 03:29:04.000,1.230900,1.231200,D
173990651,EUR/USD,2005-08-04 03:29:13.000,1.231000,1.231300,D
173990667,EUR/USD,2005-08-04 03:29:20.000,1.231100,1.231400,D
173990692,EUR/USD,2005-08-04 03:29:23.000,1.231000,1.231300,D
173990701,EUR/USD,2005-08-04 03:29:24.000,1.231100,1.231400,D
173990707,EUR/USD,2005-08-04 03:29:26.000,1.231000,1.231300,D
173990711,EUR/USD,2005-08-04 03:29:26.000,1.231100,1.231400,D
173990737,EUR/USD,2005-08-04 03:29:54.000,1.231200,1.231500,D
173990746,EUR/USD,2005-08-04 03:29:56.000,1.231100,1.231400,D
173990757,EUR/USD,2005-08-04 03:30:01.000,1.231200,1.231500,D
173990762,EUR/USD,2005-08-04 03:30:02.000,1.231100,1.231400,D
173990783,EUR/USD,2005-08-04 03:30:09.000,1.231200,1.231500,D
173990786,EUR/USD,2005-08-04 03:30:10.000,1.231100,1.231400,D
173990796,EUR/USD,2005-08-04 03:30:13.000,1.231200,1.231500,D
173990815,EUR/USD,2005-08-04 03:30:16.000,1.231100,1.231400,D
173990820,EUR/USD,2005-08-04 03:30:18.000,1.231200,1.231500,D
173990842,EUR/USD,2005-08-04 03:30:37.000,1.231300,1.231600,D
173990856,EUR/USD,2005-08-04 03:30:42.000,1.231200,1.231500,D
173990907,EUR/USD,2005-08-04 03:30:52.000,1.231300,1.231600,D
173990915,EUR/USD,2005-08-04 03:30:53.000,1.231200,1.231500,D
173990946,EUR/USD,2005-08-04 03:31:00.000,1.231100,1.231400,D
173990957,EUR/USD,2005-08-04 03:31:02.000,1.231200,1.231500,D
173990970,EUR/USD,2005-08-04 03:31:04.000,1.231100,1.231400,D
173990998,EUR/USD,2005-08-04 03:31:10.000,1.231000,1.231300,D
173991018,EUR/USD,2005-08-04 03:31:14.000,1.230900,1.231200,D
173991039,EUR/USD,2005-08-04 03:31:17.000,1.231000,1.231300,D
173991105,EUR/USD,2005-08-04 03:31:33.000,1.231100,1.231400,D
173991125,EUR/USD,2005-08-04 03:31:37.000,1.231000,1.231300,D
173991127,EUR/USD,2005-08-04 03:31:38.000,1.231100,1.231400,D
173991136,EUR/USD,2005-08-04 03:31:39.000,1.231000,1.231300,D
173991152,EUR/USD,2005-08-04 03:31:42.000,1.231100,1.231400,D
173991205,EUR/USD,2005-08-04 03:32:03.000,1.231200,1.231500,D
173991210,EUR/USD,2005-08-04 03:32:04.000,1.231100,1.231400,D
173991271,EUR/USD,2005-08-04 03:32:31.000,1.231000,1.231300,D
173991297,EUR/USD,2005-08-04 03:32:39.000,1.230900,1.231200,D
173991326,EUR/USD,2005-08-04 03:32:44.000,1.231000,1.231300,D
173991343,EUR/USD,2005-08-04 03:32:53.000,1.230900,1.231200,D
173991348,EUR/USD,2005-08-04 03:32:58.000,1.231000,1.231300,D
173991359,EUR/USD,2005-08-04 03:33:01.000,1.230900,1.231200,D
173991380,EUR/USD,2005-08-04 03:33:07.000,1.230800,1.231100,D
173991386,EUR/USD,2005-08-04 03:33:07.000,1.230900,1.231200,D
173991429,EUR/USD,2005-08-04 03:33:16.000,1.231000,1.231300,D
173991445,EUR/USD,2005-08-04 03:33:19.000,1.231100,1.231400,D
173991484,EUR/USD,2005-08-04 03:33:25.000,1.231000,1.231300,D
173991505,EUR/USD,2005-08-04 03:33:32.000,1.230900,1.231200,D
173991515,EUR/USD,2005-08-04 03:33:35.000,1.231000,1.231300,D
173991522,EUR/USD,2005-08-04 03:33:36.000,1.230800,1.231100,D
173991531,EUR/USD,2005-08-04 03:33:36.000,1.230900,1.231200,D
173991558,EUR/USD,2005-08-04 03:33:44.000,1.231000,1.231300,D
173991612,EUR/USD,2005-08-04 03:34:05.000,1.231100,1.231400,D
173991619,EUR/USD,2005-08-04 03:34:06.000,1.231200,1.231500,D
173991631,EUR/USD,2005-08-04 03:34:10.000,1.231300,1.231600,D
173991636,EUR/USD,2005-08-04 03:34:11.000,1.231200,1.231500,D
173991671,EUR/USD,2005-08-04 03:34:22.000,1.231300,1.231600,D
173991674,EUR/USD,2005-08-04 03:34:22.000,1.231200,1.231500,D
173991689,EUR/USD,2005-08-04 03:34:24.000,1.231300,1.231600,D
173991694,EUR/USD,2005-08-04 03:34:25.000,1.231200,1.231500,D
173991697,EUR/USD,2005-08-04 03:34:26.000,1.231300,1.231600,D
173991708,EUR/USD,2005-08-04 03:34:27.000,1.231200,1.231500,D
173991721,EUR/USD,2005-08-04 03:34:30.000,1.231300,1.231600,D
173991751,EUR/USD,2005-08-04 03:34:35.000,1.231400,1.231700,D
173991761,EUR/USD,2005-08-04 03:34:37.000,1.231300,1.231600,D
173991772,EUR/USD,2005-08-04 03:34:43.000,1.231400,1.231700,D
173991790,EUR/USD,2005-08-04 03:34:45.000,1.231500,1.231800,D
173991816,EUR/USD,2005-08-04 03:34:48.000,1.231600,1.231900,D
173991839,EUR/USD,2005-08-04 03:34:52.000,1.231500,1.231800,D
173991860,EUR/USD,2005-08-04 03:34:54.000,1.231600,1.231900,D
173991880,EUR/USD,2005-08-04 03:34:57.000,1.231500,1.231800,D
173991937,EUR/USD,2005-08-04 03:35:08.000,1.231400,1.231700,D
173991959,EUR/USD,2005-08-04 03:35:14.000,1.231500,1.231800,D
173991969,EUR/USD,2005-08-04 03:35:15.000,1.231400,1.231700,D
173991978,EUR/USD,2005-08-04 03:35:18.000,1.231500,1.231800,D
173991991,EUR/USD,2005-08-04 03:35:24.000,1.231600,1.231900,D
173991996,EUR/USD,2005-08-04 03:35:26.000,1.231500,1.231800,D
173992012,EUR/USD,2005-08-04 03:35:31.000,1.231600,1.231900,D
173992046,EUR/USD,2005-08-04 03:35:43.000,1.231500,1.231800,D
173992048,EUR/USD,2005-08-04 03:35:44.000,1.231600,1.231900,D
173992078,EUR/USD,2005-08-04 03:35:50.000,1.231500,1.231800,D
173992092,EUR/USD,2005-08-04 03:35:52.000,1.231600,1.231900,D
173992094,EUR/USD,2005-08-04 03:35:53.000,1.231500,1.231800,D
173992098,EUR/USD,2005-08-04 03:35:53.000,1.231600,1.231900,D
173992113,EUR/USD,2005-08-04 03:35:59.000,1.231500,1.231800,D
173992128,EUR/USD,2005-08-04 03:36:01.000,1.231400,1.231700,D
173992155,EUR/USD,2005-08-04 03:36:06.000,1.231500,1.231800,D
173992206,EUR/USD,2005-08-04 03:36:18.000,1.231600,1.231900,D
173992233,EUR/USD,2005-08-04 03:36:38.000,1.231500,1.231800,D
173992243,EUR/USD,2005-08-04 03:36:40.000,1.231600,1.231900,D
173992244,EUR/USD,2005-08-04 03:36:40.000,1.231500,1.231800,D
173992274,EUR/USD,2005-08-04 03:36:51.000,1.231400,1.231700,D
173992289,EUR/USD,2005-08-04 03:36:56.000,1.231300,1.231600,D
173992304,EUR/USD,2005-08-04 03:36:58.000,1.231400,1.231700,D
173992328,EUR/USD,2005-08-04 03:37:08.000,1.231300,1.231600,D
173992356,EUR/USD,2005-08-04 03:37:26.000,1.231400,1.231700,D
173992369,EUR/USD,2005-08-04 03:37:27.000,1.231300,1.231600,D
173992398,EUR/USD,2005-08-04 03:37:38.000,1.231200,1.231500,D
173992415,EUR/USD,2005-08-04 03:37:40.000,1.231300,1.231600,D
173992443,EUR/USD,2005-08-04 03:37:52.000,1.231200,1.231500,D
173992450,EUR/USD,2005-08-04 03:37:53.000,1.231300,1.231600,D
173992461,EUR/USD,2005-08-04 03:37:57.000,1.231200,1.231500,D
173992476,EUR/USD,2005-08-04 03:38:00.000,1.231300,1.231600,D
173992492,EUR/USD,2005-08-04 03:38:07.000,1.231400,1.231700,D
173992509,EUR/USD,2005-08-04 03:38:10.000,1.231500,1.231800,D
173992531,EUR/USD,2005-08-04 03:38:17.000,1.231600,1.231900,D
173992564,EUR/USD,2005-08-04 03:38:28.000,1.231700,1.232000,D
173992572,EUR/USD,2005-08-04 03:38:29.000,1.231600,1.231900,D
173992592,EUR/USD,2005-08-04 03:38:31.000,1.231700,1.232000,D
173992620,EUR/USD,2005-08-04 03:38:38.000,1.231600,1.231900,D
173992688,EUR/USD,2005-08-04 03:39:15.000,1.231500,1.231800,D
173992691,EUR/USD,2005-08-04 03:39:16.000,1.231400,1.231700,D
173992718,EUR/USD,2005-08-04 03:39:19.000,1.231300,1.231600,D
173992726,EUR/USD,2005-08-04 03:39:20.000,1.231400,1.231700,D
173992732,EUR/USD,2005-08-04 03:39:21.000,1.231300,1.231600,D
173992780,EUR/USD,2005-08-04 03:39:32.000,1.231200,1.231500,D
173992804,EUR/USD,2005-08-04 03:39:39.000,1.231300,1.231600,D
173992828,EUR/USD,2005-08-04 03:39:43.000,1.231200,1.231500,D
173992844,EUR/USD,2005-08-04 03:39:47.000,1.231300,1.231600,D
173992858,EUR/USD,2005-08-04 03:39:51.000,1.231200,1.231500,D
173992862,EUR/USD,2005-08-04 03:39:52.000,1.231300,1.231600,D
173992880,EUR/USD,2005-08-04 03:40:03.000,1.231200,1.231500,D
173992883,EUR/USD,2005-08-04 03:40:05.000,1.231300,1.231600,D
173992886,EUR/USD,2005-08-04 03:40:06.000,1.231200,1.231500,D
173992897,EUR/USD,2005-08-04 03:40:07.000,1.231100,1.231400,D
173992936,EUR/USD,2005-08-04 03:40:30.000,1.231000,1.231300,D
173992952,EUR/USD,2005-08-04 03:40:34.000,1.230900,1.231200,D
173992983,EUR/USD,2005-08-04 03:40:42.000,1.231000,1.231300,D
173992991,EUR/USD,2005-08-04 03:40:42.000,1.230900,1.231200,D
173993018,EUR/USD,2005-08-04 03:40:46.000,1.231000,1.231300,D
173993030,EUR/USD,2005-08-04 03:40:48.000,1.230900,1.231200,D
173993066,EUR/USD,2005-08-04 03:41:06.000,1.231000,1.231300,D
173993075,EUR/USD,2005-08-04 03:41:08.000,1.230900,1.231200,D
173993083,EUR/USD,2005-08-04 03:41:09.000,1.231000,1.231300,D
173993108,EUR/USD,2005-08-04 03:41:18.000,1.230900,1.231200,D
173993118,EUR/USD,2005-08-04 03:41:21.000,1.231000,1.231300,D
173993152,EUR/USD,2005-08-04 03:41:39.000,1.230900,1.231200,D
173993163,EUR/USD,2005-08-04 03:41:43.000,1.231000,1.231300,D
173993172,EUR/USD,2005-08-04 03:41:44.000,1.230900,1.231200,D
173993178,EUR/USD,2005-08-04 03:41:44.000,1.231000,1.231300,D
173993196,EUR/USD,2005-08-04 03:41:53.000,1.231100,1.231400,D
173993204,EUR/USD,2005-08-04 03:41:57.000,1.231000,1.231300,D
173993223,EUR/USD,2005-08-04 03:42:07.000,1.230900,1.231200,D
173993239,EUR/USD,2005-08-04 03:42:12.000,1.230800,1.231100,D
173993249,EUR/USD,2005-08-04 03:42:14.000,1.230700,1.231000,D
173993256,EUR/USD,2005-08-04 03:42:16.000,1.230600,1.230900,D
173993282,EUR/USD,2005-08-04 03:42:20.000,1.230700,1.231000,D
173993288,EUR/USD,2005-08-04 03:42:20.000,1.230600,1.230900,D
173993304,EUR/USD,2005-08-04 03:42:23.000,1.230500,1.230800,D
173993313,EUR/USD,2005-08-04 03:42:24.000,1.230600,1.230900,D
173993330,EUR/USD,2005-08-04 03:42:26.000,1.230500,1.230800,D
173993341,EUR/USD,2005-08-04 03:42:28.000,1.230600,1.230900,D
173993347,EUR/USD,2005-08-04 03:42:28.000,1.230500,1.230800,D
173993372,EUR/USD,2005-08-04 03:42:35.000,1.230400,1.230700,D
173993386,EUR/USD,2005-08-04 03:42:37.000,1.230500,1.230800,D
173993409,EUR/USD,2005-08-04 03:42:40.000,1.230600,1.230900,D
173993443,EUR/USD,2005-08-04 03:42:47.000,1.230700,1.231000,D
173993472,EUR/USD,2005-08-04 03:42:49.000,1.230800,1.231100,D
173993492,EUR/USD,2005-08-04 03:42:55.000,1.230900,1.231200,D
173993496,EUR/USD,2005-08-04 03:42:56.000,1.230800,1.231100,D
173993501,EUR/USD,2005-08-04 03:42:57.000,1.230900,1.231200,D
173993516,EUR/USD,2005-08-04 03:43:00.000,1.231000,1.231300,D
173993522,EUR/USD,2005-08-04 03:43:01.000,1.230900,1.231200,D
173993528,EUR/USD,2005-08-04 03:43:02.000,1.231000,1.231300,D
173993535,EUR/USD,2005-08-04 03:43:03.000,1.230900,1.231200,D
173993557,EUR/USD,2005-08-04 03:43:05.000,1.231000,1.231300,D
173993580,EUR/USD,2005-08-04 03:43:13.000,1.231100,1.231400,D
173993598,EUR/USD,2005-08-04 03:43:16.000,1.231000,1.231300,D
173993645,EUR/USD,2005-08-04 03:43:34.000,1.230900,1.231200,D
173993653,EUR/USD,2005-08-04 03:43:34.000,1.231000,1.231300,D
173993678,EUR/USD,2005-08-04 03:43:44.000,1.230900,1.231200,D
173993688,EUR/USD,2005-08-04 03:43:45.000,1.231000,1.231300,D
173993701,EUR/USD,2005-08-04 03:43:47.000,1.230900,1.231200,D
173993717,EUR/USD,2005-08-04 03:43:56.000,1.231000,1.231300,D
173993725,EUR/USD,2005-08-04 03:43:57.000,1.230900,1.231200,D
173993739,EUR/USD,2005-08-04 03:44:05.000,1.231000,1.231300,D
173993777,EUR/USD,2005-08-04 03:44:24.000,1.230900,1.231200,D
173993791,EUR/USD,2005-08-04 03:44:34.000,1.230800,1.231100,D
173993800,EUR/USD,2005-08-04 03:44:36.000,1.230900,1.231200,D
173993811,EUR/USD,2005-08-04 03:44:40.000,1.231000,1.231300,D
173993823,EUR/USD,2005-08-04 03:44:43.000,1.231100,1.231400,D
173993832,EUR/USD,2005-08-04 03:44:45.000,1.231200,1.231500,D
173993837,EUR/USD,2005-08-04 03:44:46.000,1.231100,1.231400,D
173993898,EUR/USD,2005-08-04 03:45:06.000,1.231000,1.231300,D
173993909,EUR/USD,2005-08-04 03:45:09.000,1.231100,1.231400,D
173993938,EUR/USD,2005-08-04 03:45:14.000,1.231000,1.231300,D
173994048,EUR/USD,2005-08-04 03:45:57.000,1.230900,1.231200,D
173994071,EUR/USD,2005-08-04 03:46:06.000,1.230800,1.231100,D
173994074,EUR/USD,2005-08-04 03:46:07.000,1.230900,1.231200,D
173994075,EUR/USD,2005-08-04 03:46:08.000,1.230800,1.231100,D
173994080,EUR/USD,2005-08-04 03:46:09.000,1.230900,1.231200,D
173994095,EUR/USD,2005-08-04 03:46:11.000,1.230800,1.231100,D
173994131,EUR/USD,2005-08-04 03:46:24.000,1.230900,1.231200,D
173994144,EUR/USD,2005-08-04 03:46:27.000,1.231000,1.231300,D
173994159,EUR/USD,2005-08-04 03:46:32.000,1.230900,1.231200,D
173994163,EUR/USD,2005-08-04 03:46:33.000,1.231000,1.231300,D
173994169,EUR/USD,2005-08-04 03:46:36.000,1.230900,1.231200,D
173994194,EUR/USD,2005-08-04 03:46:40.000,1.231000,1.231300,D
173994239,EUR/USD,2005-08-04 03:47:00.000,1.231100,1.231400,D
173994251,EUR/USD,2005-08-04 03:47:01.000,1.231000,1.231300,D
173994261,EUR/USD,2005-08-04 03:47:04.000,1.231100,1.231400,D
173994268,EUR/USD,2005-08-04 03:47:04.000,1.231000,1.231300,D
173994284,EUR/USD,2005-08-04 03:47:06.000,1.231100,1.231400,D
173994290,EUR/USD,2005-08-04 03:47:07.000,1.231000,1.231300,D
173994361,EUR/USD,2005-08-04 03:47:34.000,1.230900,1.231200,D
173994370,EUR/USD,2005-08-04 03:47:36.000,1.231000,1.231300,D
173994384,EUR/USD,2005-08-04 03:47:39.000,1.231100,1.231400,D
173994446,EUR/USD,2005-08-04 03:48:04.000,1.231200,1.231500,D
173994451,EUR/USD,2005-08-04 03:48:04.000,1.231100,1.231400,D
173994460,EUR/USD,2005-08-04 03:48:08.000,1.231200,1.231500,D
173994480,EUR/USD,2005-08-04 03:48:12.000,1.231100,1.231400,D
173994639,EUR/USD,2005-08-04 03:48:53.000,1.231000,1.231300,D
173994662,EUR/USD,2005-08-04 03:49:01.000,1.230900,1.231200,D
173994664,EUR/USD,2005-08-04 03:49:02.000,1.231000,1.231300,D
173994680,EUR/USD,2005-08-04 03:49:06.000,1.230900,1.231200,D
173994685,EUR/USD,2005-08-04 03:49:07.000,1.230800,1.231100,D
173994693,EUR/USD,2005-08-04 03:49:08.000,1.230900,1.231200,D
173994700,EUR/USD,2005-08-04 03:49:09.000,1.231000,1.231300,D
173994705,EUR/USD,2005-08-04 03:49:09.000,1.230900,1.231200,D
173994728,EUR/USD,2005-08-04 03:49:15.000,1.230800,1.231100,D
173994731,EUR/USD,2005-08-04 03:49:16.000,1.230900,1.231200,D
173994745,EUR/USD,2005-08-04 03:49:17.000,1.230800,1.231100,D
173994751,EUR/USD,2005-08-04 03:49:19.000,1.230700,1.231000,D
173994808,EUR/USD,2005-08-04 03:49:26.000,1.230600,1.230900,D
173994821,EUR/USD,2005-08-04 03:49:28.000,1.230500,1.230800,D
173994832,EUR/USD,2005-08-04 03:49:29.000,1.230600,1.230900,D
173994844,EUR/USD,2005-08-04 03:49:31.000,1.230500,1.230800,D
173994854,EUR/USD,2005-08-04 03:49:31.000,1.230600,1.230900,D
173994865,EUR/USD,2005-08-04 03:49:32.000,1.230500,1.230800,D
173994891,EUR/USD,2005-08-04 03:49:34.000,1.230600,1.230900,D
173994942,EUR/USD,2005-08-04 03:49:39.000,1.230500,1.230800,D
173994980,EUR/USD,2005-08-04 03:49:47.000,1.230600,1.230900,D
173995000,EUR/USD,2005-08-04 03:49:49.000,1.230500,1.230800,D
173995019,EUR/USD,2005-08-04 03:49:52.000,1.230400,1.230700,D
173995042,EUR/USD,2005-08-04 03:49:55.000,1.230500,1.230800,D
173995093,EUR/USD,2005-08-04 03:50:02.000,1.230400,1.230700,D
173995136,EUR/USD,2005-08-04 03:50:12.000,1.230500,1.230800,D
173995157,EUR/USD,2005-08-04 03:50:15.000,1.230600,1.230900,D
173995177,EUR/USD,2005-08-04 03:50:19.000,1.230700,1.231000,D
173995207,EUR/USD,2005-08-04 03:50:24.000,1.230600,1.230900,D
173995217,EUR/USD,2005-08-04 03:50:25.000,1.230700,1.231000,D
173995280,EUR/USD,2005-08-04 03:50:36.000,1.230800,1.231100,D
173995316,EUR/USD,2005-08-04 03:50:45.000,1.230700,1.231000,D
173995331,EUR/USD,2005-08-04 03:50:49.000,1.230600,1.230900,D
173995341,EUR/USD,2005-08-04 03:50:50.000,1.230700,1.231000,D
173995380,EUR/USD,2005-08-04 03:50:59.000,1.230600,1.230900,D
173995391,EUR/USD,2005-08-04 03:51:02.000,1.230700,1.231000,D
173995398,EUR/USD,2005-08-04 03:51:04.000,1.230600,1.230900,D
173995444,EUR/USD,2005-08-04 03:51:15.000,1.230500,1.230800,D
173995503,EUR/USD,2005-08-04 03:51:36.000,1.230600,1.230900,D
173995505,EUR/USD,2005-08-04 03:51:37.000,1.230500,1.230800,D
173995507,EUR/USD,2005-08-04 03:51:37.000,1.230600,1.230900,D
173995573,EUR/USD,2005-08-04 03:51:56.000,1.230700,1.231000,D
173995597,EUR/USD,2005-08-04 03:52:03.000,1.230800,1.231100,D
173995665,EUR/USD,2005-08-04 03:52:34.000,1.230700,1.231000,D
173995668,EUR/USD,2005-08-04 03:52:34.000,1.230800,1.231100,D
173995679,EUR/USD,2005-08-04 03:52:39.000,1.230900,1.231200,D
173995726,EUR/USD,2005-08-04 03:52:53.000,1.230800,1.231100,D
173995731,EUR/USD,2005-08-04 03:52:53.000,1.230900,1.231200,D
173995827,EUR/USD,2005-08-04 03:53:29.000,1.231000,1.231300,D
173995854,EUR/USD,2005-08-04 03:53:34.000,1.231100,1.231400,D
173995855,EUR/USD,2005-08-04 03:53:35.000,1.231000,1.231300,D
173995857,EUR/USD,2005-08-04 03:53:37.000,1.231100,1.231400,D
173995873,EUR/USD,2005-08-04 03:53:42.000,1.231000,1.231300,D
173995875,EUR/USD,2005-08-04 03:53:43.000,1.231100,1.231400,D
173995904,EUR/USD,2005-08-04 03:53:55.000,1.231000,1.231300,D
173995912,EUR/USD,2005-08-04 03:53:57.000,1.231100,1.231400,D
173995926,EUR/USD,2005-08-04 03:54:02.000,1.231200,1.231500,D
173995945,EUR/USD,2005-08-04 03:54:04.000,1.231300,1.231600,D
173995979,EUR/USD,2005-08-04 03:54:13.000,1.231400,1.231700,D
173996042,EUR/USD,2005-08-04 03:54:35.000,1.231300,1.231600,D
173996047,EUR/USD,2005-08-04 03:54:36.000,1.231400,1.231700,D
173996060,EUR/USD,2005-08-04 03:54:37.000,1.231300,1.231600,D
173996140,EUR/USD,2005-08-04 03:55:10.000,1.231400,1.231700,D
173996161,EUR/USD,2005-08-04 03:55:17.000,1.231300,1.231600,D
173996165,EUR/USD,2005-08-04 03:55:17.000,1.231400,1.231700,D
173996173,EUR/USD,2005-08-04 03:55:18.000,1.231300,1.231600,D
173996179,EUR/USD,2005-08-04 03:55:19.000,1.231400,1.231700,D
173996197,EUR/USD,2005-08-04 03:55:23.000,1.231500,1.231800,D
173996259,EUR/USD,2005-08-04 03:55:31.000,1.231600,1.231900,D
173996301,EUR/USD,2005-08-04 03:55:41.000,1.231700,1.232000,D
173996317,EUR/USD,2005-08-04 03:55:45.000,1.231600,1.231900,D
173996320,EUR/USD,2005-08-04 03:55:45.000,1.231700,1.232000,D
173996323,EUR/USD,2005-08-04 03:55:45.000,1.231600,1.231900,D
173996327,EUR/USD,2005-08-04 03:55:48.000,1.231700,1.232000,D
173996342,EUR/USD,2005-08-04 03:55:54.000,1.231600,1.231900,D
173996351,EUR/USD,2005-08-04 03:55:55.000,1.231700,1.232000,D
173996363,EUR/USD,2005-08-04 03:55:56.000,1.231600,1.231900,D
173996371,EUR/USD,2005-08-04 03:55:57.000,1.231700,1.232000,D
173996384,EUR/USD,2005-08-04 03:55:59.000,1.231800,1.232100,D
173996406,EUR/USD,2005-08-04 03:56:04.000,1.231700,1.232000,D
173996468,EUR/USD,2005-08-04 03:56:22.000,1.231600,1.231900,D
173996476,EUR/USD,2005-08-04 03:56:22.000,1.231700,1.232000,D
173996483,EUR/USD,2005-08-04 03:56:23.000,1.231600,1.231900,D
173996552,EUR/USD,2005-08-04 03:56:50.000,1.231500,1.231800,D
173996555,EUR/USD,2005-08-04 03:56:50.000,1.231600,1.231900,D
173996575,EUR/USD,2005-08-04 03:56:54.000,1.231700,1.232000,D
173996585,EUR/USD,2005-08-04 03:56:56.000,1.231600,1.231900,D
173996669,EUR/USD,2005-08-04 03:57:32.000,1.231500,1.231800,D
173996672,EUR/USD,2005-08-04 03:57:33.000,1.231600,1.231900,D
173996764,EUR/USD,2005-08-04 03:58:48.000,1.231700,1.232000,D
173996769,EUR/USD,2005-08-04 03:58:49.000,1.231600,1.231900,D
173996836,EUR/USD,2005-08-04 03:59:36.000,1.231500,1.231800,D
173996853,EUR/USD,2005-08-04 03:59:43.000,1.231600,1.231900,D
173996859,EUR/USD,2005-08-04 03:59:44.000,1.231500,1.231800,D
173996866,EUR/USD,2005-08-04 03:59:54.000,1.231400,1.231700,D
173996961,EUR/USD,2005-08-04 04:00:32.000,1.231300,1.231600,D
173996979,EUR/USD,2005-08-04 04:00:36.000,1.231400,1.231700,D
173996986,EUR/USD,2005-08-04 04:00:38.000,1.231300,1.231600,D
173997039,EUR/USD,2005-08-04 04:00:57.000,1.231400,1.231700,D
173997059,EUR/USD,2005-08-04 04:01:02.000,1.231300,1.231600,D
173997064,EUR/USD,2005-08-04 04:01:02.000,1.231400,1.231700,D
173997088,EUR/USD,2005-08-04 04:01:09.000,1.231500,1.231800,D
173997114,EUR/USD,2005-08-04 04:01:13.000,1.231600,1.231900,D
173997139,EUR/USD,2005-08-04 04:01:18.000,1.231700,1.232000,D
173997161,EUR/USD,2005-08-04 04:01:23.000,1.231800,1.232100,D
173997251,EUR/USD,2005-08-04 04:01:40.000,1.231700,1.232000,D
173997330,EUR/USD,2005-08-04 04:02:10.000,1.231800,1.232100,D
173997351,EUR/USD,2005-08-04 04:02:12.000,1.231700,1.232000,D
173997358,EUR/USD,2005-08-04 04:02:12.000,1.231800,1.232100,D
173997381,EUR/USD,2005-08-04 04:02:15.000,1.231700,1.232000,D
173997385,EUR/USD,2005-08-04 04:02:16.000,1.231800,1.232100,D
173997424,EUR/USD,2005-08-04 04:02:23.000,1.231900,1.232200,D
173997455,EUR/USD,2005-08-04 04:02:31.000,1.231800,1.232100,D
173997569,EUR/USD,2005-08-04 04:03:11.000,1.231900,1.232200,D
173997586,EUR/USD,2005-08-04 04:03:14.000,1.231800,1.232100,D
173997631,EUR/USD,2005-08-04 04:03:27.000,1.231900,1.232200,D
173997644,EUR/USD,2005-08-04 04:03:30.000,1.231800,1.232100,D
173997648,EUR/USD,2005-08-04 04:03:30.000,1.231900,1.232200,D
173997675,EUR/USD,2005-08-04 04:03:36.000,1.232000,1.232300,D
173997680,EUR/USD,2005-08-04 04:03:37.000,1.231900,1.232200,D
173997682,EUR/USD,2005-08-04 04:03:37.000,1.232000,1.232300,D
173997726,EUR/USD,2005-08-04 04:03:51.000,1.231900,1.232200,D
173997747,EUR/USD,2005-08-04 04:03:58.000,1.232000,1.232300,D
173997771,EUR/USD,2005-08-04 04:04:04.000,1.231900,1.232200,D
173997814,EUR/USD,2005-08-04 04:04:12.000,1.232000,1.232300,D
173997815,EUR/USD,2005-08-04 04:04:13.000,1.231900,1.232200,D
173997844,EUR/USD,2005-08-04 04:04:18.000,1.231800,1.232100,D
173997846,EUR/USD,2005-08-04 04:04:18.000,1.231900,1.232200,D
173997872,EUR/USD,2005-08-04 04:04:21.000,1.231800,1.232100,D
173997879,EUR/USD,2005-08-04 04:04:23.000,1.231900,1.232200,D
173997892,EUR/USD,2005-08-04 04:04:25.000,1.231800,1.232100,D
173997935,EUR/USD,2005-08-04 04:04:39.000,1.231900,1.232200,D
173997954,EUR/USD,2005-08-04 04:04:44.000,1.231800,1.232100,D
173997964,EUR/USD,2005-08-04 04:04:45.000,1.231900,1.232200,D
173998055,EUR/USD,2005-08-04 04:05:16.000,1.232000,1.232300,D
173998099,EUR/USD,2005-08-04 04:05:36.000,1.232100,1.232400,D
173998117,EUR/USD,2005-08-04 04:05:42.000,1.232200,1.232500,D
173998159,EUR/USD,2005-08-04 04:05:47.000,1.232300,1.232600,D
173998176,EUR/USD,2005-08-04 04:05:50.000,1.232200,1.232500,D
173998228,EUR/USD,2005-08-04 04:06:03.000,1.232100,1.232400,D
173998281,EUR/USD,2005-08-04 04:06:15.000,1.232000,1.232300,D
173998304,EUR/USD,2005-08-04 04:06:18.000,1.232100,1.232400,D
173998328,EUR/USD,2005-08-04 04:06:22.000,1.232200,1.232500,D
173998356,EUR/USD,2005-08-04 04:06:27.000,1.232300,1.232600,D
173998361,EUR/USD,2005-08-04 04:06:28.000,1.232200,1.232500,D
173998368,EUR/USD,2005-08-04 04:06:29.000,1.232300,1.232600,D
173998411,EUR/USD,2005-08-04 04:06:38.000,1.232200,1.232500,D
173998436,EUR/USD,2005-08-04 04:06:49.000,1.232300,1.232600,D
173998440,EUR/USD,2005-08-04 04:06:49.000,1.232200,1.232500,D
173998448,EUR/USD,2005-08-04 04:06:52.000,1.232300,1.232600,D
173998452,EUR/USD,2005-08-04 04:06:52.000,1.232200,1.232500,D
173998457,EUR/USD,2005-08-04 04:06:54.000,1.232300,1.232600,D
173998464,EUR/USD,2005-08-04 04:06:56.000,1.232200,1.232500,D
173998479,EUR/USD,2005-08-04 04:07:01.000,1.232100,1.232400,D
173998494,EUR/USD,2005-08-04 04:07:03.000,1.232000,1.232300,D
173998499,EUR/USD,2005-08-04 04:07:04.000,1.232100,1.232400,D
173998527,EUR/USD,2005-08-04 04:07:21.000,1.232200,1.232500,D
173998549,EUR/USD,2005-08-04 04:07:33.000,1.232100,1.232400,D
173998572,EUR/USD,2005-08-04 04:07:44.000,1.232200,1.232500,D
173998580,EUR/USD,2005-08-04 04:07:47.000,1.232100,1.232400,D
173998582,EUR/USD,2005-08-04 04:07:48.000,1.232200,1.232500,D
173998585,EUR/USD,2005-08-04 04:07:49.000,1.232100,1.232400,D
173998650,EUR/USD,2005-08-04 04:08:38.000,1.232000,1.232300,D
173998656,EUR/USD,2005-08-04 04:08:38.000,1.232100,1.232400,D
173998689,EUR/USD,2005-08-04 04:08:53.000,1.232200,1.232500,D
173998715,EUR/USD,2005-08-04 04:08:58.000,1.232100,1.232400,D
173998726,EUR/USD,2005-08-04 04:09:00.000,1.232200,1.232500,D
173998733,EUR/USD,2005-08-04 04:09:01.000,1.232100,1.232400,D
173998776,EUR/USD,2005-08-04 04:09:12.000,1.232000,1.232300,D
173998785,EUR/USD,2005-08-04 04:09:14.000,1.231900,1.232200,D
173998795,EUR/USD,2005-08-04 04:09:14.000,1.232000,1.232300,D
173998807,EUR/USD,2005-08-04 04:09:15.000,1.232100,1.232400,D
173998813,EUR/USD,2005-08-04 04:09:16.000,1.232000,1.232300,D
173998818,EUR/USD,2005-08-04 04:09:16.000,1.231900,1.232200,D
173998832,EUR/USD,2005-08-04 04:09:20.000,1.231800,1.232100,D
173998866,EUR/USD,2005-08-04 04:09:29.000,1.231700,1.232000,D
173998893,EUR/USD,2005-08-04 04:09:35.000,1.231600,1.231900,D
173998977,EUR/USD,2005-08-04 04:09:53.000,1.231500,1.231800,D
173998998,EUR/USD,2005-08-04 04:10:07.000,1.231600,1.231900,D
173999057,EUR/USD,2005-08-04 04:10:22.000,1.231500,1.231800,D
173999111,EUR/USD,2005-08-04 04:10:33.000,1.231400,1.231700,D
173999117,EUR/USD,2005-08-04 04:10:35.000,1.231300,1.231600,D
173999149,EUR/USD,2005-08-04 04:10:39.000,1.231200,1.231500,D
173999154,EUR/USD,2005-08-04 04:10:39.000,1.231100,1.231400,D
173999163,EUR/USD,2005-08-04 04:10:39.000,1.231200,1.231500,D
173999211,EUR/USD,2005-08-04 04:10:52.000,1.231300,1.231600,D
173999258,EUR/USD,2005-08-04 04:11:11.000,1.231200,1.231500,D
173999263,EUR/USD,2005-08-04 04:11:12.000,1.231300,1.231600,D
173999272,EUR/USD,2005-08-04 04:11:13.000,1.231200,1.231500,D
173999291,EUR/USD,2005-08-04 04:11:17.000,1.231100,1.231400,D
173999333,EUR/USD,2005-08-04 04:11:28.000,1.231000,1.231300,D
173999353,EUR/USD,2005-08-04 04:11:30.000,1.230900,1.231200,D
173999365,EUR/USD,2005-08-04 04:11:33.000,1.231000,1.231300,D
173999384,EUR/USD,2005-08-04 04:11:37.000,1.231100,1.231400,D
173999442,EUR/USD,2005-08-04 04:11:54.000,1.231200,1.231500,D
173999458,EUR/USD,2005-08-04 04:11:59.000,1.231100,1.231400,D
173999461,EUR/USD,2005-08-04 04:12:00.000,1.231200,1.231500,D
173999464,EUR/USD,2005-08-04 04:12:00.000,1.231100,1.231400,D
173999491,EUR/USD,2005-08-04 04:12:09.000,1.231200,1.231500,D
173999539,EUR/USD,2005-08-04 04:12:29.000,1.231300,1.231600,D
173999545,EUR/USD,2005-08-04 04:12:30.000,1.231200,1.231500,D
173999556,EUR/USD,2005-08-04 04:12:31.000,1.231300,1.231600,D
173999562,EUR/USD,2005-08-04 04:12:31.000,1.231200,1.231500,D
173999623,EUR/USD,2005-08-04 04:12:51.000,1.231100,1.231400,D
173999634,EUR/USD,2005-08-04 04:12:54.000,1.231000,1.231300,D
173999636,EUR/USD,2005-08-04 04:12:54.000,1.231100,1.231400,D
173999648,EUR/USD,2005-08-04 04:12:56.000,1.231000,1.231300,D
173999662,EUR/USD,2005-08-04 04:13:00.000,1.231100,1.231400,D
173999677,EUR/USD,2005-08-04 04:13:03.000,1.231000,1.231300,D
173999685,EUR/USD,2005-08-04 04:13:05.000,1.231100,1.231400,D
173999719,EUR/USD,2005-08-04 04:13:17.000,1.231000,1.231300,D
173999729,EUR/USD,2005-08-04 04:13:23.000,1.230900,1.231200,D
173999755,EUR/USD,2005-08-04 04:13:31.000,1.231000,1.231300,D
173999773,EUR/USD,2005-08-04 04:13:34.000,1.231100,1.231400,D
173999792,EUR/USD,2005-08-04 04:13:37.000,1.231000,1.231300,D
173999803,EUR/USD,2005-08-04 04:13:41.000,1.231100,1.231400,D
173999821,EUR/USD,2005-08-04 04:13:46.000,1.231200,1.231500,D
173999837,EUR/USD,2005-08-04 04:13:54.000,1.231300,1.231600,D
173999848,EUR/USD,2005-08-04 04:13:57.000,1.231400,1.231700,D
173999857,EUR/USD,2005-08-04 04:13:58.000,1.231300,1.231600,D
173999862,EUR/USD,2005-08-04 04:13:59.000,1.231400,1.231700,D
173999870,EUR/USD,2005-08-04 04:14:01.000,1.231500,1.231800,D
173999882,EUR/USD,2005-08-04 04:14:04.000,1.231600,1.231900,D
173999887,EUR/USD,2005-08-04 04:14:05.000,1.231500,1.231800,D
173999897,EUR/USD,2005-08-04 04:14:06.000,1.231600,1.231900,D
173999946,EUR/USD,2005-08-04 04:14:19.000,1.231700,1.232000,D
173999959,EUR/USD,2005-08-04 04:14:22.000,1.231800,1.232100,D
174000000,EUR/USD,2005-08-04 04:14:43.000,1.231900,1.232200,D
174000005,EUR/USD,2005-08-04 04:14:45.000,1.231800,1.232100,D
174000023,EUR/USD,2005-08-04 04:14:49.000,1.231700,1.232000,D
174000026,EUR/USD,2005-08-04 04:14:50.000,1.231800,1.232100,D
174000032,EUR/USD,2005-08-04 04:14:52.000,1.231700,1.232000,D
174000049,EUR/USD,2005-08-04 04:15:01.000,1.231600,1.231900,D
174000082,EUR/USD,2005-08-04 04:15:14.000,1.231500,1.231800,D
174000094,EUR/USD,2005-08-04 04:15:17.000,1.231400,1.231700,D
174000102,EUR/USD,2005-08-04 04:15:18.000,1.231500,1.231800,D
174000108,EUR/USD,2005-08-04 04:15:19.000,1.231400,1.231700,D
174000115,EUR/USD,2005-08-04 04:15:22.000,1.231300,1.231600,D
174000121,EUR/USD,2005-08-04 04:15:22.000,1.231400,1.231700,D
174000137,EUR/USD,2005-08-04 04:15:25.000,1.231300,1.231600,D
174000154,EUR/USD,2005-08-04 04:15:28.000,1.231400,1.231700,D
174000171,EUR/USD,2005-08-04 04:15:33.000,1.231300,1.231600,D
174000179,EUR/USD,2005-08-04 04:15:34.000,1.231400,1.231700,D
174000181,EUR/USD,2005-08-04 04:15:35.000,1.231300,1.231600,D
174000184,EUR/USD,2005-08-04 04:15:35.000,1.231400,1.231700,D
174000197,EUR/USD,2005-08-04 04:15:42.000,1.231300,1.231600,D
174000208,EUR/USD,2005-08-04 04:15:51.000,1.231200,1.231500,D
174000220,EUR/USD,2005-08-04 04:15:55.000,1.231100,1.231400,D
174000239,EUR/USD,2005-08-04 04:16:02.000,1.231200,1.231500,D
174000259,EUR/USD,2005-08-04 04:16:08.000,1.231300,1.231600,D
174000265,EUR/USD,2005-08-04 04:16:08.000,1.231200,1.231500,D
174000348,EUR/USD,2005-08-04 04:17:38.000,1.231300,1.231600,D
174000369,EUR/USD,2005-08-04 04:17:47.000,1.231200,1.231500,D
174000381,EUR/USD,2005-08-04 04:17:51.000,1.231100,1.231400,D
174000385,EUR/USD,2005-08-04 04:17:52.000,1.231200,1.231500,D
174000400,EUR/USD,2005-08-04 04:17:58.000,1.231100,1.231400,D
174000410,EUR/USD,2005-08-04 04:18:01.000,1.231200,1.231500,D
174000425,EUR/USD,2005-08-04 04:18:03.000,1.231100,1.231400,D
174000516,EUR/USD,2005-08-04 04:18:53.000,1.231200,1.231500,D
174000548,EUR/USD,2005-08-04 04:19:02.000,1.231100,1.231400,D
174000576,EUR/USD,2005-08-04 04:19:23.000,1.231200,1.231500,D
174000587,EUR/USD,2005-08-04 04:19:25.000,1.231100,1.231400,D
174000596,EUR/USD,2005-08-04 04:19:27.000,1.231200,1.231500,D
174000603,EUR/USD,2005-08-04 04:19:30.000,1.231100,1.231400,D
174000612,EUR/USD,2005-08-04 04:19:34.000,1.231200,1.231500,D
174000613,EUR/USD,2005-08-04 04:19:35.000,1.231100,1.231400,D
174000622,EUR/USD,2005-08-04 04:19:40.000,1.231000,1.231300,D
174000654,EUR/USD,2005-08-04 04:19:45.000,1.230900,1.231200,D
174000665,EUR/USD,2005-08-04 04:19:52.000,1.230800,1.231100,D
174000686,EUR/USD,2005-08-04 04:19:55.000,1.230700,1.231000,D
174000711,EUR/USD,2005-08-04 04:20:04.000,1.230800,1.231100,D
174000815,EUR/USD,2005-08-04 04:20:49.000,1.230900,1.231200,D
174000827,EUR/USD,2005-08-04 04:20:53.000,1.230800,1.231100,D
174000836,EUR/USD,2005-08-04 04:20:55.000,1.230900,1.231200,D
174000844,EUR/USD,2005-08-04 04:20:57.000,1.230800,1.231100,D
174000855,EUR/USD,2005-08-04 04:21:01.000,1.230900,1.231200,D
174000859,EUR/USD,2005-08-04 04:21:01.000,1.230800,1.231100,D
174000862,EUR/USD,2005-08-04 04:21:02.000,1.230900,1.231200,D
174000889,EUR/USD,2005-08-04 04:21:08.000,1.231000,1.231300,D
174000927,EUR/USD,2005-08-04 04:21:15.000,1.231100,1.231400,D
174000959,EUR/USD,2005-08-04 04:21:26.000,1.231000,1.231300,D
174000994,EUR/USD,2005-08-04 04:21:43.000,1.230900,1.231200,D
174001020,EUR/USD,2005-08-04 04:21:50.000,1.231000,1.231300,D
174001029,EUR/USD,2005-08-04 04:21:50.000,1.230900,1.231200,D
174001044,EUR/USD,2005-08-04 04:21:53.000,1.230800,1.231100,D
174001049,EUR/USD,2005-08-04 04:21:54.000,1.230900,1.231200,D
174001052,EUR/USD,2005-08-04 04:21:54.000,1.230800,1.231100,D
174001060,EUR/USD,2005-08-04 04:21:56.000,1.230700,1.231000,D
174001070,EUR/USD,2005-08-04 04:21:57.000,1.230800,1.231100,D
174001100,EUR/USD,2005-08-04 04:22:03.000,1.230700,1.231000,D
174001138,EUR/USD,2005-08-04 04:22:15.000,1.230800,1.231100,D
174001161,EUR/USD,2005-08-04 04:22:19.000,1.230700,1.231000,D
174001209,EUR/USD,2005-08-04 04:22:26.000,1.230600,1.230900,D
174001233,EUR/USD,2005-08-04 04:22:29.000,1.230500,1.230800,D
174001254,EUR/USD,2005-08-04 04:22:31.000,1.230400,1.230700,D
174001319,EUR/USD,2005-08-04 04:22:41.000,1.230300,1.230600,D
174001346,EUR/USD,2005-08-04 04:22:45.000,1.230200,1.230500,D
174001378,EUR/USD,2005-08-04 04:22:49.000,1.230300,1.230600,D
174001412,EUR/USD,2005-08-04 04:22:55.000,1.230400,1.230700,D
174001461,EUR/USD,2005-08-04 04:23:05.000,1.230300,1.230600,D
174001468,EUR/USD,2005-08-04 04:23:06.000,1.230400,1.230700,D
174001471,EUR/USD,2005-08-04 04:23:07.000,1.230300,1.230600,D
174001488,EUR/USD,2005-08-04 04:23:10.000,1.230200,1.230500,D
174001531,EUR/USD,2005-08-04 04:23:19.000,1.230300,1.230600,D
174001549,EUR/USD,2005-08-04 04:23:22.000,1.230200,1.230500,D
174001581,EUR/USD,2005-08-04 04:23:28.000,1.230300,1.230600,D
174001608,EUR/USD,2005-08-04 04:23:36.000,1.230400,1.230700,D
174001639,EUR/USD,2005-08-04 04:23:51.000,1.230500,1.230800,D
174001686,EUR/USD,2005-08-04 04:24:16.000,1.230600,1.230900,D
174001769,EUR/USD,2005-08-04 04:24:53.000,1.230700,1.231000,D
174001780,EUR/USD,2005-08-04 04:24:55.000,1.230600,1.230900,D
174001815,EUR/USD,2005-08-04 04:25:05.000,1.230700,1.231000,D
174001827,EUR/USD,2005-08-04 04:25:08.000,1.230600,1.230900,D
174001853,EUR/USD,2005-08-04 04:25:14.000,1.230500,1.230800,D
174001875,EUR/USD,2005-08-04 04:25:21.000,1.230400,1.230700,D
174001924,EUR/USD,2005-08-04 04:25:34.000,1.230500,1.230800,D
174001933,EUR/USD,2005-08-04 04:25:34.000,1.230400,1.230700,D
174001951,EUR/USD,2005-08-04 04:25:36.000,1.230500,1.230800,D
174001992,EUR/USD,2005-08-04 04:25:46.000,1.230400,1.230700,D
174002007,EUR/USD,2005-08-04 04:25:50.000,1.230500,1.230800,D
174002014,EUR/USD,2005-08-04 04:25:51.000,1.230400,1.230700,D
174002024,EUR/USD,2005-08-04 04:25:53.000,1.230500,1.230800,D
174002034,EUR/USD,2005-08-04 04:25:54.000,1.230400,1.230700,D
174002044,EUR/USD,2005-08-04 04:25:56.000,1.230500,1.230800,D
174002052,EUR/USD,2005-08-04 04:25:56.000,1.230400,1.230700,D
174002058,EUR/USD,2005-08-04 04:26:01.000,1.230500,1.230800,D
174002155,EUR/USD,2005-08-04 04:26:24.000,1.230600,1.230900,D
174002200,EUR/USD,2005-08-04 04:26:34.000,1.230700,1.231000,D
174002228,EUR/USD,2005-08-04 04:26:44.000,1.230800,1.231100,D
174002242,EUR/USD,2005-08-04 04:26:46.000,1.230700,1.231000,D
174002248,EUR/USD,2005-08-04 04:26:46.000,1.230800,1.231100,D
174002268,EUR/USD,2005-08-04 04:26:52.000,1.230700,1.231000,D
174002326,EUR/USD,2005-08-04 04:27:08.000,1.230600,1.230900,D
174002391,EUR/USD,2005-08-04 04:27:29.000,1.230700,1.231000,D
174002409,EUR/USD,2005-08-04 04:27:40.000,1.230800,1.231100,D
174002444,EUR/USD,2005-08-04 04:27:51.000,1.230900,1.231200,D
174002563,EUR/USD,2005-08-04 04:28:33.000,1.230800,1.231100,D
174002637,EUR/USD,2005-08-04 04:28:47.000,1.230700,1.231000,D
174002662,EUR/USD,2005-08-04 04:28:55.000,1.230600,1.230900,D
174002666,EUR/USD,2005-08-04 04:28:55.000,1.230700,1.231000,D
174002674,EUR/USD,2005-08-04 04:28:56.000,1.230600,1.230900,D
174002718,EUR/USD,2005-08-04 04:29:05.000,1.230700,1.231000,D
174002731,EUR/USD,2005-08-04 04:29:07.000,1.230600,1.230900,D
174002769,EUR/USD,2005-08-04 04:29:18.000,1.230700,1.231000,D
174002779,EUR/USD,2005-08-04 04:29:18.000,1.230600,1.230900,D
174002869,EUR/USD,2005-08-04 04:29:41.000,1.230700,1.231000,D
174002894,EUR/USD,2005-08-04 04:29:46.000,1.230600,1.230900,D
174002911,EUR/USD,2005-08-04 04:29:48.000,1.230700,1.231000,D
174002921,EUR/USD,2005-08-04 04:29:49.000,1.230600,1.230900,D
174002923,EUR/USD,2005-08-04 04:29:49.000,1.230700,1.231000,D
174002947,EUR/USD,2005-08-04 04:29:51.000,1.230800,1.231100,D
174002999,EUR/USD,2005-08-04 04:30:01.000,1.230900,1.231200,D
174003152,EUR/USD,2005-08-04 04:31:05.000,1.231000,1.231300,D
174003162,EUR/USD,2005-08-04 04:31:06.000,1.230900,1.231200,D
174003216,EUR/USD,2005-08-04 04:31:22.000,1.230800,1.231100,D
174003217,EUR/USD,2005-08-04 04:31:23.000,1.230900,1.231200,D
174003220,EUR/USD,2005-08-04 04:31:24.000,1.230800,1.231100,D
174003245,EUR/USD,2005-08-04 04:31:38.000,1.230900,1.231200,D
174003252,EUR/USD,2005-08-04 04:31:39.000,1.230800,1.231100,D
174003257,EUR/USD,2005-08-04 04:31:43.000,1.230700,1.231000,D
174003284,EUR/USD,2005-08-04 04:31:57.000,1.230600,1.230900,D
174003299,EUR/USD,2005-08-04 04:32:04.000,1.230500,1.230800,D
174003332,EUR/USD,2005-08-04 04:32:15.000,1.230600,1.230900,D
174003378,EUR/USD,2005-08-04 04:32:33.000,1.230700,1.231000,D
174003470,EUR/USD,2005-08-04 04:33:17.000,1.230800,1.231100,D
174003489,EUR/USD,2005-08-04 04:33:20.000,1.230700,1.231000,D
174003495,EUR/USD,2005-08-04 04:33:21.000,1.230800,1.231100,D
174003499,EUR/USD,2005-08-04 04:33:24.000,1.230700,1.231000,D
174003510,EUR/USD,2005-08-04 04:33:26.000,1.230800,1.231100,D
174003536,EUR/USD,2005-08-04 04:33:41.000,1.230700,1.231000,D
174003538,EUR/USD,2005-08-04 04:33:41.000,1.230800,1.231100,D
174003545,EUR/USD,2005-08-04 04:33:43.000,1.230700,1.231000,D
174003560,EUR/USD,2005-08-04 04:33:50.000,1.230600,1.230900,D
174003574,EUR/USD,2005-08-04 04:33:53.000,1.230700,1.231000,D
174003609,EUR/USD,2005-08-04 04:34:12.000,1.230600,1.230900,D
174003623,EUR/USD,2005-08-04 04:34:20.000,1.230700,1.231000,D
174003647,EUR/USD,2005-08-04 04:34:38.000,1.230600,1.230900,D
174003661,EUR/USD,2005-08-04 04:34:44.000,1.230700,1.231000,D
174003664,EUR/USD,2005-08-04 04:34:49.000,1.230600,1.230900,D
174003670,EUR/USD,2005-08-04 04:34:51.000,1.230700,1.231000,D
174003677,EUR/USD,2005-08-04 04:34:57.000,1.230600,1.230900,D
174003684,EUR/USD,2005-08-04 04:35:01.000,1.230700,1.231000,D
174003706,EUR/USD,2005-08-04 04:35:22.000,1.230800,1.231100,D
174003743,EUR/USD,2005-08-04 04:35:46.000,1.230900,1.231200,D
174003750,EUR/USD,2005-08-04 04:35:46.000,1.230800,1.231100,D
174003765,EUR/USD,2005-08-04 04:35:50.000,1.230900,1.231200,D
174003792,EUR/USD,2005-08-04 04:36:10.000,1.231000,1.231300,D
174003817,EUR/USD,2005-08-04 04:36:22.000,1.231100,1.231400,D
174003834,EUR/USD,2005-08-04 04:36:31.000,1.231200,1.231500,D
174003899,EUR/USD,2005-08-04 04:36:58.000,1.231100,1.231400,D
174003966,EUR/USD,2005-08-04 04:37:20.000,1.231200,1.231500,D
174003970,EUR/USD,2005-08-04 04:37:22.000,1.231100,1.231400,D
174003975,EUR/USD,2005-08-04 04:37:22.000,1.231200,1.231500,D
174003992,EUR/USD,2005-08-04 04:37:29.000,1.231300,1.231600,D
174004021,EUR/USD,2005-08-04 04:37:37.000,1.231200,1.231500,D
174004046,EUR/USD,2005-08-04 04:37:41.000,1.231300,1.231600,D
174004064,EUR/USD,2005-08-04 04:37:55.000,1.231400,1.231700,D
174004072,EUR/USD,2005-08-04 04:37:58.000,1.231500,1.231800,D
174004107,EUR/USD,2005-08-04 04:38:01.000,1.231600,1.231900,D
174004138,EUR/USD,2005-08-04 04:38:07.000,1.231700,1.232000,D
174004143,EUR/USD,2005-08-04 04:38:07.000,1.231800,1.232100,D
174004154,EUR/USD,2005-08-04 04:38:10.000,1.231700,1.232000,D
174004164,EUR/USD,2005-08-04 04:38:11.000,1.231600,1.231900,D
174004249,EUR/USD,2005-08-04 04:38:24.000,1.231500,1.231800,D
174004253,EUR/USD,2005-08-04 04:38:26.000,1.231600,1.231900,D
174004258,EUR/USD,2005-08-04 04:38:26.000,1.231500,1.231800,D
174004260,EUR/USD,2005-08-04 04:38:27.000,1.231600,1.231900,D
174004269,EUR/USD,2005-08-04 04:38:29.000,1.231500,1.231800,D
174004271,EUR/USD,2005-08-04 04:38:29.000,1.231600,1.231900,D
174004280,EUR/USD,2005-08-04 04:38:30.000,1.231500,1.231800,D
174004309,EUR/USD,2005-08-04 04:38:37.000,1.231400,1.231700,D
174004316,EUR/USD,2005-08-04 04:38:38.000,1.231500,1.231800,D
174004319,EUR/USD,2005-08-04 04:38:38.000,1.231400,1.231700,D
174004321,EUR/USD,2005-08-04 04:38:39.000,1.231300,1.231600,D
174004388,EUR/USD,2005-08-04 04:39:04.000,1.231400,1.231700,D
174004399,EUR/USD,2005-08-04 04:39:10.000,1.231500,1.231800,D
174004428,EUR/USD,2005-08-04 04:39:20.000,1.231400,1.231700,D
174004438,EUR/USD,2005-08-04 04:39:23.000,1.231500,1.231800,D
174004448,EUR/USD,2005-08-04 04:39:27.000,1.231400,1.231700,D
174004470,EUR/USD,2005-08-04 04:39:32.000,1.231500,1.231800,D
174004477,EUR/USD,2005-08-04 04:39:35.000,1.231400,1.231700,D
174004503,EUR/USD,2005-08-04 04:39:39.000,1.231300,1.231600,D
174004573,EUR/USD,2005-08-04 04:39:55.000,1.231400,1.231700,D
174004582,EUR/USD,2005-08-04 04:39:57.000,1.231300,1.231600,D
174004589,EUR/USD,2005-08-04 04:39:58.000,1.231400,1.231700,D
174004612,EUR/USD,2005-08-04 04:40:00.000,1.231300,1.231600,D
174004642,EUR/USD,2005-08-04 04:40:06.000,1.231200,1.231500,D
174004712,EUR/USD,2005-08-04 04:40:28.000,1.231100,1.231400,D
174004719,EUR/USD,2005-08-04 04:40:29.000,1.231200,1.231500,D
174004731,EUR/USD,2005-08-04 04:40:32.000,1.231100,1.231400,D
174004735,EUR/USD,2005-08-04 04:40:32.000,1.231200,1.231500,D
174004744,EUR/USD,2005-08-04 04:40:39.000,1.231100,1.231400,D
174004751,EUR/USD,2005-08-04 04:40:40.000,1.231200,1.231500,D
174004760,EUR/USD,2005-08-04 04:40:41.000,1.231100,1.231400,D
174004787,EUR/USD,2005-08-04 04:40:47.000,1.231200,1.231500,D
174004819,EUR/USD,2005-08-04 04:41:02.000,1.231300,1.231600,D
174004831,EUR/USD,2005-08-04 04:41:04.000,1.231200,1.231500,D
174004855,EUR/USD,2005-08-04 04:41:11.000,1.231300,1.231600,D
174004860,EUR/USD,2005-08-04 04:41:13.000,1.231200,1.231500,D
174004869,EUR/USD,2005-08-04 04:41:15.000,1.231300,1.231600,D
174004884,EUR/USD,2005-08-04 04:41:18.000,1.231200,1.231500,D
174004902,EUR/USD,2005-08-04 04:41:20.000,1.231300,1.231600,D
174004943,EUR/USD,2005-08-04 04:41:32.000,1.231400,1.231700,D
174004955,EUR/USD,2005-08-04 04:41:39.000,1.231500,1.231800,D
174004963,EUR/USD,2005-08-04 04:41:41.000,1.231400,1.231700,D
174004967,EUR/USD,2005-08-04 04:41:42.000,1.231500,1.231800,D
174004986,EUR/USD,2005-08-04 04:41:46.000,1.231400,1.231700,D
174004990,EUR/USD,2005-08-04 04:41:46.000,1.231500,1.231800,D
174004998,EUR/USD,2005-08-04 04:41:57.000,1.231400,1.231700,D
174005004,EUR/USD,2005-08-04 04:41:59.000,1.231500,1.231800,D
174005010,EUR/USD,2005-08-04 04:42:00.000,1.231400,1.231700,D
174005020,EUR/USD,2005-08-04 04:42:08.000,1.231500,1.231800,D
174005027,EUR/USD,2005-08-04 04:42:10.000,1.231400,1.231700,D
174005037,EUR/USD,2005-08-04 04:42:14.000,1.231500,1.231800,D
174005045,EUR/USD,2005-08-04 04:42:16.000,1.231400,1.231700,D
174005055,EUR/USD,2005-08-04 04:42:22.000,1.231500,1.231800,D
174005064,EUR/USD,2005-08-04 04:42:24.000,1.231400,1.231700,D
174005083,EUR/USD,2005-08-04 04:42:29.000,1.231500,1.231800,D
174005091,EUR/USD,2005-08-04 04:42:34.000,1.231400,1.231700,D
174005096,EUR/USD,2005-08-04 04:42:34.000,1.231500,1.231800,D
174005100,EUR/USD,2005-08-04 04:42:36.000,1.231400,1.231700,D
174005140,EUR/USD,2005-08-04 04:42:53.000,1.231300,1.231600,D
174005143,EUR/USD,2005-08-04 04:42:53.000,1.231400,1.231700,D
174005177,EUR/USD,2005-08-04 04:43:06.000,1.231500,1.231800,D
174005186,EUR/USD,2005-08-04 04:43:07.000,1.231400,1.231700,D
174005198,EUR/USD,2005-08-04 04:43:09.000,1.231500,1.231800,D
174005207,EUR/USD,2005-08-04 04:43:12.000,1.231400,1.231700,D
174005216,EUR/USD,2005-08-04 04:43:14.000,1.231500,1.231800,D
174005228,EUR/USD,2005-08-04 04:43:16.000,1.231400,1.231700,D
174005235,EUR/USD,2005-08-04 04:43:17.000,1.231500,1.231800,D
174005280,EUR/USD,2005-08-04 04:43:33.000,1.231600,1.231900,D
174005291,EUR/USD,2005-08-04 04:43:34.000,1.231500,1.231800,D
174005303,EUR/USD,2005-08-04 04:43:36.000,1.231600,1.231900,D
174005317,EUR/USD,2005-08-04 04:43:40.000,1.231700,1.232000,D
174005322,EUR/USD,2005-08-04 04:43:42.000,1.231600,1.231900,D
174005363,EUR/USD,2005-08-04 04:43:55.000,1.231500,1.231800,D
174005387,EUR/USD,2005-08-04 04:44:01.000,1.231600,1.231900,D
174005459,EUR/USD,2005-08-04 04:44:39.000,1.231500,1.231800,D
174005461,EUR/USD,2005-08-04 04:44:39.000,1.231600,1.231900,D
174005499,EUR/USD,2005-08-04 04:44:51.000,1.231700,1.232000,D
174005523,EUR/USD,2005-08-04 04:44:53.000,1.231600,1.231900,D
174005528,EUR/USD,2005-08-04 04:44:53.000,1.231700,1.232000,D
174005533,EUR/USD,2005-08-04 04:44:54.000,1.231600,1.231900,D
174005541,EUR/USD,2005-08-04 04:44:55.000,1.231700,1.232000,D
174005558,EUR/USD,2005-08-04 04:45:00.000,1.231600,1.231900,D
174005560,EUR/USD,2005-08-04 04:45:01.000,1.231700,1.232000,D
174005577,EUR/USD,2005-08-04 04:45:08.000,1.231800,1.232100,D
174005609,EUR/USD,2005-08-04 04:45:16.000,1.231700,1.232000,D
174005617,EUR/USD,2005-08-04 04:45:17.000,1.231800,1.232100,D
174005622,EUR/USD,2005-08-04 04:45:19.000,1.231700,1.232000,D
174005673,EUR/USD,2005-08-04 04:46:02.000,1.231800,1.232100,D
174005675,EUR/USD,2005-08-04 04:46:04.000,1.231700,1.232000,D
174005679,EUR/USD,2005-08-04 04:46:06.000,1.231800,1.232100,D
174005681,EUR/USD,2005-08-04 04:46:06.000,1.231700,1.232000,D
174005707,EUR/USD,2005-08-04 04:46:40.000,1.231800,1.232100,D
174005715,EUR/USD,2005-08-04 04:46:41.000,1.231700,1.232000,D
174005721,EUR/USD,2005-08-04 04:46:41.000,1.231800,1.232100,D
174005777,EUR/USD,2005-08-04 04:47:23.000,1.231700,1.232000,D
174005786,EUR/USD,2005-08-04 04:47:27.000,1.231600,1.231900,D
174005791,EUR/USD,2005-08-04 04:47:31.000,1.231700,1.232000,D
174005796,EUR/USD,2005-08-04 04:47:34.000,1.231600,1.231900,D
174005805,EUR/USD,2005-08-04 04:47:38.000,1.231700,1.232000,D
174005887,EUR/USD,2005-08-04 04:48:23.000,1.231600,1.231900,D
174005903,EUR/USD,2005-08-04 04:48:27.000,1.231700,1.232000,D
174005912,EUR/USD,2005-08-04 04:48:38.000,1.231600,1.231900,D
174006022,EUR/USD,2005-08-04 04:49:53.000,1.231500,1.231800,D
174006034,EUR/USD,2005-08-04 04:49:57.000,1.231600,1.231900,D
174006037,EUR/USD,2005-08-04 04:49:58.000,1.231500,1.231800,D
174006040,EUR/USD,2005-08-04 04:50:01.000,1.231600,1.231900,D
174006049,EUR/USD,2005-08-04 04:50:05.000,1.231500,1.231800,D
174006053,EUR/USD,2005-08-04 04:50:08.000,1.231400,1.231700,D
174006069,EUR/USD,2005-08-04 04:50:13.000,1.231300,1.231600,D
174006085,EUR/USD,2005-08-04 04:50:20.000,1.231400,1.231700,D
174006093,EUR/USD,2005-08-04 04:50:21.000,1.231300,1.231600,D
174006109,EUR/USD,2005-08-04 04:50:26.000,1.231200,1.231500,D
174006138,EUR/USD,2005-08-04 04:50:33.000,1.231100,1.231400,D
174006228,EUR/USD,2005-08-04 04:51:17.000,1.231200,1.231500,D
174006238,EUR/USD,2005-08-04 04:51:25.000,1.231100,1.231400,D
174006253,EUR/USD,2005-08-04 04:51:32.000,1.231200,1.231500,D
174006275,EUR/USD,2005-08-04 04:51:46.000,1.231300,1.231600,D
174006279,EUR/USD,2005-08-04 04:51:47.000,1.231200,1.231500,D
174006283,EUR/USD,2005-08-04 04:51:50.000,1.231300,1.231600,D
174006293,EUR/USD,2005-08-04 04:51:55.000,1.231200,1.231500,D
174006304,EUR/USD,2005-08-04 04:51:56.000,1.231300,1.231600,D
174006315,EUR/USD,2005-08-04 04:52:03.000,1.231200,1.231500,D
174006320,EUR/USD,2005-08-04 04:52:07.000,1.231300,1.231600,D
174006405,EUR/USD,2005-08-04 04:52:46.000,1.231400,1.231700,D
174006458,EUR/USD,2005-08-04 04:53:12.000,1.231500,1.231800,D
174006498,EUR/USD,2005-08-04 04:53:45.000,1.231600,1.231900,D
174006552,EUR/USD,2005-08-04 04:54:13.000,1.231500,1.231800,D
174006595,EUR/USD,2005-08-04 04:54:58.000,1.231400,1.231700,D
174006603,EUR/USD,2005-08-04 04:55:01.000,1.231500,1.231800,D
174006613,EUR/USD,2005-08-04 04:55:03.000,1.231400,1.231700,D
174006651,EUR/USD,2005-08-04 04:55:37.000,1.231500,1.231800,D
174006662,EUR/USD,2005-08-04 04:55:43.000,1.231400,1.231700,D
174006666,EUR/USD,2005-08-04 04:55:44.000,1.231500,1.231800,D
174006672,EUR/USD,2005-08-04 04:55:45.000,1.231400,1.231700,D
174006719,EUR/USD,2005-08-04 04:57:24.000,1.231500,1.231800,D
174006751,EUR/USD,2005-08-04 04:57:43.000,1.231400,1.231700,D
174006759,EUR/USD,2005-08-04 04:57:46.000,1.231500,1.231800,D
174006779,EUR/USD,2005-08-04 04:57:57.000,1.231400,1.231700,D
174006785,EUR/USD,2005-08-04 04:58:03.000,1.231500,1.231800,D
174006812,EUR/USD,2005-08-04 04:58:16.000,1.231400,1.231700,D
174006832,EUR/USD,2005-08-04 04:58:20.000,1.231500,1.231800,D
174006849,EUR/USD,2005-08-04 04:58:24.000,1.231400,1.231700,D
174006884,EUR/USD,2005-08-04 04:58:33.000,1.231300,1.231600,D
174006907,EUR/USD,2005-08-04 04:58:43.000,1.231400,1.231700,D
174006922,EUR/USD,2005-08-04 04:58:51.000,1.231300,1.231600,D
174006925,EUR/USD,2005-08-04 04:58:52.000,1.231400,1.231700,D
174006946,EUR/USD,2005-08-04 04:59:00.000,1.231300,1.231600,D
174006954,EUR/USD,2005-08-04 04:59:01.000,1.231400,1.231700,D
174006966,EUR/USD,2005-08-04 04:59:03.000,1.231300,1.231600,D
174006974,EUR/USD,2005-08-04 04:59:05.000,1.231400,1.231700,D
174007002,EUR/USD,2005-08-04 04:59:14.000,1.231300,1.231600,D
174007045,EUR/USD,2005-08-04 04:59:29.000,1.231400,1.231700,D
174007082,EUR/USD,2005-08-04 04:59:48.000,1.231300,1.231600,D
174007127,EUR/USD,2005-08-04 05:00:16.000,1.231200,1.231500,D
174007134,EUR/USD,2005-08-04 05:00:16.000,1.231300,1.231600,D
174007141,EUR/USD,2005-08-04 05:00:17.000,1.231200,1.231500,D
174007162,EUR/USD,2005-08-04 05:00:21.000,1.231100,1.231400,D
174007249,EUR/USD,2005-08-04 05:00:52.000,1.231000,1.231300,D
174007258,EUR/USD,2005-08-04 05:00:54.000,1.231100,1.231400,D
174007280,EUR/USD,2005-08-04 05:01:00.000,1.231000,1.231300,D
174007288,EUR/USD,2005-08-04 05:01:00.000,1.231100,1.231400,D
174007295,EUR/USD,2005-08-04 05:01:01.000,1.231000,1.231300,D
174007300,EUR/USD,2005-08-04 05:01:02.000,1.231100,1.231400,D
174007304,EUR/USD,2005-08-04 05:01:02.000,1.231000,1.231300,D
174007306,EUR/USD,2005-08-04 05:01:03.000,1.231100,1.231400,D
174007316,EUR/USD,2005-08-04 05:01:05.000,1.231000,1.231300,D
174007320,EUR/USD,2005-08-04 05:01:05.000,1.231100,1.231400,D
174007348,EUR/USD,2005-08-04 05:01:18.000,1.231200,1.231500,D
174007367,EUR/USD,2005-08-04 05:01:29.000,1.231300,1.231600,D
174007369,EUR/USD,2005-08-04 05:01:31.000,1.231200,1.231500,D
174007372,EUR/USD,2005-08-04 05:01:32.000,1.231100,1.231400,D
174007387,EUR/USD,2005-08-04 05:01:40.000,1.231000,1.231300,D
174007394,EUR/USD,2005-08-04 05:01:43.000,1.231100,1.231400,D
174007449,EUR/USD,2005-08-04 05:02:46.000,1.231000,1.231300,D
174007466,EUR/USD,2005-08-04 05:02:57.000,1.231100,1.231400,D
174007471,EUR/USD,2005-08-04 05:02:59.000,1.231000,1.231300,D
174007474,EUR/USD,2005-08-04 05:03:01.000,1.231100,1.231400,D
174007505,EUR/USD,2005-08-04 05:03:29.000,1.231200,1.231500,D
174007518,EUR/USD,2005-08-04 05:03:36.000,1.231300,1.231600,D
174007532,EUR/USD,2005-08-04 05:03:42.000,1.231400,1.231700,D
174007562,EUR/USD,2005-08-04 05:04:06.000,1.231500,1.231800,D
174007571,EUR/USD,2005-08-04 05:04:08.000,1.231400,1.231700,D
174007575,EUR/USD,2005-08-04 05:04:09.000,1.231500,1.231800,D
174007583,EUR/USD,2005-08-04 05:04:10.000,1.231400,1.231700,D
174007589,EUR/USD,2005-08-04 05:04:17.000,1.231500,1.231800,D
174007590,EUR/USD,2005-08-04 05:04:17.000,1.231400,1.231700,D
174007622,EUR/USD,2005-08-04 05:04:39.000,1.231300,1.231600,D
174007629,EUR/USD,2005-08-04 05:04:41.000,1.231200,1.231500,D
174007673,EUR/USD,2005-08-04 05:04:52.000,1.231300,1.231600,D
174007793,EUR/USD,2005-08-04 05:07:19.000,1.231400,1.231700,D
174007905,EUR/USD,2005-08-04 05:08:40.000,1.231500,1.231800,D
174007931,EUR/USD,2005-08-04 05:08:44.000,1.231600,1.231900,D
174007953,EUR/USD,2005-08-04 05:08:48.000,1.231700,1.232000,D
174007994,EUR/USD,2005-08-04 05:08:53.000,1.231600,1.231900,D
174008006,EUR/USD,2005-08-04 05:08:55.000,1.231500,1.231800,D
174008099,EUR/USD,2005-08-04 05:09:30.000,1.231400,1.231700,D
174008181,EUR/USD,2005-08-04 05:10:16.000,1.231300,1.231600,D
174008195,EUR/USD,2005-08-04 05:10:18.000,1.231400,1.231700,D
174008202,EUR/USD,2005-08-04 05:10:20.000,1.231300,1.231600,D
174008214,EUR/USD,2005-08-04 05:10:41.000,1.231400,1.231700,D
174008313,EUR/USD,2005-08-04 05:12:00.000,1.231300,1.231600,D
174008317,EUR/USD,2005-08-04 05:12:01.000,1.231400,1.231700,D
174008325,EUR/USD,2005-08-04 05:12:04.000,1.231300,1.231600,D
174008331,EUR/USD,2005-08-04 05:12:07.000,1.231200,1.231500,D
174008460,EUR/USD,2005-08-04 05:13:27.000,1.231100,1.231400,D
174008557,EUR/USD,2005-08-04 05:14:44.000,1.231000,1.231300,D
174008597,EUR/USD,2005-08-04 05:15:28.000,1.231100,1.231400,D
174008609,EUR/USD,2005-08-04 05:15:37.000,1.231000,1.231300,D
174008639,EUR/USD,2005-08-04 05:16:08.000,1.230900,1.231200,D
174008662,EUR/USD,2005-08-04 05:16:26.000,1.230800,1.231100,D
174008683,EUR/USD,2005-08-04 05:16:42.000,1.230700,1.231000,D
174008696,EUR/USD,2005-08-04 05:16:47.000,1.230800,1.231100,D
174008731,EUR/USD,2005-08-04 05:17:23.000,1.230700,1.231000,D
174008762,EUR/USD,2005-08-04 05:17:35.000,1.230800,1.231100,D
174008764,EUR/USD,2005-08-04 05:17:35.000,1.230700,1.231000,D
174008783,EUR/USD,2005-08-04 05:17:40.000,1.230600,1.230900,D
174008820,EUR/USD,2005-08-04 05:17:45.000,1.230500,1.230800,D
174008829,EUR/USD,2005-08-04 05:17:47.000,1.230600,1.230900,D
174008835,EUR/USD,2005-08-04 05:17:48.000,1.230700,1.231000,D
174008842,EUR/USD,2005-08-04 05:17:48.000,1.230500,1.230800,D
174008848,EUR/USD,2005-08-04 05:17:49.000,1.230600,1.230900,D
174008862,EUR/USD,2005-08-04 05:17:51.000,1.230500,1.230800,D
174008874,EUR/USD,2005-08-04 05:17:52.000,1.230600,1.230900,D
174008882,EUR/USD,2005-08-04 05:17:53.000,1.230500,1.230800,D
174008892,EUR/USD,2005-08-04 05:17:54.000,1.230600,1.230900,D
174008915,EUR/USD,2005-08-04 05:18:01.000,1.230700,1.231000,D
174008924,EUR/USD,2005-08-04 05:18:06.000,1.230600,1.230900,D
174008946,EUR/USD,2005-08-04 05:18:20.000,1.230500,1.230800,D
174008986,EUR/USD,2005-08-04 05:18:33.000,1.230400,1.230700,D
174009002,EUR/USD,2005-08-04 05:18:36.000,1.230300,1.230600,D
174009013,EUR/USD,2005-08-04 05:18:37.000,1.230200,1.230500,D
174009019,EUR/USD,2005-08-04 05:18:37.000,1.230300,1.230600,D
174009045,EUR/USD,2005-08-04 05:18:42.000,1.230400,1.230700,D
174009050,EUR/USD,2005-08-04 05:18:43.000,1.230300,1.230600,D
174009059,EUR/USD,2005-08-04 05:18:44.000,1.230400,1.230700,D
174009068,EUR/USD,2005-08-04 05:18:45.000,1.230300,1.230600,D
174009077,EUR/USD,2005-08-04 05:18:46.000,1.230400,1.230700,D
174009085,EUR/USD,2005-08-04 05:18:47.000,1.230300,1.230600,D
174009119,EUR/USD,2005-08-04 05:18:50.000,1.230200,1.230500,D
174009128,EUR/USD,2005-08-04 05:18:52.000,1.230300,1.230600,D
174009146,EUR/USD,2005-08-04 05:18:58.000,1.230400,1.230700,D
174009175,EUR/USD,2005-08-04 05:19:14.000,1.230500,1.230800,D
174009194,EUR/USD,2005-08-04 05:19:17.000,1.230400,1.230700,D
174009210,EUR/USD,2005-08-04 05:19:27.000,1.230500,1.230800,D
174009237,EUR/USD,2005-08-04 05:19:35.000,1.230600,1.230900,D
174009396,EUR/USD,2005-08-04 05:20:54.000,1.230500,1.230800,D
174009435,EUR/USD,2005-08-04 05:21:06.000,1.230400,1.230700,D
174009473,EUR/USD,2005-08-04 05:21:14.000,1.230300,1.230600,D
174009521,EUR/USD,2005-08-04 05:21:39.000,1.230200,1.230500,D
174009545,EUR/USD,2005-08-04 05:21:49.000,1.230300,1.230600,D
174009556,EUR/USD,2005-08-04 05:21:51.000,1.230400,1.230700,D
174009585,EUR/USD,2005-08-04 05:21:57.000,1.230500,1.230800,D
174009609,EUR/USD,2005-08-04 05:22:06.000,1.230600,1.230900,D
174009624,EUR/USD,2005-08-04 05:22:13.000,1.230500,1.230800,D
174009638,EUR/USD,2005-08-04 05:22:20.000,1.230600,1.230900,D
174009650,EUR/USD,2005-08-04 05:22:26.000,1.230700,1.231000,D
174009665,EUR/USD,2005-08-04 05:22:27.000,1.230600,1.230900,D
174009679,EUR/USD,2005-08-04 05:22:41.000,1.230700,1.231000,D
174009747,EUR/USD,2005-08-04 05:23:14.000,1.230600,1.230900,D
174009760,EUR/USD,2005-08-04 05:23:25.000,1.230700,1.231000,D
174009763,EUR/USD,2005-08-04 05:23:27.000,1.230600,1.230900,D
174009777,EUR/USD,2005-08-04 05:23:36.000,1.230700,1.231000,D
174009783,EUR/USD,2005-08-04 05:23:37.000,1.230600,1.230900,D
174009821,EUR/USD,2005-08-04 05:23:49.000,1.230700,1.231000,D
174009825,EUR/USD,2005-08-04 05:23:50.000,1.230600,1.230900,D
174009839,EUR/USD,2005-08-04 05:23:54.000,1.230700,1.231000,D
174009874,EUR/USD,2005-08-04 05:24:06.000,1.230600,1.230900,D
174009895,EUR/USD,2005-08-04 05:24:11.000,1.230700,1.231000,D
174009949,EUR/USD,2005-08-04 05:24:37.000,1.230600,1.230900,D
174009977,EUR/USD,2005-08-04 05:24:53.000,1.230500,1.230800,D
174010015,EUR/USD,2005-08-04 05:25:05.000,1.230400,1.230700,D
174010025,EUR/USD,2005-08-04 05:25:05.000,1.230500,1.230800,D
174010041,EUR/USD,2005-08-04 05:25:07.000,1.230400,1.230700,D
174010065,EUR/USD,2005-08-04 05:25:09.000,1.230500,1.230800,D
174010096,EUR/USD,2005-08-04 05:25:18.000,1.230600,1.230900,D
174010193,EUR/USD,2005-08-04 05:25:55.000,1.230700,1.231000,D
174010228,EUR/USD,2005-08-04 05:26:13.000,1.230600,1.230900,D
174010231,EUR/USD,2005-08-04 05:26:15.000,1.230500,1.230800,D
174010238,EUR/USD,2005-08-04 05:26:16.000,1.230600,1.230900,D
174010390,EUR/USD,2005-08-04 05:27:08.000,1.230700,1.231000,D
174010497,EUR/USD,2005-08-04 05:27:31.000,1.230800,1.231100,D
174010575,EUR/USD,2005-08-04 05:28:06.000,1.230700,1.231000,D
174010581,EUR/USD,2005-08-04 05:28:12.000,1.230800,1.231100,D
174010583,EUR/USD,2005-08-04 05:28:14.000,1.230700,1.231000,D
174010635,EUR/USD,2005-08-04 05:28:32.000,1.230800,1.231100,D
174010658,EUR/USD,2005-08-04 05:28:43.000,1.230700,1.231000,D
174010677,EUR/USD,2005-08-04 05:29:01.000,1.230800,1.231100,D
174010699,EUR/USD,2005-08-04 05:29:10.000,1.230900,1.231200,D
174010739,EUR/USD,2005-08-04 05:29:22.000,1.231000,1.231300,D
174010760,EUR/USD,2005-08-04 05:29:27.000,1.231100,1.231400,D
174010819,EUR/USD,2005-08-04 05:29:39.000,1.231200,1.231500,D
174010837,EUR/USD,2005-08-04 05:29:46.000,1.231300,1.231600,D
174010858,EUR/USD,2005-08-04 05:29:49.000,1.231400,1.231700,D
174010861,EUR/USD,2005-08-04 05:29:50.000,1.231300,1.231600,D
174010864,EUR/USD,2005-08-04 05:29:50.000,1.231400,1.231700,D
174010888,EUR/USD,2005-08-04 05:29:59.000,1.231500,1.231800,D
174010907,EUR/USD,2005-08-04 05:30:02.000,1.231600,1.231900,D
174010929,EUR/USD,2005-08-04 05:30:09.000,1.231500,1.231800,D
174010947,EUR/USD,2005-08-04 05:30:10.000,1.231400,1.231700,D
174010968,EUR/USD,2005-08-04 05:30:13.000,1.231500,1.231800,D
174011081,EUR/USD,2005-08-04 05:31:23.000,1.231400,1.231700,D
174011106,EUR/USD,2005-08-04 05:31:35.000,1.231300,1.231600,D
174011240,EUR/USD,2005-08-04 05:32:30.000,1.231400,1.231700,D
174011272,EUR/USD,2005-08-04 05:32:41.000,1.231300,1.231600,D
174011340,EUR/USD,2005-08-04 05:33:25.000,1.231200,1.231500,D
174011355,EUR/USD,2005-08-04 05:33:28.000,1.231100,1.231400,D
174011358,EUR/USD,2005-08-04 05:33:29.000,1.231200,1.231500,D
174011364,EUR/USD,2005-08-04 05:33:29.000,1.231300,1.231600,D
174011383,EUR/USD,2005-08-04 05:33:35.000,1.231200,1.231500,D
174011402,EUR/USD,2005-08-04 05:33:46.000,1.231100,1.231400,D
174011419,EUR/USD,2005-08-04 05:33:54.000,1.231000,1.231300,D
174011435,EUR/USD,2005-08-04 05:33:56.000,1.230900,1.231200,D
174011442,EUR/USD,2005-08-04 05:33:57.000,1.231000,1.231300,D
174011448,EUR/USD,2005-08-04 05:33:58.000,1.230900,1.231200,D
174011468,EUR/USD,2005-08-04 05:34:02.000,1.231000,1.231300,D
174011484,EUR/USD,2005-08-04 05:34:13.000,1.230900,1.231200,D
174011500,EUR/USD,2005-08-04 05:34:16.000,1.230800,1.231100,D
174011518,EUR/USD,2005-08-04 05:34:18.000,1.230700,1.231000,D
174011532,EUR/USD,2005-08-04 05:34:19.000,1.230600,1.230900,D
174011546,EUR/USD,2005-08-04 05:34:21.000,1.230700,1.231000,D
174011559,EUR/USD,2005-08-04 05:34:23.000,1.230600,1.230900,D
174011575,EUR/USD,2005-08-04 05:34:25.000,1.230700,1.231000,D
174011603,EUR/USD,2005-08-04 05:34:32.000,1.230800,1.231100,D
174011613,EUR/USD,2005-08-04 05:34:33.000,1.230700,1.231000,D
174011652,EUR/USD,2005-08-04 05:34:41.000,1.230600,1.230900,D
174011663,EUR/USD,2005-08-04 05:34:43.000,1.230500,1.230800,D
174011670,EUR/USD,2005-08-04 05:34:45.000,1.230400,1.230700,D
174011685,EUR/USD,2005-08-04 05:34:47.000,1.230300,1.230600,D
174011706,EUR/USD,2005-08-04 05:34:48.000,1.230400,1.230700,D
174011716,EUR/USD,2005-08-04 05:34:50.000,1.230300,1.230600,D
174011726,EUR/USD,2005-08-04 05:34:53.000,1.230400,1.230700,D
174011772,EUR/USD,2005-08-04 05:35:20.000,1.230300,1.230600,D
174011785,EUR/USD,2005-08-04 05:35:22.000,1.230400,1.230700,D
174011801,EUR/USD,2005-08-04 05:35:28.000,1.230300,1.230600,D
174011809,EUR/USD,2005-08-04 05:35:28.000,1.230200,1.230500,D
174011830,EUR/USD,2005-08-04 05:35:31.000,1.230100,1.230400,D
174011844,EUR/USD,2005-08-04 05:35:32.000,1.230000,1.230300,D
174011857,EUR/USD,2005-08-04 05:35:33.000,1.229900,1.230200,D
174011890,EUR/USD,2005-08-04 05:35:37.000,1.229800,1.230100,D
174011895,EUR/USD,2005-08-04 05:35:37.000,1.229900,1.230200,D
174011902,EUR/USD,2005-08-04 05:35:38.000,1.229800,1.230100,D
174011908,EUR/USD,2005-08-04 05:35:39.000,1.229900,1.230200,D
174011921,EUR/USD,2005-08-04 05:35:41.000,1.230000,1.230300,D
174011930,EUR/USD,2005-08-04 05:35:42.000,1.230100,1.230400,D
174011960,EUR/USD,2005-08-04 05:35:46.000,1.230200,1.230500,D
174012012,EUR/USD,2005-08-04 05:35:57.000,1.230300,1.230600,D
174012037,EUR/USD,2005-08-04 05:36:00.000,1.230400,1.230700,D
174012056,EUR/USD,2005-08-04 05:36:02.000,1.230500,1.230800,D
174012098,EUR/USD,2005-08-04 05:36:07.000,1.230400,1.230700,D
174012116,EUR/USD,2005-08-04 05:36:12.000,1.230300,1.230600,D
174012121,EUR/USD,2005-08-04 05:36:13.000,1.230400,1.230700,D
174012126,EUR/USD,2005-08-04 05:36:14.000,1.230500,1.230800,D
174012127,EUR/USD,2005-08-04 05:36:14.000,1.230400,1.230700,D
174012132,EUR/USD,2005-08-04 05:36:15.000,1.230500,1.230800,D
174012134,EUR/USD,2005-08-04 05:36:16.000,1.230400,1.230700,D
174012150,EUR/USD,2005-08-04 05:36:22.000,1.230300,1.230600,D
174012170,EUR/USD,2005-08-04 05:36:33.000,1.230200,1.230500,D
174012182,EUR/USD,2005-08-04 05:36:37.000,1.230100,1.230400,D
174012202,EUR/USD,2005-08-04 05:36:40.000,1.230200,1.230500,D
174012209,EUR/USD,2005-08-04 05:36:42.000,1.230100,1.230400,D
174012240,EUR/USD,2005-08-04 05:36:48.000,1.230200,1.230500,D
174012253,EUR/USD,2005-08-04 05:36:54.000,1.230300,1.230600,D
174012323,EUR/USD,2005-08-04 05:37:25.000,1.230400,1.230700,D
174012333,EUR/USD,2005-08-04 05:37:32.000,1.230500,1.230800,D
174012339,EUR/USD,2005-08-04 05:37:34.000,1.230400,1.230700,D
174012351,EUR/USD,2005-08-04 05:37:39.000,1.230500,1.230800,D
174012394,EUR/USD,2005-08-04 05:37:50.000,1.230600,1.230900,D
174012405,EUR/USD,2005-08-04 05:37:54.000,1.230500,1.230800,D
174012561,EUR/USD,2005-08-04 05:39:01.000,1.230400,1.230700,D
174012569,EUR/USD,2005-08-04 05:39:03.000,1.230500,1.230800,D
174012578,EUR/USD,2005-08-04 05:39:05.000,1.230400,1.230700,D
174012591,EUR/USD,2005-08-04 05:39:08.000,1.230500,1.230800,D
174012623,EUR/USD,2005-08-04 05:39:22.000,1.230600,1.230900,D
174012658,EUR/USD,2005-08-04 05:39:36.000,1.230700,1.231000,D
174012679,EUR/USD,2005-08-04 05:39:40.000,1.230800,1.231100,D
174012690,EUR/USD,2005-08-04 05:39:42.000,1.230900,1.231200,D
174012709,EUR/USD,2005-08-04 05:39:45.000,1.231000,1.231300,D
174012723,EUR/USD,2005-08-04 05:39:48.000,1.231100,1.231400,D
174012748,EUR/USD,2005-08-04 05:39:54.000,1.231000,1.231300,D
174012757,EUR/USD,2005-08-04 05:39:57.000,1.230900,1.231200,D
174012767,EUR/USD,2005-08-04 05:39:58.000,1.231000,1.231300,D
174012804,EUR/USD,2005-08-04 05:40:05.000,1.230900,1.231200,D
174012812,EUR/USD,2005-08-04 05:40:07.000,1.231000,1.231300,D
174012822,EUR/USD,2005-08-04 05:40:08.000,1.231100,1.231400,D
174012834,EUR/USD,2005-08-04 05:40:13.000,1.231000,1.231300,D
174012842,EUR/USD,2005-08-04 05:40:16.000,1.230900,1.231200,D
174012854,EUR/USD,2005-08-04 05:40:19.000,1.230800,1.231100,D
174012921,EUR/USD,2005-08-04 05:40:41.000,1.230900,1.231200,D
174012964,EUR/USD,2005-08-04 05:41:06.000,1.230800,1.231100,D
174012977,EUR/USD,2005-08-04 05:41:15.000,1.230900,1.231200,D
174012983,EUR/USD,2005-08-04 05:41:15.000,1.230800,1.231100,D
174012988,EUR/USD,2005-08-04 05:41:19.000,1.230900,1.231200,D
174012996,EUR/USD,2005-08-04 05:41:22.000,1.231000,1.231300,D
174013004,EUR/USD,2005-08-04 05:41:25.000,1.231100,1.231400,D
174013008,EUR/USD,2005-08-04 05:41:26.000,1.231000,1.231300,D
174013016,EUR/USD,2005-08-04 05:41:28.000,1.231100,1.231400,D
174013032,EUR/USD,2005-08-04 05:41:31.000,1.231200,1.231500,D
174013036,EUR/USD,2005-08-04 05:41:31.000,1.231300,1.231600,D
174013041,EUR/USD,2005-08-04 05:41:32.000,1.231200,1.231500,D
174013043,EUR/USD,2005-08-04 05:41:32.000,1.231100,1.231400,D
174013085,EUR/USD,2005-08-04 05:41:42.000,1.231200,1.231500,D
174013094,EUR/USD,2005-08-04 05:41:43.000,1.231300,1.231600,D
174013106,EUR/USD,2005-08-04 05:41:45.000,1.231400,1.231700,D
174013110,EUR/USD,2005-08-04 05:41:46.000,1.231300,1.231600,D
174013118,EUR/USD,2005-08-04 05:41:46.000,1.231400,1.231700,D
174013137,EUR/USD,2005-08-04 05:41:51.000,1.231300,1.231600,D
174013162,EUR/USD,2005-08-04 05:42:04.000,1.231200,1.231500,D
174013189,EUR/USD,2005-08-04 05:42:14.000,1.231300,1.231600,D
174013213,EUR/USD,2005-08-04 05:42:26.000,1.231200,1.231500,D
174013222,EUR/USD,2005-08-04 05:42:29.000,1.231100,1.231400,D
174013224,EUR/USD,2005-08-04 05:42:30.000,1.231200,1.231500,D
174013229,EUR/USD,2005-08-04 05:42:32.000,1.231100,1.231400,D
174013244,EUR/USD,2005-08-04 05:42:39.000,1.231200,1.231500,D
174013259,EUR/USD,2005-08-04 05:42:42.000,1.231100,1.231400,D
174013267,EUR/USD,2005-08-04 05:42:46.000,1.231000,1.231300,D
174013305,EUR/USD,2005-08-04 05:42:59.000,1.231100,1.231400,D
174013322,EUR/USD,2005-08-04 05:43:07.000,1.231000,1.231300,D
174013328,EUR/USD,2005-08-04 05:43:10.000,1.231100,1.231400,D
174013354,EUR/USD,2005-08-04 05:43:28.000,1.231200,1.231500,D
174013361,EUR/USD,2005-08-04 05:43:29.000,1.231100,1.231400,D
174013378,EUR/USD,2005-08-04 05:43:38.000,1.231200,1.231500,D
174013415,EUR/USD,2005-08-04 05:43:52.000,1.231100,1.231400,D
174013426,EUR/USD,2005-08-04 05:43:55.000,1.231200,1.231500,D
174013444,EUR/USD,2005-08-04 05:44:02.000,1.231300,1.231600,D
174013453,EUR/USD,2005-08-04 05:44:05.000,1.231200,1.231500,D
174013459,EUR/USD,2005-08-04 05:44:07.000,1.231300,1.231600,D
174013477,EUR/USD,2005-08-04 05:44:14.000,1.231200,1.231500,D
174013501,EUR/USD,2005-08-04 05:44:24.000,1.231100,1.231400,D
174013524,EUR/USD,2005-08-04 05:44:33.000,1.231200,1.231500,D
174013595,EUR/USD,2005-08-04 05:45:17.000,1.231300,1.231600,D
174013635,EUR/USD,2005-08-04 05:45:48.000,1.231200,1.231500,D
174013657,EUR/USD,2005-08-04 05:45:57.000,1.231300,1.231600,D
174013670,EUR/USD,2005-08-04 05:46:00.000,1.231200,1.231500,D
174013677,EUR/USD,2005-08-04 05:46:01.000,1.231300,1.231600,D
174013681,EUR/USD,2005-08-04 05:46:01.000,1.231400,1.231700,D
174013696,EUR/USD,2005-08-04 05:46:09.000,1.231300,1.231600,D
174013709,EUR/USD,2005-08-04 05:46:11.000,1.231400,1.231700,D
174013722,EUR/USD,2005-08-04 05:46:17.000,1.231500,1.231800,D
174013733,EUR/USD,2005-08-04 05:46:23.000,1.231400,1.231700,D
174013768,EUR/USD,2005-08-04 05:46:44.000,1.231500,1.231800,D
174013773,EUR/USD,2005-08-04 05:46:54.000,1.231400,1.231700,D
174013790,EUR/USD,2005-08-04 05:47:09.000,1.231500,1.231800,D
174013795,EUR/USD,2005-08-04 05:47:14.000,1.231400,1.231700,D
174013797,EUR/USD,2005-08-04 05:47:16.000,1.231500,1.231800,D
174013815,EUR/USD,2005-08-04 05:47:30.000,1.231600,1.231900,D
174013830,EUR/USD,2005-08-04 05:47:35.000,1.231500,1.231800,D
174013842,EUR/USD,2005-08-04 05:47:37.000,1.231600,1.231900,D
174013864,EUR/USD,2005-08-04 05:47:42.000,1.231700,1.232000,D
174013873,EUR/USD,2005-08-04 05:47:45.000,1.231600,1.231900,D
174013890,EUR/USD,2005-08-04 05:47:57.000,1.231700,1.232000,D
174013899,EUR/USD,2005-08-04 05:47:59.000,1.231600,1.231900,D
174013918,EUR/USD,2005-08-04 05:48:09.000,1.231500,1.231800,D
174013931,EUR/USD,2005-08-04 05:48:14.000,1.231400,1.231700,D
174014035,EUR/USD,2005-08-04 05:48:54.000,1.231300,1.231600,D
174014059,EUR/USD,2005-08-04 05:49:08.000,1.231200,1.231500,D
174014089,EUR/USD,2005-08-04 05:49:18.000,1.231100,1.231400,D
174014134,EUR/USD,2005-08-04 05:49:33.000,1.231000,1.231300,D
174014138,EUR/USD,2005-08-04 05:49:33.000,1.231100,1.231400,D
174014146,EUR/USD,2005-08-04 05:49:36.000,1.231000,1.231300,D
174014157,EUR/USD,2005-08-04 05:49:37.000,1.231100,1.231400,D
174014165,EUR/USD,2005-08-04 05:49:37.000,1.231000,1.231300,D
174014234,EUR/USD,2005-08-04 05:50:09.000,1.230900,1.231200,D
174014243,EUR/USD,2005-08-04 05:50:10.000,1.231000,1.231300,D
174014262,EUR/USD,2005-08-04 05:50:14.000,1.230900,1.231200,D
174014269,EUR/USD,2005-08-04 05:50:15.000,1.230800,1.231100,D
174014284,EUR/USD,2005-08-04 05:50:22.000,1.230900,1.231200,D
174014301,EUR/USD,2005-08-04 05:50:28.000,1.230800,1.231100,D
174014314,EUR/USD,2005-08-04 05:50:29.000,1.230900,1.231200,D
174014328,EUR/USD,2005-08-04 05:50:31.000,1.231000,1.231300,D
174014354,EUR/USD,2005-08-04 05:50:40.000,1.231100,1.231400,D
174014367,EUR/USD,2005-08-04 05:50:41.000,1.231200,1.231500,D
174014377,EUR/USD,2005-08-04 05:50:42.000,1.231300,1.231600,D
174014386,EUR/USD,2005-08-04 05:50:44.000,1.231200,1.231500,D
174014403,EUR/USD,2005-08-04 05:50:45.000,1.231100,1.231400,D
174014411,EUR/USD,2005-08-04 05:50:46.000,1.231200,1.231500,D
174014423,EUR/USD,2005-08-04 05:50:49.000,1.231300,1.231600,D
174014445,EUR/USD,2005-08-04 05:50:57.000,1.231400,1.231700,D
174014448,EUR/USD,2005-08-04 05:50:58.000,1.231300,1.231600,D
174014465,EUR/USD,2005-08-04 05:51:01.000,1.231200,1.231500,D
174014500,EUR/USD,2005-08-04 05:51:12.000,1.231300,1.231600,D
174014517,EUR/USD,2005-08-04 05:51:16.000,1.231400,1.231700,D
174014526,EUR/USD,2005-08-04 05:51:19.000,1.231300,1.231600,D
174014553,EUR/USD,2005-08-04 05:51:31.000,1.231400,1.231700,D
174014584,EUR/USD,2005-08-04 05:51:37.000,1.231500,1.231800,D
174014596,EUR/USD,2005-08-04 05:51:39.000,1.231400,1.231700,D
174014633,EUR/USD,2005-08-04 05:51:51.000,1.231300,1.231600,D
174014641,EUR/USD,2005-08-04 05:51:53.000,1.231400,1.231700,D
174014689,EUR/USD,2005-08-04 05:52:11.000,1.231500,1.231800,D
174014729,EUR/USD,2005-08-04 05:52:25.000,1.231400,1.231700,D
174014776,EUR/USD,2005-08-04 05:52:56.000,1.231500,1.231800,D
174014792,EUR/USD,2005-08-04 05:52:58.000,1.231400,1.231700,D
174014800,EUR/USD,2005-08-04 05:53:04.000,1.231500,1.231800,D
174014810,EUR/USD,2005-08-04 05:53:06.000,1.231400,1.231700,D
174014820,EUR/USD,2005-08-04 05:53:14.000,1.231300,1.231600,D
174014844,EUR/USD,2005-08-04 05:53:19.000,1.231200,1.231500,D
174014861,EUR/USD,2005-08-04 05:53:22.000,1.231300,1.231600,D
174014912,EUR/USD,2005-08-04 05:53:59.000,1.231200,1.231500,D
174014949,EUR/USD,2005-08-04 05:54:17.000,1.231100,1.231400,D
174014968,EUR/USD,2005-08-04 05:54:21.000,1.231000,1.231300,D
174014982,EUR/USD,2005-08-04 05:54:27.000,1.231100,1.231400,D
174015004,EUR/USD,2005-08-04 05:54:38.000,1.231200,1.231500,D
174015023,EUR/USD,2005-08-04 05:54:46.000,1.231100,1.231400,D
174015047,EUR/USD,2005-08-04 05:55:04.000,1.231000,1.231300,D
174015074,EUR/USD,2005-08-04 05:55:29.000,1.231100,1.231400,D
174015090,EUR/USD,2005-08-04 05:55:37.000,1.231200,1.231500,D
174015120,EUR/USD,2005-08-04 05:55:53.000,1.231300,1.231600,D
174015140,EUR/USD,2005-08-04 05:56:03.000,1.231400,1.231700,D
174015144,EUR/USD,2005-08-04 05:56:05.000,1.231300,1.231600,D
174015152,EUR/USD,2005-08-04 05:56:07.000,1.231400,1.231700,D
174015184,EUR/USD,2005-08-04 05:56:23.000,1.231500,1.231800,D
174015192,EUR/USD,2005-08-04 05:56:24.000,1.231400,1.231700,D
174015200,EUR/USD,2005-08-04 05:56:24.000,1.231500,1.231800,D
174015202,EUR/USD,2005-08-04 05:56:25.000,1.231600,1.231900,D
174015221,EUR/USD,2005-08-04 05:56:28.000,1.231500,1.231800,D
174015230,EUR/USD,2005-08-04 05:56:30.000,1.231600,1.231900,D
174015248,EUR/USD,2005-08-04 05:56:34.000,1.231500,1.231800,D
174015297,EUR/USD,2005-08-04 05:56:56.000,1.231400,1.231700,D
174015324,EUR/USD,2005-08-04 05:57:04.000,1.231300,1.231600,D
174015363,EUR/USD,2005-08-04 05:57:13.000,1.231400,1.231700,D
174015384,EUR/USD,2005-08-04 05:57:16.000,1.231300,1.231600,D
174015388,EUR/USD,2005-08-04 05:57:16.000,1.231400,1.231700,D
174015392,EUR/USD,2005-08-04 05:57:16.000,1.231500,1.231800,D
174015438,EUR/USD,2005-08-04 05:57:25.000,1.231600,1.231900,D
174015483,EUR/USD,2005-08-04 05:57:33.000,1.231700,1.232000,D
174015497,EUR/USD,2005-08-04 05:57:38.000,1.231600,1.231900,D
174015545,EUR/USD,2005-08-04 05:57:48.000,1.231500,1.231800,D
174015579,EUR/USD,2005-08-04 05:58:01.000,1.231400,1.231700,D
174015631,EUR/USD,2005-08-04 05:58:25.000,1.231500,1.231800,D
174015641,EUR/USD,2005-08-04 05:58:27.000,1.231400,1.231700,D
174015651,EUR/USD,2005-08-04 05:58:28.000,1.231500,1.231800,D
174015689,EUR/USD,2005-08-04 05:58:46.000,1.231600,1.231900,D
174015700,EUR/USD,2005-08-04 05:58:47.000,1.231500,1.231800,D
174015740,EUR/USD,2005-08-04 05:58:59.000,1.231600,1.231900,D
174015778,EUR/USD,2005-08-04 05:59:08.000,1.231700,1.232000,D
174015800,EUR/USD,2005-08-04 05:59:28.000,1.231600,1.231900,D
174015861,EUR/USD,2005-08-04 05:59:50.000,1.231500,1.231800,D
174015912,EUR/USD,2005-08-04 06:00:01.000,1.231600,1.231900,D
174015920,EUR/USD,2005-08-04 06:00:03.000,1.231500,1.231800,D
174015922,EUR/USD,2005-08-04 06:00:03.000,1.231600,1.231900,D
174015952,EUR/USD,2005-08-04 06:00:08.000,1.231700,1.232000,D
174015970,EUR/USD,2005-08-04 06:00:10.000,1.231800,1.232100,D
174015975,EUR/USD,2005-08-04 06:00:11.000,1.231700,1.232000,D
174015981,EUR/USD,2005-08-04 06:00:11.000,1.231800,1.232100,D
174015995,EUR/USD,2005-08-04 06:00:13.000,1.231700,1.232000,D
174015999,EUR/USD,2005-08-04 06:00:13.000,1.231600,1.231900,D
174016004,EUR/USD,2005-08-04 06:00:14.000,1.231700,1.232000,D
174016026,EUR/USD,2005-08-04 06:00:17.000,1.231600,1.231900,D
174016053,EUR/USD,2005-08-04 06:00:20.000,1.231700,1.232000,D
174016059,EUR/USD,2005-08-04 06:00:21.000,1.231800,1.232100,D
174016085,EUR/USD,2005-08-04 06:00:28.000,1.231700,1.232000,D
174016106,EUR/USD,2005-08-04 06:00:33.000,1.231600,1.231900,D
174016118,EUR/USD,2005-08-04 06:00:34.000,1.231700,1.232000,D
174016134,EUR/USD,2005-08-04 06:00:37.000,1.231600,1.231900,D
174016148,EUR/USD,2005-08-04 06:00:44.000,1.231500,1.231800,D
174016198,EUR/USD,2005-08-04 06:01:16.000,1.231400,1.231700,D
174016204,EUR/USD,2005-08-04 06:01:17.000,1.231500,1.231800,D
174016227,EUR/USD,2005-08-04 06:01:25.000,1.231400,1.231700,D
174016235,EUR/USD,2005-08-04 06:01:26.000,1.231500,1.231800,D
174016245,EUR/USD,2005-08-04 06:01:31.000,1.231400,1.231700,D
174016249,EUR/USD,2005-08-04 06:01:31.000,1.231500,1.231800,D
174016261,EUR/USD,2005-08-04 06:01:34.000,1.231400,1.231700,D
174016270,EUR/USD,2005-08-04 06:01:40.000,1.231500,1.231800,D
174016297,EUR/USD,2005-08-04 06:01:48.000,1.231600,1.231900,D
174016316,EUR/USD,2005-08-04 06:02:01.000,1.231700,1.232000,D
174016342,EUR/USD,2005-08-04 06:02:09.000,1.231800,1.232100,D
174016373,EUR/USD,2005-08-04 06:02:20.000,1.231700,1.232000,D
174016394,EUR/USD,2005-08-04 06:02:24.000,1.231600,1.231900,D
174016419,EUR/USD,2005-08-04 06:02:39.000,1.231700,1.232000,D
174016433,EUR/USD,2005-08-04 06:02:44.000,1.231600,1.231900,D
174016438,EUR/USD,2005-08-04 06:02:46.000,1.231700,1.232000,D
174016447,EUR/USD,2005-08-04 06:02:49.000,1.231600,1.231900,D
174016460,EUR/USD,2005-08-04 06:02:58.000,1.231700,1.232000,D
174016472,EUR/USD,2005-08-04 06:03:00.000,1.231600,1.231900,D
174016480,EUR/USD,2005-08-04 06:03:01.000,1.231700,1.232000,D
174016499,EUR/USD,2005-08-04 06:03:05.000,1.231800,1.232100,D
174016548,EUR/USD,2005-08-04 06:03:16.000,1.231700,1.232000,D
174016557,EUR/USD,2005-08-04 06:03:17.000,1.231800,1.232100,D
174016578,EUR/USD,2005-08-04 06:03:22.000,1.231700,1.232000,D
174016588,EUR/USD,2005-08-04 06:03:23.000,1.231600,1.231900,D
174016596,EUR/USD,2005-08-04 06:03:23.000,1.231700,1.232000,D
174016614,EUR/USD,2005-08-04 06:03:27.000,1.231800,1.232100,D
174016631,EUR/USD,2005-08-04 06:03:33.000,1.231700,1.232000,D
174016673,EUR/USD,2005-08-04 06:03:40.000,1.231800,1.232100,D
174016685,EUR/USD,2005-08-04 06:03:44.000,1.231700,1.232000,D
174016693,EUR/USD,2005-08-04 06:03:45.000,1.231800,1.232100,D
174016715,EUR/USD,2005-08-04 06:03:52.000,1.231700,1.232000,D
174016721,EUR/USD,2005-08-04 06:03:53.000,1.231800,1.232100,D
174016723,EUR/USD,2005-08-04 06:03:54.000,1.231700,1.232000,D
174016728,EUR/USD,2005-08-04 06:03:54.000,1.231800,1.232100,D
174016761,EUR/USD,2005-08-04 06:04:10.000,1.231900,1.232200,D
174016786,EUR/USD,2005-08-04 06:04:17.000,1.231800,1.232100,D
174016791,EUR/USD,2005-08-04 06:04:18.000,1.231900,1.232200,D
174016808,EUR/USD,2005-08-04 06:04:21.000,1.231800,1.232100,D
174016827,EUR/USD,2005-08-04 06:04:24.000,1.231700,1.232000,D
174016838,EUR/USD,2005-08-04 06:04:25.000,1.231800,1.232100,D
174016856,EUR/USD,2005-08-04 06:04:33.000,1.231700,1.232000,D
174016866,EUR/USD,2005-08-04 06:04:36.000,1.231800,1.232100,D
174016874,EUR/USD,2005-08-04 06:04:37.000,1.231700,1.232000,D
174016878,EUR/USD,2005-08-04 06:04:38.000,1.231800,1.232100,D
174016893,EUR/USD,2005-08-04 06:04:42.000,1.231700,1.232000,D
174016914,EUR/USD,2005-08-04 06:04:48.000,1.231600,1.231900,D
174016941,EUR/USD,2005-08-04 06:04:52.000,1.231500,1.231800,D
174016951,EUR/USD,2005-08-04 06:04:53.000,1.231600,1.231900,D
174016991,EUR/USD,2005-08-04 06:04:58.000,1.231700,1.232000,D
174017004,EUR/USD,2005-08-04 06:05:00.000,1.231800,1.232100,D
174017022,EUR/USD,2005-08-04 06:05:05.000,1.231700,1.232000,D
174017052,EUR/USD,2005-08-04 06:05:17.000,1.231600,1.231900,D
174017059,EUR/USD,2005-08-04 06:05:20.000,1.231500,1.231800,D
174017072,EUR/USD,2005-08-04 06:05:27.000,1.231600,1.231900,D
174017119,EUR/USD,2005-08-04 06:06:01.000,1.231700,1.232000,D
174017234,EUR/USD,2005-08-04 06:06:49.000,1.231600,1.231900,D
174017240,EUR/USD,2005-08-04 06:07:02.000,1.231700,1.232000,D
174017256,EUR/USD,2005-08-04 06:07:21.000,1.231800,1.232100,D
174017264,EUR/USD,2005-08-04 06:07:27.000,1.231900,1.232200,D
174017272,EUR/USD,2005-08-04 06:07:32.000,1.232000,1.232300,D
174017305,EUR/USD,2005-08-04 06:07:39.000,1.231900,1.232200,D
174017316,EUR/USD,2005-08-04 06:07:42.000,1.231800,1.232100,D
174017334,EUR/USD,2005-08-04 06:07:49.000,1.231700,1.232000,D
174017353,EUR/USD,2005-08-04 06:07:51.000,1.231800,1.232100,D
174017368,EUR/USD,2005-08-04 06:07:54.000,1.231700,1.232000,D
174017373,EUR/USD,2005-08-04 06:07:55.000,1.231800,1.232100,D
174017374,EUR/USD,2005-08-04 06:07:55.000,1.231700,1.232000,D
174017384,EUR/USD,2005-08-04 06:08:00.000,1.231800,1.232100,D
174017388,EUR/USD,2005-08-04 06:08:01.000,1.231700,1.232000,D
174017421,EUR/USD,2005-08-04 06:08:38.000,1.231800,1.232100,D
174017426,EUR/USD,2005-08-04 06:08:40.000,1.231700,1.232000,D
174017431,EUR/USD,2005-08-04 06:08:41.000,1.231800,1.232100,D
174017457,EUR/USD,2005-08-04 06:08:49.000,1.231700,1.232000,D
174017481,EUR/USD,2005-08-04 06:09:03.000,1.231600,1.231900,D
174017501,EUR/USD,2005-08-04 06:09:21.000,1.231700,1.232000,D
174017690,EUR/USD,2005-08-04 06:10:32.000,1.231600,1.231900,D
174017704,EUR/USD,2005-08-04 06:10:40.000,1.231700,1.232000,D
174017717,EUR/USD,2005-08-04 06:10:41.000,1.231800,1.232100,D
174017746,EUR/USD,2005-08-04 06:10:49.000,1.231900,1.232200,D
174017759,EUR/USD,2005-08-04 06:10:54.000,1.232000,1.232300,D
174017794,EUR/USD,2005-08-04 06:11:08.000,1.232100,1.232400,D
174017797,EUR/USD,2005-08-04 06:11:08.000,1.232000,1.232300,D
174017806,EUR/USD,2005-08-04 06:11:10.000,1.232100,1.232400,D
174017843,EUR/USD,2005-08-04 06:11:23.000,1.232200,1.232500,D
174017859,EUR/USD,2005-08-04 06:11:25.000,1.232300,1.232600,D
174017868,EUR/USD,2005-08-04 06:11:27.000,1.232200,1.232500,D
174017922,EUR/USD,2005-08-04 06:11:49.000,1.232300,1.232600,D
174017936,EUR/USD,2005-08-04 06:11:53.000,1.232400,1.232700,D
174017951,EUR/USD,2005-08-04 06:11:55.000,1.232500,1.232800,D
174017970,EUR/USD,2005-08-04 06:11:57.000,1.232400,1.232700,D
174017972,EUR/USD,2005-08-04 06:11:57.000,1.232500,1.232800,D
174017982,EUR/USD,2005-08-04 06:11:58.000,1.232400,1.232700,D
174018006,EUR/USD,2005-08-04 06:12:05.000,1.232500,1.232800,D
174018017,EUR/USD,2005-08-04 06:12:07.000,1.232600,1.232900,D
174018028,EUR/USD,2005-08-04 06:12:08.000,1.232700,1.233000,D
174018032,EUR/USD,2005-08-04 06:12:09.000,1.232600,1.232900,D
174018046,EUR/USD,2005-08-04 06:12:11.000,1.232700,1.233000,D
174018060,EUR/USD,2005-08-04 06:12:15.000,1.232800,1.233100,D
174018080,EUR/USD,2005-08-04 06:12:18.000,1.232900,1.233200,D
174018093,EUR/USD,2005-08-04 06:12:20.000,1.233000,1.233300,D
174018101,EUR/USD,2005-08-04 06:12:20.000,1.232900,1.233200,D
174018119,EUR/USD,2005-08-04 06:12:23.000,1.232800,1.233100,D
174018133,EUR/USD,2005-08-04 06:12:25.000,1.232900,1.233200,D
174018138,EUR/USD,2005-08-04 06:12:25.000,1.232800,1.233100,D
174018139,EUR/USD,2005-08-04 06:12:26.000,1.232700,1.233000,D
174018151,EUR/USD,2005-08-04 06:12:27.000,1.232800,1.233100,D
174018159,EUR/USD,2005-08-04 06:12:29.000,1.232900,1.233200,D
174018169,EUR/USD,2005-08-04 06:12:30.000,1.232800,1.233100,D
174018188,EUR/USD,2005-08-04 06:12:39.000,1.232900,1.233200,D
174018194,EUR/USD,2005-08-04 06:12:41.000,1.232800,1.233100,D
174018199,EUR/USD,2005-08-04 06:12:43.000,1.232700,1.233000,D
174018209,EUR/USD,2005-08-04 06:12:45.000,1.232800,1.233100,D
174018256,EUR/USD,2005-08-04 06:12:53.000,1.232700,1.233000,D
174018291,EUR/USD,2005-08-04 06:13:07.000,1.232800,1.233100,D
174018303,EUR/USD,2005-08-04 06:13:11.000,1.232900,1.233200,D
174018333,EUR/USD,2005-08-04 06:13:17.000,1.232800,1.233100,D
174018340,EUR/USD,2005-08-04 06:13:18.000,1.232900,1.233200,D
174018347,EUR/USD,2005-08-04 06:13:19.000,1.232800,1.233100,D
174018351,EUR/USD,2005-08-04 06:13:20.000,1.232900,1.233200,D
174018362,EUR/USD,2005-08-04 06:13:26.000,1.232800,1.233100,D
174018378,EUR/USD,2005-08-04 06:13:31.000,1.232900,1.233200,D
174018385,EUR/USD,2005-08-04 06:13:36.000,1.232800,1.233100,D
174018398,EUR/USD,2005-08-04 06:13:44.000,1.232900,1.233200,D
174018408,EUR/USD,2005-08-04 06:13:57.000,1.232800,1.233100,D
174018449,EUR/USD,2005-08-04 06:14:23.000,1.232900,1.233200,D
174018465,EUR/USD,2005-08-04 06:14:28.000,1.232800,1.233100,D
174018466,EUR/USD,2005-08-04 06:14:29.000,1.232900,1.233200,D
174018472,EUR/USD,2005-08-04 06:14:33.000,1.232800,1.233100,D
174018487,EUR/USD,2005-08-04 06:14:40.000,1.232700,1.233000,D
174018528,EUR/USD,2005-08-04 06:14:55.000,1.232600,1.232900,D
174018617,EUR/USD,2005-08-04 06:15:51.000,1.232700,1.233000,D
174018626,EUR/USD,2005-08-04 06:15:56.000,1.232600,1.232900,D
174018656,EUR/USD,2005-08-04 06:16:28.000,1.232700,1.233000,D
174018678,EUR/USD,2005-08-04 06:16:38.000,1.232600,1.232900,D
174018697,EUR/USD,2005-08-04 06:16:51.000,1.232700,1.233000,D
174018711,EUR/USD,2005-08-04 06:17:06.000,1.232600,1.232900,D
174018721,EUR/USD,2005-08-04 06:17:14.000,1.232500,1.232800,D
174018728,EUR/USD,2005-08-04 06:17:20.000,1.232600,1.232900,D
174018734,EUR/USD,2005-08-04 06:17:22.000,1.232500,1.232800,D
174018749,EUR/USD,2005-08-04 06:17:26.000,1.232600,1.232900,D
174018759,EUR/USD,2005-08-04 06:17:29.000,1.232500,1.232800,D
174018761,EUR/USD,2005-08-04 06:17:30.000,1.232600,1.232900,D
174018777,EUR/USD,2005-08-04 06:17:39.000,1.232500,1.232800,D
174018782,EUR/USD,2005-08-04 06:17:42.000,1.232600,1.232900,D
174018793,EUR/USD,2005-08-04 06:17:49.000,1.232500,1.232800,D
174018896,EUR/USD,2005-08-04 06:18:26.000,1.232600,1.232900,D
174018908,EUR/USD,2005-08-04 06:18:27.000,1.232700,1.233000,D
174018945,EUR/USD,2005-08-04 06:18:32.000,1.232600,1.232900,D
174018956,EUR/USD,2005-08-04 06:18:34.000,1.232700,1.233000,D
174018974,EUR/USD,2005-08-04 06:18:35.000,1.232600,1.232900,D
174018982,EUR/USD,2005-08-04 06:18:35.000,1.232700,1.233000,D
174018997,EUR/USD,2005-08-04 06:18:36.000,1.232600,1.232900,D
174019021,EUR/USD,2005-08-04 06:18:39.000,1.232700,1.233000,D
174019035,EUR/USD,2005-08-04 06:18:42.000,1.232800,1.233100,D
174019045,EUR/USD,2005-08-04 06:18:43.000,1.232700,1.233000,D
174019062,EUR/USD,2005-08-04 06:18:46.000,1.232600,1.232900,D
174019069,EUR/USD,2005-08-04 06:18:47.000,1.232700,1.233000,D
174019090,EUR/USD,2005-08-04 06:18:48.000,1.232600,1.232900,D
174019102,EUR/USD,2005-08-04 06:18:50.000,1.232700,1.233000,D
174019106,EUR/USD,2005-08-04 06:18:51.000,1.232600,1.232900,D
174019165,EUR/USD,2005-08-04 06:19:02.000,1.232700,1.233000,D
174019178,EUR/USD,2005-08-04 06:19:04.000,1.232800,1.233100,D
174019215,EUR/USD,2005-08-04 06:19:10.000,1.232600,1.232900,D
174019235,EUR/USD,2005-08-04 06:19:12.000,1.232700,1.233000,D
174019249,EUR/USD,2005-08-04 06:19:14.000,1.232600,1.232900,D
174019251,EUR/USD,2005-08-04 06:19:14.000,1.232700,1.233000,D
174019271,EUR/USD,2005-08-04 06:19:18.000,1.232800,1.233100,D
174019295,EUR/USD,2005-08-04 06:19:21.000,1.232900,1.233200,D
174019310,EUR/USD,2005-08-04 06:19:22.000,1.232800,1.233100,D
174019324,EUR/USD,2005-08-04 06:19:27.000,1.232900,1.233200,D
174019347,EUR/USD,2005-08-04 06:19:30.000,1.233000,1.233300,D
174019368,EUR/USD,2005-08-04 06:19:34.000,1.233100,1.233400,D
174019381,EUR/USD,2005-08-04 06:19:36.000,1.233200,1.233500,D
174019411,EUR/USD,2005-08-04 06:19:40.000,1.233100,1.233400,D
174019455,EUR/USD,2005-08-04 06:19:56.000,1.233200,1.233500,D
174019458,EUR/USD,2005-08-04 06:19:56.000,1.233100,1.233400,D
174019498,EUR/USD,2005-08-04 06:20:04.000,1.233200,1.233500,D
174019510,EUR/USD,2005-08-04 06:20:07.000,1.233300,1.233600,D
174019526,EUR/USD,2005-08-04 06:20:11.000,1.233400,1.233700,D
174019542,EUR/USD,2005-08-04 06:20:12.000,1.233500,1.233800,D
174019561,EUR/USD,2005-08-04 06:20:15.000,1.233400,1.233700,D
174019574,EUR/USD,2005-08-04 06:20:19.000,1.233500,1.233800,D
174019587,EUR/USD,2005-08-04 06:20:21.000,1.233600,1.233900,D
174019604,EUR/USD,2005-08-04 06:20:23.000,1.233500,1.233800,D
174019638,EUR/USD,2005-08-04 06:20:27.000,1.233400,1.233700,D
174019660,EUR/USD,2005-08-04 06:20:32.000,1.233500,1.233800,D
174019673,EUR/USD,2005-08-04 06:20:35.000,1.233600,1.233900,D
174019690,EUR/USD,2005-08-04 06:20:39.000,1.233700,1.234000,D
174019713,EUR/USD,2005-08-04 06:20:44.000,1.233800,1.234100,D
174019725,EUR/USD,2005-08-04 06:20:46.000,1.233900,1.234200,D
174019743,EUR/USD,2005-08-04 06:20:49.000,1.234000,1.234300,D
174019748,EUR/USD,2005-08-04 06:20:49.000,1.234100,1.234400,D
174019763,EUR/USD,2005-08-04 06:20:51.000,1.234000,1.234300,D
174019785,EUR/USD,2005-08-04 06:20:55.000,1.233900,1.234200,D
174019812,EUR/USD,2005-08-04 06:21:07.000,1.234000,1.234300,D
174019824,EUR/USD,2005-08-04 06:21:09.000,1.233900,1.234200,D
174019833,EUR/USD,2005-08-04 06:21:11.000,1.234000,1.234300,D
174019837,EUR/USD,2005-08-04 06:21:12.000,1.233900,1.234200,D
174019843,EUR/USD,2005-08-04 06:21:15.000,1.233800,1.234100,D
174019878,EUR/USD,2005-08-04 06:21:20.000,1.233900,1.234200,D
174019913,EUR/USD,2005-08-04 06:21:31.000,1.233800,1.234100,D
174019923,EUR/USD,2005-08-04 06:21:31.000,1.233900,1.234200,D
174019930,EUR/USD,2005-08-04 06:21:32.000,1.233800,1.234100,D
174019962,EUR/USD,2005-08-04 06:21:37.000,1.233700,1.234000,D
174019995,EUR/USD,2005-08-04 06:21:44.000,1.233800,1.234100,D
174020024,EUR/USD,2005-08-04 06:21:53.000,1.233900,1.234200,D
174020040,EUR/USD,2005-08-04 06:22:00.000,1.233800,1.234100,D
174020048,EUR/USD,2005-08-04 06:22:01.000,1.233900,1.234200,D
174020054,EUR/USD,2005-08-04 06:22:03.000,1.233800,1.234100,D
174020058,EUR/USD,2005-08-04 06:22:04.000,1.233900,1.234200,D
174020061,EUR/USD,2005-08-04 06:22:05.000,1.233800,1.234100,D
174020068,EUR/USD,2005-08-04 06:22:09.000,1.233900,1.234200,D
174020098,EUR/USD,2005-08-04 06:22:26.000,1.233800,1.234100,D
174020102,EUR/USD,2005-08-04 06:22:27.000,1.233900,1.234200,D
174020119,EUR/USD,2005-08-04 06:22:37.000,1.234000,1.234300,D
174020123,EUR/USD,2005-08-04 06:22:38.000,1.234100,1.234400,D
174020140,EUR/USD,2005-08-04 06:22:41.000,1.234200,1.234500,D
174020160,EUR/USD,2005-08-04 06:22:43.000,1.234100,1.234400,D
174020178,EUR/USD,2005-08-04 06:22:48.000,1.234000,1.234300,D
174020194,EUR/USD,2005-08-04 06:22:52.000,1.233900,1.234200,D
174020208,EUR/USD,2005-08-04 06:22:56.000,1.233800,1.234100,D
174020219,EUR/USD,2005-08-04 06:22:57.000,1.233900,1.234200,D
174020254,EUR/USD,2005-08-04 06:23:07.000,1.233800,1.234100,D
174020261,EUR/USD,2005-08-04 06:23:07.000,1.233700,1.234000,D
174020276,EUR/USD,2005-08-04 06:23:12.000,1.233800,1.234100,D
174020284,EUR/USD,2005-08-04 06:23:12.000,1.233700,1.234000,D
174020298,EUR/USD,2005-08-04 06:23:14.000,1.233800,1.234100,D
174020301,EUR/USD,2005-08-04 06:23:15.000,1.233700,1.234000,D
174020314,EUR/USD,2005-08-04 06:23:18.000,1.233600,1.233900,D
174020367,EUR/USD,2005-08-04 06:23:38.000,1.233500,1.233800,D
174020375,EUR/USD,2005-08-04 06:23:40.000,1.233400,1.233700,D
174020378,EUR/USD,2005-08-04 06:23:41.000,1.233500,1.233800,D
174020390,EUR/USD,2005-08-04 06:23:46.000,1.233400,1.233700,D
174020404,EUR/USD,2005-08-04 06:23:48.000,1.233500,1.233800,D
174020421,EUR/USD,2005-08-04 06:23:51.000,1.233400,1.233700,D
174020428,EUR/USD,2005-08-04 06:23:53.000,1.233500,1.233800,D
174020436,EUR/USD,2005-08-04 06:23:55.000,1.233400,1.233700,D
174020467,EUR/USD,2005-08-04 06:24:06.000,1.233300,1.233600,D
174020482,EUR/USD,2005-08-04 06:24:14.000,1.233200,1.233500,D
174020488,EUR/USD,2005-08-04 06:24:14.000,1.233300,1.233600,D
174020524,EUR/USD,2005-08-04 06:24:25.000,1.233400,1.233700,D
174020551,EUR/USD,2005-08-04 06:24:32.000,1.233300,1.233600,D
174020591,EUR/USD,2005-08-04 06:24:46.000,1.233400,1.233700,D
174020611,EUR/USD,2005-08-04 06:24:52.000,1.233500,1.233800,D
174020619,EUR/USD,2005-08-04 06:24:53.000,1.233400,1.233700,D
174020665,EUR/USD,2005-08-04 06:25:19.000,1.233500,1.233800,D
174020674,EUR/USD,2005-08-04 06:25:20.000,1.233400,1.233700,D
174020679,EUR/USD,2005-08-04 06:25:21.000,1.233500,1.233800,D
174020711,EUR/USD,2005-08-04 06:25:35.000,1.233400,1.233700,D
174020722,EUR/USD,2005-08-04 06:25:39.000,1.233500,1.233800,D
174020723,EUR/USD,2005-08-04 06:25:40.000,1.233400,1.233700,D
174020736,EUR/USD,2005-08-04 06:25:45.000,1.233300,1.233600,D
174020742,EUR/USD,2005-08-04 06:25:46.000,1.233400,1.233700,D
174020756,EUR/USD,2005-08-04 06:25:51.000,1.233300,1.233600,D
174020759,EUR/USD,2005-08-04 06:25:51.000,1.233400,1.233700,D
174020780,EUR/USD,2005-08-04 06:26:00.000,1.233500,1.233800,D
174020788,EUR/USD,2005-08-04 06:26:02.000,1.233600,1.233900,D
174020794,EUR/USD,2005-08-04 06:26:03.000,1.233500,1.233800,D
174020827,EUR/USD,2005-08-04 06:26:13.000,1.233400,1.233700,D
174020834,EUR/USD,2005-08-04 06:26:17.000,1.233500,1.233800,D
174020850,EUR/USD,2005-08-04 06:26:21.000,1.233600,1.233900,D
174020859,EUR/USD,2005-08-04 06:26:23.000,1.233500,1.233800,D
174020871,EUR/USD,2005-08-04 06:26:24.000,1.233400,1.233700,D
174020879,EUR/USD,2005-08-04 06:26:26.000,1.233500,1.233800,D
174020880,EUR/USD,2005-08-04 06:26:26.000,1.233400,1.233700,D
174020902,EUR/USD,2005-08-04 06:26:32.000,1.233500,1.233800,D
174020910,EUR/USD,2005-08-04 06:26:33.000,1.233400,1.233700,D
174020935,EUR/USD,2005-08-04 06:26:37.000,1.233500,1.233800,D
174020942,EUR/USD,2005-08-04 06:26:39.000,1.233600,1.233900,D
174020979,EUR/USD,2005-08-04 06:26:43.000,1.233700,1.234000,D
174020988,EUR/USD,2005-08-04 06:26:43.000,1.233800,1.234100,D
174021011,EUR/USD,2005-08-04 06:26:47.000,1.233900,1.234200,D
174021037,EUR/USD,2005-08-04 06:26:52.000,1.234000,1.234300,D
174021061,EUR/USD,2005-08-04 06:26:55.000,1.233900,1.234200,D
174021089,EUR/USD,2005-08-04 06:26:58.000,1.233800,1.234100,D
174021115,EUR/USD,2005-08-04 06:27:04.000,1.233700,1.234000,D
174021141,EUR/USD,2005-08-04 06:27:06.000,1.233800,1.234100,D
174021152,EUR/USD,2005-08-04 06:27:07.000,1.233700,1.234000,D
174021182,EUR/USD,2005-08-04 06:27:14.000,1.233800,1.234100,D
174021187,EUR/USD,2005-08-04 06:27:17.000,1.233900,1.234200,D
174021210,EUR/USD,2005-08-04 06:27:22.000,1.234000,1.234300,D
174021222,EUR/USD,2005-08-04 06:27:23.000,1.234100,1.234400,D
174021230,EUR/USD,2005-08-04 06:27:24.000,1.234000,1.234300,D
174021243,EUR/USD,2005-08-04 06:27:25.000,1.233900,1.234200,D
174021261,EUR/USD,2005-08-04 06:27:30.000,1.233800,1.234100,D
174021273,EUR/USD,2005-08-04 06:27:32.000,1.233900,1.234200,D
174021297,EUR/USD,2005-08-04 06:27:37.000,1.233800,1.234100,D
174021308,EUR/USD,2005-08-04 06:27:43.000,1.233900,1.234200,D
174021317,EUR/USD,2005-08-04 06:27:46.000,1.233800,1.234100,D
174021332,EUR/USD,2005-08-04 06:27:47.000,1.233900,1.234200,D
174021360,EUR/USD,2005-08-04 06:27:58.000,1.234000,1.234300,D
174021375,EUR/USD,2005-08-04 06:28:01.000,1.233900,1.234200,D
174021384,EUR/USD,2005-08-04 06:28:02.000,1.234000,1.234300,D
174021390,EUR/USD,2005-08-04 06:28:03.000,1.233900,1.234200,D
174021403,EUR/USD,2005-08-04 06:28:04.000,1.233800,1.234100,D
174021409,EUR/USD,2005-08-04 06:28:05.000,1.233700,1.234000,D
174021465,EUR/USD,2005-08-04 06:28:25.000,1.233600,1.233900,D
174021512,EUR/USD,2005-08-04 06:28:37.000,1.233700,1.234000,D
174021530,EUR/USD,2005-08-04 06:28:40.000,1.233800,1.234100,D
174021542,EUR/USD,2005-08-04 06:28:44.000,1.233700,1.234000,D
174021559,EUR/USD,2005-08-04 06:28:51.000,1.233800,1.234100,D
174021562,EUR/USD,2005-08-04 06:28:54.000,1.233700,1.234000,D
174021646,EUR/USD,2005-08-04 06:29:18.000,1.233600,1.233900,D
174021669,EUR/USD,2005-08-04 06:29:23.000,1.233500,1.233800,D
174021772,EUR/USD,2005-08-04 06:29:45.000,1.233600,1.233900,D
174021789,EUR/USD,2005-08-04 06:29:48.000,1.233700,1.234000,D
174021866,EUR/USD,2005-08-04 06:30:02.000,1.233800,1.234100,D
174021897,EUR/USD,2005-08-04 06:30:05.000,1.233900,1.234200,D
174021902,EUR/USD,2005-08-04 06:30:06.000,1.234000,1.234300,D
174021915,EUR/USD,2005-08-04 06:30:08.000,1.234100,1.234400,D
174021921,EUR/USD,2005-08-04 06:30:08.000,1.234000,1.234300,D
174021932,EUR/USD,2005-08-04 06:30:08.000,1.233900,1.234200,D
174021941,EUR/USD,2005-08-04 06:30:09.000,1.234000,1.234300,D
174021968,EUR/USD,2005-08-04 06:30:13.000,1.234100,1.234400,D
174021996,EUR/USD,2005-08-04 06:30:16.000,1.234200,1.234500,D
174022008,EUR/USD,2005-08-04 06:30:18.000,1.234100,1.234400,D
174022021,EUR/USD,2005-08-04 06:30:19.000,1.234200,1.234500,D
174022039,EUR/USD,2005-08-04 06:30:20.000,1.234100,1.234400,D
174022061,EUR/USD,2005-08-04 06:30:25.000,1.234200,1.234500,D
174022078,EUR/USD,2005-08-04 06:30:31.000,1.234100,1.234400,D
174022085,EUR/USD,2005-08-04 06:30:32.000,1.234200,1.234500,D
174022105,EUR/USD,2005-08-04 06:30:36.000,1.234100,1.234400,D
174022127,EUR/USD,2005-08-04 06:30:39.000,1.234200,1.234500,D
174022135,EUR/USD,2005-08-04 06:30:40.000,1.234100,1.234400,D
174022168,EUR/USD,2005-08-04 06:30:48.000,1.234200,1.234500,D
174022170,EUR/USD,2005-08-04 06:30:48.000,1.234100,1.234400,D
174022203,EUR/USD,2005-08-04 06:30:58.000,1.234000,1.234300,D
174022206,EUR/USD,2005-08-04 06:30:58.000,1.234100,1.234400,D
174022216,EUR/USD,2005-08-04 06:30:59.000,1.234000,1.234300,D
174022236,EUR/USD,2005-08-04 06:31:06.000,1.233900,1.234200,D
174022272,EUR/USD,2005-08-04 06:31:17.000,1.233800,1.234100,D
174022280,EUR/USD,2005-08-04 06:31:21.000,1.233700,1.234000,D
174022285,EUR/USD,2005-08-04 06:31:22.000,1.233800,1.234100,D
174022311,EUR/USD,2005-08-04 06:31:27.000,1.233700,1.234000,D
174022319,EUR/USD,2005-08-04 06:31:28.000,1.233800,1.234100,D
174022352,EUR/USD,2005-08-04 06:31:43.000,1.233900,1.234200,D
174022354,EUR/USD,2005-08-04 06:31:44.000,1.233800,1.234100,D
174022356,EUR/USD,2005-08-04 06:31:45.000,1.233900,1.234200,D
174022361,EUR/USD,2005-08-04 06:31:46.000,1.233800,1.234100,D
174022389,EUR/USD,2005-08-04 06:31:51.000,1.233700,1.234000,D
174022393,EUR/USD,2005-08-04 06:31:52.000,1.233800,1.234100,D
174022395,EUR/USD,2005-08-04 06:31:53.000,1.233700,1.234000,D
174022409,EUR/USD,2005-08-04 06:32:01.000,1.233600,1.233900,D
174022473,EUR/USD,2005-08-04 06:32:21.000,1.233700,1.234000,D
174022485,EUR/USD,2005-08-04 06:32:24.000,1.233800,1.234100,D
174022491,EUR/USD,2005-08-04 06:32:25.000,1.233700,1.234000,D
174022493,EUR/USD,2005-08-04 06:32:26.000,1.233800,1.234100,D
174022505,EUR/USD,2005-08-04 06:32:27.000,1.233900,1.234200,D
174022510,EUR/USD,2005-08-04 06:32:30.000,1.233800,1.234100,D
174022556,EUR/USD,2005-08-04 06:32:42.000,1.233700,1.234000,D
174022564,EUR/USD,2005-08-04 06:32:43.000,1.233800,1.234100,D
174022568,EUR/USD,2005-08-04 06:32:44.000,1.233700,1.234000,D
174022601,EUR/USD,2005-08-04 06:32:57.000,1.233800,1.234100,D
174022611,EUR/USD,2005-08-04 06:32:59.000,1.233900,1.234200,D
174022626,EUR/USD,2005-08-04 06:33:03.000,1.234000,1.234300,D
174022639,EUR/USD,2005-08-04 06:33:04.000,1.234100,1.234400,D
174022661,EUR/USD,2005-08-04 06:33:08.000,1.234000,1.234300,D
174022669,EUR/USD,2005-08-04 06:33:16.000,1.234100,1.234400,D
174022675,EUR/USD,2005-08-04 06:33:16.000,1.234000,1.234300,D
174022690,EUR/USD,2005-08-04 06:33:20.000,1.234100,1.234400,D
174022699,EUR/USD,2005-08-04 06:33:22.000,1.234000,1.234300,D
174022706,EUR/USD,2005-08-04 06:33:23.000,1.234100,1.234400,D
174022733,EUR/USD,2005-08-04 06:33:27.000,1.234200,1.234500,D
174022754,EUR/USD,2005-08-04 06:33:28.000,1.234300,1.234600,D
174022796,EUR/USD,2005-08-04 06:33:35.000,1.234200,1.234500,D
174022811,EUR/USD,2005-08-04 06:33:37.000,1.234100,1.234400,D
174022816,EUR/USD,2005-08-04 06:33:38.000,1.234200,1.234500,D
174022844,EUR/USD,2005-08-04 06:33:42.000,1.234100,1.234400,D
174022853,EUR/USD,2005-08-04 06:33:44.000,1.234200,1.234500,D
174022862,EUR/USD,2005-08-04 06:33:45.000,1.234100,1.234400,D
174022865,EUR/USD,2005-08-04 06:33:46.000,1.234200,1.234500,D
174022870,EUR/USD,2005-08-04 06:33:46.000,1.234100,1.234400,D
174022882,EUR/USD,2005-08-04 06:33:49.000,1.234200,1.234500,D
174022888,EUR/USD,2005-08-04 06:33:53.000,1.234300,1.234600,D
174022915,EUR/USD,2005-08-04 06:33:56.000,1.234200,1.234500,D
174022925,EUR/USD,2005-08-04 06:33:59.000,1.234300,1.234600,D
174022948,EUR/USD,2005-08-04 06:34:05.000,1.234400,1.234700,D
174022952,EUR/USD,2005-08-04 06:34:05.000,1.234500,1.234800,D
174022973,EUR/USD,2005-08-04 06:34:07.000,1.234600,1.234900,D
174022979,EUR/USD,2005-08-04 06:34:08.000,1.234500,1.234800,D
174022992,EUR/USD,2005-08-04 06:34:09.000,1.234600,1.234900,D
174023006,EUR/USD,2005-08-04 06:34:11.000,1.234700,1.235000,D
174023033,EUR/USD,2005-08-04 06:34:14.000,1.234600,1.234900,D
174023053,EUR/USD,2005-08-04 06:34:18.000,1.234500,1.234800,D
174023065,EUR/USD,2005-08-04 06:34:21.000,1.234600,1.234900,D
174023077,EUR/USD,2005-08-04 06:34:24.000,1.234500,1.234800,D
174023091,EUR/USD,2005-08-04 06:34:27.000,1.234400,1.234700,D
174023124,EUR/USD,2005-08-04 06:34:37.000,1.234300,1.234600,D
174023144,EUR/USD,2005-08-04 06:34:38.000,1.234400,1.234700,D
174023151,EUR/USD,2005-08-04 06:34:39.000,1.234300,1.234600,D
174023156,EUR/USD,2005-08-04 06:34:39.000,1.234400,1.234700,D
174023168,EUR/USD,2005-08-04 06:34:40.000,1.234300,1.234600,D
174023178,EUR/USD,2005-08-04 06:34:42.000,1.234400,1.234700,D
174023207,EUR/USD,2005-08-04 06:34:51.000,1.234500,1.234800,D
174023220,EUR/USD,2005-08-04 06:34:54.000,1.234600,1.234900,D
174023227,EUR/USD,2005-08-04 06:34:55.000,1.234500,1.234800,D
174023235,EUR/USD,2005-08-04 06:34:55.000,1.234600,1.234900,D
174023263,EUR/USD,2005-08-04 06:35:00.000,1.234500,1.234800,D
174023291,EUR/USD,2005-08-04 06:35:14.000,1.234400,1.234700,D
174023326,EUR/USD,2005-08-04 06:35:28.000,1.234500,1.234800,D
174023331,EUR/USD,2005-08-04 06:35:30.000,1.234400,1.234700,D
174023337,EUR/USD,2005-08-04 06:35:32.000,1.234500,1.234800,D
174023349,EUR/USD,2005-08-04 06:35:33.000,1.234400,1.234700,D
174023353,EUR/USD,2005-08-04 06:35:34.000,1.234500,1.234800,D
174023372,EUR/USD,2005-08-04 06:35:38.000,1.234400,1.234700,D
174023438,EUR/USD,2005-08-04 06:36:07.000,1.234300,1.234600,D
174023447,EUR/USD,2005-08-04 06:36:09.000,1.234400,1.234700,D
174023464,EUR/USD,2005-08-04 06:36:12.000,1.234300,1.234600,D
174023473,EUR/USD,2005-08-04 06:36:14.000,1.234200,1.234500,D
174023477,EUR/USD,2005-08-04 06:36:15.000,1.234300,1.234600,D
174023502,EUR/USD,2005-08-04 06:36:24.000,1.234200,1.234500,D
174023509,EUR/USD,2005-08-04 06:36:25.000,1.234300,1.234600,D
174023515,EUR/USD,2005-08-04 06:36:25.000,1.234200,1.234500,D
174023519,EUR/USD,2005-08-04 06:36:27.000,1.234300,1.234600,D
174023543,EUR/USD,2005-08-04 06:36:32.000,1.234400,1.234700,D
174023549,EUR/USD,2005-08-04 06:36:33.000,1.234300,1.234600,D
174023560,EUR/USD,2005-08-04 06:36:34.000,1.234200,1.234500,D
174023577,EUR/USD,2005-08-04 06:36:37.000,1.234100,1.234400,D
174023588,EUR/USD,2005-08-04 06:36:38.000,1.234200,1.234500,D
174023599,EUR/USD,2005-08-04 06:36:40.000,1.234100,1.234400,D
174023614,EUR/USD,2005-08-04 06:36:41.000,1.234000,1.234300,D
174023634,EUR/USD,2005-08-04 06:36:46.000,1.234100,1.234400,D
174023648,EUR/USD,2005-08-04 06:36:48.000,1.234000,1.234300,D
174023666,EUR/USD,2005-08-04 06:36:52.000,1.233900,1.234200,D
174023674,EUR/USD,2005-08-04 06:36:56.000,1.233800,1.234100,D
174023678,EUR/USD,2005-08-04 06:36:56.000,1.233900,1.234200,D
174023684,EUR/USD,2005-08-04 06:36:56.000,1.234000,1.234300,D
174023692,EUR/USD,2005-08-04 06:36:58.000,1.233900,1.234200,D
174023699,EUR/USD,2005-08-04 06:37:01.000,1.234000,1.234300,D
174023702,EUR/USD,2005-08-04 06:37:02.000,1.233900,1.234200,D
174023707,EUR/USD,2005-08-04 06:37:02.000,1.234000,1.234300,D
174023715,EUR/USD,2005-08-04 06:37:04.000,1.233900,1.234200,D
174023728,EUR/USD,2005-08-04 06:37:12.000,1.233800,1.234100,D
174023731,EUR/USD,2005-08-04 06:37:13.000,1.233900,1.234200,D
174023734,EUR/USD,2005-08-04 06:37:13.000,1.233800,1.234100,D
174023739,EUR/USD,2005-08-04 06:37:16.000,1.233900,1.234200,D
174023787,EUR/USD,2005-08-04 06:37:36.000,1.233800,1.234100,D
174023818,EUR/USD,2005-08-04 06:37:43.000,1.233700,1.234000,D
174023832,EUR/USD,2005-08-04 06:37:46.000,1.233800,1.234100,D
174023850,EUR/USD,2005-08-04 06:37:49.000,1.233700,1.234000,D
174023868,EUR/USD,2005-08-04 06:37:52.000,1.233600,1.233900,D
174023892,EUR/USD,2005-08-04 06:37:54.000,1.233500,1.233800,D
174023914,EUR/USD,2005-08-04 06:37:59.000,1.233600,1.233900,D
174023965,EUR/USD,2005-08-04 06:38:16.000,1.233700,1.234000,D
174023967,EUR/USD,2005-08-04 06:38:17.000,1.233600,1.233900,D
174023985,EUR/USD,2005-08-04 06:38:19.000,1.233700,1.234000,D
174023986,EUR/USD,2005-08-04 06:38:20.000,1.233600,1.233900,D
174024000,EUR/USD,2005-08-04 06:38:24.000,1.233700,1.234000,D
174024003,EUR/USD,2005-08-04 06:38:24.000,1.233600,1.233900,D
174024038,EUR/USD,2005-08-04 06:38:33.000,1.233500,1.233800,D
174024046,EUR/USD,2005-08-04 06:38:37.000,1.233600,1.233900,D
174024057,EUR/USD,2005-08-04 06:38:39.000,1.233500,1.233800,D
174024084,EUR/USD,2005-08-04 06:38:46.000,1.233400,1.233700,D
174024086,EUR/USD,2005-08-04 06:38:47.000,1.233300,1.233600,D
174024100,EUR/USD,2005-08-04 06:38:50.000,1.233400,1.233700,D
174024126,EUR/USD,2005-08-04 06:39:02.000,1.233300,1.233600,D
174024132,EUR/USD,2005-08-04 06:39:05.000,1.233400,1.233700,D
174024146,EUR/USD,2005-08-04 06:39:10.000,1.233500,1.233800,D
174024193,EUR/USD,2005-08-04 06:39:39.000,1.233600,1.233900,D
174024198,EUR/USD,2005-08-04 06:39:43.000,1.233500,1.233800,D
174024203,EUR/USD,2005-08-04 06:39:44.000,1.233600,1.233900,D
174024214,EUR/USD,2005-08-04 06:39:47.000,1.233700,1.234000,D
174024220,EUR/USD,2005-08-04 06:39:51.000,1.233600,1.233900,D
174024234,EUR/USD,2005-08-04 06:40:09.000,1.233500,1.233800,D
174024239,EUR/USD,2005-08-04 06:40:10.000,1.233600,1.233900,D
174024293,EUR/USD,2005-08-04 06:40:26.000,1.233500,1.233800,D
174024304,EUR/USD,2005-08-04 06:40:29.000,1.233600,1.233900,D
174024311,EUR/USD,2005-08-04 06:40:31.000,1.233500,1.233800,D
174024328,EUR/USD,2005-08-04 06:40:41.000,1.233600,1.233900,D
174024349,EUR/USD,2005-08-04 06:40:44.000,1.233700,1.234000,D
174024389,EUR/USD,2005-08-04 06:41:07.000,1.233600,1.233900,D
174024418,EUR/USD,2005-08-04 06:41:17.000,1.233700,1.234000,D
174024439,EUR/USD,2005-08-04 06:41:27.000,1.233600,1.233900,D
174024489,EUR/USD,2005-08-04 06:41:55.000,1.233500,1.233800,D
174024500,EUR/USD,2005-08-04 06:42:01.000,1.233600,1.233900,D
174024512,EUR/USD,2005-08-04 06:42:04.000,1.233700,1.234000,D
174024529,EUR/USD,2005-08-04 06:42:08.000,1.233600,1.233900,D
174024531,EUR/USD,2005-08-04 06:42:08.000,1.233700,1.234000,D
174024535,EUR/USD,2005-08-04 06:42:12.000,1.233600,1.233900,D
174024569,EUR/USD,2005-08-04 06:42:21.000,1.233700,1.234000,D
174024575,EUR/USD,2005-08-04 06:42:23.000,1.233600,1.233900,D
174024579,EUR/USD,2005-08-04 06:42:27.000,1.233700,1.234000,D
174024615,EUR/USD,2005-08-04 06:43:02.000,1.233600,1.233900,D
174024620,EUR/USD,2005-08-04 06:43:03.000,1.233700,1.234000,D
174024635,EUR/USD,2005-08-04 06:43:08.000,1.233800,1.234100,D
174024656,EUR/USD,2005-08-04 06:43:13.000,1.233900,1.234200,D
174024662,EUR/USD,2005-08-04 06:43:13.000,1.233800,1.234100,D
174024675,EUR/USD,2005-08-04 06:43:18.000,1.233900,1.234200,D
174024677,EUR/USD,2005-08-04 06:43:21.000,1.233800,1.234100,D
174024691,EUR/USD,2005-08-04 06:43:31.000,1.233700,1.234000,D
174024712,EUR/USD,2005-08-04 06:43:53.000,1.233600,1.233900,D
174024714,EUR/USD,2005-08-04 06:43:53.000,1.233700,1.234000,D
174024778,EUR/USD,2005-08-04 06:44:15.000,1.233600,1.233900,D
174024812,EUR/USD,2005-08-04 06:44:32.000,1.233700,1.234000,D
174024872,EUR/USD,2005-08-04 06:45:02.000,1.233600,1.233900,D
174024881,EUR/USD,2005-08-04 06:45:05.000,1.233700,1.234000,D
174024893,EUR/USD,2005-08-04 06:45:11.000,1.233800,1.234100,D
174024913,EUR/USD,2005-08-04 06:45:15.000,1.233700,1.234000,D
174024925,EUR/USD,2005-08-04 06:45:17.000,1.233800,1.234100,D
174024935,EUR/USD,2005-08-04 06:45:21.000,1.233700,1.234000,D
174024975,EUR/USD,2005-08-04 06:45:33.000,1.233800,1.234100,D
174024981,EUR/USD,2005-08-04 06:45:34.000,1.233700,1.234000,D
174025032,EUR/USD,2005-08-04 06:45:57.000,1.233800,1.234100,D
174025039,EUR/USD,2005-08-04 06:45:59.000,1.233700,1.234000,D
174025041,EUR/USD,2005-08-04 06:45:59.000,1.233800,1.234100,D
174025050,EUR/USD,2005-08-04 06:46:04.000,1.233900,1.234200,D
174025064,EUR/USD,2005-08-04 06:46:06.000,1.233800,1.234100,D
174025108,EUR/USD,2005-08-04 06:46:16.000,1.233700,1.234000,D
174025112,EUR/USD,2005-08-04 06:46:17.000,1.233800,1.234100,D
174025120,EUR/USD,2005-08-04 06:46:18.000,1.233700,1.234000,D
174025128,EUR/USD,2005-08-04 06:46:22.000,1.233800,1.234100,D
174025159,EUR/USD,2005-08-04 06:46:28.000,1.233700,1.234000,D
174025164,EUR/USD,2005-08-04 06:46:28.000,1.233800,1.234100,D
174025173,EUR/USD,2005-08-04 06:46:30.000,1.233700,1.234000,D
174025182,EUR/USD,2005-08-04 06:46:33.000,1.233800,1.234100,D
174025271,EUR/USD,2005-08-04 06:47:07.000,1.233700,1.234000,D
174025291,EUR/USD,2005-08-04 06:47:14.000,1.233600,1.233900,D
174025303,EUR/USD,2005-08-04 06:47:15.000,1.233700,1.234000,D
174025317,EUR/USD,2005-08-04 06:47:24.000,1.233800,1.234100,D
174025340,EUR/USD,2005-08-04 06:47:43.000,1.233700,1.234000,D
174025349,EUR/USD,2005-08-04 06:47:48.000,1.233600,1.233900,D
174025356,EUR/USD,2005-08-04 06:47:49.000,1.233700,1.234000,D
174025397,EUR/USD,2005-08-04 06:47:57.000,1.233600,1.233900,D
174025405,EUR/USD,2005-08-04 06:48:01.000,1.233700,1.234000,D
174025411,EUR/USD,2005-08-04 06:48:01.000,1.233600,1.233900,D
174025414,EUR/USD,2005-08-04 06:48:02.000,1.233500,1.233800,D
174025424,EUR/USD,2005-08-04 06:48:04.000,1.233400,1.233700,D
174025428,EUR/USD,2005-08-04 06:48:05.000,1.233500,1.233800,D
174025439,EUR/USD,2005-08-04 06:48:10.000,1.233400,1.233700,D
174025456,EUR/USD,2005-08-04 06:48:14.000,1.233500,1.233800,D
174025494,EUR/USD,2005-08-04 06:48:38.000,1.233600,1.233900,D
174025497,EUR/USD,2005-08-04 06:48:41.000,1.233500,1.233800,D
174025510,EUR/USD,2005-08-04 06:48:47.000,1.233600,1.233900,D
174025525,EUR/USD,2005-08-04 06:48:53.000,1.233700,1.234000,D
174025539,EUR/USD,2005-08-04 06:48:56.000,1.233800,1.234100,D
174025543,EUR/USD,2005-08-04 06:48:56.000,1.233700,1.234000,D
174025546,EUR/USD,2005-08-04 06:48:57.000,1.233600,1.233900,D
174025557,EUR/USD,2005-08-04 06:48:58.000,1.233700,1.234000,D
174025566,EUR/USD,2005-08-04 06:48:59.000,1.233800,1.234100,D
174025570,EUR/USD,2005-08-04 06:49:00.000,1.233700,1.234000,D
174025587,EUR/USD,2005-08-04 06:49:02.000,1.233600,1.233900,D
174025599,EUR/USD,2005-08-04 06:49:03.000,1.233700,1.234000,D
174025616,EUR/USD,2005-08-04 06:49:10.000,1.233800,1.234100,D
174025643,EUR/USD,2005-08-04 06:49:15.000,1.233900,1.234200,D
174025680,EUR/USD,2005-08-04 06:49:23.000,1.234000,1.234300,D
174025682,EUR/USD,2005-08-04 06:49:24.000,1.233900,1.234200,D
174025696,EUR/USD,2005-08-04 06:49:29.000,1.234000,1.234300,D
174025715,EUR/USD,2005-08-04 06:49:36.000,1.233900,1.234200,D
174025721,EUR/USD,2005-08-04 06:49:38.000,1.234000,1.234300,D
174025741,EUR/USD,2005-08-04 06:49:45.000,1.233900,1.234200,D
174025749,EUR/USD,2005-08-04 06:49:46.000,1.234000,1.234300,D
174025752,EUR/USD,2005-08-04 06:49:47.000,1.233900,1.234200,D
174025757,EUR/USD,2005-08-04 06:49:47.000,1.233800,1.234100,D
174025768,EUR/USD,2005-08-04 06:49:50.000,1.233700,1.234000,D
174025825,EUR/USD,2005-08-04 06:50:09.000,1.233800,1.234100,D
174025861,EUR/USD,2005-08-04 06:50:18.000,1.233700,1.234000,D
174025881,EUR/USD,2005-08-04 06:50:31.000,1.233600,1.233900,D
174025887,EUR/USD,2005-08-04 06:50:32.000,1.233700,1.234000,D
174025894,EUR/USD,2005-08-04 06:50:33.000,1.233600,1.233900,D
174025926,EUR/USD,2005-08-04 06:50:49.000,1.233700,1.234000,D
174025937,EUR/USD,2005-08-04 06:50:51.000,1.233600,1.233900,D
174025945,EUR/USD,2005-08-04 06:50:59.000,1.233700,1.234000,D
174025952,EUR/USD,2005-08-04 06:51:01.000,1.233600,1.233900,D
174025976,EUR/USD,2005-08-04 06:51:38.000,1.233500,1.233800,D
174025995,EUR/USD,2005-08-04 06:51:46.000,1.233600,1.233900,D
174026009,EUR/USD,2005-08-04 06:51:50.000,1.233500,1.233800,D
174026033,EUR/USD,2005-08-04 06:52:05.000,1.233600,1.233900,D
174026040,EUR/USD,2005-08-04 06:52:14.000,1.233500,1.233800,D
174026050,EUR/USD,2005-08-04 06:52:19.000,1.233600,1.233900,D
174026060,EUR/USD,2005-08-04 06:52:20.000,1.233500,1.233800,D
174026062,EUR/USD,2005-08-04 06:52:21.000,1.233600,1.233900,D
174026064,EUR/USD,2005-08-04 06:52:22.000,1.233500,1.233800,D
174026085,EUR/USD,2005-08-04 06:52:36.000,1.233600,1.233900,D
174026087,EUR/USD,2005-08-04 06:52:37.000,1.233500,1.233800,D
174026098,EUR/USD,2005-08-04 06:52:44.000,1.233400,1.233700,D
174026101,EUR/USD,2005-08-04 06:52:47.000,1.233500,1.233800,D
174026109,EUR/USD,2005-08-04 06:52:51.000,1.233400,1.233700,D
174026112,EUR/USD,2005-08-04 06:52:52.000,1.233500,1.233800,D
174026165,EUR/USD,2005-08-04 06:53:31.000,1.233600,1.233900,D
174026221,EUR/USD,2005-08-04 06:53:58.000,1.233700,1.234000,D
174026228,EUR/USD,2005-08-04 06:54:01.000,1.233500,1.233800,D
174026232,EUR/USD,2005-08-04 06:54:03.000,1.233600,1.233900,D
174026234,EUR/USD,2005-08-04 06:54:06.000,1.233500,1.233800,D
174026250,EUR/USD,2005-08-04 06:54:19.000,1.233400,1.233700,D
174026262,EUR/USD,2005-08-04 06:54:21.000,1.233500,1.233800,D
174026273,EUR/USD,2005-08-04 06:54:25.000,1.233600,1.233900,D
174026286,EUR/USD,2005-08-04 06:54:28.000,1.233500,1.233800,D
174026314,EUR/USD,2005-08-04 06:54:46.000,1.233600,1.233900,D
174026320,EUR/USD,2005-08-04 06:54:46.000,1.233700,1.234000,D
174026381,EUR/USD,2005-08-04 06:55:13.000,1.233800,1.234100,D
174026403,EUR/USD,2005-08-04 06:55:16.000,1.233700,1.234000,D
174026418,EUR/USD,2005-08-04 06:55:17.000,1.233800,1.234100,D
174026476,EUR/USD,2005-08-04 06:55:30.000,1.233700,1.234000,D
174026491,EUR/USD,2005-08-04 06:55:36.000,1.233800,1.234100,D
174026511,EUR/USD,2005-08-04 06:55:39.000,1.233700,1.234000,D
174026519,EUR/USD,2005-08-04 06:55:43.000,1.233800,1.234100,D
174026570,EUR/USD,2005-08-04 06:55:57.000,1.233700,1.234000,D
174026588,EUR/USD,2005-08-04 06:56:02.000,1.233600,1.233900,D
174026617,EUR/USD,2005-08-04 06:56:06.000,1.233500,1.233800,D
174026624,EUR/USD,2005-08-04 06:56:07.000,1.233600,1.233900,D
174026636,EUR/USD,2005-08-04 06:56:08.000,1.233700,1.234000,D
174026639,EUR/USD,2005-08-04 06:56:09.000,1.233600,1.233900,D
174026647,EUR/USD,2005-08-04 06:56:10.000,1.233500,1.233800,D
174026659,EUR/USD,2005-08-04 06:56:11.000,1.233600,1.233900,D
174026683,EUR/USD,2005-08-04 06:56:19.000,1.233700,1.234000,D
174026693,EUR/USD,2005-08-04 06:56:23.000,1.233600,1.233900,D
174026722,EUR/USD,2005-08-04 06:56:45.000,1.233500,1.233800,D
174026748,EUR/USD,2005-08-04 06:57:04.000,1.233600,1.233900,D
174026753,EUR/USD,2005-08-04 06:57:05.000,1.233500,1.233800,D
174026766,EUR/USD,2005-08-04 06:57:09.000,1.233600,1.233900,D
174026779,EUR/USD,2005-08-04 06:57:12.000,1.233500,1.233800,D
174026873,EUR/USD,2005-08-04 06:58:21.000,1.233400,1.233700,D
174026904,EUR/USD,2005-08-04 06:58:33.000,1.233300,1.233600,D
174026910,EUR/USD,2005-08-04 06:58:35.000,1.233400,1.233700,D
174026913,EUR/USD,2005-08-04 06:58:35.000,1.233300,1.233600,D
174026946,EUR/USD,2005-08-04 06:58:47.000,1.233400,1.233700,D
174026953,EUR/USD,2005-08-04 06:58:48.000,1.233300,1.233600,D
174026993,EUR/USD,2005-08-04 06:59:09.000,1.233200,1.233500,D
174026999,EUR/USD,2005-08-04 06:59:13.000,1.233300,1.233600,D
174027006,EUR/USD,2005-08-04 06:59:19.000,1.233200,1.233500,D
174027025,EUR/USD,2005-08-04 06:59:28.000,1.233100,1.233400,D
174027039,EUR/USD,2005-08-04 06:59:32.000,1.233000,1.233300,D
174027106,EUR/USD,2005-08-04 06:59:45.000,1.232900,1.233200,D
174027110,EUR/USD,2005-08-04 06:59:45.000,1.233000,1.233300,D
174027126,EUR/USD,2005-08-04 06:59:49.000,1.233100,1.233400,D
174027147,EUR/USD,2005-08-04 06:59:54.000,1.233000,1.233300,D
174027167,EUR/USD,2005-08-04 06:59:56.000,1.232900,1.233200,D
174027212,EUR/USD,2005-08-04 07:00:02.000,1.232800,1.233100,D
174027248,EUR/USD,2005-08-04 07:00:05.000,1.232900,1.233200,D
174027292,EUR/USD,2005-08-04 07:00:11.000,1.233000,1.233300,D
174027317,EUR/USD,2005-08-04 07:00:14.000,1.233100,1.233400,D
174027331,EUR/USD,2005-08-04 07:00:16.000,1.233200,1.233500,D
174027338,EUR/USD,2005-08-04 07:00:17.000,1.233300,1.233600,D
174027356,EUR/USD,2005-08-04 07:00:18.000,1.233200,1.233500,D
174027362,EUR/USD,2005-08-04 07:00:19.000,1.233300,1.233600,D
174027368,EUR/USD,2005-08-04 07:00:19.000,1.233400,1.233700,D
174027382,EUR/USD,2005-08-04 07:00:19.000,1.233300,1.233600,D
174027393,EUR/USD,2005-08-04 07:00:20.000,1.233500,1.233800,D
174027410,EUR/USD,2005-08-04 07:00:21.000,1.233400,1.233700,D
174027423,EUR/USD,2005-08-04 07:00:22.000,1.233500,1.233800,D
174027433,EUR/USD,2005-08-04 07:00:22.000,1.233400,1.233600,D
174027449,EUR/USD,2005-08-04 07:00:23.000,1.233200,1.233500,D
174027455,EUR/USD,2005-08-04 07:00:23.000,1.233100,1.233400,D
174027468,EUR/USD,2005-08-04 07:00:25.000,1.233000,1.233300,D
174027483,EUR/USD,2005-08-04 07:00:27.000,1.232900,1.233200,D
174027518,EUR/USD,2005-08-04 07:00:29.000,1.232800,1.233100,D
174027521,EUR/USD,2005-08-04 07:00:29.000,1.232700,1.233000,D
174027527,EUR/USD,2005-08-04 07:00:29.000,1.232800,1.233100,D
174027561,EUR/USD,2005-08-04 07:00:32.000,1.232900,1.233200,D
174027571,EUR/USD,2005-08-04 07:00:33.000,1.233000,1.233300,D
174027580,EUR/USD,2005-08-04 07:00:34.000,1.233100,1.233400,D
174027609,EUR/USD,2005-08-04 07:00:37.000,1.233200,1.233500,D
174027614,EUR/USD,2005-08-04 07:00:38.000,1.233100,1.233400,D
174027623,EUR/USD,2005-08-04 07:00:39.000,1.233000,1.233300,D
174027632,EUR/USD,2005-08-04 07:00:41.000,1.232900,1.233200,D
174027678,EUR/USD,2005-08-04 07:00:52.000,1.232800,1.233100,D
174027701,EUR/USD,2005-08-04 07:00:55.000,1.232900,1.233200,D
174027726,EUR/USD,2005-08-04 07:01:00.000,1.233000,1.233300,D
174027737,EUR/USD,2005-08-04 07:01:02.000,1.233100,1.233400,D
174027761,EUR/USD,2005-08-04 07:01:05.000,1.233200,1.233500,D
174027781,EUR/USD,2005-08-04 07:01:09.000,1.233300,1.233600,D
174027817,EUR/USD,2005-08-04 07:01:16.000,1.233400,1.233700,D
174027825,EUR/USD,2005-08-04 07:01:16.000,1.233500,1.233800,D
174027858,EUR/USD,2005-08-04 07:01:23.000,1.233400,1.233700,D
174027870,EUR/USD,2005-08-04 07:01:25.000,1.233300,1.233600,D
174027912,EUR/USD,2005-08-04 07:01:32.000,1.233200,1.233500,D
174027929,EUR/USD,2005-08-04 07:01:37.000,1.233100,1.233400,D
174027944,EUR/USD,2005-08-04 07:01:41.000,1.233200,1.233500,D
174027963,EUR/USD,2005-08-04 07:01:43.000,1.233300,1.233600,D
174027977,EUR/USD,2005-08-04 07:01:46.000,1.233400,1.233700,D
174027987,EUR/USD,2005-08-04 07:01:47.000,1.233500,1.233800,D
174028000,EUR/USD,2005-08-04 07:01:48.000,1.233600,1.233900,D
174028015,EUR/USD,2005-08-04 07:01:51.000,1.233500,1.233800,D
174028021,EUR/USD,2005-08-04 07:01:52.000,1.233600,1.233900,D
174028043,EUR/USD,2005-08-04 07:01:56.000,1.233700,1.234000,D
174028048,EUR/USD,2005-08-04 07:01:57.000,1.233600,1.233900,D
174028067,EUR/USD,2005-08-04 07:02:02.000,1.233500,1.233800,D
174028098,EUR/USD,2005-08-04 07:02:11.000,1.233400,1.233700,D
174028134,EUR/USD,2005-08-04 07:02:30.000,1.233300,1.233600,D
174028142,EUR/USD,2005-08-04 07:02:31.000,1.233400,1.233700,D
174028145,EUR/USD,2005-08-04 07:02:32.000,1.233300,1.233600,D
174028150,EUR/USD,2005-08-04 07:02:32.000,1.233200,1.233500,D
174028168,EUR/USD,2005-08-04 07:02:36.000,1.233300,1.233600,D
174028169,EUR/USD,2005-08-04 07:02:37.000,1.233200,1.233500,D
174028177,EUR/USD,2005-08-04 07:02:39.000,1.233100,1.233400,D
174028202,EUR/USD,2005-08-04 07:02:43.000,1.233000,1.233300,D
174028206,EUR/USD,2005-08-04 07:02:43.000,1.233100,1.233400,D
174028227,EUR/USD,2005-08-04 07:02:49.000,1.233000,1.233300,D
174028257,EUR/USD,2005-08-04 07:02:55.000,1.232900,1.233200,D
174028263,EUR/USD,2005-08-04 07:02:55.000,1.233000,1.233300,D
174028275,EUR/USD,2005-08-04 07:02:58.000,1.232900,1.233200,D
174028279,EUR/USD,2005-08-04 07:02:59.000,1.233000,1.233300,D
174028284,EUR/USD,2005-08-04 07:03:01.000,1.233100,1.233400,D
174028288,EUR/USD,2005-08-04 07:03:02.000,1.233000,1.233300,D
174028310,EUR/USD,2005-08-04 07:03:08.000,1.233100,1.233400,D
174028320,EUR/USD,2005-08-04 07:03:11.000,1.233200,1.233500,D
174028339,EUR/USD,2005-08-04 07:03:13.000,1.233100,1.233400,D
174028346,EUR/USD,2005-08-04 07:03:15.000,1.233200,1.233500,D
174028409,EUR/USD,2005-08-04 07:03:36.000,1.233300,1.233600,D
174028424,EUR/USD,2005-08-04 07:03:39.000,1.233200,1.233500,D
174028429,EUR/USD,2005-08-04 07:03:40.000,1.233300,1.233600,D
174028467,EUR/USD,2005-08-04 07:03:48.000,1.233200,1.233500,D
174028480,EUR/USD,2005-08-04 07:03:51.000,1.233100,1.233400,D
174028511,EUR/USD,2005-08-04 07:03:58.000,1.233000,1.233300,D
174028522,EUR/USD,2005-08-04 07:03:59.000,1.233100,1.233400,D
174028555,EUR/USD,2005-08-04 07:04:11.000,1.233000,1.233300,D
174028580,EUR/USD,2005-08-04 07:04:20.000,1.232900,1.233200,D
174028595,EUR/USD,2005-08-04 07:04:24.000,1.233000,1.233300,D
174028604,EUR/USD,2005-08-04 07:04:28.000,1.232900,1.233200,D
174028636,EUR/USD,2005-08-04 07:04:37.000,1.232800,1.233100,D
174028654,EUR/USD,2005-08-04 07:04:42.000,1.232700,1.233000,D
174028659,EUR/USD,2005-08-04 07:04:44.000,1.232800,1.233100,D
174028681,EUR/USD,2005-08-04 07:04:47.000,1.232700,1.233000,D
174028683,EUR/USD,2005-08-04 07:04:48.000,1.232800,1.233100,D
174028688,EUR/USD,2005-08-04 07:04:48.000,1.232700,1.233000,D
174028726,EUR/USD,2005-08-04 07:04:56.000,1.232600,1.232900,D
174028737,EUR/USD,2005-08-04 07:04:58.000,1.232700,1.233000,D
174028772,EUR/USD,2005-08-04 07:05:08.000,1.232800,1.233100,D
174028786,EUR/USD,2005-08-04 07:05:13.000,1.232900,1.233200,D
174028793,EUR/USD,2005-08-04 07:05:14.000,1.232800,1.233100,D
174028816,EUR/USD,2005-08-04 07:05:17.000,1.232900,1.233200,D
174028819,EUR/USD,2005-08-04 07:05:18.000,1.232800,1.233100,D
174028836,EUR/USD,2005-08-04 07:05:24.000,1.232700,1.233000,D
174028845,EUR/USD,2005-08-04 07:05:25.000,1.232800,1.233100,D
174028850,EUR/USD,2005-08-04 07:05:26.000,1.232700,1.233000,D
174028876,EUR/USD,2005-08-04 07:05:37.000,1.232600,1.232900,D
174028913,EUR/USD,2005-08-04 07:05:50.000,1.232500,1.232800,D
174028919,EUR/USD,2005-08-04 07:05:50.000,1.232600,1.232900,D
174028968,EUR/USD,2005-08-04 07:06:06.000,1.232700,1.233000,D
174029012,EUR/USD,2005-08-04 07:06:20.000,1.232800,1.233100,D
174029024,EUR/USD,2005-08-04 07:06:23.000,1.232700,1.233000,D
174029049,EUR/USD,2005-08-04 07:06:31.000,1.232800,1.233100,D
174029112,EUR/USD,2005-08-04 07:06:50.000,1.232900,1.233200,D
174029125,EUR/USD,2005-08-04 07:06:53.000,1.233000,1.233300,D
174029138,EUR/USD,2005-08-04 07:06:54.000,1.232900,1.233200,D
174029142,EUR/USD,2005-08-04 07:06:55.000,1.233000,1.233300,D
174029152,EUR/USD,2005-08-04 07:06:55.000,1.232900,1.233200,D
174029164,EUR/USD,2005-08-04 07:06:58.000,1.233000,1.233300,D
174029175,EUR/USD,2005-08-04 07:07:00.000,1.233100,1.233400,D
174029214,EUR/USD,2005-08-04 07:07:08.000,1.233200,1.233500,D
174029241,EUR/USD,2005-08-04 07:07:15.000,1.233100,1.233400,D
174029271,EUR/USD,2005-08-04 07:07:20.000,1.233200,1.233500,D
174029291,EUR/USD,2005-08-04 07:07:22.000,1.233100,1.233400,D
174029297,EUR/USD,2005-08-04 07:07:23.000,1.233200,1.233500,D
174029320,EUR/USD,2005-08-04 07:07:26.000,1.233100,1.233400,D
174029357,EUR/USD,2005-08-04 07:07:30.000,1.233200,1.233500,D
174029366,EUR/USD,2005-08-04 07:07:31.000,1.233100,1.233400,D
174029386,EUR/USD,2005-08-04 07:07:37.000,1.233000,1.233300,D
174029409,EUR/USD,2005-08-04 07:07:42.000,1.232900,1.233200,D
174029415,EUR/USD,2005-08-04 07:07:42.000,1.233000,1.233300,D
174029456,EUR/USD,2005-08-04 07:07:52.000,1.233100,1.233400,D
174029521,EUR/USD,2005-08-04 07:08:05.000,1.233200,1.233500,D
174029569,EUR/USD,2005-08-04 07:08:13.000,1.233100,1.233400,D
174029637,EUR/USD,2005-08-04 07:08:44.000,1.233200,1.233500,D
174029644,EUR/USD,2005-08-04 07:08:45.000,1.233100,1.233400,D
174029688,EUR/USD,2005-08-04 07:09:04.000,1.233000,1.233300,D
174029710,EUR/USD,2005-08-04 07:09:11.000,1.232900,1.233200,D
174029717,EUR/USD,2005-08-04 07:09:13.000,1.233000,1.233300,D
174029719,EUR/USD,2005-08-04 07:09:14.000,1.232900,1.233200,D
174029734,EUR/USD,2005-08-04 07:09:16.000,1.232800,1.233100,D
174029767,EUR/USD,2005-08-04 07:09:34.000,1.232900,1.233200,D
174029820,EUR/USD,2005-08-04 07:09:51.000,1.233000,1.233300,D
174029832,EUR/USD,2005-08-04 07:09:55.000,1.233100,1.233400,D
174029857,EUR/USD,2005-08-04 07:10:00.000,1.233200,1.233500,D
174029862,EUR/USD,2005-08-04 07:10:00.000,1.233100,1.233400,D
174029901,EUR/USD,2005-08-04 07:10:17.000,1.233000,1.233300,D
174029969,EUR/USD,2005-08-04 07:10:48.000,1.232900,1.233200,D
174029987,EUR/USD,2005-08-04 07:10:52.000,1.233000,1.233300,D
174029993,EUR/USD,2005-08-04 07:10:53.000,1.233100,1.233400,D
174029997,EUR/USD,2005-08-04 07:10:54.000,1.233000,1.233300,D
174030003,EUR/USD,2005-08-04 07:10:55.000,1.233100,1.233400,D
174030068,EUR/USD,2005-08-04 07:11:21.000,1.233000,1.233300,D
174030073,EUR/USD,2005-08-04 07:11:23.000,1.233100,1.233400,D
174030083,EUR/USD,2005-08-04 07:11:27.000,1.233000,1.233300,D
174030140,EUR/USD,2005-08-04 07:11:40.000,1.233100,1.233400,D
174030164,EUR/USD,2005-08-04 07:11:47.000,1.233200,1.233500,D
174030171,EUR/USD,2005-08-04 07:11:48.000,1.233100,1.233400,D
174030191,EUR/USD,2005-08-04 07:12:00.000,1.233000,1.233300,D
174030204,EUR/USD,2005-08-04 07:12:03.000,1.232900,1.233200,D
174030211,EUR/USD,2005-08-04 07:12:04.000,1.233000,1.233300,D
174030224,EUR/USD,2005-08-04 07:12:05.000,1.232900,1.233200,D
174030233,EUR/USD,2005-08-04 07:12:05.000,1.233000,1.233300,D
174030249,EUR/USD,2005-08-04 07:12:13.000,1.233100,1.233400,D
174030257,EUR/USD,2005-08-04 07:12:14.000,1.233000,1.233300,D
174030273,EUR/USD,2005-08-04 07:12:17.000,1.233100,1.233400,D
174030282,EUR/USD,2005-08-04 07:12:28.000,1.233000,1.233300,D
174030288,EUR/USD,2005-08-04 07:12:32.000,1.233100,1.233400,D
174030315,EUR/USD,2005-08-04 07:12:56.000,1.233000,1.233300,D
174030335,EUR/USD,2005-08-04 07:13:06.000,1.233100,1.233400,D
174030361,EUR/USD,2005-08-04 07:13:14.000,1.233000,1.233300,D
174030490,EUR/USD,2005-08-04 07:13:39.000,1.232900,1.233200,D
174030502,EUR/USD,2005-08-04 07:13:43.000,1.232800,1.233100,D
174030521,EUR/USD,2005-08-04 07:13:46.000,1.232700,1.233000,D
174030524,EUR/USD,2005-08-04 07:13:47.000,1.232800,1.233100,D
174030561,EUR/USD,2005-08-04 07:13:54.000,1.232700,1.233000,D
174030610,EUR/USD,2005-08-04 07:13:57.000,1.232600,1.232900,D
174030619,EUR/USD,2005-08-04 07:13:58.000,1.232700,1.233000,D
174030634,EUR/USD,2005-08-04 07:14:00.000,1.232800,1.233100,D
174030637,EUR/USD,2005-08-04 07:14:01.000,1.232700,1.233000,D
174030657,EUR/USD,2005-08-04 07:14:04.000,1.232800,1.233100,D
174030666,EUR/USD,2005-08-04 07:14:05.000,1.232700,1.233000,D
174030678,EUR/USD,2005-08-04 07:14:07.000,1.232800,1.233100,D
174030683,EUR/USD,2005-08-04 07:14:08.000,1.232700,1.233000,D
174030708,EUR/USD,2005-08-04 07:14:13.000,1.232600,1.232900,D
174030734,EUR/USD,2005-08-04 07:14:19.000,1.232700,1.233000,D
174030739,EUR/USD,2005-08-04 07:14:20.000,1.232600,1.232900,D
174030744,EUR/USD,2005-08-04 07:14:21.000,1.232700,1.233000,D
174030773,EUR/USD,2005-08-04 07:14:26.000,1.232600,1.232900,D
174030830,EUR/USD,2005-08-04 07:14:44.000,1.232700,1.233000,D
174030857,EUR/USD,2005-08-04 07:14:51.000,1.232800,1.233100,D
174030864,EUR/USD,2005-08-04 07:14:52.000,1.232700,1.233000,D
174030916,EUR/USD,2005-08-04 07:15:05.000,1.232600,1.232900,D
174030920,EUR/USD,2005-08-04 07:15:06.000,1.232700,1.233000,D
174030963,EUR/USD,2005-08-04 07:15:19.000,1.232800,1.233100,D
174030971,EUR/USD,2005-08-04 07:15:20.000,1.232700,1.233000,D
174030995,EUR/USD,2005-08-04 07:15:27.000,1.232600,1.232900,D
174030997,EUR/USD,2005-08-04 07:15:28.000,1.232700,1.233000,D
174031093,EUR/USD,2005-08-04 07:16:25.000,1.232600,1.232900,D
174031115,EUR/USD,2005-08-04 07:16:37.000,1.232700,1.233000,D
174031120,EUR/USD,2005-08-04 07:16:38.000,1.232600,1.232900,D
174031130,EUR/USD,2005-08-04 07:16:46.000,1.232700,1.233000,D
174031146,EUR/USD,2005-08-04 07:16:55.000,1.232800,1.233100,D
174031173,EUR/USD,2005-08-04 07:17:01.000,1.232900,1.233200,D
174031202,EUR/USD,2005-08-04 07:17:10.000,1.233000,1.233300,D
174031255,EUR/USD,2005-08-04 07:17:26.000,1.233100,1.233400,D
174031285,EUR/USD,2005-08-04 07:17:44.000,1.233000,1.233300,D
174031294,EUR/USD,2005-08-04 07:17:46.000,1.232900,1.233200,D
174031411,EUR/USD,2005-08-04 07:18:48.000,1.233000,1.233300,D
174031478,EUR/USD,2005-08-04 07:19:33.000,1.233100,1.233400,D
174031489,EUR/USD,2005-08-04 07:19:35.000,1.233000,1.233300,D
174031490,EUR/USD,2005-08-04 07:19:36.000,1.233100,1.233400,D
174031522,EUR/USD,2005-08-04 07:19:42.000,1.233200,1.233500,D
174031562,EUR/USD,2005-08-04 07:19:56.000,1.233100,1.233400,D
174031570,EUR/USD,2005-08-04 07:19:58.000,1.233000,1.233300,D
174031573,EUR/USD,2005-08-04 07:19:58.000,1.233100,1.233400,D
174031599,EUR/USD,2005-08-04 07:20:18.000,1.233200,1.233500,D
174031652,EUR/USD,2005-08-04 07:20:56.000,1.233300,1.233600,D
174031657,EUR/USD,2005-08-04 07:20:57.000,1.233200,1.233500,D
174031664,EUR/USD,2005-08-04 07:20:59.000,1.233300,1.233600,D
174031689,EUR/USD,2005-08-04 07:21:22.000,1.233400,1.233700,D
174031723,EUR/USD,2005-08-04 07:21:37.000,1.233500,1.233800,D
174031733,EUR/USD,2005-08-04 07:21:38.000,1.233400,1.233700,D
174031761,EUR/USD,2005-08-04 07:21:44.000,1.233300,1.233600,D
174031763,EUR/USD,2005-08-04 07:21:44.000,1.233400,1.233700,D
174031836,EUR/USD,2005-08-04 07:22:11.000,1.233300,1.233600,D
174031843,EUR/USD,2005-08-04 07:22:12.000,1.233400,1.233700,D
174031872,EUR/USD,2005-08-04 07:22:18.000,1.233300,1.233600,D
174031886,EUR/USD,2005-08-04 07:22:23.000,1.233400,1.233700,D
174031893,EUR/USD,2005-08-04 07:22:23.000,1.233300,1.233600,D
174031923,EUR/USD,2005-08-04 07:22:40.000,1.233400,1.233700,D
174031934,EUR/USD,2005-08-04 07:22:45.000,1.233300,1.233600,D
174031964,EUR/USD,2005-08-04 07:23:24.000,1.233200,1.233500,D
174031974,EUR/USD,2005-08-04 07:23:28.000,1.233300,1.233600,D
174031984,EUR/USD,2005-08-04 07:23:31.000,1.233200,1.233500,D
174032082,EUR/USD,2005-08-04 07:24:40.000,1.233100,1.233400,D
174032109,EUR/USD,2005-08-04 07:24:53.000,1.233000,1.233300,D
174032152,EUR/USD,2005-08-04 07:25:23.000,1.232900,1.233200,D
174032178,EUR/USD,2005-08-04 07:25:31.000,1.233000,1.233300,D
174032182,EUR/USD,2005-08-04 07:25:35.000,1.232900,1.233200,D
174032204,EUR/USD,2005-08-04 07:25:45.000,1.233000,1.233300,D
174032211,EUR/USD,2005-08-04 07:25:48.000,1.232900,1.233200,D
174032216,EUR/USD,2005-08-04 07:25:49.000,1.233000,1.233300,D
174032240,EUR/USD,2005-08-04 07:25:55.000,1.232900,1.233200,D
174032258,EUR/USD,2005-08-04 07:26:20.000,1.232800,1.233100,D
174032264,EUR/USD,2005-08-04 07:26:22.000,1.232900,1.233200,D
174032296,EUR/USD,2005-08-04 07:26:54.000,1.233000,1.233300,D
174032316,EUR/USD,2005-08-04 07:27:00.000,1.232900,1.233200,D
174032321,EUR/USD,2005-08-04 07:27:01.000,1.233000,1.233300,D
174032325,EUR/USD,2005-08-04 07:27:03.000,1.232900,1.233200,D
174032343,EUR/USD,2005-08-04 07:27:14.000,1.232800,1.233100,D
174032348,EUR/USD,2005-08-04 07:27:17.000,1.232900,1.233200,D
174032359,EUR/USD,2005-08-04 07:27:18.000,1.232800,1.233100,D
174032360,EUR/USD,2005-08-04 07:27:19.000,1.232700,1.233000,D
174032364,EUR/USD,2005-08-04 07:27:20.000,1.232800,1.233100,D
174032370,EUR/USD,2005-08-04 07:27:24.000,1.232900,1.233200,D
174032374,EUR/USD,2005-08-04 07:27:25.000,1.232800,1.233100,D
174032399,EUR/USD,2005-08-04 07:27:32.000,1.232900,1.233200,D
174032408,EUR/USD,2005-08-04 07:27:35.000,1.232800,1.233100,D
174032414,EUR/USD,2005-08-04 07:27:42.000,1.232900,1.233200,D
174032442,EUR/USD,2005-08-04 07:27:58.000,1.232800,1.233100,D
174032491,EUR/USD,2005-08-04 07:28:16.000,1.232700,1.233000,D
174032524,EUR/USD,2005-08-04 07:28:29.000,1.232800,1.233100,D
174032541,EUR/USD,2005-08-04 07:28:33.000,1.232900,1.233200,D
174032550,EUR/USD,2005-08-04 07:28:34.000,1.232800,1.233100,D
174032568,EUR/USD,2005-08-04 07:28:37.000,1.232900,1.233200,D
174032617,EUR/USD,2005-08-04 07:28:55.000,1.232800,1.233100,D
174032624,EUR/USD,2005-08-04 07:28:56.000,1.232900,1.233200,D
174032651,EUR/USD,2005-08-04 07:29:09.000,1.232800,1.233100,D
174032653,EUR/USD,2005-08-04 07:29:10.000,1.232900,1.233200,D
174032666,EUR/USD,2005-08-04 07:29:17.000,1.233000,1.233300,D
174032699,EUR/USD,2005-08-04 07:29:27.000,1.233100,1.233400,D
174032727,EUR/USD,2005-08-04 07:29:39.000,1.233000,1.233300,D
174032752,EUR/USD,2005-08-04 07:29:44.000,1.233100,1.233400,D
174032759,EUR/USD,2005-08-04 07:29:45.000,1.233000,1.233300,D
174032769,EUR/USD,2005-08-04 07:29:46.000,1.232900,1.233200,D
174032810,EUR/USD,2005-08-04 07:29:55.000,1.232800,1.233100,D
174032822,EUR/USD,2005-08-04 07:29:57.000,1.232900,1.233200,D
174032832,EUR/USD,2005-08-04 07:29:58.000,1.232800,1.233100,D
174032881,EUR/USD,2005-08-04 07:30:14.000,1.232900,1.233200,D
174032958,EUR/USD,2005-08-04 07:31:23.000,1.233000,1.233300,D
174032964,EUR/USD,2005-08-04 07:31:24.000,1.232900,1.233200,D
174032970,EUR/USD,2005-08-04 07:31:24.000,1.233000,1.233300,D
174032978,EUR/USD,2005-08-04 07:31:26.000,1.232900,1.233200,D
174032985,EUR/USD,2005-08-04 07:31:28.000,1.233000,1.233300,D
174033024,EUR/USD,2005-08-04 07:31:45.000,1.233100,1.233400,D
174033047,EUR/USD,2005-08-04 07:31:56.000,1.233200,1.233500,D
174033053,EUR/USD,2005-08-04 07:31:57.000,1.233100,1.233400,D
174033062,EUR/USD,2005-08-04 07:31:58.000,1.233200,1.233500,D
174033090,EUR/USD,2005-08-04 07:32:05.000,1.233300,1.233600,D
174033154,EUR/USD,2005-08-04 07:32:22.000,1.233200,1.233500,D
174033172,EUR/USD,2005-08-04 07:32:23.000,1.233300,1.233600,D
174033198,EUR/USD,2005-08-04 07:32:30.000,1.233200,1.233500,D
174033224,EUR/USD,2005-08-04 07:32:35.000,1.233300,1.233600,D
174033234,EUR/USD,2005-08-04 07:32:38.000,1.233400,1.233700,D
174033241,EUR/USD,2005-08-04 07:32:40.000,1.233200,1.233500,D
174033260,EUR/USD,2005-08-04 07:32:48.000,1.233100,1.233400,D
174033340,EUR/USD,2005-08-04 07:34:25.000,1.233000,1.233300,D
174033449,EUR/USD,2005-08-04 07:35:46.000,1.232900,1.233200,D
174033465,EUR/USD,2005-08-04 07:35:52.000,1.232800,1.233100,D
174033501,EUR/USD,2005-08-04 07:36:16.000,1.232900,1.233200,D
174033550,EUR/USD,2005-08-04 07:36:45.000,1.232800,1.233100,D
174033575,EUR/USD,2005-08-04 07:37:27.000,1.232700,1.233000,D
174033593,EUR/USD,2005-08-04 07:37:34.000,1.232800,1.233100,D
174033619,EUR/USD,2005-08-04 07:37:46.000,1.232700,1.233000,D
174033622,EUR/USD,2005-08-04 07:37:47.000,1.232800,1.233100,D
174033644,EUR/USD,2005-08-04 07:37:50.000,1.232700,1.233000,D
174033662,EUR/USD,2005-08-04 07:37:59.000,1.232800,1.233100,D
174033663,EUR/USD,2005-08-04 07:38:00.000,1.232700,1.233000,D
174033664,EUR/USD,2005-08-04 07:38:02.000,1.232800,1.233100,D
174033760,EUR/USD,2005-08-04 07:38:38.000,1.232700,1.233000,D
174033765,EUR/USD,2005-08-04 07:38:42.000,1.232800,1.233100,D
174033777,EUR/USD,2005-08-04 07:38:47.000,1.232900,1.233200,D
174033868,EUR/USD,2005-08-04 07:39:24.000,1.233000,1.233300,D
174033869,EUR/USD,2005-08-04 07:39:25.000,1.232900,1.233200,D
174033878,EUR/USD,2005-08-04 07:39:26.000,1.233000,1.233300,D
174033941,EUR/USD,2005-08-04 07:40:17.000,1.233100,1.233400,D
174033949,EUR/USD,2005-08-04 07:40:18.000,1.233000,1.233300,D
174033955,EUR/USD,2005-08-04 07:40:19.000,1.233100,1.233400,D
174033961,EUR/USD,2005-08-04 07:40:24.000,1.233000,1.233300,D
174033968,EUR/USD,2005-08-04 07:40:28.000,1.233100,1.233400,D
174033979,EUR/USD,2005-08-04 07:40:30.000,1.233000,1.233300,D
174033986,EUR/USD,2005-08-04 07:40:36.000,1.233100,1.233400,D
174034002,EUR/USD,2005-08-04 07:40:45.000,1.233000,1.233300,D
174034029,EUR/USD,2005-08-04 07:40:51.000,1.233100,1.233400,D
174034060,EUR/USD,2005-08-04 07:40:59.000,1.233000,1.233300,D
174034098,EUR/USD,2005-08-04 07:41:33.000,1.233100,1.233400,D
174034155,EUR/USD,2005-08-04 07:41:52.000,1.233000,1.233300,D
174034159,EUR/USD,2005-08-04 07:41:53.000,1.233100,1.233400,D
174034161,EUR/USD,2005-08-04 07:41:55.000,1.233000,1.233300,D
174034163,EUR/USD,2005-08-04 07:41:56.000,1.233100,1.233400,D
174034180,EUR/USD,2005-08-04 07:42:05.000,1.233000,1.233300,D
174034185,EUR/USD,2005-08-04 07:42:06.000,1.233100,1.233400,D
174034189,EUR/USD,2005-08-04 07:42:09.000,1.233000,1.233300,D
174034191,EUR/USD,2005-08-04 07:42:13.000,1.233100,1.233400,D
174034202,EUR/USD,2005-08-04 07:42:15.000,1.233000,1.233300,D
174034211,EUR/USD,2005-08-04 07:42:17.000,1.233100,1.233400,D
174034214,EUR/USD,2005-08-04 07:42:20.000,1.233000,1.233300,D
174034227,EUR/USD,2005-08-04 07:42:25.000,1.233100,1.233400,D
174034234,EUR/USD,2005-08-04 07:42:29.000,1.233200,1.233500,D
174034258,EUR/USD,2005-08-04 07:42:44.000,1.233100,1.233400,D
174034276,EUR/USD,2005-08-04 07:42:47.000,1.233000,1.233300,D
174034280,EUR/USD,2005-08-04 07:42:48.000,1.233100,1.233400,D
174034294,EUR/USD,2005-08-04 07:42:52.000,1.233000,1.233300,D
174034299,EUR/USD,2005-08-04 07:42:54.000,1.233100,1.233400,D
174034307,EUR/USD,2005-08-04 07:42:55.000,1.233000,1.233300,D
174034314,EUR/USD,2005-08-04 07:42:56.000,1.233100,1.233400,D
174034320,EUR/USD,2005-08-04 07:42:57.000,1.233000,1.233300,D
174034336,EUR/USD,2005-08-04 07:43:02.000,1.233100,1.233400,D
174034428,EUR/USD,2005-08-04 07:44:35.000,1.233000,1.233300,D
174034429,EUR/USD,2005-08-04 07:44:36.000,1.233100,1.233400,D
174034439,EUR/USD,2005-08-04 07:44:41.000,1.233000,1.233300,D
174034442,EUR/USD,2005-08-04 07:44:44.000,1.233100,1.233400,D
174034461,EUR/USD,2005-08-04 07:44:49.000,1.233000,1.233300,D
174034476,EUR/USD,2005-08-04 07:44:56.000,1.233100,1.233400,D
174034583,EUR/USD,2005-08-04 07:46:25.000,1.233000,1.233300,D
174034590,EUR/USD,2005-08-04 07:46:27.000,1.233100,1.233400,D
174034605,EUR/USD,2005-08-04 07:46:35.000,1.233000,1.233300,D
174034648,EUR/USD,2005-08-04 07:47:19.000,1.232900,1.233200,D
174034668,EUR/USD,2005-08-04 07:47:31.000,1.232800,1.233100,D
174034705,EUR/USD,2005-08-04 07:48:06.000,1.232900,1.233200,D
174034752,EUR/USD,2005-08-04 07:48:42.000,1.232800,1.233100,D
174034769,EUR/USD,2005-08-04 07:48:57.000,1.232900,1.233200,D
174034806,EUR/USD,2005-08-04 07:49:14.000,1.232800,1.233100,D
174034810,EUR/USD,2005-08-04 07:49:15.000,1.232900,1.233200,D
174034888,EUR/USD,2005-08-04 07:50:37.000,1.232800,1.233100,D
174034946,EUR/USD,2005-08-04 07:51:32.000,1.232700,1.233000,D
174034971,EUR/USD,2005-08-04 07:51:46.000,1.232600,1.232900,D
174034992,EUR/USD,2005-08-04 07:51:53.000,1.232500,1.232800,D
174035011,EUR/USD,2005-08-04 07:51:57.000,1.232400,1.232700,D
174035035,EUR/USD,2005-08-04 07:52:01.000,1.232500,1.232800,D
174035070,EUR/USD,2005-08-04 07:52:13.000,1.232400,1.232700,D
174035112,EUR/USD,2005-08-04 07:52:34.000,1.232500,1.232800,D
174035156,EUR/USD,2005-08-04 07:52:55.000,1.232600,1.232900,D
174035208,EUR/USD,2005-08-04 07:53:06.000,1.232500,1.232800,D
174035232,EUR/USD,2005-08-04 07:53:14.000,1.232600,1.232900,D
174035254,EUR/USD,2005-08-04 07:53:29.000,1.232700,1.233000,D
174035266,EUR/USD,2005-08-04 07:53:31.000,1.232600,1.232900,D
174035268,EUR/USD,2005-08-04 07:53:32.000,1.232700,1.233000,D
174035277,EUR/USD,2005-08-04 07:53:37.000,1.232600,1.232900,D
174035286,EUR/USD,2005-08-04 07:53:44.000,1.232500,1.232800,D
174035321,EUR/USD,2005-08-04 07:54:06.000,1.232600,1.232900,D
174035327,EUR/USD,2005-08-04 07:54:07.000,1.232500,1.232800,D
174035331,EUR/USD,2005-08-04 07:54:08.000,1.232600,1.232900,D
174035335,EUR/USD,2005-08-04 07:54:13.000,1.232500,1.232800,D
174035355,EUR/USD,2005-08-04 07:54:23.000,1.232600,1.232900,D
174035360,EUR/USD,2005-08-04 07:54:24.000,1.232500,1.232800,D
174035381,EUR/USD,2005-08-04 07:54:33.000,1.232600,1.232900,D
174035439,EUR/USD,2005-08-04 07:55:09.000,1.232700,1.233000,D
174035449,EUR/USD,2005-08-04 07:55:11.000,1.232800,1.233100,D
174035450,EUR/USD,2005-08-04 07:55:12.000,1.232700,1.233000,D
174035475,EUR/USD,2005-08-04 07:55:19.000,1.232600,1.232900,D
174035488,EUR/USD,2005-08-04 07:55:27.000,1.232500,1.232800,D
174035527,EUR/USD,2005-08-04 07:56:13.000,1.232400,1.232700,D
174035563,EUR/USD,2005-08-04 07:56:27.000,1.232200,1.232500,D
174035585,EUR/USD,2005-08-04 07:56:29.000,1.232300,1.232600,D
174035598,EUR/USD,2005-08-04 07:56:32.000,1.232200,1.232500,D
174035603,EUR/USD,2005-08-04 07:56:33.000,1.232300,1.232600,D
174035625,EUR/USD,2005-08-04 07:56:38.000,1.232200,1.232500,D
174035628,EUR/USD,2005-08-04 07:56:38.000,1.232300,1.232600,D
174035633,EUR/USD,2005-08-04 07:56:38.000,1.232400,1.232700,D
174035649,EUR/USD,2005-08-04 07:56:41.000,1.232300,1.232600,D
174035681,EUR/USD,2005-08-04 07:56:51.000,1.232400,1.232700,D
174035758,EUR/USD,2005-08-04 07:57:36.000,1.232300,1.232600,D
174035780,EUR/USD,2005-08-04 07:58:07.000,1.232400,1.232700,D
174035793,EUR/USD,2005-08-04 07:58:11.000,1.232300,1.232600,D
174035795,EUR/USD,2005-08-04 07:58:13.000,1.232400,1.232700,D
174035813,EUR/USD,2005-08-04 07:58:18.000,1.232300,1.232600,D
174035819,EUR/USD,2005-08-04 07:58:19.000,1.232400,1.232700,D
174035856,EUR/USD,2005-08-04 07:58:44.000,1.232500,1.232800,D
174035864,EUR/USD,2005-08-04 07:58:45.000,1.232400,1.232700,D
174035879,EUR/USD,2005-08-04 07:58:58.000,1.232300,1.232600,D
174035889,EUR/USD,2005-08-04 07:59:01.000,1.232400,1.232700,D
174035893,EUR/USD,2005-08-04 07:59:02.000,1.232300,1.232600,D
174035911,EUR/USD,2005-08-04 07:59:17.000,1.232200,1.232500,D
174035940,EUR/USD,2005-08-04 07:59:32.000,1.232100,1.232400,D
174035945,EUR/USD,2005-08-04 07:59:32.000,1.232200,1.232500,D
174035949,EUR/USD,2005-08-04 07:59:33.000,1.232100,1.232400,D
174035953,EUR/USD,2005-08-04 07:59:34.000,1.232200,1.232500,D
174035972,EUR/USD,2005-08-04 07:59:45.000,1.232100,1.232400,D
174035987,EUR/USD,2005-08-04 07:59:52.000,1.232200,1.232500,D
174036005,EUR/USD,2005-08-04 07:59:54.000,1.232100,1.232400,D
174036013,EUR/USD,2005-08-04 07:59:55.000,1.232200,1.232500,D
174036014,EUR/USD,2005-08-04 07:59:56.000,1.232100,1.232400,D
174036029,EUR/USD,2005-08-04 08:00:14.000,1.232200,1.232500,D
174036034,EUR/USD,2005-08-04 08:00:15.000,1.232100,1.232400,D
174036067,EUR/USD,2005-08-04 08:00:46.000,1.232000,1.232300,D
174036095,EUR/USD,2005-08-04 08:00:52.000,1.231900,1.232200,D
174036101,EUR/USD,2005-08-04 08:00:54.000,1.232000,1.232300,D
174036108,EUR/USD,2005-08-04 08:00:55.000,1.232100,1.232400,D
174036133,EUR/USD,2005-08-04 08:01:00.000,1.232000,1.232300,D
174036140,EUR/USD,2005-08-04 08:01:01.000,1.232100,1.232400,D
174036180,EUR/USD,2005-08-04 08:01:14.000,1.232000,1.232300,D
174036195,EUR/USD,2005-08-04 08:01:19.000,1.231900,1.232200,D
174036206,EUR/USD,2005-08-04 08:01:21.000,1.232000,1.232300,D
174036215,EUR/USD,2005-08-04 08:01:23.000,1.231900,1.232200,D
174036225,EUR/USD,2005-08-04 08:01:23.000,1.232000,1.232300,D
174036234,EUR/USD,2005-08-04 08:01:27.000,1.232100,1.232400,D
174036255,EUR/USD,2005-08-04 08:01:29.000,1.232000,1.232300,D
174036266,EUR/USD,2005-08-04 08:01:29.000,1.232100,1.232400,D
174036271,EUR/USD,2005-08-04 08:01:32.000,1.232000,1.232300,D
174036297,EUR/USD,2005-08-04 08:01:45.000,1.231900,1.232200,D
174036304,EUR/USD,2005-08-04 08:01:45.000,1.232000,1.232300,D
174036320,EUR/USD,2005-08-04 08:01:47.000,1.231900,1.232200,D
174036326,EUR/USD,2005-08-04 08:01:47.000,1.232000,1.232300,D
174036342,EUR/USD,2005-08-04 08:01:49.000,1.231900,1.232200,D
174036387,EUR/USD,2005-08-04 08:02:04.000,1.232000,1.232300,D
174036471,EUR/USD,2005-08-04 08:02:31.000,1.231900,1.232200,D
174036489,EUR/USD,2005-08-04 08:02:41.000,1.231800,1.232100,D
174036503,EUR/USD,2005-08-04 08:02:47.000,1.231900,1.232200,D
174036534,EUR/USD,2005-08-04 08:02:54.000,1.232000,1.232300,D
174036554,EUR/USD,2005-08-04 08:03:01.000,1.232100,1.232400,D
174036563,EUR/USD,2005-08-04 08:03:03.000,1.232000,1.232300,D
174036570,EUR/USD,2005-08-04 08:03:05.000,1.232100,1.232400,D
174036583,EUR/USD,2005-08-04 08:03:07.000,1.232000,1.232300,D
174036596,EUR/USD,2005-08-04 08:03:13.000,1.232100,1.232400,D
174036604,EUR/USD,2005-08-04 08:03:14.000,1.232000,1.232300,D
174036621,EUR/USD,2005-08-04 08:03:19.000,1.232100,1.232400,D
174036723,EUR/USD,2005-08-04 08:04:20.000,1.232000,1.232300,D
174036805,EUR/USD,2005-08-04 08:05:01.000,1.231900,1.232200,D
174036829,EUR/USD,2005-08-04 08:05:07.000,1.232000,1.232300,D
174036832,EUR/USD,2005-08-04 08:05:08.000,1.231900,1.232200,D
174036868,EUR/USD,2005-08-04 08:05:25.000,1.232000,1.232300,D
174036872,EUR/USD,2005-08-04 08:05:26.000,1.231900,1.232200,D
174036885,EUR/USD,2005-08-04 08:05:33.000,1.231800,1.232100,D
174036887,EUR/USD,2005-08-04 08:05:33.000,1.231900,1.232200,D
174036892,EUR/USD,2005-08-04 08:05:34.000,1.232000,1.232300,D
174036900,EUR/USD,2005-08-04 08:05:35.000,1.231900,1.232200,D
174036904,EUR/USD,2005-08-04 08:05:36.000,1.231700,1.232000,D
174036909,EUR/USD,2005-08-04 08:05:36.000,1.231800,1.232100,D
174036961,EUR/USD,2005-08-04 08:05:48.000,1.231900,1.232200,D
174036993,EUR/USD,2005-08-04 08:06:10.000,1.231800,1.232100,D
174037035,EUR/USD,2005-08-04 08:06:26.000,1.231900,1.232200,D
174037060,EUR/USD,2005-08-04 08:06:43.000,1.232000,1.232300,D
174037078,EUR/USD,2005-08-04 08:06:56.000,1.231900,1.232200,D
174037091,EUR/USD,2005-08-04 08:06:59.000,1.232000,1.232300,D
174037101,EUR/USD,2005-08-04 08:07:02.000,1.231900,1.232200,D
174037114,EUR/USD,2005-08-04 08:07:07.000,1.232000,1.232300,D
174037117,EUR/USD,2005-08-04 08:07:08.000,1.231900,1.232200,D
174037122,EUR/USD,2005-08-04 08:07:12.000,1.232000,1.232300,D
174037142,EUR/USD,2005-08-04 08:07:18.000,1.231900,1.232200,D
174037157,EUR/USD,2005-08-04 08:07:20.000,1.232000,1.232300,D
174037275,EUR/USD,2005-08-04 08:08:26.000,1.232100,1.232400,D
174037308,EUR/USD,2005-08-04 08:08:44.000,1.232200,1.232500,D
174037319,EUR/USD,2005-08-04 08:08:47.000,1.232100,1.232400,D
174037337,EUR/USD,2005-08-04 08:08:58.000,1.232200,1.232500,D
174037377,EUR/USD,2005-08-04 08:09:16.000,1.232100,1.232400,D
174037388,EUR/USD,2005-08-04 08:09:18.000,1.232200,1.232500,D
174037393,EUR/USD,2005-08-04 08:09:19.000,1.232100,1.232400,D
174037401,EUR/USD,2005-08-04 08:09:29.000,1.232000,1.232300,D
174037432,EUR/USD,2005-08-04 08:09:47.000,1.231900,1.232200,D
174037442,EUR/USD,2005-08-04 08:09:51.000,1.232000,1.232300,D
174037482,EUR/USD,2005-08-04 08:10:29.000,1.231900,1.232200,D
174037487,EUR/USD,2005-08-04 08:10:31.000,1.232000,1.232300,D
174037505,EUR/USD,2005-08-04 08:10:49.000,1.231900,1.232200,D
174037538,EUR/USD,2005-08-04 08:11:21.000,1.232000,1.232300,D
174037594,EUR/USD,2005-08-04 08:12:05.000,1.232100,1.232400,D
174037610,EUR/USD,2005-08-04 08:12:11.000,1.232000,1.232300,D
174037626,EUR/USD,2005-08-04 08:12:32.000,1.232100,1.232400,D
174037633,EUR/USD,2005-08-04 08:12:39.000,1.232000,1.232300,D
174037648,EUR/USD,2005-08-04 08:12:44.000,1.232100,1.232400,D
174037680,EUR/USD,2005-08-04 08:13:08.000,1.232000,1.232300,D
174037719,EUR/USD,2005-08-04 08:13:25.000,1.231900,1.232200,D
174037729,EUR/USD,2005-08-04 08:13:26.000,1.232000,1.232300,D
174037746,EUR/USD,2005-08-04 08:13:30.000,1.232100,1.232400,D
174037765,EUR/USD,2005-08-04 08:13:43.000,1.232000,1.232300,D
174037779,EUR/USD,2005-08-04 08:13:47.000,1.232100,1.232400,D
174037818,EUR/USD,2005-08-04 08:13:58.000,1.232000,1.232300,D
174037828,EUR/USD,2005-08-04 08:14:01.000,1.232100,1.232400,D
174037831,EUR/USD,2005-08-04 08:14:04.000,1.232000,1.232300,D
174037900,EUR/USD,2005-08-04 08:14:52.000,1.231900,1.232200,D
174037908,EUR/USD,2005-08-04 08:14:57.000,1.231800,1.232100,D
174037928,EUR/USD,2005-08-04 08:15:00.000,1.231700,1.232000,D
174037939,EUR/USD,2005-08-04 08:15:03.000,1.231600,1.231900,D
174037947,EUR/USD,2005-08-04 08:15:04.000,1.231700,1.232000,D
174037954,EUR/USD,2005-08-04 08:15:05.000,1.231800,1.232100,D
174037960,EUR/USD,2005-08-04 08:15:06.000,1.231700,1.232000,D
174037973,EUR/USD,2005-08-04 08:15:14.000,1.231800,1.232100,D
174037985,EUR/USD,2005-08-04 08:15:17.000,1.231900,1.232200,D
174038008,EUR/USD,2005-08-04 08:15:18.000,1.231800,1.232100,D
174038031,EUR/USD,2005-08-04 08:15:24.000,1.231700,1.232000,D
174038052,EUR/USD,2005-08-04 08:15:31.000,1.231800,1.232100,D
174038069,EUR/USD,2005-08-04 08:15:38.000,1.231700,1.232000,D
174038075,EUR/USD,2005-08-04 08:15:38.000,1.231800,1.232100,D
174038089,EUR/USD,2005-08-04 08:15:41.000,1.231900,1.232200,D
174038102,EUR/USD,2005-08-04 08:15:43.000,1.231800,1.232100,D
174038107,EUR/USD,2005-08-04 08:15:43.000,1.231900,1.232200,D
174038118,EUR/USD,2005-08-04 08:15:44.000,1.231800,1.232100,D
174038132,EUR/USD,2005-08-04 08:15:47.000,1.231700,1.232000,D
174038135,EUR/USD,2005-08-04 08:15:47.000,1.231800,1.232100,D
174038209,EUR/USD,2005-08-04 08:16:25.000,1.231900,1.232200,D
174038230,EUR/USD,2005-08-04 08:16:28.000,1.231800,1.232100,D
174038250,EUR/USD,2005-08-04 08:16:32.000,1.231900,1.232200,D
174038269,EUR/USD,2005-08-04 08:16:34.000,1.231800,1.232100,D
174038279,EUR/USD,2005-08-04 08:16:46.000,1.231900,1.232200,D
174038293,EUR/USD,2005-08-04 08:16:49.000,1.231800,1.232100,D
174038320,EUR/USD,2005-08-04 08:16:54.000,1.231900,1.232200,D
174038329,EUR/USD,2005-08-04 08:16:55.000,1.231800,1.232100,D
174038385,EUR/USD,2005-08-04 08:17:27.000,1.231900,1.232200,D
174038455,EUR/USD,2005-08-04 08:18:02.000,1.231800,1.232100,D
174038521,EUR/USD,2005-08-04 08:18:30.000,1.231900,1.232200,D
174038583,EUR/USD,2005-08-04 08:19:17.000,1.231800,1.232100,D
174038615,EUR/USD,2005-08-04 08:19:23.000,1.231900,1.232200,D
174038628,EUR/USD,2005-08-04 08:19:26.000,1.232000,1.232300,D
174038629,EUR/USD,2005-08-04 08:19:27.000,1.231900,1.232200,D
174038677,EUR/USD,2005-08-04 08:19:42.000,1.232000,1.232300,D
174038698,EUR/USD,2005-08-04 08:19:50.000,1.231900,1.232200,D
174038715,EUR/USD,2005-08-04 08:19:59.000,1.232000,1.232300,D
174038726,EUR/USD,2005-08-04 08:20:03.000,1.232100,1.232400,D
174038740,EUR/USD,2005-08-04 08:20:05.000,1.232000,1.232300,D
174038747,EUR/USD,2005-08-04 08:20:07.000,1.232100,1.232400,D
174038758,EUR/USD,2005-08-04 08:20:08.000,1.232000,1.232300,D
174038773,EUR/USD,2005-08-04 08:20:10.000,1.232100,1.232400,D
174038784,EUR/USD,2005-08-04 08:20:11.000,1.232000,1.232300,D
174038804,EUR/USD,2005-08-04 08:20:18.000,1.232100,1.232400,D
174038827,EUR/USD,2005-08-04 08:20:21.000,1.232000,1.232300,D
174038843,EUR/USD,2005-08-04 08:20:25.000,1.232100,1.232400,D
174038848,EUR/USD,2005-08-04 08:20:26.000,1.232000,1.232300,D
174038856,EUR/USD,2005-08-04 08:20:30.000,1.232100,1.232400,D
174038860,EUR/USD,2005-08-04 08:20:30.000,1.232000,1.232300,D
174038866,EUR/USD,2005-08-04 08:20:31.000,1.232100,1.232400,D
174038884,EUR/USD,2005-08-04 08:20:38.000,1.232000,1.232300,D
174038890,EUR/USD,2005-08-04 08:20:39.000,1.232100,1.232400,D
174038907,EUR/USD,2005-08-04 08:20:44.000,1.232200,1.232500,D
174038925,EUR/USD,2005-08-04 08:20:46.000,1.232100,1.232400,D
174038960,EUR/USD,2005-08-04 08:21:00.000,1.232200,1.232500,D
174038994,EUR/USD,2005-08-04 08:21:08.000,1.232100,1.232400,D
174039067,EUR/USD,2005-08-04 08:21:29.000,1.232200,1.232500,D
174039094,EUR/USD,2005-08-04 08:21:39.000,1.232100,1.232400,D
174039102,EUR/USD,2005-08-04 08:21:41.000,1.232200,1.232500,D
174039162,EUR/USD,2005-08-04 08:22:05.000,1.232300,1.232600,D
174039168,EUR/USD,2005-08-04 08:22:05.000,1.232200,1.232500,D
174039176,EUR/USD,2005-08-04 08:22:10.000,1.232300,1.232600,D
174039183,EUR/USD,2005-08-04 08:22:12.000,1.232200,1.232500,D
174039186,EUR/USD,2005-08-04 08:22:13.000,1.232300,1.232600,D
174039203,EUR/USD,2005-08-04 08:22:14.000,1.232200,1.232500,D
174039236,EUR/USD,2005-08-04 08:22:35.000,1.232100,1.232400,D
174039247,EUR/USD,2005-08-04 08:22:47.000,1.232200,1.232500,D
174039250,EUR/USD,2005-08-04 08:22:48.000,1.232100,1.232400,D
174039274,EUR/USD,2005-08-04 08:23:07.000,1.232000,1.232300,D
174039290,EUR/USD,2005-08-04 08:23:15.000,1.232100,1.232400,D
174039303,EUR/USD,2005-08-04 08:23:22.000,1.232000,1.232300,D
174039311,EUR/USD,2005-08-04 08:23:28.000,1.231900,1.232200,D
174039374,EUR/USD,2005-08-04 08:24:16.000,1.232000,1.232300,D
174039400,EUR/USD,2005-08-04 08:24:27.000,1.232100,1.232400,D
174039427,EUR/USD,2005-08-04 08:24:33.000,1.232000,1.232300,D
174039440,EUR/USD,2005-08-04 08:24:42.000,1.232100,1.232400,D
174039447,EUR/USD,2005-08-04 08:24:44.000,1.232000,1.232300,D
174039474,EUR/USD,2005-08-04 08:25:04.000,1.232100,1.232400,D
174039482,EUR/USD,2005-08-04 08:25:07.000,1.232000,1.232300,D
174039489,EUR/USD,2005-08-04 08:25:13.000,1.232100,1.232400,D
174039499,EUR/USD,2005-08-04 08:25:15.000,1.232000,1.232300,D
174039529,EUR/USD,2005-08-04 08:25:28.000,1.232100,1.232400,D
174039533,EUR/USD,2005-08-04 08:25:29.000,1.232000,1.232300,D
174039550,EUR/USD,2005-08-04 08:25:38.000,1.232100,1.232400,D
174039565,EUR/USD,2005-08-04 08:25:40.000,1.232000,1.232300,D
174039573,EUR/USD,2005-08-04 08:25:41.000,1.232100,1.232400,D
174039577,EUR/USD,2005-08-04 08:25:42.000,1.232000,1.232300,D
174039638,EUR/USD,2005-08-04 08:26:16.000,1.232100,1.232400,D
174039682,EUR/USD,2005-08-04 08:26:25.000,1.232000,1.232300,D
174039781,EUR/USD,2005-08-04 08:27:10.000,1.231900,1.232200,D
174039785,EUR/USD,2005-08-04 08:27:11.000,1.232000,1.232300,D
174039800,EUR/USD,2005-08-04 08:27:14.000,1.231900,1.232200,D
174039828,EUR/USD,2005-08-04 08:27:21.000,1.232000,1.232300,D
174039832,EUR/USD,2005-08-04 08:27:22.000,1.231900,1.232200,D
174039849,EUR/USD,2005-08-04 08:27:27.000,1.232000,1.232300,D
174039889,EUR/USD,2005-08-04 08:27:53.000,1.232100,1.232400,D
174039911,EUR/USD,2005-08-04 08:28:06.000,1.232000,1.232300,D
174039924,EUR/USD,2005-08-04 08:28:12.000,1.232100,1.232400,D
174039935,EUR/USD,2005-08-04 08:28:25.000,1.232200,1.232500,D
174039950,EUR/USD,2005-08-04 08:28:30.000,1.232300,1.232600,D
174039976,EUR/USD,2005-08-04 08:28:39.000,1.232200,1.232500,D
174040005,EUR/USD,2005-08-04 08:28:49.000,1.232300,1.232600,D
174040013,EUR/USD,2005-08-04 08:28:56.000,1.232200,1.232500,D
174040040,EUR/USD,2005-08-04 08:29:05.000,1.232300,1.232600,D
174040050,EUR/USD,2005-08-04 08:29:07.000,1.232200,1.232500,D
174040061,EUR/USD,2005-08-04 08:29:10.000,1.232300,1.232600,D
174040094,EUR/USD,2005-08-04 08:29:21.000,1.232400,1.232700,D
174040111,EUR/USD,2005-08-04 08:29:25.000,1.232500,1.232800,D
174040115,EUR/USD,2005-08-04 08:29:25.000,1.232400,1.232700,D
174040129,EUR/USD,2005-08-04 08:29:31.000,1.232500,1.232800,D
174040133,EUR/USD,2005-08-04 08:29:31.000,1.232400,1.232700,D
174040142,EUR/USD,2005-08-04 08:29:32.000,1.232500,1.232800,D
174040174,EUR/USD,2005-08-04 08:29:38.000,1.232400,1.232700,D
174040193,EUR/USD,2005-08-04 08:29:41.000,1.232300,1.232600,D
174040207,EUR/USD,2005-08-04 08:29:45.000,1.232200,1.232500,D
174040212,EUR/USD,2005-08-04 08:29:47.000,1.232300,1.232600,D
174040217,EUR/USD,2005-08-04 08:29:48.000,1.232200,1.232500,D
174040250,EUR/USD,2005-08-04 08:30:12.000,1.232300,1.232600,D
174040252,EUR/USD,2005-08-04 08:30:13.000,1.232200,1.232500,D
174040255,EUR/USD,2005-08-04 08:30:14.000,1.232300,1.232600,D
174040262,EUR/USD,2005-08-04 08:30:17.000,1.232200,1.232500,D
174040266,EUR/USD,2005-08-04 08:30:19.000,1.232300,1.232600,D
174040273,EUR/USD,2005-08-04 08:30:22.000,1.232200,1.232500,D
174040281,EUR/USD,2005-08-04 08:30:24.000,1.232100,1.232400,D
174040287,EUR/USD,2005-08-04 08:30:27.000,1.232200,1.232500,D
174040292,EUR/USD,2005-08-04 08:30:28.000,1.232100,1.232400,D
174040318,EUR/USD,2005-08-04 08:30:38.000,1.232000,1.232300,D
174040326,EUR/USD,2005-08-04 08:30:40.000,1.231900,1.232200,D
174040365,EUR/USD,2005-08-04 08:30:52.000,1.232000,1.232300,D
174040377,EUR/USD,2005-08-04 08:30:57.000,1.231900,1.232200,D
174040403,EUR/USD,2005-08-04 08:31:05.000,1.232000,1.232300,D
174040418,EUR/USD,2005-08-04 08:31:14.000,1.231900,1.232200,D
174040423,EUR/USD,2005-08-04 08:31:16.000,1.232000,1.232300,D
174040428,EUR/USD,2005-08-04 08:31:16.000,1.231900,1.232200,D
174040463,EUR/USD,2005-08-04 08:31:34.000,1.231800,1.232100,D
174040467,EUR/USD,2005-08-04 08:31:35.000,1.231900,1.232200,D
174040480,EUR/USD,2005-08-04 08:31:36.000,1.231800,1.232100,D
174040517,EUR/USD,2005-08-04 08:31:55.000,1.231900,1.232200,D
174040593,EUR/USD,2005-08-04 08:32:21.000,1.232000,1.232300,D
174040616,EUR/USD,2005-08-04 08:32:28.000,1.231900,1.232200,D
174040623,EUR/USD,2005-08-04 08:32:28.000,1.232000,1.232300,D
174040650,EUR/USD,2005-08-04 08:32:38.000,1.231900,1.232200,D
174040657,EUR/USD,2005-08-04 08:32:41.000,1.232000,1.232300,D
174040662,EUR/USD,2005-08-04 08:32:44.000,1.231900,1.232200,D
174040682,EUR/USD,2005-08-04 08:32:49.000,1.231800,1.232100,D
174040691,EUR/USD,2005-08-04 08:32:52.000,1.231900,1.232200,D
174040725,EUR/USD,2005-08-04 08:33:06.000,1.232000,1.232300,D
174040764,EUR/USD,2005-08-04 08:33:18.000,1.232100,1.232400,D
174040772,EUR/USD,2005-08-04 08:33:19.000,1.232000,1.232300,D
174040793,EUR/USD,2005-08-04 08:33:30.000,1.231900,1.232200,D
174040807,EUR/USD,2005-08-04 08:33:40.000,1.231800,1.232100,D
174040823,EUR/USD,2005-08-04 08:33:47.000,1.231700,1.232000,D
174040827,EUR/USD,2005-08-04 08:33:49.000,1.231800,1.232100,D
174040833,EUR/USD,2005-08-04 08:33:50.000,1.231700,1.232000,D
174040838,EUR/USD,2005-08-04 08:33:51.000,1.231800,1.232100,D
174040841,EUR/USD,2005-08-04 08:33:51.000,1.231700,1.232000,D
174040846,EUR/USD,2005-08-04 08:33:52.000,1.231800,1.232100,D
174040919,EUR/USD,2005-08-04 08:34:24.000,1.231700,1.232000,D
174040928,EUR/USD,2005-08-04 08:34:27.000,1.231800,1.232100,D
174040945,EUR/USD,2005-08-04 08:34:39.000,1.231700,1.232000,D
174040982,EUR/USD,2005-08-04 08:35:05.000,1.231600,1.231900,D
174041009,EUR/USD,2005-08-04 08:35:14.000,1.231700,1.232000,D
174041034,EUR/USD,2005-08-04 08:35:21.000,1.231600,1.231900,D
174041041,EUR/USD,2005-08-04 08:35:22.000,1.231700,1.232000,D
174041081,EUR/USD,2005-08-04 08:35:42.000,1.231800,1.232100,D
174041100,EUR/USD,2005-08-04 08:35:45.000,1.231900,1.232200,D
174041149,EUR/USD,2005-08-04 08:35:57.000,1.232000,1.232300,D
174041160,EUR/USD,2005-08-04 08:36:00.000,1.231900,1.232200,D
174041165,EUR/USD,2005-08-04 08:36:03.000,1.231800,1.232100,D
174041168,EUR/USD,2005-08-04 08:36:04.000,1.231900,1.232200,D
174041173,EUR/USD,2005-08-04 08:36:11.000,1.232000,1.232300,D
174041185,EUR/USD,2005-08-04 08:36:13.000,1.231900,1.232200,D
174041195,EUR/USD,2005-08-04 08:36:16.000,1.232000,1.232300,D
174041203,EUR/USD,2005-08-04 08:36:17.000,1.231900,1.232200,D
174041225,EUR/USD,2005-08-04 08:36:24.000,1.232000,1.232300,D
174041266,EUR/USD,2005-08-04 08:36:39.000,1.231900,1.232200,D
174041277,EUR/USD,2005-08-04 08:36:42.000,1.232000,1.232300,D
174041296,EUR/USD,2005-08-04 08:36:51.000,1.232100,1.232400,D
174041304,EUR/USD,2005-08-04 08:36:54.000,1.232000,1.232300,D
174041330,EUR/USD,2005-08-04 08:37:11.000,1.232100,1.232400,D
174041338,EUR/USD,2005-08-04 08:37:12.000,1.232000,1.232300,D
174041348,EUR/USD,2005-08-04 08:37:16.000,1.231900,1.232200,D
174041360,EUR/USD,2005-08-04 08:37:18.000,1.232000,1.232300,D
174041366,EUR/USD,2005-08-04 08:37:20.000,1.231900,1.232200,D
174041379,EUR/USD,2005-08-04 08:37:24.000,1.232000,1.232300,D
174041390,EUR/USD,2005-08-04 08:37:30.000,1.232100,1.232400,D
174041396,EUR/USD,2005-08-04 08:37:32.000,1.232000,1.232300,D
174041410,EUR/USD,2005-08-04 08:37:37.000,1.231900,1.232200,D
174041419,EUR/USD,2005-08-04 08:37:41.000,1.231800,1.232100,D
174041435,EUR/USD,2005-08-04 08:37:45.000,1.231900,1.232200,D
174041454,EUR/USD,2005-08-04 08:37:51.000,1.231800,1.232100,D
174041462,EUR/USD,2005-08-04 08:37:54.000,1.231900,1.232200,D
174041483,EUR/USD,2005-08-04 08:38:04.000,1.232000,1.232300,D
174041489,EUR/USD,2005-08-04 08:38:05.000,1.231900,1.232200,D
174041524,EUR/USD,2005-08-04 08:38:32.000,1.231800,1.232100,D
174041544,EUR/USD,2005-08-04 08:38:42.000,1.231900,1.232200,D
174041550,EUR/USD,2005-08-04 08:38:43.000,1.231800,1.232100,D
174041597,EUR/USD,2005-08-04 08:39:04.000,1.231700,1.232000,D
174041605,EUR/USD,2005-08-04 08:39:10.000,1.231600,1.231900,D
174041607,EUR/USD,2005-08-04 08:39:11.000,1.231700,1.232000,D
174041611,EUR/USD,2005-08-04 08:39:13.000,1.231600,1.231900,D
174041685,EUR/USD,2005-08-04 08:39:51.000,1.231700,1.232000,D
174041697,EUR/USD,2005-08-04 08:39:58.000,1.231600,1.231900,D
174041717,EUR/USD,2005-08-04 08:40:11.000,1.231700,1.232000,D
174041727,EUR/USD,2005-08-04 08:40:14.000,1.231600,1.231900,D
174041749,EUR/USD,2005-08-04 08:40:20.000,1.231700,1.232000,D
174041759,EUR/USD,2005-08-04 08:40:27.000,1.231600,1.231900,D
174041770,EUR/USD,2005-08-04 08:40:29.000,1.231500,1.231800,D
174041773,EUR/USD,2005-08-04 08:40:30.000,1.231600,1.231900,D
174041787,EUR/USD,2005-08-04 08:40:34.000,1.231500,1.231800,D
174041792,EUR/USD,2005-08-04 08:40:35.000,1.231400,1.231700,D
174041813,EUR/USD,2005-08-04 08:40:39.000,1.231500,1.231800,D
174041818,EUR/USD,2005-08-04 08:40:39.000,1.231400,1.231700,D
174041826,EUR/USD,2005-08-04 08:40:42.000,1.231500,1.231800,D
174041830,EUR/USD,2005-08-04 08:40:42.000,1.231400,1.231700,D
174041835,EUR/USD,2005-08-04 08:40:43.000,1.231500,1.231800,D
174041841,EUR/USD,2005-08-04 08:40:45.000,1.231400,1.231700,D
174041846,EUR/USD,2005-08-04 08:40:45.000,1.231500,1.231800,D
174041849,EUR/USD,2005-08-04 08:40:46.000,1.231400,1.231700,D
174041853,EUR/USD,2005-08-04 08:40:47.000,1.231500,1.231800,D
174041871,EUR/USD,2005-08-04 08:40:53.000,1.231400,1.231700,D
174041878,EUR/USD,2005-08-04 08:40:54.000,1.231500,1.231800,D
174041889,EUR/USD,2005-08-04 08:40:55.000,1.231400,1.231700,D
174041906,EUR/USD,2005-08-04 08:41:01.000,1.231500,1.231800,D
174041913,EUR/USD,2005-08-04 08:41:02.000,1.231400,1.231700,D
174041922,EUR/USD,2005-08-04 08:41:06.000,1.231500,1.231800,D
174041963,EUR/USD,2005-08-04 08:41:18.000,1.231400,1.231700,D
174041970,EUR/USD,2005-08-04 08:41:19.000,1.231500,1.231800,D
174041985,EUR/USD,2005-08-04 08:41:23.000,1.231400,1.231700,D
174042024,EUR/USD,2005-08-04 08:41:32.000,1.231300,1.231600,D
174042032,EUR/USD,2005-08-04 08:41:33.000,1.231200,1.231500,D
174042058,EUR/USD,2005-08-04 08:41:35.000,1.231100,1.231400,D
174042107,EUR/USD,2005-08-04 08:41:42.000,1.231000,1.231300,D
174042148,EUR/USD,2005-08-04 08:41:48.000,1.230900,1.231200,D
174042182,EUR/USD,2005-08-04 08:42:02.000,1.231000,1.231300,D
174042204,EUR/USD,2005-08-04 08:42:11.000,1.231100,1.231400,D
174042258,EUR/USD,2005-08-04 08:42:24.000,1.231000,1.231300,D
174042310,EUR/USD,2005-08-04 08:42:33.000,1.231100,1.231400,D
174042316,EUR/USD,2005-08-04 08:42:36.000,1.231000,1.231300,D
174042362,EUR/USD,2005-08-04 08:42:52.000,1.230900,1.231200,D
174042376,EUR/USD,2005-08-04 08:42:55.000,1.231000,1.231300,D
174042389,EUR/USD,2005-08-04 08:42:59.000,1.231100,1.231400,D
174042406,EUR/USD,2005-08-04 08:43:03.000,1.231000,1.231300,D
174042413,EUR/USD,2005-08-04 08:43:03.000,1.231100,1.231400,D
174042441,EUR/USD,2005-08-04 08:43:07.000,1.231200,1.231500,D
174042462,EUR/USD,2005-08-04 08:43:10.000,1.231100,1.231400,D
174042498,EUR/USD,2005-08-04 08:43:20.000,1.231000,1.231300,D
174042504,EUR/USD,2005-08-04 08:43:21.000,1.231100,1.231400,D
174042507,EUR/USD,2005-08-04 08:43:21.000,1.231000,1.231300,D
174042514,EUR/USD,2005-08-04 08:43:24.000,1.230900,1.231200,D
174042519,EUR/USD,2005-08-04 08:43:29.000,1.231000,1.231300,D
174042529,EUR/USD,2005-08-04 08:43:31.000,1.230900,1.231200,D
174042533,EUR/USD,2005-08-04 08:43:32.000,1.231000,1.231300,D
174042539,EUR/USD,2005-08-04 08:43:33.000,1.230900,1.231200,D
174042549,EUR/USD,2005-08-04 08:43:35.000,1.231000,1.231300,D
174042555,EUR/USD,2005-08-04 08:43:36.000,1.230900,1.231200,D
174042559,EUR/USD,2005-08-04 08:43:38.000,1.231000,1.231300,D
174042575,EUR/USD,2005-08-04 08:43:46.000,1.230900,1.231200,D
174042587,EUR/USD,2005-08-04 08:43:49.000,1.231000,1.231300,D
174042599,EUR/USD,2005-08-04 08:43:53.000,1.231100,1.231400,D
174042605,EUR/USD,2005-08-04 08:43:54.000,1.231000,1.231300,D
174042615,EUR/USD,2005-08-04 08:43:55.000,1.231100,1.231400,D
174042619,EUR/USD,2005-08-04 08:43:55.000,1.231000,1.231300,D
174042649,EUR/USD,2005-08-04 08:44:03.000,1.230900,1.231200,D
174042677,EUR/USD,2005-08-04 08:44:12.000,1.230800,1.231100,D
174042678,EUR/USD,2005-08-04 08:44:13.000,1.230700,1.231000,D
174042688,EUR/USD,2005-08-04 08:44:14.000,1.230800,1.231100,D
174042695,EUR/USD,2005-08-04 08:44:16.000,1.230900,1.231200,D
174042703,EUR/USD,2005-08-04 08:44:17.000,1.230800,1.231100,D
174042711,EUR/USD,2005-08-04 08:44:18.000,1.230900,1.231200,D
174042733,EUR/USD,2005-08-04 08:44:22.000,1.231000,1.231300,D
174042738,EUR/USD,2005-08-04 08:44:22.000,1.230900,1.231200,D
174042747,EUR/USD,2005-08-04 08:44:23.000,1.231000,1.231300,D
174042800,EUR/USD,2005-08-04 08:44:36.000,1.231100,1.231400,D
174042837,EUR/USD,2005-08-04 08:44:44.000,1.231000,1.231300,D
174042859,EUR/USD,2005-08-04 08:44:48.000,1.231100,1.231400,D
174042874,EUR/USD,2005-08-04 08:44:51.000,1.231000,1.231300,D
174042895,EUR/USD,2005-08-04 08:44:56.000,1.231100,1.231400,D
174042899,EUR/USD,2005-08-04 08:44:56.000,1.231000,1.231300,D
174042910,EUR/USD,2005-08-04 08:44:58.000,1.231100,1.231400,D
174042924,EUR/USD,2005-08-04 08:44:59.000,1.231000,1.231300,D
174042928,EUR/USD,2005-08-04 08:45:00.000,1.231100,1.231400,D
174042933,EUR/USD,2005-08-04 08:45:00.000,1.231000,1.231300,D
174042947,EUR/USD,2005-08-04 08:45:03.000,1.230900,1.231200,D
174042952,EUR/USD,2005-08-04 08:45:03.000,1.231000,1.231300,D
174042956,EUR/USD,2005-08-04 08:45:04.000,1.230900,1.231200,D
174042961,EUR/USD,2005-08-04 08:45:04.000,1.230800,1.231100,D
174042967,EUR/USD,2005-08-04 08:45:06.000,1.230900,1.231200,D
174042976,EUR/USD,2005-08-04 08:45:09.000,1.230800,1.231100,D
174043009,EUR/USD,2005-08-04 08:45:14.000,1.230700,1.231000,D
174043021,EUR/USD,2005-08-04 08:45:18.000,1.230800,1.231100,D
174043042,EUR/USD,2005-08-04 08:45:22.000,1.230900,1.231200,D
174043049,EUR/USD,2005-08-04 08:45:22.000,1.230800,1.231100,D
174043052,EUR/USD,2005-08-04 08:45:23.000,1.230900,1.231200,D
174043058,EUR/USD,2005-08-04 08:45:23.000,1.230800,1.231100,D
174043073,EUR/USD,2005-08-04 08:45:26.000,1.230900,1.231200,D
174043095,EUR/USD,2005-08-04 08:45:31.000,1.230800,1.231100,D
174043107,EUR/USD,2005-08-04 08:45:33.000,1.230900,1.231200,D
174043126,EUR/USD,2005-08-04 08:45:38.000,1.231000,1.231300,D
174043159,EUR/USD,2005-08-04 08:45:46.000,1.231100,1.231400,D
174043192,EUR/USD,2005-08-04 08:45:50.000,1.231200,1.231500,D
174043204,EUR/USD,2005-08-04 08:45:52.000,1.231100,1.231400,D
174043255,EUR/USD,2005-08-04 08:46:11.000,1.231000,1.231300,D
174043271,EUR/USD,2005-08-04 08:46:17.000,1.230900,1.231200,D
174043273,EUR/USD,2005-08-04 08:46:17.000,1.231000,1.231300,D
174043299,EUR/USD,2005-08-04 08:46:23.000,1.231100,1.231400,D
174043337,EUR/USD,2005-08-04 08:46:31.000,1.231000,1.231300,D
174043390,EUR/USD,2005-08-04 08:46:51.000,1.230900,1.231200,D
174043398,EUR/USD,2005-08-04 08:46:53.000,1.231000,1.231300,D
174043416,EUR/USD,2005-08-04 08:46:56.000,1.231100,1.231400,D
174043434,EUR/USD,2005-08-04 08:47:05.000,1.231000,1.231300,D
174043455,EUR/USD,2005-08-04 08:47:16.000,1.231100,1.231400,D
174043477,EUR/USD,2005-08-04 08:47:22.000,1.231200,1.231500,D
174043489,EUR/USD,2005-08-04 08:47:29.000,1.231100,1.231400,D
174043503,EUR/USD,2005-08-04 08:47:34.000,1.231200,1.231500,D
174043523,EUR/USD,2005-08-04 08:47:39.000,1.231100,1.231400,D
174043528,EUR/USD,2005-08-04 08:47:40.000,1.231200,1.231500,D
174043533,EUR/USD,2005-08-04 08:47:42.000,1.231100,1.231400,D
174043554,EUR/USD,2005-08-04 08:47:46.000,1.231200,1.231500,D
174043563,EUR/USD,2005-08-04 08:47:48.000,1.231300,1.231600,D
174043588,EUR/USD,2005-08-04 08:47:51.000,1.231200,1.231500,D
174043658,EUR/USD,2005-08-04 08:48:10.000,1.231300,1.231600,D
174043678,EUR/USD,2005-08-04 08:48:15.000,1.231200,1.231500,D
174043696,EUR/USD,2005-08-04 08:48:28.000,1.231100,1.231400,D
174043743,EUR/USD,2005-08-04 08:48:54.000,1.231200,1.231500,D
174043845,EUR/USD,2005-08-04 08:49:49.000,1.231300,1.231600,D
174043894,EUR/USD,2005-08-04 08:50:17.000,1.231200,1.231500,D
174043907,EUR/USD,2005-08-04 08:50:18.000,1.231300,1.231600,D
174043920,EUR/USD,2005-08-04 08:50:20.000,1.231200,1.231500,D
174043933,EUR/USD,2005-08-04 08:50:22.000,1.231300,1.231600,D
174043949,EUR/USD,2005-08-04 08:50:25.000,1.231200,1.231500,D
174043956,EUR/USD,2005-08-04 08:50:26.000,1.231300,1.231600,D
174043979,EUR/USD,2005-08-04 08:50:38.000,1.231400,1.231700,D
174044004,EUR/USD,2005-08-04 08:50:45.000,1.231500,1.231800,D
174044017,EUR/USD,2005-08-04 08:50:48.000,1.231600,1.231900,D
174044028,EUR/USD,2005-08-04 08:50:50.000,1.231700,1.232000,D
174044036,EUR/USD,2005-08-04 08:50:51.000,1.231800,1.232100,D
174044040,EUR/USD,2005-08-04 08:50:51.000,1.231600,1.231900,D
174044047,EUR/USD,2005-08-04 08:50:52.000,1.231700,1.232000,D
174044091,EUR/USD,2005-08-04 08:50:59.000,1.231800,1.232100,D
174044105,EUR/USD,2005-08-04 08:51:03.000,1.231900,1.232200,D
174044132,EUR/USD,2005-08-04 08:51:07.000,1.231800,1.232100,D
174044150,EUR/USD,2005-08-04 08:51:14.000,1.231700,1.232000,D
174044178,EUR/USD,2005-08-04 08:51:19.000,1.231800,1.232100,D
174044192,EUR/USD,2005-08-04 08:51:26.000,1.231900,1.232200,D
174044206,EUR/USD,2005-08-04 08:51:29.000,1.232000,1.232300,D
174044225,EUR/USD,2005-08-04 08:51:30.000,1.232100,1.232400,D
174044232,EUR/USD,2005-08-04 08:51:32.000,1.232200,1.232500,D
174044247,EUR/USD,2005-08-04 08:51:33.000,1.232300,1.232600,D
174044252,EUR/USD,2005-08-04 08:51:34.000,1.232200,1.232500,D
174044259,EUR/USD,2005-08-04 08:51:34.000,1.232300,1.232600,D
174044272,EUR/USD,2005-08-04 08:51:35.000,1.232200,1.232500,D
174044299,EUR/USD,2005-08-04 08:51:38.000,1.232100,1.232400,D
174044377,EUR/USD,2005-08-04 08:51:57.000,1.232200,1.232500,D
174044400,EUR/USD,2005-08-04 08:52:02.000,1.232100,1.232400,D
174044404,EUR/USD,2005-08-04 08:52:03.000,1.232200,1.232500,D
174044419,EUR/USD,2005-08-04 08:52:06.000,1.232300,1.232600,D
174044433,EUR/USD,2005-08-04 08:52:09.000,1.232400,1.232700,D
174044453,EUR/USD,2005-08-04 08:52:13.000,1.232300,1.232600,D
174044476,EUR/USD,2005-08-04 08:52:19.000,1.232400,1.232700,D
174044498,EUR/USD,2005-08-04 08:52:23.000,1.232500,1.232800,D
174044510,EUR/USD,2005-08-04 08:52:24.000,1.232400,1.232700,D
174044515,EUR/USD,2005-08-04 08:52:25.000,1.232300,1.232600,D
174044525,EUR/USD,2005-08-04 08:52:26.000,1.232400,1.232700,D
174044537,EUR/USD,2005-08-04 08:52:28.000,1.232300,1.232600,D
174044541,EUR/USD,2005-08-04 08:52:28.000,1.232400,1.232700,D
174044573,EUR/USD,2005-08-04 08:52:35.000,1.232300,1.232600,D
174044577,EUR/USD,2005-08-04 08:52:36.000,1.232400,1.232700,D
174044591,EUR/USD,2005-08-04 08:52:37.000,1.232300,1.232600,D
174044600,EUR/USD,2005-08-04 08:52:38.000,1.232400,1.232700,D
174044607,EUR/USD,2005-08-04 08:52:39.000,1.232300,1.232600,D
174044618,EUR/USD,2005-08-04 08:52:39.000,1.232400,1.232700,D
174044644,EUR/USD,2005-08-04 08:52:45.000,1.232300,1.232600,D
174044659,EUR/USD,2005-08-04 08:52:50.000,1.232200,1.232500,D
174044684,EUR/USD,2005-08-04 08:53:00.000,1.232300,1.232600,D
174044693,EUR/USD,2005-08-04 08:53:01.000,1.232400,1.232700,D
174044708,EUR/USD,2005-08-04 08:53:04.000,1.232300,1.232600,D
174044731,EUR/USD,2005-08-04 08:53:19.000,1.232200,1.232500,D
174044751,EUR/USD,2005-08-04 08:53:26.000,1.232300,1.232600,D
174044759,EUR/USD,2005-08-04 08:53:30.000,1.232400,1.232700,D
174044766,EUR/USD,2005-08-04 08:53:31.000,1.232300,1.232600,D
174044799,EUR/USD,2005-08-04 08:53:46.000,1.232200,1.232500,D
174044801,EUR/USD,2005-08-04 08:53:46.000,1.232300,1.232600,D
174044815,EUR/USD,2005-08-04 08:53:50.000,1.232200,1.232500,D
174044820,EUR/USD,2005-08-04 08:53:53.000,1.232300,1.232600,D
174044823,EUR/USD,2005-08-04 08:53:54.000,1.232200,1.232500,D
174044826,EUR/USD,2005-08-04 08:53:57.000,1.232300,1.232600,D
174044861,EUR/USD,2005-08-04 08:54:17.000,1.232400,1.232700,D
174044882,EUR/USD,2005-08-04 08:54:28.000,1.232300,1.232600,D
174044885,EUR/USD,2005-08-04 08:54:29.000,1.232400,1.232700,D
174044891,EUR/USD,2005-08-04 08:54:32.000,1.232300,1.232600,D
174044937,EUR/USD,2005-08-04 08:54:49.000,1.232200,1.232500,D
174044941,EUR/USD,2005-08-04 08:54:51.000,1.232300,1.232600,D
174044945,EUR/USD,2005-08-04 08:54:53.000,1.232200,1.232500,D
174044953,EUR/USD,2005-08-04 08:54:54.000,1.232100,1.232400,D
174044972,EUR/USD,2005-08-04 08:54:59.000,1.232200,1.232500,D
174044980,EUR/USD,2005-08-04 08:55:01.000,1.232100,1.232400,D
174044994,EUR/USD,2005-08-04 08:55:06.000,1.232200,1.232500,D
174045000,EUR/USD,2005-08-04 08:55:06.000,1.232300,1.232600,D
174045003,EUR/USD,2005-08-04 08:55:07.000,1.232200,1.232500,D
174045010,EUR/USD,2005-08-04 08:55:07.000,1.232100,1.232400,D
174045018,EUR/USD,2005-08-04 08:55:08.000,1.232200,1.232500,D
174045026,EUR/USD,2005-08-04 08:55:08.000,1.232300,1.232600,D
174045030,EUR/USD,2005-08-04 08:55:09.000,1.232200,1.232500,D
174045057,EUR/USD,2005-08-04 08:55:14.000,1.232300,1.232600,D
174045071,EUR/USD,2005-08-04 08:55:17.000,1.232200,1.232500,D
174045092,EUR/USD,2005-08-04 08:55:23.000,1.232300,1.232600,D
174045096,EUR/USD,2005-08-04 08:55:23.000,1.232200,1.232500,D
174045113,EUR/USD,2005-08-04 08:55:28.000,1.232100,1.232400,D
174045131,EUR/USD,2005-08-04 08:55:33.000,1.232000,1.232300,D
174045153,EUR/USD,2005-08-04 08:55:38.000,1.232100,1.232400,D
174045167,EUR/USD,2005-08-04 08:55:42.000,1.232200,1.232500,D
174045192,EUR/USD,2005-08-04 08:55:47.000,1.232300,1.232600,D
174045222,EUR/USD,2005-08-04 08:55:57.000,1.232200,1.232500,D
174045285,EUR/USD,2005-08-04 08:56:10.000,1.232300,1.232600,D
174045296,EUR/USD,2005-08-04 08:56:13.000,1.232400,1.232700,D
174045313,EUR/USD,2005-08-04 08:56:15.000,1.232300,1.232600,D
174045332,EUR/USD,2005-08-04 08:56:22.000,1.232200,1.232500,D
174045337,EUR/USD,2005-08-04 08:56:22.000,1.232300,1.232600,D
174045354,EUR/USD,2005-08-04 08:56:26.000,1.232200,1.232500,D
174045382,EUR/USD,2005-08-04 08:56:32.000,1.232100,1.232400,D
174045383,EUR/USD,2005-08-04 08:56:32.000,1.232200,1.232500,D
174045401,EUR/USD,2005-08-04 08:56:36.000,1.232100,1.232400,D
174045421,EUR/USD,2005-08-04 08:56:41.000,1.232200,1.232500,D
174045442,EUR/USD,2005-08-04 08:56:55.000,1.232300,1.232600,D
174045466,EUR/USD,2005-08-04 08:57:05.000,1.232200,1.232500,D
174045485,EUR/USD,2005-08-04 08:57:11.000,1.232300,1.232600,D
174045499,EUR/USD,2005-08-04 08:57:21.000,1.232400,1.232700,D
174045520,EUR/USD,2005-08-04 08:57:29.000,1.232300,1.232600,D
174045533,EUR/USD,2005-08-04 08:57:33.000,1.232200,1.232500,D
174045535,EUR/USD,2005-08-04 08:57:33.000,1.232300,1.232600,D
174045572,EUR/USD,2005-08-04 08:57:59.000,1.232400,1.232700,D
174045583,EUR/USD,2005-08-04 08:58:09.000,1.232500,1.232800,D
174045602,EUR/USD,2005-08-04 08:58:12.000,1.232400,1.232700,D
174045635,EUR/USD,2005-08-04 08:58:35.000,1.232300,1.232600,D
174045638,EUR/USD,2005-08-04 08:58:36.000,1.232200,1.232500,D
174045693,EUR/USD,2005-08-04 08:58:57.000,1.232100,1.232400,D
174045703,EUR/USD,2005-08-04 08:59:03.000,1.232200,1.232500,D
174045707,EUR/USD,2005-08-04 08:59:04.000,1.232100,1.232400,D
174045724,EUR/USD,2005-08-04 08:59:09.000,1.232200,1.232500,D
174045742,EUR/USD,2005-08-04 08:59:19.000,1.232300,1.232600,D
174045753,EUR/USD,2005-08-04 08:59:23.000,1.232400,1.232700,D
174045801,EUR/USD,2005-08-04 08:59:46.000,1.232500,1.232800,D
174045809,EUR/USD,2005-08-04 08:59:48.000,1.232400,1.232700,D
174045812,EUR/USD,2005-08-04 08:59:48.000,1.232500,1.232800,D
174045835,EUR/USD,2005-08-04 08:59:54.000,1.232600,1.232900,D
174045865,EUR/USD,2005-08-04 09:00:00.000,1.232500,1.232800,D
174045875,EUR/USD,2005-08-04 09:00:09.000,1.232600,1.232900,D
174045892,EUR/USD,2005-08-04 09:00:19.000,1.232700,1.233000,D
174045901,EUR/USD,2005-08-04 09:00:21.000,1.232600,1.232900,D
174045915,EUR/USD,2005-08-04 09:00:29.000,1.232700,1.233000,D
174045937,EUR/USD,2005-08-04 09:00:35.000,1.232600,1.232900,D
174045953,EUR/USD,2005-08-04 09:00:40.000,1.232700,1.233000,D
174045977,EUR/USD,2005-08-04 09:00:49.000,1.232800,1.233100,D
174046003,EUR/USD,2005-08-04 09:00:54.000,1.232900,1.233200,D
174046020,EUR/USD,2005-08-04 09:00:56.000,1.232800,1.233100,D
174046028,EUR/USD,2005-08-04 09:00:57.000,1.232900,1.233200,D
174046035,EUR/USD,2005-08-04 09:00:58.000,1.232800,1.233100,D
174046037,EUR/USD,2005-08-04 09:00:59.000,1.232900,1.233200,D
174046042,EUR/USD,2005-08-04 09:01:00.000,1.232800,1.233100,D
174046044,EUR/USD,2005-08-04 09:01:00.000,1.232900,1.233200,D
174046051,EUR/USD,2005-08-04 09:01:01.000,1.233000,1.233300,D
174046080,EUR/USD,2005-08-04 09:01:04.000,1.233100,1.233400,D
174046096,EUR/USD,2005-08-04 09:01:06.000,1.233200,1.233500,D
174046108,EUR/USD,2005-08-04 09:01:08.000,1.233100,1.233400,D
174046142,EUR/USD,2005-08-04 09:01:16.000,1.233200,1.233500,D
174046152,EUR/USD,2005-08-04 09:01:17.000,1.233100,1.233400,D
174046155,EUR/USD,2005-08-04 09:01:17.000,1.233200,1.233500,D
174046167,EUR/USD,2005-08-04 09:01:19.000,1.233100,1.233400,D
174046171,EUR/USD,2005-08-04 09:01:20.000,1.233200,1.233500,D
174046179,EUR/USD,2005-08-04 09:01:21.000,1.233100,1.233400,D
174046183,EUR/USD,2005-08-04 09:01:22.000,1.233200,1.233500,D
174046190,EUR/USD,2005-08-04 09:01:23.000,1.233100,1.233400,D
174046198,EUR/USD,2005-08-04 09:01:24.000,1.233200,1.233500,D
174046244,EUR/USD,2005-08-04 09:01:39.000,1.233100,1.233400,D
174046250,EUR/USD,2005-08-04 09:01:41.000,1.233200,1.233500,D
174046255,EUR/USD,2005-08-04 09:01:43.000,1.233100,1.233400,D
174046262,EUR/USD,2005-08-04 09:01:45.000,1.233200,1.233500,D
174046288,EUR/USD,2005-08-04 09:01:53.000,1.233100,1.233400,D
174046291,EUR/USD,2005-08-04 09:01:53.000,1.233200,1.233500,D
174046297,EUR/USD,2005-08-04 09:01:55.000,1.233300,1.233600,D
174046305,EUR/USD,2005-08-04 09:01:55.000,1.233200,1.233500,D
174046307,EUR/USD,2005-08-04 09:01:55.000,1.233300,1.233600,D
174046318,EUR/USD,2005-08-04 09:01:56.000,1.233200,1.233500,D
174046326,EUR/USD,2005-08-04 09:01:59.000,1.233100,1.233400,D
174046342,EUR/USD,2005-08-04 09:02:06.000,1.233200,1.233500,D
174046352,EUR/USD,2005-08-04 09:02:07.000,1.233100,1.233400,D
174046367,EUR/USD,2005-08-04 09:02:09.000,1.233200,1.233500,D
174046372,EUR/USD,2005-08-04 09:02:09.000,1.233300,1.233600,D
174046393,EUR/USD,2005-08-04 09:02:12.000,1.233200,1.233500,D
174046411,EUR/USD,2005-08-04 09:02:16.000,1.233100,1.233400,D
174046416,EUR/USD,2005-08-04 09:02:16.000,1.233200,1.233500,D
174046427,EUR/USD,2005-08-04 09:02:18.000,1.233300,1.233600,D
174046435,EUR/USD,2005-08-04 09:02:20.000,1.233200,1.233500,D
174046443,EUR/USD,2005-08-04 09:02:23.000,1.233100,1.233400,D
174046445,EUR/USD,2005-08-04 09:02:23.000,1.233200,1.233500,D
174046456,EUR/USD,2005-08-04 09:02:25.000,1.233100,1.233400,D
174046497,EUR/USD,2005-08-04 09:02:37.000,1.233000,1.233300,D
174046501,EUR/USD,2005-08-04 09:02:38.000,1.233100,1.233400,D
174046511,EUR/USD,2005-08-04 09:02:40.000,1.233000,1.233300,D
174046516,EUR/USD,2005-08-04 09:02:41.000,1.233100,1.233400,D
174046544,EUR/USD,2005-08-04 09:02:47.000,1.233200,1.233500,D
174046561,EUR/USD,2005-08-04 09:02:54.000,1.233100,1.233400,D
174046564,EUR/USD,2005-08-04 09:02:54.000,1.233200,1.233500,D
174046574,EUR/USD,2005-08-04 09:02:55.000,1.233100,1.233400,D
174046605,EUR/USD,2005-08-04 09:03:14.000,1.233000,1.233300,D
174046632,EUR/USD,2005-08-04 09:03:37.000,1.232900,1.233200,D
174046642,EUR/USD,2005-08-04 09:03:39.000,1.233000,1.233300,D
174046648,EUR/USD,2005-08-04 09:03:40.000,1.232900,1.233200,D
174046650,EUR/USD,2005-08-04 09:03:40.000,1.233000,1.233300,D
174046657,EUR/USD,2005-08-04 09:03:41.000,1.232900,1.233200,D
174046707,EUR/USD,2005-08-04 09:04:18.000,1.232800,1.233100,D
174046721,EUR/USD,2005-08-04 09:04:20.000,1.232900,1.233200,D
174046730,EUR/USD,2005-08-04 09:04:24.000,1.232800,1.233100,D
174046736,EUR/USD,2005-08-04 09:04:25.000,1.232900,1.233200,D
174046756,EUR/USD,2005-08-04 09:04:34.000,1.232800,1.233100,D
174046765,EUR/USD,2005-08-04 09:04:37.000,1.232900,1.233200,D
174046773,EUR/USD,2005-08-04 09:04:40.000,1.232800,1.233100,D
174046790,EUR/USD,2005-08-04 09:04:48.000,1.232900,1.233200,D
174046857,EUR/USD,2005-08-04 09:05:39.000,1.233000,1.233300,D
174046876,EUR/USD,2005-08-04 09:05:44.000,1.233100,1.233400,D
174046901,EUR/USD,2005-08-04 09:05:49.000,1.233200,1.233500,D
174046910,EUR/USD,2005-08-04 09:05:51.000,1.233100,1.233400,D
174046915,EUR/USD,2005-08-04 09:05:52.000,1.233200,1.233500,D
174046925,EUR/USD,2005-08-04 09:05:54.000,1.233100,1.233400,D
174046936,EUR/USD,2005-08-04 09:05:57.000,1.233200,1.233500,D
174046946,EUR/USD,2005-08-04 09:06:03.000,1.233300,1.233600,D
174046956,EUR/USD,2005-08-04 09:06:04.000,1.233200,1.233500,D
174046966,EUR/USD,2005-08-04 09:06:04.000,1.233300,1.233600,D
174046973,EUR/USD,2005-08-04 09:06:05.000,1.233200,1.233500,D
174046982,EUR/USD,2005-08-04 09:06:09.000,1.233100,1.233400,D
174046990,EUR/USD,2005-08-04 09:06:13.000,1.233000,1.233300,D
174047005,EUR/USD,2005-08-04 09:06:20.000,1.233100,1.233400,D
174047007,EUR/USD,2005-08-04 09:06:21.000,1.233000,1.233300,D
174047008,EUR/USD,2005-08-04 09:06:24.000,1.233100,1.233400,D
174047023,EUR/USD,2005-08-04 09:06:29.000,1.233200,1.233500,D
174047040,EUR/USD,2005-08-04 09:06:34.000,1.233300,1.233600,D
174047052,EUR/USD,2005-08-04 09:06:36.000,1.233400,1.233700,D
174047110,EUR/USD,2005-08-04 09:06:50.000,1.233300,1.233600,D
174047131,EUR/USD,2005-08-04 09:06:55.000,1.233200,1.233500,D
174047142,EUR/USD,2005-08-04 09:06:57.000,1.233300,1.233600,D
174047147,EUR/USD,2005-08-04 09:06:58.000,1.233200,1.233500,D
174047155,EUR/USD,2005-08-04 09:06:59.000,1.233100,1.233400,D
174047176,EUR/USD,2005-08-04 09:07:02.000,1.233200,1.233500,D
174047219,EUR/USD,2005-08-04 09:07:23.000,1.233300,1.233600,D
174047230,EUR/USD,2005-08-04 09:07:25.000,1.233200,1.233500,D
174047243,EUR/USD,2005-08-04 09:07:27.000,1.233300,1.233600,D
174047254,EUR/USD,2005-08-04 09:07:31.000,1.233200,1.233500,D
174047289,EUR/USD,2005-08-04 09:07:39.000,1.233100,1.233400,D
174047310,EUR/USD,2005-08-04 09:07:50.000,1.233000,1.233300,D
174047325,EUR/USD,2005-08-04 09:07:57.000,1.233100,1.233400,D
174047349,EUR/USD,2005-08-04 09:08:06.000,1.233200,1.233500,D
174047376,EUR/USD,2005-08-04 09:08:18.000,1.233100,1.233400,D
174047401,EUR/USD,2005-08-04 09:08:24.000,1.233200,1.233500,D
174047413,EUR/USD,2005-08-04 09:08:28.000,1.233100,1.233400,D
174047414,EUR/USD,2005-08-04 09:08:28.000,1.233200,1.233500,D
174047428,EUR/USD,2005-08-04 09:08:34.000,1.233300,1.233600,D
174047443,EUR/USD,2005-08-04 09:08:37.000,1.233400,1.233700,D
174047465,EUR/USD,2005-08-04 09:08:39.000,1.233300,1.233600,D
174047482,EUR/USD,2005-08-04 09:08:47.000,1.233400,1.233700,D
174047489,EUR/USD,2005-08-04 09:08:49.000,1.233300,1.233400,D
174047496,EUR/USD,2005-08-04 09:08:50.000,1.233200,1.233400,D
174047501,EUR/USD,2005-08-04 09:08:50.000,1.233000,1.233300,D
174047508,EUR/USD,2005-08-04 09:08:50.000,1.233200,1.233400,D
174047516,EUR/USD,2005-08-04 09:08:50.000,1.233300,1.233600,D
174047541,EUR/USD,2005-08-04 09:08:53.000,1.233200,1.233500,D
174047548,EUR/USD,2005-08-04 09:08:53.000,1.233100,1.233400,D
174047564,EUR/USD,2005-08-04 09:08:56.000,1.233000,1.233300,D
174047569,EUR/USD,2005-08-04 09:08:58.000,1.232900,1.233200,D
174047575,EUR/USD,2005-08-04 09:08:59.000,1.233000,1.233300,D
174047580,EUR/USD,2005-08-04 09:08:59.000,1.232900,1.233200,D
174047597,EUR/USD,2005-08-04 09:09:00.000,1.233000,1.233300,D
174047618,EUR/USD,2005-08-04 09:09:04.000,1.233100,1.233400,D
174047631,EUR/USD,2005-08-04 09:09:07.000,1.233200,1.233500,D
174047645,EUR/USD,2005-08-04 09:09:08.000,1.233100,1.233400,D
174047652,EUR/USD,2005-08-04 09:09:10.000,1.233000,1.233300,D
174047663,EUR/USD,2005-08-04 09:09:14.000,1.232900,1.233200,D
174047680,EUR/USD,2005-08-04 09:09:16.000,1.233000,1.233300,D
174047690,EUR/USD,2005-08-04 09:09:19.000,1.233100,1.233400,D
174047705,EUR/USD,2005-08-04 09:09:23.000,1.233200,1.233500,D
174047720,EUR/USD,2005-08-04 09:09:30.000,1.233100,1.233400,D
174047732,EUR/USD,2005-08-04 09:09:31.000,1.233000,1.233300,D
174047734,EUR/USD,2005-08-04 09:09:31.000,1.233100,1.233400,D
174047770,EUR/USD,2005-08-04 09:09:59.000,1.233000,1.233300,D
174047788,EUR/USD,2005-08-04 09:10:06.000,1.233100,1.233400,D
174047809,EUR/USD,2005-08-04 09:10:12.000,1.233000,1.233300,D
174047812,EUR/USD,2005-08-04 09:10:13.000,1.233100,1.233400,D
174047853,EUR/USD,2005-08-04 09:10:51.000,1.233200,1.233500,D
174047856,EUR/USD,2005-08-04 09:10:54.000,1.233100,1.233400,D
174047865,EUR/USD,2005-08-04 09:10:56.000,1.233200,1.233500,D
174047880,EUR/USD,2005-08-04 09:10:58.000,1.233100,1.233400,D
174047918,EUR/USD,2005-08-04 09:11:22.000,1.233000,1.233300,D
174047971,EUR/USD,2005-08-04 09:11:51.000,1.233100,1.233400,D
174047977,EUR/USD,2005-08-04 09:11:51.000,1.233000,1.233300,D
174047986,EUR/USD,2005-08-04 09:11:54.000,1.233100,1.233400,D
174047988,EUR/USD,2005-08-04 09:11:55.000,1.233000,1.233300,D
174048003,EUR/USD,2005-08-04 09:11:58.000,1.233100,1.233400,D
174048012,EUR/USD,2005-08-04 09:12:01.000,1.233000,1.233300,D
174048039,EUR/USD,2005-08-04 09:12:11.000,1.232900,1.233200,D
174048111,EUR/USD,2005-08-04 09:12:41.000,1.232800,1.233100,D
174048126,EUR/USD,2005-08-04 09:12:44.000,1.232900,1.233200,D
174048146,EUR/USD,2005-08-04 09:12:47.000,1.232800,1.233100,D
174048177,EUR/USD,2005-08-04 09:12:58.000,1.232900,1.233200,D
174048182,EUR/USD,2005-08-04 09:13:00.000,1.232800,1.233100,D
174048189,EUR/USD,2005-08-04 09:13:00.000,1.232700,1.233000,D
174048199,EUR/USD,2005-08-04 09:13:02.000,1.232800,1.233100,D
174048243,EUR/USD,2005-08-04 09:13:43.000,1.232700,1.233000,D
174048250,EUR/USD,2005-08-04 09:13:46.000,1.232800,1.233100,D
174048268,EUR/USD,2005-08-04 09:13:53.000,1.232700,1.233000,D
174048273,EUR/USD,2005-08-04 09:13:53.000,1.232800,1.233100,D
174048281,EUR/USD,2005-08-04 09:13:54.000,1.232700,1.233000,D
174048290,EUR/USD,2005-08-04 09:13:56.000,1.232800,1.233100,D
174048296,EUR/USD,2005-08-04 09:13:57.000,1.232700,1.233000,D
174048306,EUR/USD,2005-08-04 09:13:59.000,1.232600,1.232900,D
174048312,EUR/USD,2005-08-04 09:14:00.000,1.232700,1.233000,D
174048329,EUR/USD,2005-08-04 09:14:06.000,1.232600,1.232900,D
174048336,EUR/USD,2005-08-04 09:14:07.000,1.232700,1.233000,D
174048343,EUR/USD,2005-08-04 09:14:08.000,1.232600,1.232900,D
174048354,EUR/USD,2005-08-04 09:14:14.000,1.232500,1.232800,D
174048381,EUR/USD,2005-08-04 09:14:20.000,1.232400,1.232700,D
174048387,EUR/USD,2005-08-04 09:14:22.000,1.232500,1.232800,D
174048397,EUR/USD,2005-08-04 09:14:24.000,1.232400,1.232700,D
174048400,EUR/USD,2005-08-04 09:14:26.000,1.232500,1.232800,D
174048407,EUR/USD,2005-08-04 09:14:27.000,1.232400,1.232700,D
174048413,EUR/USD,2005-08-04 09:14:28.000,1.232500,1.232800,D
174048428,EUR/USD,2005-08-04 09:14:33.000,1.232400,1.232700,D
174048449,EUR/USD,2005-08-04 09:14:47.000,1.232300,1.232600,D
174048460,EUR/USD,2005-08-04 09:14:48.000,1.232400,1.232700,D
174048472,EUR/USD,2005-08-04 09:14:53.000,1.232300,1.232600,D
174048492,EUR/USD,2005-08-04 09:14:56.000,1.232200,1.232500,D
174048537,EUR/USD,2005-08-04 09:15:07.000,1.232100,1.232400,D
174048551,EUR/USD,2005-08-04 09:15:10.000,1.232200,1.232500,D
174048557,EUR/USD,2005-08-04 09:15:10.000,1.232100,1.232400,D
174048568,EUR/USD,2005-08-04 09:15:12.000,1.232200,1.232500,D
174048577,EUR/USD,2005-08-04 09:15:13.000,1.232100,1.232400,D
174048585,EUR/USD,2005-08-04 09:15:13.000,1.232200,1.232500,D
174048644,EUR/USD,2005-08-04 09:15:37.000,1.232300,1.232600,D
174048647,EUR/USD,2005-08-04 09:15:38.000,1.232200,1.232500,D
174048650,EUR/USD,2005-08-04 09:15:39.000,1.232300,1.232600,D
174048655,EUR/USD,2005-08-04 09:15:42.000,1.232200,1.232500,D
174048663,EUR/USD,2005-08-04 09:15:44.000,1.232300,1.232600,D
174048685,EUR/USD,2005-08-04 09:15:58.000,1.232200,1.232500,D
174048716,EUR/USD,2005-08-04 09:16:15.000,1.232100,1.232400,D
174048741,EUR/USD,2005-08-04 09:16:24.000,1.232000,1.232300,D
174048744,EUR/USD,2005-08-04 09:16:27.000,1.232100,1.232400,D
174048807,EUR/USD,2005-08-04 09:16:49.000,1.232200,1.232500,D
174048825,EUR/USD,2005-08-04 09:17:00.000,1.232300,1.232600,D
174048833,EUR/USD,2005-08-04 09:17:02.000,1.232200,1.232500,D
174048842,EUR/USD,2005-08-04 09:17:11.000,1.232300,1.232600,D
174048853,EUR/USD,2005-08-04 09:17:13.000,1.232200,1.232500,D
174048859,EUR/USD,2005-08-04 09:17:14.000,1.232300,1.232600,D
174048884,EUR/USD,2005-08-04 09:17:21.000,1.232200,1.232500,D
174048894,EUR/USD,2005-08-04 09:17:27.000,1.232300,1.232600,D
174048902,EUR/USD,2005-08-04 09:17:31.000,1.232200,1.232500,D
174048907,EUR/USD,2005-08-04 09:17:33.000,1.232300,1.232600,D
174048916,EUR/USD,2005-08-04 09:17:36.000,1.232200,1.232500,D
174048924,EUR/USD,2005-08-04 09:17:42.000,1.232100,1.232400,D
174048932,EUR/USD,2005-08-04 09:17:42.000,1.232200,1.232500,D
174048936,EUR/USD,2005-08-04 09:17:43.000,1.232100,1.232400,D
174048939,EUR/USD,2005-08-04 09:17:43.000,1.232200,1.232500,D
174048960,EUR/USD,2005-08-04 09:17:45.000,1.232300,1.232600,D
174048978,EUR/USD,2005-08-04 09:17:49.000,1.232400,1.232700,D
174048988,EUR/USD,2005-08-04 09:17:51.000,1.232300,1.232600,D
174049013,EUR/USD,2005-08-04 09:17:54.000,1.232400,1.232700,D
174049026,EUR/USD,2005-08-04 09:17:55.000,1.232300,1.232600,D
174049037,EUR/USD,2005-08-04 09:17:58.000,1.232200,1.232500,D
174049045,EUR/USD,2005-08-04 09:17:58.000,1.232300,1.232600,D
174049066,EUR/USD,2005-08-04 09:18:07.000,1.232200,1.232500,D
174049071,EUR/USD,2005-08-04 09:18:07.000,1.232300,1.232600,D
174049087,EUR/USD,2005-08-04 09:18:09.000,1.232200,1.232500,D
174049090,EUR/USD,2005-08-04 09:18:10.000,1.232300,1.232600,D
174049106,EUR/USD,2005-08-04 09:18:17.000,1.232400,1.232700,D
174049115,EUR/USD,2005-08-04 09:18:17.000,1.232300,1.232600,D
174049201,EUR/USD,2005-08-04 09:19:19.000,1.232400,1.232700,D
174049214,EUR/USD,2005-08-04 09:19:21.000,1.232300,1.232600,D
174049257,EUR/USD,2005-08-04 09:19:48.000,1.232400,1.232700,D
174049317,EUR/USD,2005-08-04 09:20:18.000,1.232300,1.232600,D
174049329,EUR/USD,2005-08-04 09:20:29.000,1.232400,1.232700,D
174049381,EUR/USD,2005-08-04 09:21:00.000,1.232500,1.232800,D
174049429,EUR/USD,2005-08-04 09:21:14.000,1.232600,1.232900,D
174049443,EUR/USD,2005-08-04 09:21:18.000,1.232500,1.232800,D
174049447,EUR/USD,2005-08-04 09:21:19.000,1.232600,1.232900,D
174049463,EUR/USD,2005-08-04 09:21:21.000,1.232500,1.232800,D
174049469,EUR/USD,2005-08-04 09:21:21.000,1.232600,1.232900,D
174049529,EUR/USD,2005-08-04 09:21:53.000,1.232500,1.232800,D
174049567,EUR/USD,2005-08-04 09:22:08.000,1.232400,1.232700,D
174049578,EUR/USD,2005-08-04 09:22:12.000,1.232500,1.232800,D
174049587,EUR/USD,2005-08-04 09:22:15.000,1.232400,1.232700,D
174049604,EUR/USD,2005-08-04 09:22:24.000,1.232500,1.232800,D
174049613,EUR/USD,2005-08-04 09:22:25.000,1.232600,1.232900,D
174049663,EUR/USD,2005-08-04 09:22:31.000,1.232700,1.233000,D
174049700,EUR/USD,2005-08-04 09:22:35.000,1.232800,1.233100,D
174049711,EUR/USD,2005-08-04 09:22:37.000,1.232900,1.233200,D
174049724,EUR/USD,2005-08-04 09:22:38.000,1.232800,1.233100,D
174049728,EUR/USD,2005-08-04 09:22:39.000,1.232900,1.233200,D
174049739,EUR/USD,2005-08-04 09:22:41.000,1.233000,1.233300,D
174049747,EUR/USD,2005-08-04 09:22:41.000,1.232900,1.233200,D
174049771,EUR/USD,2005-08-04 09:22:43.000,1.233000,1.233300,D
174049804,EUR/USD,2005-08-04 09:22:52.000,1.232900,1.233200,D
174049837,EUR/USD,2005-08-04 09:23:05.000,1.233000,1.233300,D
174049853,EUR/USD,2005-08-04 09:23:10.000,1.233100,1.233400,D
174049883,EUR/USD,2005-08-04 09:23:18.000,1.233200,1.233500,D
174049900,EUR/USD,2005-08-04 09:23:23.000,1.233100,1.233400,D
174049922,EUR/USD,2005-08-04 09:23:30.000,1.233000,1.233300,D
174049947,EUR/USD,2005-08-04 09:23:36.000,1.232900,1.233200,D
174049982,EUR/USD,2005-08-04 09:23:41.000,1.232800,1.233100,D
174050056,EUR/USD,2005-08-04 09:24:01.000,1.232700,1.233000,D
174050070,EUR/USD,2005-08-04 09:24:04.000,1.232800,1.233100,D
174050077,EUR/USD,2005-08-04 09:24:07.000,1.232700,1.233000,D
174050079,EUR/USD,2005-08-04 09:24:08.000,1.232800,1.233100,D
174050088,EUR/USD,2005-08-04 09:24:12.000,1.232900,1.233200,D
174050110,EUR/USD,2005-08-04 09:24:26.000,1.233000,1.233300,D
174050122,EUR/USD,2005-08-04 09:24:29.000,1.232900,1.233200,D
174050126,EUR/USD,2005-08-04 09:24:30.000,1.233000,1.233300,D
174050136,EUR/USD,2005-08-04 09:24:35.000,1.232900,1.233200,D
174050142,EUR/USD,2005-08-04 09:24:36.000,1.233000,1.233300,D
174050150,EUR/USD,2005-08-04 09:24:42.000,1.232900,1.233200,D
174050152,EUR/USD,2005-08-04 09:24:44.000,1.233000,1.233300,D
174050196,EUR/USD,2005-08-04 09:25:21.000,1.233100,1.233400,D
174050227,EUR/USD,2005-08-04 09:25:27.000,1.233000,1.233300,D
174050250,EUR/USD,2005-08-04 09:25:39.000,1.232900,1.233200,D
174050314,EUR/USD,2005-08-04 09:26:33.000,1.232800,1.233100,D
174050316,EUR/USD,2005-08-04 09:26:34.000,1.232900,1.233200,D
174050323,EUR/USD,2005-08-04 09:26:36.000,1.232800,1.233100,D
174050355,EUR/USD,2005-08-04 09:26:52.000,1.232700,1.233000,D
174050375,EUR/USD,2005-08-04 09:26:59.000,1.232800,1.233100,D
174050392,EUR/USD,2005-08-04 09:27:01.000,1.232700,1.233000,D
174050400,EUR/USD,2005-08-04 09:27:03.000,1.232800,1.233100,D
174050411,EUR/USD,2005-08-04 09:27:04.000,1.232700,1.233000,D
174050424,EUR/USD,2005-08-04 09:27:06.000,1.232800,1.233100,D
174050432,EUR/USD,2005-08-04 09:27:07.000,1.232700,1.233000,D
174050442,EUR/USD,2005-08-04 09:27:10.000,1.232800,1.233100,D
174050453,EUR/USD,2005-08-04 09:27:10.000,1.232700,1.233000,D
174050463,EUR/USD,2005-08-04 09:27:15.000,1.232800,1.233100,D
174050492,EUR/USD,2005-08-04 09:27:24.000,1.232700,1.233000,D
174050503,EUR/USD,2005-08-04 09:27:28.000,1.232800,1.233100,D
174050514,EUR/USD,2005-08-04 09:27:31.000,1.232700,1.233000,D
174050526,EUR/USD,2005-08-04 09:27:37.000,1.232800,1.233100,D
174050542,EUR/USD,2005-08-04 09:27:50.000,1.232900,1.233200,D
174050543,EUR/USD,2005-08-04 09:27:52.000,1.232800,1.233100,D
174050548,EUR/USD,2005-08-04 09:27:53.000,1.232900,1.233200,D
174050570,EUR/USD,2005-08-04 09:27:59.000,1.232800,1.233100,D
174050577,EUR/USD,2005-08-04 09:28:01.000,1.232700,1.233000,D
174050584,EUR/USD,2005-08-04 09:28:03.000,1.232800,1.233100,D
174050601,EUR/USD,2005-08-04 09:28:07.000,1.232700,1.233000,D
174050606,EUR/USD,2005-08-04 09:28:08.000,1.232800,1.233100,D
174050614,EUR/USD,2005-08-04 09:28:09.000,1.232700,1.233000,D
174050638,EUR/USD,2005-08-04 09:28:29.000,1.232800,1.233100,D
174050671,EUR/USD,2005-08-04 09:28:43.000,1.232900,1.233200,D
174050675,EUR/USD,2005-08-04 09:28:43.000,1.232800,1.233100,D
174050702,EUR/USD,2005-08-04 09:28:59.000,1.232900,1.233200,D
174050714,EUR/USD,2005-08-04 09:29:00.000,1.232800,1.233100,D
174050720,EUR/USD,2005-08-04 09:29:01.000,1.232900,1.233200,D
174050730,EUR/USD,2005-08-04 09:29:03.000,1.232800,1.233100,D
174050766,EUR/USD,2005-08-04 09:29:34.000,1.232900,1.233200,D
174050783,EUR/USD,2005-08-04 09:29:41.000,1.232800,1.233100,D
174050811,EUR/USD,2005-08-04 09:29:58.000,1.232900,1.233200,D
174050875,EUR/USD,2005-08-04 09:30:16.000,1.232800,1.233100,D
174050878,EUR/USD,2005-08-04 09:30:17.000,1.232900,1.233200,D
174050934,EUR/USD,2005-08-04 09:30:55.000,1.232800,1.233100,D
174050936,EUR/USD,2005-08-04 09:30:55.000,1.232900,1.233200,D
174050962,EUR/USD,2005-08-04 09:31:03.000,1.232800,1.233100,D
174050996,EUR/USD,2005-08-04 09:31:35.000,1.232900,1.233200,D
174051019,EUR/USD,2005-08-04 09:31:52.000,1.232800,1.233100,D
174051027,EUR/USD,2005-08-04 09:31:56.000,1.232900,1.233200,D
174051030,EUR/USD,2005-08-04 09:31:57.000,1.232800,1.233100,D
174051071,EUR/USD,2005-08-04 09:32:46.000,1.232900,1.233200,D
174051168,EUR/USD,2005-08-04 09:33:35.000,1.232800,1.233100,D
174051228,EUR/USD,2005-08-04 09:34:16.000,1.232700,1.233000,D
174051233,EUR/USD,2005-08-04 09:34:21.000,1.232800,1.233100,D
174051239,EUR/USD,2005-08-04 09:34:22.000,1.232700,1.233000,D
174051244,EUR/USD,2005-08-04 09:34:23.000,1.232800,1.233100,D
174051271,EUR/USD,2005-08-04 09:34:30.000,1.232900,1.233200,D
174051355,EUR/USD,2005-08-04 09:35:15.000,1.233000,1.233300,D
174051358,EUR/USD,2005-08-04 09:35:19.000,1.232900,1.233200,D
174051360,EUR/USD,2005-08-04 09:35:19.000,1.233000,1.233300,D
174051375,EUR/USD,2005-08-04 09:35:26.000,1.232900,1.233200,D
174051389,EUR/USD,2005-08-04 09:35:34.000,1.232800,1.233100,D
174051456,EUR/USD,2005-08-04 09:36:01.000,1.232900,1.233200,D
174051527,EUR/USD,2005-08-04 09:36:21.000,1.233000,1.233300,D
174051530,EUR/USD,2005-08-04 09:36:25.000,1.232900,1.233200,D
174051563,EUR/USD,2005-08-04 09:36:36.000,1.233000,1.233300,D
174051584,EUR/USD,2005-08-04 09:36:46.000,1.233100,1.233400,D
174051588,EUR/USD,2005-08-04 09:36:47.000,1.233000,1.233300,D
174051596,EUR/USD,2005-08-04 09:36:48.000,1.232900,1.233200,D
174051599,EUR/USD,2005-08-04 09:36:51.000,1.233000,1.233300,D
174051626,EUR/USD,2005-08-04 09:37:10.000,1.232900,1.233200,D
174051639,EUR/USD,2005-08-04 09:37:17.000,1.233000,1.233300,D
174051659,EUR/USD,2005-08-04 09:37:20.000,1.232900,1.233200,D
174051673,EUR/USD,2005-08-04 09:37:22.000,1.233000,1.233300,D
174051794,EUR/USD,2005-08-04 09:38:19.000,1.232900,1.233200,D
174051797,EUR/USD,2005-08-04 09:38:22.000,1.233000,1.233300,D
174051845,EUR/USD,2005-08-04 09:38:47.000,1.232900,1.233200,D
174051848,EUR/USD,2005-08-04 09:38:47.000,1.233000,1.233300,D
174051871,EUR/USD,2005-08-04 09:38:56.000,1.233100,1.233400,D
174051887,EUR/USD,2005-08-04 09:39:15.000,1.233000,1.233300,D
174051895,EUR/USD,2005-08-04 09:39:19.000,1.233100,1.233400,D
174051898,EUR/USD,2005-08-04 09:39:20.000,1.233000,1.233300,D
174051903,EUR/USD,2005-08-04 09:39:20.000,1.233100,1.233400,D
174051940,EUR/USD,2005-08-04 09:39:40.000,1.233000,1.233300,D
174051960,EUR/USD,2005-08-04 09:39:45.000,1.232900,1.233200,D
174051991,EUR/USD,2005-08-04 09:40:02.000,1.232800,1.233100,D
174052002,EUR/USD,2005-08-04 09:40:05.000,1.232900,1.233200,D
174052034,EUR/USD,2005-08-04 09:40:20.000,1.233000,1.233300,D
174052044,EUR/USD,2005-08-04 09:40:21.000,1.232900,1.233200,D
174052054,EUR/USD,2005-08-04 09:40:26.000,1.233000,1.233300,D
174052059,EUR/USD,2005-08-04 09:40:33.000,1.232900,1.233200,D
174052065,EUR/USD,2005-08-04 09:40:39.000,1.233000,1.233300,D
174052080,EUR/USD,2005-08-04 09:40:48.000,1.233100,1.233400,D
174052093,EUR/USD,2005-08-04 09:40:56.000,1.233000,1.233300,D
174052096,EUR/USD,2005-08-04 09:40:57.000,1.233100,1.233400,D
174052099,EUR/USD,2005-08-04 09:40:58.000,1.233000,1.233300,D
174052106,EUR/USD,2005-08-04 09:40:59.000,1.233100,1.233400,D
174052108,EUR/USD,2005-08-04 09:41:00.000,1.233000,1.233300,D
174052124,EUR/USD,2005-08-04 09:41:11.000,1.233100,1.233400,D
174052132,EUR/USD,2005-08-04 09:41:17.000,1.233200,1.233500,D
174052157,EUR/USD,2005-08-04 09:41:29.000,1.233300,1.233600,D
174052174,EUR/USD,2005-08-04 09:41:32.000,1.233400,1.233700,D
174052186,EUR/USD,2005-08-04 09:41:35.000,1.233500,1.233800,D
174052210,EUR/USD,2005-08-04 09:41:40.000,1.233600,1.233900,D
174052214,EUR/USD,2005-08-04 09:41:41.000,1.233500,1.233800,D
174052216,EUR/USD,2005-08-04 09:41:41.000,1.233400,1.233700,D
174052223,EUR/USD,2005-08-04 09:41:42.000,1.233500,1.233800,D
174052250,EUR/USD,2005-08-04 09:41:57.000,1.233400,1.233700,D
174052259,EUR/USD,2005-08-04 09:41:58.000,1.233500,1.233800,D
174052273,EUR/USD,2005-08-04 09:42:03.000,1.233400,1.233700,D
174052282,EUR/USD,2005-08-04 09:42:05.000,1.233500,1.233800,D
174052293,EUR/USD,2005-08-04 09:42:09.000,1.233400,1.233700,D
174052311,EUR/USD,2005-08-04 09:42:15.000,1.233300,1.233600,D
174052322,EUR/USD,2005-08-04 09:42:17.000,1.233400,1.233700,D
174052335,EUR/USD,2005-08-04 09:42:20.000,1.233300,1.233600,D
174052374,EUR/USD,2005-08-04 09:42:41.000,1.233200,1.233500,D
174052438,EUR/USD,2005-08-04 09:43:00.000,1.233100,1.233400,D
174052441,EUR/USD,2005-08-04 09:43:00.000,1.233200,1.233500,D
174052448,EUR/USD,2005-08-04 09:43:01.000,1.233100,1.233400,D
174052490,EUR/USD,2005-08-04 09:43:37.000,1.233200,1.233500,D
174052497,EUR/USD,2005-08-04 09:43:38.000,1.233100,1.233400,D
174052501,EUR/USD,2005-08-04 09:43:40.000,1.233200,1.233500,D
174052528,EUR/USD,2005-08-04 09:43:53.000,1.233100,1.233400,D
174052546,EUR/USD,2005-08-04 09:44:06.000,1.233200,1.233500,D
174052555,EUR/USD,2005-08-04 09:44:10.000,1.233300,1.233600,D
174052562,EUR/USD,2005-08-04 09:44:12.000,1.233200,1.233500,D
174052569,EUR/USD,2005-08-04 09:44:14.000,1.233300,1.233600,D
174052574,EUR/USD,2005-08-04 09:44:17.000,1.233200,1.233500,D
174052601,EUR/USD,2005-08-04 09:44:27.000,1.233300,1.233600,D
174052681,EUR/USD,2005-08-04 09:45:32.000,1.233200,1.233500,D
174052690,EUR/USD,2005-08-04 09:45:33.000,1.233300,1.233600,D
174052710,EUR/USD,2005-08-04 09:45:43.000,1.233400,1.233700,D
174052714,EUR/USD,2005-08-04 09:45:44.000,1.233300,1.233600,D
174052716,EUR/USD,2005-08-04 09:45:45.000,1.233400,1.233700,D
174052726,EUR/USD,2005-08-04 09:45:47.000,1.233500,1.233800,D
174052733,EUR/USD,2005-08-04 09:45:49.000,1.233400,1.233700,D
174052780,EUR/USD,2005-08-04 09:46:09.000,1.233500,1.233800,D
174052783,EUR/USD,2005-08-04 09:46:10.000,1.233400,1.233700,D
174052784,EUR/USD,2005-08-04 09:46:10.000,1.233500,1.233800,D
174052795,EUR/USD,2005-08-04 09:46:14.000,1.233600,1.233900,D
174052810,EUR/USD,2005-08-04 09:46:17.000,1.233700,1.234000,D
174052818,EUR/USD,2005-08-04 09:46:19.000,1.233600,1.233900,D
174052828,EUR/USD,2005-08-04 09:46:21.000,1.233700,1.234000,D
174052830,EUR/USD,2005-08-04 09:46:22.000,1.233600,1.233900,D
174052836,EUR/USD,2005-08-04 09:46:27.000,1.233500,1.233800,D
174052847,EUR/USD,2005-08-04 09:46:29.000,1.233600,1.233900,D
174052866,EUR/USD,2005-08-04 09:46:37.000,1.233500,1.233800,D
174052885,EUR/USD,2005-08-04 09:46:46.000,1.233400,1.233700,D
174052945,EUR/USD,2005-08-04 09:47:08.000,1.233300,1.233600,D
174052997,EUR/USD,2005-08-04 09:47:25.000,1.233400,1.233700,D
174053006,EUR/USD,2005-08-04 09:47:26.000,1.233300,1.233600,D
174053013,EUR/USD,2005-08-04 09:47:26.000,1.233400,1.233700,D
174053037,EUR/USD,2005-08-04 09:47:31.000,1.233500,1.233800,D
174053055,EUR/USD,2005-08-04 09:47:36.000,1.233400,1.233700,D
174053066,EUR/USD,2005-08-04 09:47:39.000,1.233300,1.233600,D
174053091,EUR/USD,2005-08-04 09:47:43.000,1.233400,1.233700,D
174053099,EUR/USD,2005-08-04 09:47:43.000,1.233300,1.233600,D
174053203,EUR/USD,2005-08-04 09:48:20.000,1.233400,1.233700,D
174053210,EUR/USD,2005-08-04 09:48:21.000,1.233300,1.233600,D
174053217,EUR/USD,2005-08-04 09:48:25.000,1.233400,1.233700,D
174053261,EUR/USD,2005-08-04 09:48:32.000,1.233500,1.233800,D
174053325,EUR/USD,2005-08-04 09:49:05.000,1.233400,1.233700,D
174053346,EUR/USD,2005-08-04 09:49:12.000,1.233300,1.233600,D
174053402,EUR/USD,2005-08-04 09:49:34.000,1.233400,1.233700,D
174053423,EUR/USD,2005-08-04 09:49:54.000,1.233300,1.233600,D
174053435,EUR/USD,2005-08-04 09:50:11.000,1.233400,1.233700,D
174053438,EUR/USD,2005-08-04 09:50:11.000,1.233300,1.233600,D
174053440,EUR/USD,2005-08-04 09:50:17.000,1.233400,1.233700,D
174053445,EUR/USD,2005-08-04 09:50:18.000,1.233300,1.233600,D
174053526,EUR/USD,2005-08-04 09:50:58.000,1.233200,1.233500,D
174053535,EUR/USD,2005-08-04 09:51:00.000,1.233300,1.233600,D
174053546,EUR/USD,2005-08-04 09:51:01.000,1.233200,1.233500,D
174053550,EUR/USD,2005-08-04 09:51:03.000,1.233300,1.233600,D
174053563,EUR/USD,2005-08-04 09:51:06.000,1.233200,1.233500,D
174053574,EUR/USD,2005-08-04 09:51:11.000,1.233300,1.233600,D
174053584,EUR/USD,2005-08-04 09:51:13.000,1.233200,1.233500,D
174053598,EUR/USD,2005-08-04 09:51:17.000,1.233100,1.233400,D
174053730,EUR/USD,2005-08-04 09:52:08.000,1.233000,1.233300,D
174053734,EUR/USD,2005-08-04 09:52:09.000,1.233100,1.233400,D
174053753,EUR/USD,2005-08-04 09:52:15.000,1.233200,1.233500,D
174053757,EUR/USD,2005-08-04 09:52:16.000,1.233100,1.233400,D
174053772,EUR/USD,2005-08-04 09:52:20.000,1.233200,1.233500,D
174053810,EUR/USD,2005-08-04 09:52:37.000,1.233300,1.233600,D
174053814,EUR/USD,2005-08-04 09:52:37.000,1.233200,1.233500,D
174053831,EUR/USD,2005-08-04 09:52:40.000,1.233300,1.233600,D
174053853,EUR/USD,2005-08-04 09:52:49.000,1.233400,1.233700,D
174053855,EUR/USD,2005-08-04 09:52:50.000,1.233300,1.233600,D
174053857,EUR/USD,2005-08-04 09:52:50.000,1.233400,1.233700,D
174053896,EUR/USD,2005-08-04 09:53:02.000,1.233300,1.233600,D
174053903,EUR/USD,2005-08-04 09:53:06.000,1.233200,1.233500,D
174053942,EUR/USD,2005-08-04 09:53:14.000,1.233300,1.233600,D
174054116,EUR/USD,2005-08-04 09:54:41.000,1.233200,1.233500,D
174054134,EUR/USD,2005-08-04 09:54:48.000,1.233300,1.233600,D
174054147,EUR/USD,2005-08-04 09:54:51.000,1.233200,1.233500,D
174054159,EUR/USD,2005-08-04 09:54:56.000,1.233300,1.233600,D
174054166,EUR/USD,2005-08-04 09:54:57.000,1.233200,1.233500,D
174054168,EUR/USD,2005-08-04 09:54:59.000,1.233300,1.233600,D
174054178,EUR/USD,2005-08-04 09:55:03.000,1.233200,1.233500,D
174054215,EUR/USD,2005-08-04 09:55:26.000,1.233300,1.233600,D
174054226,EUR/USD,2005-08-04 09:55:31.000,1.233400,1.233700,D
174054235,EUR/USD,2005-08-04 09:55:34.000,1.233300,1.233600,D
174054256,EUR/USD,2005-08-04 09:55:39.000,1.233400,1.233700,D
174054257,EUR/USD,2005-08-04 09:55:40.000,1.233300,1.233600,D
174054258,EUR/USD,2005-08-04 09:55:40.000,1.233400,1.233700,D
174054271,EUR/USD,2005-08-04 09:56:00.000,1.233300,1.233600,D
174054303,EUR/USD,2005-08-04 09:56:21.000,1.233400,1.233700,D
174054392,EUR/USD,2005-08-04 09:57:24.000,1.233500,1.233800,D
174054397,EUR/USD,2005-08-04 09:57:26.000,1.233400,1.233700,D
174054472,EUR/USD,2005-08-04 09:57:52.000,1.233500,1.233800,D
174054519,EUR/USD,2005-08-04 09:58:04.000,1.233400,1.233700,D
174054528,EUR/USD,2005-08-04 09:58:05.000,1.233300,1.233600,D
174054542,EUR/USD,2005-08-04 09:58:08.000,1.233400,1.233700,D
174054642,EUR/USD,2005-08-04 09:58:39.000,1.233500,1.233800,D
174054653,EUR/USD,2005-08-04 09:58:41.000,1.233400,1.233700,D
174054657,EUR/USD,2005-08-04 09:58:41.000,1.233500,1.233800,D
174054678,EUR/USD,2005-08-04 09:58:44.000,1.233400,1.233700,D
174054684,EUR/USD,2005-08-04 09:58:44.000,1.233500,1.233800,D
174054686,EUR/USD,2005-08-04 09:58:44.000,1.233400,1.233700,D
174054691,EUR/USD,2005-08-04 09:58:45.000,1.233500,1.233800,D
174054716,EUR/USD,2005-08-04 09:58:49.000,1.233400,1.233700,D
174054778,EUR/USD,2005-08-04 09:59:18.000,1.233500,1.233800,D
174054830,EUR/USD,2005-08-04 09:59:34.000,1.233600,1.233900,D
174054859,EUR/USD,2005-08-04 09:59:38.000,1.233700,1.234000,D
174054906,EUR/USD,2005-08-04 09:59:49.000,1.233600,1.233900,D
174054921,EUR/USD,2005-08-04 09:59:51.000,1.233700,1.234000,D
174054944,EUR/USD,2005-08-04 09:59:59.000,1.233600,1.233900,D
174054964,EUR/USD,2005-08-04 10:00:10.000,1.233700,1.234000,D
174055006,EUR/USD,2005-08-04 10:00:21.000,1.233600,1.233900,D
174055011,EUR/USD,2005-08-04 10:00:22.000,1.233700,1.234000,D
174055033,EUR/USD,2005-08-04 10:00:26.000,1.233800,1.234100,D
174055073,EUR/USD,2005-08-04 10:00:31.000,1.233700,1.234000,D
174055103,EUR/USD,2005-08-04 10:00:35.000,1.233800,1.234100,D
174055147,EUR/USD,2005-08-04 10:00:44.000,1.233900,1.234200,D
174055158,EUR/USD,2005-08-04 10:00:46.000,1.233800,1.234100,D
174055169,EUR/USD,2005-08-04 10:00:48.000,1.233700,1.234000,D
174055186,EUR/USD,2005-08-04 10:00:52.000,1.233600,1.233900,D
174055245,EUR/USD,2005-08-04 10:01:06.000,1.233700,1.234000,D
174055317,EUR/USD,2005-08-04 10:01:22.000,1.233800,1.234100,D
174055345,EUR/USD,2005-08-04 10:01:29.000,1.233700,1.234000,D
174055390,EUR/USD,2005-08-04 10:01:49.000,1.233800,1.234100,D
174055397,EUR/USD,2005-08-04 10:01:50.000,1.233700,1.234000,D
174055429,EUR/USD,2005-08-04 10:01:59.000,1.233600,1.233900,D
174055431,EUR/USD,2005-08-04 10:01:59.000,1.233700,1.234000,D
174055440,EUR/USD,2005-08-04 10:02:00.000,1.233600,1.233900,D
174055442,EUR/USD,2005-08-04 10:02:00.000,1.233700,1.234000,D
174055444,EUR/USD,2005-08-04 10:02:01.000,1.233800,1.234100,D
174055460,EUR/USD,2005-08-04 10:02:03.000,1.233700,1.234000,D
174055463,EUR/USD,2005-08-04 10:02:03.000,1.233800,1.234100,D
174055472,EUR/USD,2005-08-04 10:02:05.000,1.233900,1.234200,D
174055492,EUR/USD,2005-08-04 10:02:08.000,1.233800,1.234100,D
174055522,EUR/USD,2005-08-04 10:02:16.000,1.233900,1.234200,D
174055578,EUR/USD,2005-08-04 10:02:36.000,1.233800,1.234100,D
174055602,EUR/USD,2005-08-04 10:02:45.000,1.233700,1.234000,D
174055603,EUR/USD,2005-08-04 10:02:46.000,1.233800,1.234100,D
174055608,EUR/USD,2005-08-04 10:02:46.000,1.233700,1.234000,D
174055626,EUR/USD,2005-08-04 10:02:51.000,1.233800,1.234100,D
174055643,EUR/USD,2005-08-04 10:02:55.000,1.233900,1.234200,D
174055703,EUR/USD,2005-08-04 10:03:32.000,1.233800,1.234100,D
174055717,EUR/USD,2005-08-04 10:03:35.000,1.233700,1.234000,D
174055721,EUR/USD,2005-08-04 10:03:36.000,1.233800,1.234100,D
174055784,EUR/USD,2005-08-04 10:03:46.000,1.233700,1.234000,D
174055787,EUR/USD,2005-08-04 10:03:47.000,1.233800,1.234100,D
174055802,EUR/USD,2005-08-04 10:03:53.000,1.233700,1.234000,D
174055821,EUR/USD,2005-08-04 10:03:59.000,1.233800,1.234100,D
174055824,EUR/USD,2005-08-04 10:04:00.000,1.233700,1.234000,D
174055835,EUR/USD,2005-08-04 10:04:05.000,1.233800,1.234100,D
174055840,EUR/USD,2005-08-04 10:04:08.000,1.233700,1.234000,D
174055846,EUR/USD,2005-08-04 10:04:10.000,1.233800,1.234100,D
174055868,EUR/USD,2005-08-04 10:04:22.000,1.233700,1.234000,D
174055872,EUR/USD,2005-08-04 10:04:22.000,1.233600,1.233900,D
174055946,EUR/USD,2005-08-04 10:05:09.000,1.233700,1.234000,D
174055997,EUR/USD,2005-08-04 10:05:19.000,1.233600,1.233900,D
174056013,EUR/USD,2005-08-04 10:05:22.000,1.233700,1.234000,D
174056018,EUR/USD,2005-08-04 10:05:23.000,1.233600,1.233900,D
174056036,EUR/USD,2005-08-04 10:05:29.000,1.233700,1.234000,D
174056042,EUR/USD,2005-08-04 10:05:30.000,1.233600,1.233900,D
174056047,EUR/USD,2005-08-04 10:05:34.000,1.233700,1.234000,D
174056091,EUR/USD,2005-08-04 10:05:52.000,1.233800,1.234100,D
174056108,EUR/USD,2005-08-04 10:05:56.000,1.233700,1.234000,D
174056112,EUR/USD,2005-08-04 10:05:57.000,1.233600,1.233900,D
174056162,EUR/USD,2005-08-04 10:06:47.000,1.233700,1.234000,D
174056166,EUR/USD,2005-08-04 10:06:48.000,1.233600,1.233900,D
174056175,EUR/USD,2005-08-04 10:06:53.000,1.233500,1.233800,D
174056226,EUR/USD,2005-08-04 10:07:13.000,1.233600,1.233900,D
174056234,EUR/USD,2005-08-04 10:07:16.000,1.233500,1.233800,D
174056242,EUR/USD,2005-08-04 10:07:21.000,1.233600,1.233900,D
174056260,EUR/USD,2005-08-04 10:07:38.000,1.233500,1.233800,D
174056265,EUR/USD,2005-08-04 10:07:38.000,1.233600,1.233900,D
174056272,EUR/USD,2005-08-04 10:07:41.000,1.233500,1.233800,D
174056276,EUR/USD,2005-08-04 10:07:41.000,1.233600,1.233900,D
174056281,EUR/USD,2005-08-04 10:07:42.000,1.233500,1.233800,D
174056295,EUR/USD,2005-08-04 10:07:47.000,1.233600,1.233900,D
174056304,EUR/USD,2005-08-04 10:07:50.000,1.233500,1.233800,D
174056316,EUR/USD,2005-08-04 10:07:53.000,1.233600,1.233900,D
174056325,EUR/USD,2005-08-04 10:07:56.000,1.233500,1.233800,D
174056431,EUR/USD,2005-08-04 10:08:32.000,1.233600,1.233900,D
174056452,EUR/USD,2005-08-04 10:08:42.000,1.233700,1.234000,D
174056480,EUR/USD,2005-08-04 10:08:46.000,1.233600,1.233900,D
174056486,EUR/USD,2005-08-04 10:08:46.000,1.233700,1.234000,D
174056491,EUR/USD,2005-08-04 10:08:47.000,1.233600,1.233900,D
174056495,EUR/USD,2005-08-04 10:08:47.000,1.233700,1.234000,D
174056503,EUR/USD,2005-08-04 10:08:51.000,1.233800,1.234100,D
174056524,EUR/USD,2005-08-04 10:08:53.000,1.233900,1.234200,D
174056548,EUR/USD,2005-08-04 10:08:56.000,1.234000,1.234300,D
174056560,EUR/USD,2005-08-04 10:08:58.000,1.233900,1.234200,D
174056562,EUR/USD,2005-08-04 10:08:58.000,1.234000,1.234300,D
174056578,EUR/USD,2005-08-04 10:09:01.000,1.233900,1.234200,D
174056590,EUR/USD,2005-08-04 10:09:03.000,1.234000,1.234300,D
174056610,EUR/USD,2005-08-04 10:09:11.000,1.233900,1.234200,D
174056655,EUR/USD,2005-08-04 10:09:21.000,1.234000,1.234300,D
174056669,EUR/USD,2005-08-04 10:09:23.000,1.233900,1.234200,D
174056674,EUR/USD,2005-08-04 10:09:24.000,1.234000,1.234300,D
174056679,EUR/USD,2005-08-04 10:09:25.000,1.233900,1.234200,D
174056703,EUR/USD,2005-08-04 10:09:34.000,1.234000,1.234300,D
174056715,EUR/USD,2005-08-04 10:09:35.000,1.233900,1.234200,D
174056720,EUR/USD,2005-08-04 10:09:36.000,1.234000,1.234300,D
174056726,EUR/USD,2005-08-04 10:09:38.000,1.233900,1.234200,D
174056742,EUR/USD,2005-08-04 10:09:42.000,1.233800,1.234100,D
174056769,EUR/USD,2005-08-04 10:09:47.000,1.233900,1.234200,D
174056780,EUR/USD,2005-08-04 10:09:48.000,1.233800,1.234100,D
174056785,EUR/USD,2005-08-04 10:09:49.000,1.233900,1.234200,D
174056794,EUR/USD,2005-08-04 10:09:51.000,1.233800,1.234100,D
174056800,EUR/USD,2005-08-04 10:09:52.000,1.233900,1.234200,D
174056817,EUR/USD,2005-08-04 10:10:09.000,1.234000,1.234300,D
174056831,EUR/USD,2005-08-04 10:10:12.000,1.234100,1.234400,D
174056843,EUR/USD,2005-08-04 10:10:17.000,1.234200,1.234500,D
174056856,EUR/USD,2005-08-04 10:10:20.000,1.234300,1.234600,D
174056862,EUR/USD,2005-08-04 10:10:20.000,1.234400,1.234700,D
174056863,EUR/USD,2005-08-04 10:10:21.000,1.234300,1.234600,D
174056866,EUR/USD,2005-08-04 10:10:21.000,1.234200,1.234500,D
174056902,EUR/USD,2005-08-04 10:10:26.000,1.234100,1.234400,D
174056942,EUR/USD,2005-08-04 10:10:36.000,1.234200,1.234500,D
174056952,EUR/USD,2005-08-04 10:10:38.000,1.234100,1.234400,D
174056966,EUR/USD,2005-08-04 10:10:45.000,1.234000,1.234300,D
174056970,EUR/USD,2005-08-04 10:10:47.000,1.234100,1.234400,D
174056986,EUR/USD,2005-08-04 10:10:49.000,1.234000,1.234300,D
174056994,EUR/USD,2005-08-04 10:10:51.000,1.233900,1.234200,D
174057042,EUR/USD,2005-08-04 10:11:07.000,1.233800,1.234100,D
174057051,EUR/USD,2005-08-04 10:11:09.000,1.233900,1.234200,D
174057060,EUR/USD,2005-08-04 10:11:14.000,1.234000,1.234300,D
174057077,EUR/USD,2005-08-04 10:11:16.000,1.233900,1.234200,D
174057106,EUR/USD,2005-08-04 10:11:25.000,1.234000,1.234300,D
174057127,EUR/USD,2005-08-04 10:11:32.000,1.233900,1.234200,D
174057131,EUR/USD,2005-08-04 10:11:32.000,1.234000,1.234300,D
174057148,EUR/USD,2005-08-04 10:11:38.000,1.233900,1.234200,D
174057162,EUR/USD,2005-08-04 10:11:42.000,1.233800,1.234100,D
174057188,EUR/USD,2005-08-04 10:11:47.000,1.233700,1.234000,D
174057196,EUR/USD,2005-08-04 10:11:47.000,1.233800,1.234100,D
174057223,EUR/USD,2005-08-04 10:11:52.000,1.233700,1.234000,D
174057249,EUR/USD,2005-08-04 10:12:01.000,1.233600,1.233900,D
174057250,EUR/USD,2005-08-04 10:12:01.000,1.233700,1.234000,D
174057265,EUR/USD,2005-08-04 10:12:02.000,1.233600,1.233900,D
174057302,EUR/USD,2005-08-04 10:12:10.000,1.233700,1.234000,D
174057310,EUR/USD,2005-08-04 10:12:12.000,1.233600,1.233900,D
174057315,EUR/USD,2005-08-04 10:12:12.000,1.233700,1.234000,D
174057329,EUR/USD,2005-08-04 10:12:14.000,1.233600,1.233900,D
174057340,EUR/USD,2005-08-04 10:12:17.000,1.233700,1.234000,D
174057351,EUR/USD,2005-08-04 10:12:23.000,1.233600,1.233900,D
174057354,EUR/USD,2005-08-04 10:12:24.000,1.233700,1.234000,D
174057404,EUR/USD,2005-08-04 10:12:49.000,1.233600,1.233900,D
174057433,EUR/USD,2005-08-04 10:12:58.000,1.233500,1.233800,D
174057434,EUR/USD,2005-08-04 10:12:58.000,1.233600,1.233900,D
174057445,EUR/USD,2005-08-04 10:12:59.000,1.233500,1.233800,D
174057454,EUR/USD,2005-08-04 10:13:02.000,1.233600,1.233900,D
174057470,EUR/USD,2005-08-04 10:13:08.000,1.233700,1.234000,D
174057488,EUR/USD,2005-08-04 10:13:17.000,1.233800,1.234100,D
174057495,EUR/USD,2005-08-04 10:13:17.000,1.233700,1.234000,D
174057526,EUR/USD,2005-08-04 10:13:30.000,1.233600,1.233900,D
174057546,EUR/USD,2005-08-04 10:13:32.000,1.233700,1.234000,D
174057562,EUR/USD,2005-08-04 10:13:34.000,1.233600,1.233900,D
174057605,EUR/USD,2005-08-04 10:13:48.000,1.233500,1.233800,D
174057682,EUR/USD,2005-08-04 10:14:12.000,1.233400,1.233700,D
174057703,EUR/USD,2005-08-04 10:14:23.000,1.233500,1.233800,D
174057708,EUR/USD,2005-08-04 10:14:25.000,1.233400,1.233700,D
174057748,EUR/USD,2005-08-04 10:14:50.000,1.233500,1.233800,D
174057775,EUR/USD,2005-08-04 10:14:54.000,1.233400,1.233700,D
174057792,EUR/USD,2005-08-04 10:15:01.000,1.233500,1.233800,D
174057798,EUR/USD,2005-08-04 10:15:03.000,1.233400,1.233700,D
174057835,EUR/USD,2005-08-04 10:15:30.000,1.233500,1.233800,D
174057841,EUR/USD,2005-08-04 10:15:32.000,1.233400,1.233700,D
174057873,EUR/USD,2005-08-04 10:15:47.000,1.233500,1.233800,D
174057897,EUR/USD,2005-08-04 10:15:52.000,1.233400,1.233700,D
174057934,EUR/USD,2005-08-04 10:16:02.000,1.233300,1.233600,D
174057953,EUR/USD,2005-08-04 10:16:12.000,1.233400,1.233700,D
174057956,EUR/USD,2005-08-04 10:16:15.000,1.233300,1.233600,D
174057961,EUR/USD,2005-08-04 10:16:17.000,1.233200,1.233500,D
174057964,EUR/USD,2005-08-04 10:16:18.000,1.233300,1.233600,D
174057966,EUR/USD,2005-08-04 10:16:18.000,1.233200,1.233500,D
174057971,EUR/USD,2005-08-04 10:16:19.000,1.233300,1.233600,D
174057975,EUR/USD,2005-08-04 10:16:20.000,1.233200,1.233500,D
174057994,EUR/USD,2005-08-04 10:16:34.000,1.233300,1.233600,D
174058014,EUR/USD,2005-08-04 10:16:37.000,1.233400,1.233700,D
174058078,EUR/USD,2005-08-04 10:17:01.000,1.233500,1.233800,D
174058141,EUR/USD,2005-08-04 10:17:23.000,1.233600,1.233900,D
174058172,EUR/USD,2005-08-04 10:17:31.000,1.233500,1.233800,D
174058192,EUR/USD,2005-08-04 10:17:38.000,1.233400,1.233700,D
174058202,EUR/USD,2005-08-04 10:17:40.000,1.233500,1.233800,D
174058250,EUR/USD,2005-08-04 10:17:56.000,1.233600,1.233900,D
174058274,EUR/USD,2005-08-04 10:18:00.000,1.233500,1.233800,D
174058301,EUR/USD,2005-08-04 10:18:09.000,1.233600,1.233900,D
174058304,EUR/USD,2005-08-04 10:18:10.000,1.233500,1.233800,D
174058334,EUR/USD,2005-08-04 10:18:24.000,1.233600,1.233900,D
174058358,EUR/USD,2005-08-04 10:18:30.000,1.233700,1.234000,D
174058362,EUR/USD,2005-08-04 10:18:31.000,1.233600,1.233900,D
174058369,EUR/USD,2005-08-04 10:18:31.000,1.233700,1.234000,D
174058386,EUR/USD,2005-08-04 10:18:33.000,1.233600,1.233900,D
174058408,EUR/USD,2005-08-04 10:18:38.000,1.233500,1.233800,D
174058420,EUR/USD,2005-08-04 10:18:40.000,1.233600,1.233900,D
174058434,EUR/USD,2005-08-04 10:18:47.000,1.233700,1.234000,D
174058446,EUR/USD,2005-08-04 10:18:48.000,1.233600,1.233900,D
174058461,EUR/USD,2005-08-04 10:18:55.000,1.233700,1.234000,D
174058474,EUR/USD,2005-08-04 10:18:59.000,1.233600,1.233900,D
174058482,EUR/USD,2005-08-04 10:19:01.000,1.233700,1.234000,D
174058529,EUR/USD,2005-08-04 10:19:14.000,1.233600,1.233900,D
174058548,EUR/USD,2005-08-04 10:19:17.000,1.233700,1.234000,D
174058563,EUR/USD,2005-08-04 10:19:19.000,1.233600,1.233900,D
174058569,EUR/USD,2005-08-04 10:19:19.000,1.233700,1.234000,D
174058612,EUR/USD,2005-08-04 10:19:25.000,1.233600,1.233900,D
174058708,EUR/USD,2005-08-04 10:20:07.000,1.233700,1.234000,D
174058730,EUR/USD,2005-08-04 10:20:16.000,1.233600,1.233900,D
174058768,EUR/USD,2005-08-04 10:20:28.000,1.233700,1.234000,D
174058774,EUR/USD,2005-08-04 10:20:30.000,1.233600,1.233900,D
174058781,EUR/USD,2005-08-04 10:20:31.000,1.233500,1.233800,D
174058785,EUR/USD,2005-08-04 10:20:32.000,1.233600,1.233900,D
174058860,EUR/USD,2005-08-04 10:21:11.000,1.233500,1.233800,D
174058889,EUR/USD,2005-08-04 10:21:25.000,1.233600,1.233900,D
174058893,EUR/USD,2005-08-04 10:21:27.000,1.233500,1.233800,D
174058903,EUR/USD,2005-08-04 10:21:30.000,1.233400,1.233700,D
174058910,EUR/USD,2005-08-04 10:21:32.000,1.233500,1.233800,D
174058917,EUR/USD,2005-08-04 10:21:34.000,1.233400,1.233700,D
174058921,EUR/USD,2005-08-04 10:21:34.000,1.233500,1.233800,D
174058942,EUR/USD,2005-08-04 10:21:44.000,1.233600,1.233900,D
174058946,EUR/USD,2005-08-04 10:21:45.000,1.233500,1.233800,D
174058961,EUR/USD,2005-08-04 10:21:57.000,1.233600,1.233900,D
174058981,EUR/USD,2005-08-04 10:22:03.000,1.233700,1.234000,D
174058997,EUR/USD,2005-08-04 10:22:09.000,1.233600,1.233900,D
174059021,EUR/USD,2005-08-04 10:22:16.000,1.233700,1.234000,D
174059034,EUR/USD,2005-08-04 10:22:18.000,1.233600,1.233900,D
174059044,EUR/USD,2005-08-04 10:22:19.000,1.233700,1.234000,D
174059061,EUR/USD,2005-08-04 10:22:24.000,1.233600,1.233900,D
174059065,EUR/USD,2005-08-04 10:22:26.000,1.233700,1.234000,D
174059082,EUR/USD,2005-08-04 10:22:35.000,1.233600,1.233900,D
174059091,EUR/USD,2005-08-04 10:22:38.000,1.233500,1.233800,D
174059101,EUR/USD,2005-08-04 10:22:46.000,1.233600,1.233900,D
174059110,EUR/USD,2005-08-04 10:22:55.000,1.233500,1.233800,D
174059119,EUR/USD,2005-08-04 10:22:58.000,1.233600,1.233900,D
174059152,EUR/USD,2005-08-04 10:23:09.000,1.233700,1.234000,D
174059160,EUR/USD,2005-08-04 10:23:12.000,1.233600,1.233900,D
174059166,EUR/USD,2005-08-04 10:23:13.000,1.233700,1.234000,D
174059172,EUR/USD,2005-08-04 10:23:14.000,1.233600,1.233900,D
174059186,EUR/USD,2005-08-04 10:23:19.000,1.233700,1.234000,D
174059197,EUR/USD,2005-08-04 10:23:23.000,1.233600,1.233900,D
174059200,EUR/USD,2005-08-04 10:23:23.000,1.233700,1.234000,D
174059203,EUR/USD,2005-08-04 10:23:25.000,1.233600,1.233900,D
174059205,EUR/USD,2005-08-04 10:23:26.000,1.233700,1.234000,D
174059211,EUR/USD,2005-08-04 10:23:27.000,1.233600,1.233900,D
174059283,EUR/USD,2005-08-04 10:24:08.000,1.233500,1.233800,D
174059291,EUR/USD,2005-08-04 10:24:09.000,1.233600,1.233900,D
174059308,EUR/USD,2005-08-04 10:24:16.000,1.233500,1.233800,D
174059323,EUR/USD,2005-08-04 10:24:24.000,1.233600,1.233900,D
174059342,EUR/USD,2005-08-04 10:24:29.000,1.233500,1.233800,D
174059347,EUR/USD,2005-08-04 10:24:30.000,1.233600,1.233900,D
174059375,EUR/USD,2005-08-04 10:24:52.000,1.233500,1.233800,D
174059376,EUR/USD,2005-08-04 10:24:53.000,1.233600,1.233900,D
174059383,EUR/USD,2005-08-04 10:24:55.000,1.233500,1.233800,D
174059385,EUR/USD,2005-08-04 10:24:55.000,1.233600,1.233900,D
174059407,EUR/USD,2005-08-04 10:25:02.000,1.233500,1.233800,D
174059414,EUR/USD,2005-08-04 10:25:03.000,1.233600,1.233900,D
174059437,EUR/USD,2005-08-04 10:25:20.000,1.233500,1.233800,D
174059439,EUR/USD,2005-08-04 10:25:20.000,1.233600,1.233900,D
174059443,EUR/USD,2005-08-04 10:25:23.000,1.233700,1.234000,D
174059454,EUR/USD,2005-08-04 10:25:25.000,1.233600,1.233900,D
174059456,EUR/USD,2005-08-04 10:25:25.000,1.233700,1.234000,D
174059472,EUR/USD,2005-08-04 10:25:27.000,1.233600,1.233900,D
174059489,EUR/USD,2005-08-04 10:25:44.000,1.233700,1.234000,D
174059569,EUR/USD,2005-08-04 10:26:44.000,1.233600,1.233900,D
174059580,EUR/USD,2005-08-04 10:26:47.000,1.233700,1.234000,D
174059586,EUR/USD,2005-08-04 10:26:51.000,1.233600,1.233900,D
174059594,EUR/USD,2005-08-04 10:26:53.000,1.233700,1.234000,D
174059638,EUR/USD,2005-08-04 10:27:04.000,1.233800,1.234100,D
174059655,EUR/USD,2005-08-04 10:27:11.000,1.233700,1.234000,D
174059667,EUR/USD,2005-08-04 10:27:16.000,1.233800,1.234100,D
174059678,EUR/USD,2005-08-04 10:27:19.000,1.233900,1.234200,D
174059697,EUR/USD,2005-08-04 10:27:22.000,1.234000,1.234300,D
174059730,EUR/USD,2005-08-04 10:27:30.000,1.233900,1.234200,D
174059740,EUR/USD,2005-08-04 10:27:31.000,1.234000,1.234300,D
174059755,EUR/USD,2005-08-04 10:27:37.000,1.234100,1.234400,D
174059769,EUR/USD,2005-08-04 10:27:40.000,1.234000,1.234300,D
174059783,EUR/USD,2005-08-04 10:27:42.000,1.234100,1.234400,D
174059804,EUR/USD,2005-08-04 10:27:44.000,1.234000,1.234300,D
174059816,EUR/USD,2005-08-04 10:27:47.000,1.234100,1.234400,D
174059823,EUR/USD,2005-08-04 10:27:48.000,1.234000,1.234300,D
174059826,EUR/USD,2005-08-04 10:27:49.000,1.234100,1.234400,D
174059885,EUR/USD,2005-08-04 10:28:12.000,1.234000,1.234300,D
174059891,EUR/USD,2005-08-04 10:28:13.000,1.234100,1.234400,D
174059905,EUR/USD,2005-08-04 10:28:14.000,1.233900,1.234200,D
174059914,EUR/USD,2005-08-04 10:28:15.000,1.234000,1.234300,D
174059918,EUR/USD,2005-08-04 10:28:17.000,1.233900,1.234200,D
174059931,EUR/USD,2005-08-04 10:28:18.000,1.234000,1.234300,D
174059989,EUR/USD,2005-08-04 10:28:32.000,1.233900,1.234200,D
174060008,EUR/USD,2005-08-04 10:28:39.000,1.233800,1.234100,D
174060015,EUR/USD,2005-08-04 10:28:41.000,1.233900,1.234200,D
174060018,EUR/USD,2005-08-04 10:28:42.000,1.233800,1.234100,D
174060034,EUR/USD,2005-08-04 10:28:43.000,1.233900,1.234200,D
174060044,EUR/USD,2005-08-04 10:28:45.000,1.233800,1.234100,D
174060070,EUR/USD,2005-08-04 10:28:52.000,1.233700,1.234000,D
174060117,EUR/USD,2005-08-04 10:29:05.000,1.233800,1.234100,D
174060142,EUR/USD,2005-08-04 10:29:11.000,1.233700,1.234000,D
174060143,EUR/USD,2005-08-04 10:29:11.000,1.233800,1.234100,D
174060179,EUR/USD,2005-08-04 10:29:26.000,1.233700,1.234000,D
174060193,EUR/USD,2005-08-04 10:29:29.000,1.233800,1.234100,D
174060199,EUR/USD,2005-08-04 10:29:31.000,1.233700,1.234000,D
174060209,EUR/USD,2005-08-04 10:29:34.000,1.233800,1.234100,D
174060210,EUR/USD,2005-08-04 10:29:34.000,1.233900,1.234200,D
174060221,EUR/USD,2005-08-04 10:29:36.000,1.234000,1.234300,D
174060252,EUR/USD,2005-08-04 10:29:39.000,1.234100,1.234400,D
174060256,EUR/USD,2005-08-04 10:29:40.000,1.234200,1.234500,D
174060284,EUR/USD,2005-08-04 10:29:42.000,1.234300,1.234600,D
174060292,EUR/USD,2005-08-04 10:29:43.000,1.234200,1.234500,D
174060296,EUR/USD,2005-08-04 10:29:44.000,1.234100,1.234400,D
174060359,EUR/USD,2005-08-04 10:30:10.000,1.234200,1.234500,D
174060368,EUR/USD,2005-08-04 10:30:12.000,1.234100,1.234400,D
174060406,EUR/USD,2005-08-04 10:30:22.000,1.234200,1.234500,D
174060411,EUR/USD,2005-08-04 10:30:25.000,1.234100,1.234400,D
174060439,EUR/USD,2005-08-04 10:30:35.000,1.234200,1.234500,D
174060452,EUR/USD,2005-08-04 10:30:40.000,1.234300,1.234600,D
174060483,EUR/USD,2005-08-04 10:30:48.000,1.234200,1.234500,D
174060529,EUR/USD,2005-08-04 10:31:10.000,1.234100,1.234400,D
174060545,EUR/USD,2005-08-04 10:31:14.000,1.234000,1.234300,D
174060554,EUR/USD,2005-08-04 10:31:16.000,1.234100,1.234400,D
174060566,EUR/USD,2005-08-04 10:31:17.000,1.234000,1.234300,D
174060589,EUR/USD,2005-08-04 10:31:23.000,1.233900,1.234200,D
174060601,EUR/USD,2005-08-04 10:31:25.000,1.234000,1.234300,D
174060606,EUR/USD,2005-08-04 10:31:25.000,1.233900,1.234200,D
174060644,EUR/USD,2005-08-04 10:31:47.000,1.234000,1.234300,D
174060648,EUR/USD,2005-08-04 10:31:47.000,1.234100,1.234400,D
174060685,EUR/USD,2005-08-04 10:32:00.000,1.234200,1.234500,D
174060707,EUR/USD,2005-08-04 10:32:10.000,1.234100,1.234400,D
174060715,EUR/USD,2005-08-04 10:32:14.000,1.234000,1.234300,D
174060757,EUR/USD,2005-08-04 10:32:28.000,1.234100,1.234400,D
174060770,EUR/USD,2005-08-04 10:32:32.000,1.234200,1.234500,D
174060780,EUR/USD,2005-08-04 10:32:34.000,1.234300,1.234600,D
174060792,EUR/USD,2005-08-04 10:32:35.000,1.234200,1.234500,D
174060801,EUR/USD,2005-08-04 10:32:37.000,1.234100,1.234400,D
174060815,EUR/USD,2005-08-04 10:32:38.000,1.234000,1.234300,D
174060820,EUR/USD,2005-08-04 10:32:39.000,1.234100,1.234400,D
174060846,EUR/USD,2005-08-04 10:32:45.000,1.234200,1.234500,D
174060862,EUR/USD,2005-08-04 10:32:48.000,1.234300,1.234600,D
174060866,EUR/USD,2005-08-04 10:32:49.000,1.234200,1.234500,D
174060874,EUR/USD,2005-08-04 10:32:51.000,1.234300,1.234600,D
174060914,EUR/USD,2005-08-04 10:33:06.000,1.234400,1.234700,D
174060936,EUR/USD,2005-08-04 10:33:15.000,1.234300,1.234600,D
174060940,EUR/USD,2005-08-04 10:33:15.000,1.234400,1.234700,D
174060946,EUR/USD,2005-08-04 10:33:17.000,1.234300,1.234600,D
174060959,EUR/USD,2005-08-04 10:33:20.000,1.234400,1.234700,D
174060981,EUR/USD,2005-08-04 10:33:30.000,1.234500,1.234800,D
174060984,EUR/USD,2005-08-04 10:33:31.000,1.234400,1.234700,D
174060989,EUR/USD,2005-08-04 10:33:33.000,1.234300,1.234600,D
174060992,EUR/USD,2005-08-04 10:33:33.000,1.234400,1.234700,D
174060996,EUR/USD,2005-08-04 10:33:33.000,1.234500,1.234800,D
174061014,EUR/USD,2005-08-04 10:33:39.000,1.234400,1.234700,D
174061021,EUR/USD,2005-08-04 10:33:39.000,1.234500,1.234800,D
174061024,EUR/USD,2005-08-04 10:33:39.000,1.234600,1.234900,D
174061035,EUR/USD,2005-08-04 10:33:41.000,1.234700,1.235000,D
174061050,EUR/USD,2005-08-04 10:33:42.000,1.234800,1.235100,D
174061069,EUR/USD,2005-08-04 10:33:44.000,1.234900,1.235200,D
174061079,EUR/USD,2005-08-04 10:33:45.000,1.235000,1.235300,D
174061094,EUR/USD,2005-08-04 10:33:47.000,1.235100,1.235400,D
174061112,EUR/USD,2005-08-04 10:33:48.000,1.235200,1.235500,D
174061116,EUR/USD,2005-08-04 10:33:48.000,1.235300,1.235500,D
174061127,EUR/USD,2005-08-04 10:33:49.000,1.235300,1.235600,D
174061141,EUR/USD,2005-08-04 10:33:50.000,1.235400,1.235600,D
174061159,EUR/USD,2005-08-04 10:33:51.000,1.235300,1.235600,D
174061184,EUR/USD,2005-08-04 10:33:52.000,1.235400,1.235700,D
174061198,EUR/USD,2005-08-04 10:33:54.000,1.235300,1.235600,D
174061225,EUR/USD,2005-08-04 10:33:57.000,1.235200,1.235500,D
174061241,EUR/USD,2005-08-04 10:34:01.000,1.235100,1.235400,D
174061243,EUR/USD,2005-08-04 10:34:01.000,1.235200,1.235500,D
174061253,EUR/USD,2005-08-04 10:34:02.000,1.235100,1.235400,D
174061264,EUR/USD,2005-08-04 10:34:03.000,1.235200,1.235500,D
174061275,EUR/USD,2005-08-04 10:34:04.000,1.235100,1.235400,D
174061278,EUR/USD,2005-08-04 10:34:04.000,1.235200,1.235500,D
174061296,EUR/USD,2005-08-04 10:34:07.000,1.235300,1.235600,D
174061306,EUR/USD,2005-08-04 10:34:09.000,1.235400,1.235700,D
174061340,EUR/USD,2005-08-04 10:34:15.000,1.235300,1.235600,D
174061360,EUR/USD,2005-08-04 10:34:21.000,1.235200,1.235500,D
174061380,EUR/USD,2005-08-04 10:34:25.000,1.235100,1.235400,D
174061407,EUR/USD,2005-08-04 10:34:28.000,1.235000,1.235300,D
174061464,EUR/USD,2005-08-04 10:34:37.000,1.234900,1.235200,D
174061466,EUR/USD,2005-08-04 10:34:38.000,1.235000,1.235300,D
174061485,EUR/USD,2005-08-04 10:34:41.000,1.234900,1.235200,D
174061496,EUR/USD,2005-08-04 10:34:42.000,1.235000,1.235300,D
174061507,EUR/USD,2005-08-04 10:34:44.000,1.235100,1.235400,D
174061524,EUR/USD,2005-08-04 10:34:46.000,1.235200,1.235500,D
174061531,EUR/USD,2005-08-04 10:34:48.000,1.235100,1.235400,D
174061538,EUR/USD,2005-08-04 10:34:48.000,1.235200,1.235500,D
174061552,EUR/USD,2005-08-04 10:34:50.000,1.235100,1.235400,D
174061567,EUR/USD,2005-08-04 10:34:55.000,1.235200,1.235500,D
174061582,EUR/USD,2005-08-04 10:34:59.000,1.235300,1.235600,D
174061586,EUR/USD,2005-08-04 10:34:59.000,1.235200,1.235500,D
174061615,EUR/USD,2005-08-04 10:35:05.000,1.235300,1.235600,D
174061629,EUR/USD,2005-08-04 10:35:08.000,1.235400,1.235700,D
174061645,EUR/USD,2005-08-04 10:35:10.000,1.235300,1.235600,D
174061654,EUR/USD,2005-08-04 10:35:11.000,1.235400,1.235700,D
174061685,EUR/USD,2005-08-04 10:35:15.000,1.235300,1.235600,D
174061688,EUR/USD,2005-08-04 10:35:15.000,1.235400,1.235700,D
174061690,EUR/USD,2005-08-04 10:35:16.000,1.235300,1.235600,D
174061696,EUR/USD,2005-08-04 10:35:16.000,1.235400,1.235700,D
174061701,EUR/USD,2005-08-04 10:35:17.000,1.235300,1.235600,D
174061726,EUR/USD,2005-08-04 10:35:20.000,1.235400,1.235700,D
174061743,EUR/USD,2005-08-04 10:35:25.000,1.235500,1.235800,D
174061756,EUR/USD,2005-08-04 10:35:27.000,1.235600,1.235900,D
174061761,EUR/USD,2005-08-04 10:35:27.000,1.235500,1.235800,D
174061767,EUR/USD,2005-08-04 10:35:28.000,1.235600,1.235900,D
174061775,EUR/USD,2005-08-04 10:35:29.000,1.235700,1.236000,D
174061780,EUR/USD,2005-08-04 10:35:30.000,1.235800,1.236100,D
174061783,EUR/USD,2005-08-04 10:35:30.000,1.235700,1.236000,D
174061787,EUR/USD,2005-08-04 10:35:30.000,1.235800,1.236100,D
174061798,EUR/USD,2005-08-04 10:35:30.000,1.236000,1.236300,D
174061814,EUR/USD,2005-08-04 10:35:32.000,1.236100,1.236400,D
174061853,EUR/USD,2005-08-04 10:35:36.000,1.236000,1.236300,D
174061863,EUR/USD,2005-08-04 10:35:37.000,1.236100,1.236400,D
174061868,EUR/USD,2005-08-04 10:35:38.000,1.236000,1.236300,D
174061882,EUR/USD,2005-08-04 10:35:39.000,1.236100,1.236400,D
174061899,EUR/USD,2005-08-04 10:35:40.000,1.236000,1.236300,D
174061905,EUR/USD,2005-08-04 10:35:40.000,1.236100,1.236400,D
174061913,EUR/USD,2005-08-04 10:35:41.000,1.236200,1.236500,D
174061925,EUR/USD,2005-08-04 10:35:42.000,1.236300,1.236600,D
174061939,EUR/USD,2005-08-04 10:35:44.000,1.236200,1.236500,D
174061960,EUR/USD,2005-08-04 10:35:46.000,1.236300,1.236600,D
174061977,EUR/USD,2005-08-04 10:35:48.000,1.236200,1.236500,D
174061997,EUR/USD,2005-08-04 10:35:51.000,1.236100,1.236400,D
174062000,EUR/USD,2005-08-04 10:35:52.000,1.236200,1.236500,D
174062011,EUR/USD,2005-08-04 10:35:54.000,1.236300,1.236600,D
174062022,EUR/USD,2005-08-04 10:35:55.000,1.236200,1.236500,D
174062032,EUR/USD,2005-08-04 10:35:55.000,1.236300,1.236600,D
174062063,EUR/USD,2005-08-04 10:36:00.000,1.236400,1.236700,D
174062071,EUR/USD,2005-08-04 10:36:01.000,1.236300,1.236600,D
174062073,EUR/USD,2005-08-04 10:36:01.000,1.236400,1.236700,D
174062088,EUR/USD,2005-08-04 10:36:04.000,1.236300,1.236600,D
174062096,EUR/USD,2005-08-04 10:36:04.000,1.236200,1.236500,D
174062097,EUR/USD,2005-08-04 10:36:04.000,1.236300,1.236600,D
174062118,EUR/USD,2005-08-04 10:36:06.000,1.236400,1.236700,D
174062119,EUR/USD,2005-08-04 10:36:06.000,1.236600,1.236900,D
174062120,EUR/USD,2005-08-04 10:36:07.000,1.236500,1.236800,D
174062122,EUR/USD,2005-08-04 10:36:07.000,1.236400,1.236700,D
174062123,EUR/USD,2005-08-04 10:36:07.000,1.236300,1.236600,D
174062126,EUR/USD,2005-08-04 10:36:08.000,1.236200,1.236500,D
174062135,EUR/USD,2005-08-04 10:36:10.000,1.236300,1.236600,D
174062147,EUR/USD,2005-08-04 10:36:11.000,1.236200,1.236500,D
174062152,EUR/USD,2005-08-04 10:36:11.000,1.236300,1.236600,D
174062168,EUR/USD,2005-08-04 10:36:14.000,1.236200,1.236500,D
174062201,EUR/USD,2005-08-04 10:36:21.000,1.236100,1.236400,D
174062232,EUR/USD,2005-08-04 10:36:25.000,1.236000,1.236300,D
174062325,EUR/USD,2005-08-04 10:36:40.000,1.236100,1.236400,D
174062345,EUR/USD,2005-08-04 10:36:43.000,1.236000,1.236300,D
174062369,EUR/USD,2005-08-04 10:36:46.000,1.235900,1.236200,D
174062379,EUR/USD,2005-08-04 10:36:48.000,1.236000,1.236300,D
174062386,EUR/USD,2005-08-04 10:36:49.000,1.235900,1.236200,D
174062392,EUR/USD,2005-08-04 10:36:50.000,1.235800,1.236100,D
174062404,EUR/USD,2005-08-04 10:36:52.000,1.235900,1.236200,D
174062419,EUR/USD,2005-08-04 10:36:53.000,1.235800,1.236100,D
174062449,EUR/USD,2005-08-04 10:36:57.000,1.235900,1.236200,D
174062452,EUR/USD,2005-08-04 10:36:57.000,1.235800,1.236100,D
174062458,EUR/USD,2005-08-04 10:36:59.000,1.235900,1.236200,D
174062476,EUR/USD,2005-08-04 10:37:00.000,1.235800,1.236100,D
174062484,EUR/USD,2005-08-04 10:37:01.000,1.235900,1.236200,D
174062511,EUR/USD,2005-08-04 10:37:06.000,1.236000,1.236300,D
174062537,EUR/USD,2005-08-04 10:37:09.000,1.236100,1.236400,D
174062542,EUR/USD,2005-08-04 10:37:10.000,1.236200,1.236500,D
174062559,EUR/USD,2005-08-04 10:37:12.000,1.236300,1.236600,D
174062574,EUR/USD,2005-08-04 10:37:15.000,1.236400,1.236700,D
174062597,EUR/USD,2005-08-04 10:37:17.000,1.236300,1.236600,D
174062637,EUR/USD,2005-08-04 10:37:25.000,1.236200,1.236500,D
174062675,EUR/USD,2005-08-04 10:37:31.000,1.236300,1.236600,D
174062696,EUR/USD,2005-08-04 10:37:36.000,1.236400,1.236700,D
174062704,EUR/USD,2005-08-04 10:37:37.000,1.236300,1.236600,D
174062723,EUR/USD,2005-08-04 10:37:39.000,1.236200,1.236500,D
174062735,EUR/USD,2005-08-04 10:37:45.000,1.236300,1.236600,D
174062746,EUR/USD,2005-08-04 10:37:47.000,1.236200,1.236500,D
174062808,EUR/USD,2005-08-04 10:38:02.000,1.236300,1.236600,D
174062814,EUR/USD,2005-08-04 10:38:04.000,1.236400,1.236700,D
174062831,EUR/USD,2005-08-04 10:38:06.000,1.236500,1.236800,D
174062832,EUR/USD,2005-08-04 10:38:06.000,1.236600,1.236900,D
174062855,EUR/USD,2005-08-04 10:38:10.000,1.236500,1.236800,D
174062857,EUR/USD,2005-08-04 10:38:10.000,1.236600,1.236900,D
174062883,EUR/USD,2005-08-04 10:38:17.000,1.236500,1.236800,D
174062949,EUR/USD,2005-08-04 10:38:26.000,1.236400,1.236700,D
174062954,EUR/USD,2005-08-04 10:38:27.000,1.236500,1.236800,D
174062979,EUR/USD,2005-08-04 10:38:29.000,1.236400,1.236700,D
174062988,EUR/USD,2005-08-04 10:38:30.000,1.236500,1.236800,D
174062996,EUR/USD,2005-08-04 10:38:31.000,1.236400,1.236700,D
174063002,EUR/USD,2005-08-04 10:38:32.000,1.236500,1.236800,D
174063018,EUR/USD,2005-08-04 10:38:34.000,1.236400,1.236700,D
174063019,EUR/USD,2005-08-04 10:38:34.000,1.236500,1.236800,D
174063023,EUR/USD,2005-08-04 10:38:35.000,1.236400,1.236700,D
174063033,EUR/USD,2005-08-04 10:38:36.000,1.236500,1.236800,D
174063045,EUR/USD,2005-08-04 10:38:40.000,1.236600,1.236900,D
174063050,EUR/USD,2005-08-04 10:38:41.000,1.236500,1.236800,D
174063054,EUR/USD,2005-08-04 10:38:41.000,1.236400,1.236700,D
174063068,EUR/USD,2005-08-04 10:38:42.000,1.236500,1.236800,D
174063083,EUR/USD,2005-08-04 10:38:46.000,1.236600,1.236900,D
174063133,EUR/USD,2005-08-04 10:38:53.000,1.236500,1.236800,D
174063136,EUR/USD,2005-08-04 10:38:53.000,1.236600,1.236900,D
174063144,EUR/USD,2005-08-04 10:38:54.000,1.236500,1.236800,D
174063170,EUR/USD,2005-08-04 10:39:01.000,1.236600,1.236900,D
174063178,EUR/USD,2005-08-04 10:39:02.000,1.236500,1.236800,D
174063182,EUR/USD,2005-08-04 10:39:02.000,1.236400,1.236700,D
174063184,EUR/USD,2005-08-04 10:39:02.000,1.236300,1.236600,D
174063207,EUR/USD,2005-08-04 10:39:06.000,1.236200,1.236500,D
174063248,EUR/USD,2005-08-04 10:39:11.000,1.236300,1.236600,D
174063261,EUR/USD,2005-08-04 10:39:13.000,1.236400,1.236700,D
174063268,EUR/USD,2005-08-04 10:39:15.000,1.236300,1.236600,D
174063289,EUR/USD,2005-08-04 10:39:19.000,1.236200,1.236500,D
174063320,EUR/USD,2005-08-04 10:39:29.000,1.236100,1.236400,D
174063332,EUR/USD,2005-08-04 10:39:31.000,1.236000,1.236300,D
174063381,EUR/USD,2005-08-04 10:39:38.000,1.236100,1.236400,D
174063390,EUR/USD,2005-08-04 10:39:38.000,1.236000,1.236300,D
174063418,EUR/USD,2005-08-04 10:39:43.000,1.236100,1.236400,D
174063432,EUR/USD,2005-08-04 10:39:48.000,1.236000,1.236300,D
174063435,EUR/USD,2005-08-04 10:39:49.000,1.236100,1.236400,D
174063438,EUR/USD,2005-08-04 10:39:50.000,1.236000,1.236300,D
174063454,EUR/USD,2005-08-04 10:39:53.000,1.235900,1.236200,D
174063466,EUR/USD,2005-08-04 10:39:55.000,1.236000,1.236300,D
174063476,EUR/USD,2005-08-04 10:39:56.000,1.235900,1.236200,D
174063487,EUR/USD,2005-08-04 10:39:57.000,1.236000,1.236300,D
174063517,EUR/USD,2005-08-04 10:40:10.000,1.235900,1.236200,D
174063524,EUR/USD,2005-08-04 10:40:11.000,1.236000,1.236300,D
174063542,EUR/USD,2005-08-04 10:40:12.000,1.235900,1.236200,D
174063578,EUR/USD,2005-08-04 10:40:26.000,1.235800,1.236100,D
174063583,EUR/USD,2005-08-04 10:40:26.000,1.235900,1.236200,D
174063597,EUR/USD,2005-08-04 10:40:28.000,1.235800,1.236100,D
174063603,EUR/USD,2005-08-04 10:40:29.000,1.235900,1.236200,D
174063633,EUR/USD,2005-08-04 10:40:36.000,1.235800,1.236100,D
174063655,EUR/USD,2005-08-04 10:40:42.000,1.235900,1.236200,D
174063669,EUR/USD,2005-08-04 10:40:45.000,1.236000,1.236300,D
174063681,EUR/USD,2005-08-04 10:40:47.000,1.236100,1.236400,D
174063701,EUR/USD,2005-08-04 10:40:50.000,1.236200,1.236500,D
174063714,EUR/USD,2005-08-04 10:40:51.000,1.236100,1.236400,D
174063730,EUR/USD,2005-08-04 10:40:54.000,1.236000,1.236300,D
174063734,EUR/USD,2005-08-04 10:40:54.000,1.236100,1.236400,D
174063741,EUR/USD,2005-08-04 10:40:55.000,1.236200,1.236500,D
174063746,EUR/USD,2005-08-04 10:40:57.000,1.236100,1.236400,D
174063795,EUR/USD,2005-08-04 10:41:05.000,1.236200,1.236500,D
174063816,EUR/USD,2005-08-04 10:41:11.000,1.236300,1.236600,D
174063829,EUR/USD,2005-08-04 10:41:14.000,1.236200,1.236500,D
174063908,EUR/USD,2005-08-04 10:41:31.000,1.236100,1.236400,D
174063926,EUR/USD,2005-08-04 10:41:35.000,1.236000,1.236300,D
174063929,EUR/USD,2005-08-04 10:41:35.000,1.236100,1.236400,D
174063948,EUR/USD,2005-08-04 10:41:38.000,1.236000,1.236300,D
174063956,EUR/USD,2005-08-04 10:41:38.000,1.236100,1.236400,D
174063970,EUR/USD,2005-08-04 10:41:41.000,1.236200,1.236500,D
174063979,EUR/USD,2005-08-04 10:41:43.000,1.236100,1.236400,D
174063991,EUR/USD,2005-08-04 10:41:44.000,1.236200,1.236500,D
174064004,EUR/USD,2005-08-04 10:41:50.000,1.236300,1.236600,D
174064037,EUR/USD,2005-08-04 10:41:55.000,1.236200,1.236500,D
174064042,EUR/USD,2005-08-04 10:41:56.000,1.236300,1.236600,D
174064056,EUR/USD,2005-08-04 10:41:58.000,1.236200,1.236500,D
174064065,EUR/USD,2005-08-04 10:42:03.000,1.236300,1.236600,D
174064071,EUR/USD,2005-08-04 10:42:03.000,1.236400,1.236700,D
174064080,EUR/USD,2005-08-04 10:42:05.000,1.236300,1.236600,D
174064091,EUR/USD,2005-08-04 10:42:05.000,1.236200,1.236500,D
174064094,EUR/USD,2005-08-04 10:42:05.000,1.236300,1.236600,D
174064105,EUR/USD,2005-08-04 10:42:06.000,1.236200,1.236500,D
174064156,EUR/USD,2005-08-04 10:42:30.000,1.236300,1.236600,D
174064177,EUR/USD,2005-08-04 10:42:33.000,1.236200,1.236500,D
174064194,EUR/USD,2005-08-04 10:42:41.000,1.236300,1.236600,D
174064210,EUR/USD,2005-08-04 10:42:44.000,1.236200,1.236500,D
174064217,EUR/USD,2005-08-04 10:42:45.000,1.236300,1.236600,D
174064221,EUR/USD,2005-08-04 10:42:46.000,1.236200,1.236500,D
174064228,EUR/USD,2005-08-04 10:42:48.000,1.236300,1.236600,D
174064231,EUR/USD,2005-08-04 10:42:51.000,1.236200,1.236500,D
174064247,EUR/USD,2005-08-04 10:42:54.000,1.236300,1.236600,D
174064253,EUR/USD,2005-08-04 10:42:55.000,1.236200,1.236500,D
174064260,EUR/USD,2005-08-04 10:42:56.000,1.236300,1.236600,D
174064272,EUR/USD,2005-08-04 10:42:58.000,1.236200,1.236500,D
174064276,EUR/USD,2005-08-04 10:42:58.000,1.236300,1.236600,D
174064278,EUR/USD,2005-08-04 10:42:59.000,1.236200,1.236500,D
174064280,EUR/USD,2005-08-04 10:42:59.000,1.236300,1.236600,D
174064337,EUR/USD,2005-08-04 10:43:15.000,1.236200,1.236500,D
174064354,EUR/USD,2005-08-04 10:43:19.000,1.236300,1.236600,D
174064374,EUR/USD,2005-08-04 10:43:26.000,1.236400,1.236700,D
174064402,EUR/USD,2005-08-04 10:43:31.000,1.236300,1.236600,D
174064418,EUR/USD,2005-08-04 10:43:33.000,1.236400,1.236700,D
174064420,EUR/USD,2005-08-04 10:43:33.000,1.236300,1.236600,D
174064435,EUR/USD,2005-08-04 10:43:35.000,1.236200,1.236500,D
174064459,EUR/USD,2005-08-04 10:43:39.000,1.236100,1.236400,D
174064538,EUR/USD,2005-08-04 10:43:54.000,1.236200,1.236500,D
174064542,EUR/USD,2005-08-04 10:43:56.000,1.236100,1.236400,D
174064571,EUR/USD,2005-08-04 10:44:02.000,1.236000,1.236300,D
174064582,EUR/USD,2005-08-04 10:44:05.000,1.236100,1.236400,D
174064602,EUR/USD,2005-08-04 10:44:09.000,1.236000,1.236300,D
174064611,EUR/USD,2005-08-04 10:44:10.000,1.236100,1.236400,D
174064625,EUR/USD,2005-08-04 10:44:11.000,1.236000,1.236300,D
174064659,EUR/USD,2005-08-04 10:44:20.000,1.236100,1.236400,D
174064683,EUR/USD,2005-08-04 10:44:28.000,1.236200,1.236500,D
174064692,EUR/USD,2005-08-04 10:44:30.000,1.236300,1.236600,D
174064718,EUR/USD,2005-08-04 10:44:39.000,1.236400,1.236700,D
174064736,EUR/USD,2005-08-04 10:44:41.000,1.236300,1.236600,D
174064742,EUR/USD,2005-08-04 10:44:43.000,1.236400,1.236700,D
174064755,EUR/USD,2005-08-04 10:44:44.000,1.236300,1.236600,D
174064762,EUR/USD,2005-08-04 10:44:47.000,1.236400,1.236700,D
174064773,EUR/USD,2005-08-04 10:44:50.000,1.236500,1.236800,D
174064787,EUR/USD,2005-08-04 10:44:53.000,1.236600,1.236900,D
174064825,EUR/USD,2005-08-04 10:45:00.000,1.236500,1.236800,D
174064838,EUR/USD,2005-08-04 10:45:03.000,1.236400,1.236700,D
174064861,EUR/USD,2005-08-04 10:45:10.000,1.236500,1.236800,D
174064864,EUR/USD,2005-08-04 10:45:10.000,1.236400,1.236700,D
174064898,EUR/USD,2005-08-04 10:45:18.000,1.236300,1.236600,D
174064919,EUR/USD,2005-08-04 10:45:27.000,1.236200,1.236500,D
174064958,EUR/USD,2005-08-04 10:45:48.000,1.236100,1.236400,D
174064962,EUR/USD,2005-08-04 10:45:48.000,1.236200,1.236500,D
174064969,EUR/USD,2005-08-04 10:45:49.000,1.236100,1.236400,D
174064977,EUR/USD,2005-08-04 10:45:52.000,1.236200,1.236500,D
174065016,EUR/USD,2005-08-04 10:45:59.000,1.236300,1.236600,D
174065038,EUR/USD,2005-08-04 10:46:06.000,1.236200,1.236500,D
174065045,EUR/USD,2005-08-04 10:46:07.000,1.236300,1.236600,D
174065086,EUR/USD,2005-08-04 10:46:33.000,1.236400,1.236700,D
174065091,EUR/USD,2005-08-04 10:46:34.000,1.236500,1.236800,D
174065125,EUR/USD,2005-08-04 10:46:43.000,1.236400,1.236700,D
174065156,EUR/USD,2005-08-04 10:46:54.000,1.236300,1.236600,D
174065192,EUR/USD,2005-08-04 10:47:02.000,1.236400,1.236700,D
174065197,EUR/USD,2005-08-04 10:47:03.000,1.236300,1.236600,D
174065213,EUR/USD,2005-08-04 10:47:06.000,1.236400,1.236700,D
174065236,EUR/USD,2005-08-04 10:47:11.000,1.236300,1.236600,D
174065244,EUR/USD,2005-08-04 10:47:14.000,1.236400,1.236700,D
174065280,EUR/USD,2005-08-04 10:47:29.000,1.236300,1.236600,D
174065293,EUR/USD,2005-08-04 10:47:33.000,1.236400,1.236700,D
174065313,EUR/USD,2005-08-04 10:47:44.000,1.236300,1.236600,D
174065317,EUR/USD,2005-08-04 10:47:45.000,1.236400,1.236700,D
174065334,EUR/USD,2005-08-04 10:47:54.000,1.236500,1.236800,D
174065358,EUR/USD,2005-08-04 10:48:04.000,1.236600,1.236900,D
174065382,EUR/USD,2005-08-04 10:48:08.000,1.236500,1.236800,D
174065386,EUR/USD,2005-08-04 10:48:08.000,1.236600,1.236900,D
174065397,EUR/USD,2005-08-04 10:48:10.000,1.236500,1.236800,D
174065414,EUR/USD,2005-08-04 10:48:11.000,1.236400,1.236700,D
174065419,EUR/USD,2005-08-04 10:48:12.000,1.236500,1.236800,D
174065433,EUR/USD,2005-08-04 10:48:13.000,1.236400,1.236700,D
174065451,EUR/USD,2005-08-04 10:48:17.000,1.236300,1.236600,D
174065471,EUR/USD,2005-08-04 10:48:23.000,1.236200,1.236500,D
174065479,EUR/USD,2005-08-04 10:48:24.000,1.236300,1.236600,D
174065487,EUR/USD,2005-08-04 10:48:25.000,1.236200,1.236500,D
174065510,EUR/USD,2005-08-04 10:48:28.000,1.236300,1.236600,D
174065517,EUR/USD,2005-08-04 10:48:29.000,1.236200,1.236500,D
174065534,EUR/USD,2005-08-04 10:48:34.000,1.236100,1.236400,D
174065538,EUR/USD,2005-08-04 10:48:35.000,1.236200,1.236500,D
174065542,EUR/USD,2005-08-04 10:48:36.000,1.236100,1.236400,D
174065550,EUR/USD,2005-08-04 10:48:37.000,1.236200,1.236500,D
174065577,EUR/USD,2005-08-04 10:48:44.000,1.236100,1.236400,D
174065581,EUR/USD,2005-08-04 10:48:45.000,1.236200,1.236500,D
174065608,EUR/USD,2005-08-04 10:48:52.000,1.236300,1.236600,D
174065628,EUR/USD,2005-08-04 10:48:56.000,1.236200,1.236500,D
174065653,EUR/USD,2005-08-04 10:49:03.000,1.236100,1.236400,D
174065695,EUR/USD,2005-08-04 10:49:14.000,1.236000,1.236300,D
174065702,EUR/USD,2005-08-04 10:49:16.000,1.236100,1.236400,D
174065722,EUR/USD,2005-08-04 10:49:22.000,1.236200,1.236500,D
174065738,EUR/USD,2005-08-04 10:49:28.000,1.236300,1.236600,D
174065748,EUR/USD,2005-08-04 10:49:30.000,1.236200,1.236500,D
174065754,EUR/USD,2005-08-04 10:49:31.000,1.236300,1.236600,D
174065767,EUR/USD,2005-08-04 10:49:32.000,1.236200,1.236500,D
174065770,EUR/USD,2005-08-04 10:49:33.000,1.236300,1.236600,D
174065782,EUR/USD,2005-08-04 10:49:35.000,1.236200,1.236500,D
174065790,EUR/USD,2005-08-04 10:49:36.000,1.236300,1.236600,D
174065800,EUR/USD,2005-08-04 10:49:41.000,1.236200,1.236500,D
174065811,EUR/USD,2005-08-04 10:49:43.000,1.236300,1.236600,D
174065818,EUR/USD,2005-08-04 10:49:47.000,1.236200,1.236500,D
174065825,EUR/USD,2005-08-04 10:49:48.000,1.236300,1.236600,D
174065831,EUR/USD,2005-08-04 10:49:50.000,1.236400,1.236700,D
174065860,EUR/USD,2005-08-04 10:49:57.000,1.236300,1.236600,D
174065863,EUR/USD,2005-08-04 10:50:01.000,1.236400,1.236700,D
174065897,EUR/USD,2005-08-04 10:50:15.000,1.236300,1.236600,D
174065918,EUR/USD,2005-08-04 10:50:23.000,1.236200,1.236500,D
174065935,EUR/USD,2005-08-04 10:50:28.000,1.236300,1.236600,D
174065974,EUR/USD,2005-08-04 10:50:44.000,1.236200,1.236500,D
174065977,EUR/USD,2005-08-04 10:50:45.000,1.236300,1.236600,D
174066001,EUR/USD,2005-08-04 10:50:55.000,1.236400,1.236700,D
174066018,EUR/USD,2005-08-04 10:50:58.000,1.236500,1.236800,D
174066031,EUR/USD,2005-08-04 10:51:02.000,1.236600,1.236900,D
174066043,EUR/USD,2005-08-04 10:51:04.000,1.236500,1.236800,D
174066051,EUR/USD,2005-08-04 10:51:04.000,1.236600,1.236900,D
174066073,EUR/USD,2005-08-04 10:51:11.000,1.236500,1.236800,D
174066075,EUR/USD,2005-08-04 10:51:11.000,1.236600,1.236900,D
174066087,EUR/USD,2005-08-04 10:51:13.000,1.236500,1.236800,D
174066097,EUR/USD,2005-08-04 10:51:15.000,1.236400,1.236700,D
174066105,EUR/USD,2005-08-04 10:51:15.000,1.236500,1.236800,D
174066128,EUR/USD,2005-08-04 10:51:21.000,1.236400,1.236700,D
174066132,EUR/USD,2005-08-04 10:51:22.000,1.236500,1.236800,D
174066175,EUR/USD,2005-08-04 10:51:31.000,1.236400,1.236700,D
174066182,EUR/USD,2005-08-04 10:51:31.000,1.236500,1.236800,D
174066188,EUR/USD,2005-08-04 10:51:32.000,1.236400,1.236700,D
174066200,EUR/USD,2005-08-04 10:51:37.000,1.236500,1.236800,D
174066208,EUR/USD,2005-08-04 10:51:39.000,1.236400,1.236700,D
174066214,EUR/USD,2005-08-04 10:51:40.000,1.236500,1.236800,D
174066224,EUR/USD,2005-08-04 10:51:46.000,1.236600,1.236900,D
174066229,EUR/USD,2005-08-04 10:51:50.000,1.236700,1.237000,D
174066241,EUR/USD,2005-08-04 10:51:53.000,1.236600,1.236900,D
174066262,EUR/USD,2005-08-04 10:51:58.000,1.236700,1.237000,D
174066279,EUR/USD,2005-08-04 10:52:01.000,1.236600,1.236900,D
174066290,EUR/USD,2005-08-04 10:52:06.000,1.236500,1.236800,D
174066305,EUR/USD,2005-08-04 10:52:10.000,1.236600,1.236900,D
174066310,EUR/USD,2005-08-04 10:52:10.000,1.236700,1.237000,D
174066336,EUR/USD,2005-08-04 10:52:13.000,1.236800,1.237100,D
174066341,EUR/USD,2005-08-04 10:52:14.000,1.236900,1.237200,D
174066347,EUR/USD,2005-08-04 10:52:15.000,1.236800,1.237100,D
174066349,EUR/USD,2005-08-04 10:52:15.000,1.236900,1.237200,D
174066369,EUR/USD,2005-08-04 10:52:17.000,1.237000,1.237300,D
174066377,EUR/USD,2005-08-04 10:52:18.000,1.236900,1.237200,D
174066383,EUR/USD,2005-08-04 10:52:18.000,1.237000,1.237300,D
174066391,EUR/USD,2005-08-04 10:52:19.000,1.236900,1.237200,D
174066400,EUR/USD,2005-08-04 10:52:21.000,1.236800,1.237100,D
174066471,EUR/USD,2005-08-04 10:52:31.000,1.236700,1.237000,D
174066479,EUR/USD,2005-08-04 10:52:32.000,1.236600,1.236900,D
174066505,EUR/USD,2005-08-04 10:52:39.000,1.236700,1.237000,D
174066523,EUR/USD,2005-08-04 10:52:42.000,1.236800,1.237100,D
174066540,EUR/USD,2005-08-04 10:52:44.000,1.236700,1.237000,D
174066549,EUR/USD,2005-08-04 10:52:45.000,1.236600,1.236900,D
174066552,EUR/USD,2005-08-04 10:52:46.000,1.236500,1.236800,D
174066566,EUR/USD,2005-08-04 10:52:49.000,1.236600,1.236900,D
174066591,EUR/USD,2005-08-04 10:52:55.000,1.236700,1.237000,D
174066594,EUR/USD,2005-08-04 10:52:56.000,1.236600,1.236900,D
174066605,EUR/USD,2005-08-04 10:52:59.000,1.236700,1.237000,D
174066612,EUR/USD,2005-08-04 10:53:00.000,1.236800,1.237100,D
174066623,EUR/USD,2005-08-04 10:53:03.000,1.236900,1.237200,D
174066646,EUR/USD,2005-08-04 10:53:06.000,1.236800,1.237100,D
174066660,EUR/USD,2005-08-04 10:53:10.000,1.236900,1.237200,D
174066666,EUR/USD,2005-08-04 10:53:12.000,1.236800,1.237100,D
174066675,EUR/USD,2005-08-04 10:53:17.000,1.236700,1.237000,D
174066712,EUR/USD,2005-08-04 10:53:33.000,1.236600,1.236900,D
174066731,EUR/USD,2005-08-04 10:53:41.000,1.236500,1.236800,D
174066762,EUR/USD,2005-08-04 10:53:47.000,1.236600,1.236900,D
174066805,EUR/USD,2005-08-04 10:54:02.000,1.236500,1.236800,D
174066809,EUR/USD,2005-08-04 10:54:02.000,1.236600,1.236900,D
174066822,EUR/USD,2005-08-04 10:54:08.000,1.236500,1.236800,D
174066834,EUR/USD,2005-08-04 10:54:13.000,1.236400,1.236700,D
174066853,EUR/USD,2005-08-04 10:54:21.000,1.236500,1.236800,D
174066863,EUR/USD,2005-08-04 10:54:23.000,1.236400,1.236700,D
174066885,EUR/USD,2005-08-04 10:54:27.000,1.236300,1.236600,D
174066889,EUR/USD,2005-08-04 10:54:27.000,1.236400,1.236700,D
174066920,EUR/USD,2005-08-04 10:54:42.000,1.236300,1.236600,D
174066928,EUR/USD,2005-08-04 10:54:48.000,1.236400,1.236700,D
174066937,EUR/USD,2005-08-04 10:54:51.000,1.236300,1.236600,D
174066938,EUR/USD,2005-08-04 10:54:51.000,1.236400,1.236700,D
174066953,EUR/USD,2005-08-04 10:54:57.000,1.236300,1.236600,D
174067007,EUR/USD,2005-08-04 10:55:22.000,1.236400,1.236700,D
174067054,EUR/USD,2005-08-04 10:55:35.000,1.236500,1.236800,D
174067072,EUR/USD,2005-08-04 10:55:38.000,1.236400,1.236700,D
174067105,EUR/USD,2005-08-04 10:55:49.000,1.236500,1.236800,D
174067128,EUR/USD,2005-08-04 10:55:56.000,1.236400,1.236700,D
174067135,EUR/USD,2005-08-04 10:55:57.000,1.236500,1.236800,D
174067141,EUR/USD,2005-08-04 10:55:57.000,1.236400,1.236700,D
174067151,EUR/USD,2005-08-04 10:55:59.000,1.236500,1.236800,D
174067200,EUR/USD,2005-08-04 10:56:29.000,1.236600,1.236900,D
174067214,EUR/USD,2005-08-04 10:56:52.000,1.236500,1.236800,D
174067235,EUR/USD,2005-08-04 10:57:08.000,1.236600,1.236900,D
174067248,EUR/USD,2005-08-04 10:57:11.000,1.236700,1.237000,D
174067257,EUR/USD,2005-08-04 10:57:13.000,1.236600,1.236900,D
174067266,EUR/USD,2005-08-04 10:57:13.000,1.236700,1.237000,D
174067274,EUR/USD,2005-08-04 10:57:14.000,1.236600,1.236900,D
174067282,EUR/USD,2005-08-04 10:57:16.000,1.236700,1.237000,D
174067294,EUR/USD,2005-08-04 10:57:19.000,1.236800,1.237100,D
174067312,EUR/USD,2005-08-04 10:57:25.000,1.236900,1.237200,D
174067320,EUR/USD,2005-08-04 10:57:26.000,1.236800,1.237100,D
174067353,EUR/USD,2005-08-04 10:57:35.000,1.236700,1.237000,D
174067359,EUR/USD,2005-08-04 10:57:35.000,1.236800,1.237100,D
174067365,EUR/USD,2005-08-04 10:57:38.000,1.236700,1.237000,D
174067367,EUR/USD,2005-08-04 10:57:38.000,1.236800,1.237100,D
174067375,EUR/USD,2005-08-04 10:57:38.000,1.236700,1.237000,D
174067391,EUR/USD,2005-08-04 10:57:44.000,1.236800,1.237100,D
174067406,EUR/USD,2005-08-04 10:57:48.000,1.236900,1.237200,D
174067424,EUR/USD,2005-08-04 10:57:54.000,1.236800,1.237100,D
174067434,EUR/USD,2005-08-04 10:57:56.000,1.236900,1.237200,D
174067441,EUR/USD,2005-08-04 10:57:58.000,1.237000,1.237300,D
174067454,EUR/USD,2005-08-04 10:57:59.000,1.237100,1.237400,D
174067476,EUR/USD,2005-08-04 10:58:02.000,1.237000,1.237300,D
174067500,EUR/USD,2005-08-04 10:58:08.000,1.236900,1.237200,D
174067529,EUR/USD,2005-08-04 10:58:17.000,1.236800,1.237100,D
174067539,EUR/USD,2005-08-04 10:58:21.000,1.236700,1.237000,D
174067567,EUR/USD,2005-08-04 10:58:32.000,1.236600,1.236900,D
174067607,EUR/USD,2005-08-04 10:58:43.000,1.236500,1.236800,D
174067611,EUR/USD,2005-08-04 10:58:43.000,1.236600,1.236900,D
174067617,EUR/USD,2005-08-04 10:58:44.000,1.236500,1.236800,D
174067619,EUR/USD,2005-08-04 10:58:44.000,1.236600,1.236900,D
174067672,EUR/USD,2005-08-04 10:58:55.000,1.236700,1.237000,D
174067676,EUR/USD,2005-08-04 10:58:58.000,1.236600,1.236900,D
174067682,EUR/USD,2005-08-04 10:58:59.000,1.236700,1.237000,D
174067701,EUR/USD,2005-08-04 10:59:01.000,1.236600,1.236900,D
174067712,EUR/USD,2005-08-04 10:59:01.000,1.236700,1.237000,D
174067758,EUR/USD,2005-08-04 10:59:13.000,1.236800,1.237100,D
174067821,EUR/USD,2005-08-04 10:59:27.000,1.236700,1.237000,D
174067824,EUR/USD,2005-08-04 10:59:27.000,1.236800,1.237100,D
174067825,EUR/USD,2005-08-04 10:59:28.000,1.236700,1.237000,D
174067841,EUR/USD,2005-08-04 10:59:30.000,1.236800,1.237100,D
174067843,EUR/USD,2005-08-04 10:59:31.000,1.236700,1.237000,D
174067845,EUR/USD,2005-08-04 10:59:31.000,1.236800,1.237100,D
174067848,EUR/USD,2005-08-04 10:59:32.000,1.236700,1.237000,D
174067855,EUR/USD,2005-08-04 10:59:32.000,1.236800,1.237100,D
174067860,EUR/USD,2005-08-04 10:59:33.000,1.236700,1.237000,D
174067867,EUR/USD,2005-08-04 10:59:35.000,1.236800,1.237100,D
174067873,EUR/USD,2005-08-04 10:59:35.000,1.236700,1.237000,D
174067886,EUR/USD,2005-08-04 10:59:38.000,1.236600,1.236900,D
174067893,EUR/USD,2005-08-04 10:59:38.000,1.236700,1.237000,D
174067921,EUR/USD,2005-08-04 10:59:44.000,1.236800,1.237100,D
174067973,EUR/USD,2005-08-04 10:59:52.000,1.236700,1.237000,D
174067983,EUR/USD,2005-08-04 10:59:54.000,1.236800,1.237100,D
174067990,EUR/USD,2005-08-04 10:59:55.000,1.236700,1.237000,D
174068000,EUR/USD,2005-08-04 10:59:57.000,1.236800,1.237100,D
174068003,EUR/USD,2005-08-04 10:59:58.000,1.236700,1.237000,D
174068032,EUR/USD,2005-08-04 11:00:03.000,1.236600,1.236900,D
174068078,EUR/USD,2005-08-04 11:00:09.000,1.236500,1.236800,D
174068089,EUR/USD,2005-08-04 11:00:10.000,1.236600,1.236900,D
174068134,EUR/USD,2005-08-04 11:00:18.000,1.236700,1.237000,D
174068145,EUR/USD,2005-08-04 11:00:20.000,1.236800,1.237100,D
174068155,EUR/USD,2005-08-04 11:00:21.000,1.236700,1.237000,D
174068178,EUR/USD,2005-08-04 11:00:23.000,1.236800,1.237100,D
174068198,EUR/USD,2005-08-04 11:00:25.000,1.236700,1.237000,D
174068221,EUR/USD,2005-08-04 11:00:28.000,1.236600,1.236900,D
174068261,EUR/USD,2005-08-04 11:00:36.000,1.236700,1.237000,D
174068263,EUR/USD,2005-08-04 11:00:36.000,1.236600,1.236900,D
174068270,EUR/USD,2005-08-04 11:00:37.000,1.236700,1.237000,D
174068274,EUR/USD,2005-08-04 11:00:38.000,1.236600,1.236900,D
174068282,EUR/USD,2005-08-04 11:00:40.000,1.236700,1.237000,D
174068288,EUR/USD,2005-08-04 11:00:42.000,1.236800,1.237100,D
174068310,EUR/USD,2005-08-04 11:00:47.000,1.236900,1.237200,D
174068322,EUR/USD,2005-08-04 11:00:51.000,1.237000,1.237300,D
174068332,EUR/USD,2005-08-04 11:00:52.000,1.236900,1.237200,D
174068354,EUR/USD,2005-08-04 11:00:55.000,1.237000,1.237300,D
174068385,EUR/USD,2005-08-04 11:00:59.000,1.236900,1.237200,D
174068406,EUR/USD,2005-08-04 11:01:03.000,1.236800,1.237100,D
174068461,EUR/USD,2005-08-04 11:01:12.000,1.236700,1.237000,D
174068513,EUR/USD,2005-08-04 11:01:19.000,1.236600,1.236900,D
174068521,EUR/USD,2005-08-04 11:01:20.000,1.236700,1.237000,D
174068528,EUR/USD,2005-08-04 11:01:21.000,1.236600,1.236900,D
174068541,EUR/USD,2005-08-04 11:01:25.000,1.236700,1.237000,D
174068564,EUR/USD,2005-08-04 11:01:29.000,1.236600,1.236900,D
174068594,EUR/USD,2005-08-04 11:01:40.000,1.236700,1.237000,D
174068600,EUR/USD,2005-08-04 11:01:43.000,1.236600,1.236900,D
174068612,EUR/USD,2005-08-04 11:01:49.000,1.236700,1.237000,D
174068626,EUR/USD,2005-08-04 11:01:54.000,1.236800,1.237100,D
174068646,EUR/USD,2005-08-04 11:01:56.000,1.236700,1.237000,D
174068650,EUR/USD,2005-08-04 11:01:56.000,1.236800,1.237100,D
174068659,EUR/USD,2005-08-04 11:01:57.000,1.236900,1.237200,D
174068674,EUR/USD,2005-08-04 11:01:59.000,1.236800,1.237100,D
174068683,EUR/USD,2005-08-04 11:02:00.000,1.236700,1.237000,D
174068687,EUR/USD,2005-08-04 11:02:00.000,1.236800,1.237100,D
174068696,EUR/USD,2005-08-04 11:02:01.000,1.236900,1.237200,D
174068709,EUR/USD,2005-08-04 11:02:03.000,1.236800,1.237100,D
174068717,EUR/USD,2005-08-04 11:02:05.000,1.236900,1.237200,D
174068721,EUR/USD,2005-08-04 11:02:05.000,1.236800,1.237100,D
174068727,EUR/USD,2005-08-04 11:02:06.000,1.236900,1.237200,D
174068741,EUR/USD,2005-08-04 11:02:09.000,1.237000,1.237300,D
174068758,EUR/USD,2005-08-04 11:02:11.000,1.237100,1.237400,D
174068774,EUR/USD,2005-08-04 11:02:13.000,1.237200,1.237500,D
174068798,EUR/USD,2005-08-04 11:02:16.000,1.237100,1.237400,D
174068818,EUR/USD,2005-08-04 11:02:17.000,1.237000,1.237300,D
174068824,EUR/USD,2005-08-04 11:02:18.000,1.237100,1.237400,D
174068832,EUR/USD,2005-08-04 11:02:18.000,1.237000,1.237300,D
174068859,EUR/USD,2005-08-04 11:02:21.000,1.237100,1.237400,D
174068878,EUR/USD,2005-08-04 11:02:24.000,1.237200,1.237500,D
174068897,EUR/USD,2005-08-04 11:02:29.000,1.237100,1.237400,D
174068918,EUR/USD,2005-08-04 11:02:33.000,1.237000,1.237300,D
174068938,EUR/USD,2005-08-04 11:02:37.000,1.236900,1.237200,D
174068972,EUR/USD,2005-08-04 11:02:46.000,1.237000,1.237300,D
174068976,EUR/USD,2005-08-04 11:02:46.000,1.236900,1.237200,D
174068982,EUR/USD,2005-08-04 11:02:47.000,1.237000,1.237300,D
174068989,EUR/USD,2005-08-04 11:02:48.000,1.236900,1.237200,D
174068997,EUR/USD,2005-08-04 11:02:49.000,1.237000,1.237300,D
174069004,EUR/USD,2005-08-04 11:02:50.000,1.236900,1.237200,D
174069018,EUR/USD,2005-08-04 11:03:02.000,1.237000,1.237300,D
174069021,EUR/USD,2005-08-04 11:03:02.000,1.236900,1.237200,D
174069029,EUR/USD,2005-08-04 11:03:07.000,1.237000,1.237300,D
174069031,EUR/USD,2005-08-04 11:03:08.000,1.236900,1.237200,D
174069048,EUR/USD,2005-08-04 11:03:14.000,1.237000,1.237300,D
174069058,EUR/USD,2005-08-04 11:03:17.000,1.236900,1.237200,D
174069068,EUR/USD,2005-08-04 11:03:18.000,1.236800,1.237100,D
174069106,EUR/USD,2005-08-04 11:03:24.000,1.236900,1.237200,D
174069115,EUR/USD,2005-08-04 11:03:25.000,1.236800,1.237100,D
174069126,EUR/USD,2005-08-04 11:03:27.000,1.236900,1.237200,D
174069136,EUR/USD,2005-08-04 11:03:29.000,1.237000,1.237300,D
174069169,EUR/USD,2005-08-04 11:03:35.000,1.237100,1.237400,D
174069175,EUR/USD,2005-08-04 11:03:37.000,1.237000,1.237300,D
174069188,EUR/USD,2005-08-04 11:03:40.000,1.236900,1.237200,D
174069195,EUR/USD,2005-08-04 11:03:40.000,1.237000,1.237300,D
174069199,EUR/USD,2005-08-04 11:03:42.000,1.236900,1.237200,D
174069214,EUR/USD,2005-08-04 11:03:51.000,1.236800,1.237100,D
174069248,EUR/USD,2005-08-04 11:04:00.000,1.236900,1.237200,D
174069276,EUR/USD,2005-08-04 11:04:03.000,1.237000,1.237300,D
174069295,EUR/USD,2005-08-04 11:04:06.000,1.237100,1.237400,D
174069331,EUR/USD,2005-08-04 11:04:13.000,1.237200,1.237500,D
174069336,EUR/USD,2005-08-04 11:04:14.000,1.237100,1.237400,D
174069377,EUR/USD,2005-08-04 11:04:41.000,1.237000,1.237300,D
174069399,EUR/USD,2005-08-04 11:04:59.000,1.237100,1.237400,D
174069409,EUR/USD,2005-08-04 11:05:03.000,1.237000,1.237300,D
174069418,EUR/USD,2005-08-04 11:05:05.000,1.237100,1.237400,D
174069440,EUR/USD,2005-08-04 11:05:10.000,1.237200,1.237500,D
174069466,EUR/USD,2005-08-04 11:05:17.000,1.237100,1.237400,D
174069470,EUR/USD,2005-08-04 11:05:18.000,1.237200,1.237500,D
174069473,EUR/USD,2005-08-04 11:05:18.000,1.237100,1.237400,D
174069494,EUR/USD,2005-08-04 11:05:24.000,1.237200,1.237500,D
174069498,EUR/USD,2005-08-04 11:05:25.000,1.237300,1.237600,D
174069499,EUR/USD,2005-08-04 11:05:25.000,1.237400,1.237700,D
174069502,EUR/USD,2005-08-04 11:05:25.000,1.237300,1.237600,D
174069503,EUR/USD,2005-08-04 11:05:26.000,1.237200,1.237500,D
174069508,EUR/USD,2005-08-04 11:05:28.000,1.237300,1.237600,D
174069509,EUR/USD,2005-08-04 11:05:28.000,1.237200,1.237500,D
174069519,EUR/USD,2005-08-04 11:05:31.000,1.237300,1.237600,D
174069530,EUR/USD,2005-08-04 11:05:32.000,1.237200,1.237500,D
174069550,EUR/USD,2005-08-04 11:05:36.000,1.237100,1.237400,D
174069557,EUR/USD,2005-08-04 11:05:38.000,1.237200,1.237500,D
174069580,EUR/USD,2005-08-04 11:05:42.000,1.237300,1.237600,D
174069604,EUR/USD,2005-08-04 11:05:50.000,1.237200,1.237500,D
174069611,EUR/USD,2005-08-04 11:05:50.000,1.237100,1.237400,D
174069634,EUR/USD,2005-08-04 11:05:56.000,1.237200,1.237500,D
174069647,EUR/USD,2005-08-04 11:05:59.000,1.237100,1.237400,D
174069664,EUR/USD,2005-08-04 11:06:04.000,1.237000,1.237300,D
174069671,EUR/USD,2005-08-04 11:06:05.000,1.237100,1.237400,D
174069693,EUR/USD,2005-08-04 11:06:10.000,1.237000,1.237300,D
174069729,EUR/USD,2005-08-04 11:06:22.000,1.237100,1.237400,D
174069740,EUR/USD,2005-08-04 11:06:25.000,1.237200,1.237500,D
174069781,EUR/USD,2005-08-04 11:06:37.000,1.237100,1.237400,D
174069803,EUR/USD,2005-08-04 11:06:55.000,1.237200,1.237500,D
174069838,EUR/USD,2005-08-04 11:06:58.000,1.237300,1.237600,D
174069854,EUR/USD,2005-08-04 11:07:00.000,1.237400,1.237700,D
174069888,EUR/USD,2005-08-04 11:07:06.000,1.237500,1.237800,D
174069934,EUR/USD,2005-08-04 11:07:13.000,1.237600,1.237900,D
174069941,EUR/USD,2005-08-04 11:07:14.000,1.237500,1.237800,D
174069947,EUR/USD,2005-08-04 11:07:15.000,1.237600,1.237900,D
174069952,EUR/USD,2005-08-04 11:07:15.000,1.237500,1.237800,D
174069961,EUR/USD,2005-08-04 11:07:16.000,1.237400,1.237700,D
174069963,EUR/USD,2005-08-04 11:07:16.000,1.237500,1.237800,D
174069981,EUR/USD,2005-08-04 11:07:18.000,1.237400,1.237700,D
174070067,EUR/USD,2005-08-04 11:07:31.000,1.237300,1.237600,D
174070090,EUR/USD,2005-08-04 11:07:35.000,1.237200,1.237500,D
174070144,EUR/USD,2005-08-04 11:07:44.000,1.237100,1.237400,D
174070150,EUR/USD,2005-08-04 11:07:44.000,1.237200,1.237500,D
174070153,EUR/USD,2005-08-04 11:07:45.000,1.237100,1.237400,D
174070167,EUR/USD,2005-08-04 11:07:46.000,1.237000,1.237300,D
174070188,EUR/USD,2005-08-04 11:07:51.000,1.236900,1.237200,D
174070196,EUR/USD,2005-08-04 11:07:52.000,1.237000,1.237300,D
174070199,EUR/USD,2005-08-04 11:07:53.000,1.236900,1.237200,D
174070203,EUR/USD,2005-08-04 11:07:53.000,1.237000,1.237300,D
174070251,EUR/USD,2005-08-04 11:08:04.000,1.237100,1.237400,D
174070274,EUR/USD,2005-08-04 11:08:07.000,1.237200,1.237500,D
174070334,EUR/USD,2005-08-04 11:08:27.000,1.237100,1.237400,D
174070382,EUR/USD,2005-08-04 11:08:43.000,1.237200,1.237500,D
174070402,EUR/USD,2005-08-04 11:08:46.000,1.237100,1.237400,D
174070413,EUR/USD,2005-08-04 11:08:46.000,1.237200,1.237500,D
174070453,EUR/USD,2005-08-04 11:09:01.000,1.237300,1.237600,D
174070473,EUR/USD,2005-08-04 11:09:05.000,1.237400,1.237700,D
174070474,EUR/USD,2005-08-04 11:09:06.000,1.237300,1.237600,D
174070505,EUR/USD,2005-08-04 11:09:19.000,1.237400,1.237700,D
174070510,EUR/USD,2005-08-04 11:09:20.000,1.237300,1.237600,D
174070513,EUR/USD,2005-08-04 11:09:20.000,1.237200,1.237500,D
174070525,EUR/USD,2005-08-04 11:09:25.000,1.237300,1.237600,D
174070526,EUR/USD,2005-08-04 11:09:26.000,1.237200,1.237500,D
174070531,EUR/USD,2005-08-04 11:09:26.000,1.237300,1.237600,D
174070549,EUR/USD,2005-08-04 11:09:36.000,1.237200,1.237500,D
174070587,EUR/USD,2005-08-04 11:09:47.000,1.237300,1.237600,D
174070634,EUR/USD,2005-08-04 11:09:58.000,1.237200,1.237500,D
174070642,EUR/USD,2005-08-04 11:10:01.000,1.237300,1.237600,D
174070654,EUR/USD,2005-08-04 11:10:03.000,1.237200,1.237500,D
174070660,EUR/USD,2005-08-04 11:10:05.000,1.237300,1.237600,D
174070697,EUR/USD,2005-08-04 11:10:16.000,1.237400,1.237700,D
174070711,EUR/USD,2005-08-04 11:10:17.000,1.237500,1.237800,D
174070743,EUR/USD,2005-08-04 11:10:23.000,1.237600,1.237900,D
174070748,EUR/USD,2005-08-04 11:10:24.000,1.237500,1.237800,D
174070766,EUR/USD,2005-08-04 11:10:27.000,1.237400,1.237700,D
174070817,EUR/USD,2005-08-04 11:10:33.000,1.237500,1.237800,D
174070832,EUR/USD,2005-08-04 11:10:35.000,1.237400,1.237700,D
174070858,EUR/USD,2005-08-04 11:10:43.000,1.237300,1.237600,D
174070859,EUR/USD,2005-08-04 11:10:46.000,1.237400,1.237700,D
174070865,EUR/USD,2005-08-04 11:10:49.000,1.237500,1.237800,D
174070869,EUR/USD,2005-08-04 11:10:49.000,1.237400,1.237700,D
174070871,EUR/USD,2005-08-04 11:10:54.000,1.237500,1.237800,D
174070916,EUR/USD,2005-08-04 11:11:06.000,1.237400,1.237700,D
174070930,EUR/USD,2005-08-04 11:11:09.000,1.237500,1.237800,D
174070962,EUR/USD,2005-08-04 11:11:15.000,1.237400,1.237700,D
174070972,EUR/USD,2005-08-04 11:11:16.000,1.237500,1.237800,D
174070997,EUR/USD,2005-08-04 11:11:19.000,1.237400,1.237700,D
174071004,EUR/USD,2005-08-04 11:11:23.000,1.237500,1.237800,D
174071030,EUR/USD,2005-08-04 11:11:27.000,1.237400,1.237700,D
174071034,EUR/USD,2005-08-04 11:11:29.000,1.237500,1.237800,D
174071063,EUR/USD,2005-08-04 11:11:39.000,1.237600,1.237900,D
174071101,EUR/USD,2005-08-04 11:11:49.000,1.237500,1.237800,D
174071128,EUR/USD,2005-08-04 11:11:56.000,1.237600,1.237900,D
174071133,EUR/USD,2005-08-04 11:11:57.000,1.237500,1.237800,D
174071137,EUR/USD,2005-08-04 11:11:59.000,1.237600,1.237900,D
174071145,EUR/USD,2005-08-04 11:12:03.000,1.237700,1.238000,D
174071158,EUR/USD,2005-08-04 11:12:06.000,1.237800,1.238100,D
174071166,EUR/USD,2005-08-04 11:12:07.000,1.237900,1.238200,D
174071185,EUR/USD,2005-08-04 11:12:09.000,1.238000,1.238300,D
174071213,EUR/USD,2005-08-04 11:12:12.000,1.237900,1.238200,D
174071226,EUR/USD,2005-08-04 11:12:14.000,1.237800,1.238100,D
174071236,EUR/USD,2005-08-04 11:12:16.000,1.237700,1.238000,D
174071242,EUR/USD,2005-08-04 11:12:16.000,1.237800,1.238100,D
174071275,EUR/USD,2005-08-04 11:12:20.000,1.237900,1.238200,D
174071291,EUR/USD,2005-08-04 11:12:23.000,1.238000,1.238300,D
174071332,EUR/USD,2005-08-04 11:12:26.000,1.237900,1.238200,D
174071356,EUR/USD,2005-08-04 11:12:30.000,1.237800,1.238100,D
174071383,EUR/USD,2005-08-04 11:12:34.000,1.237900,1.238200,D
174071413,EUR/USD,2005-08-04 11:12:41.000,1.237800,1.238100,D
174071437,EUR/USD,2005-08-04 11:12:44.000,1.237700,1.238000,D
174071467,EUR/USD,2005-08-04 11:12:47.000,1.237600,1.237900,D
174071479,EUR/USD,2005-08-04 11:12:49.000,1.237700,1.238000,D
174071540,EUR/USD,2005-08-04 11:13:00.000,1.237800,1.238100,D
174071563,EUR/USD,2005-08-04 11:13:04.000,1.237700,1.238000,D
174071592,EUR/USD,2005-08-04 11:13:12.000,1.237600,1.237900,D
174071616,EUR/USD,2005-08-04 11:13:21.000,1.237700,1.238000,D
174071655,EUR/USD,2005-08-04 11:13:30.000,1.237600,1.237900,D
174071667,EUR/USD,2005-08-04 11:13:31.000,1.237700,1.238000,D
174071690,EUR/USD,2005-08-04 11:13:36.000,1.237800,1.238100,D
174071731,EUR/USD,2005-08-04 11:13:45.000,1.237700,1.238000,D
174071737,EUR/USD,2005-08-04 11:13:46.000,1.237800,1.238100,D
174071757,EUR/USD,2005-08-04 11:13:49.000,1.237700,1.238000,D
174071759,EUR/USD,2005-08-04 11:13:49.000,1.237800,1.238100,D
174071765,EUR/USD,2005-08-04 11:13:51.000,1.237900,1.238200,D
174071775,EUR/USD,2005-08-04 11:13:52.000,1.237800,1.238100,D
174071777,EUR/USD,2005-08-04 11:13:52.000,1.237900,1.238200,D
174071779,EUR/USD,2005-08-04 11:13:53.000,1.238000,1.238300,D
174071796,EUR/USD,2005-08-04 11:13:54.000,1.238100,1.238400,D
174071806,EUR/USD,2005-08-04 11:13:55.000,1.238200,1.238500,D
174071818,EUR/USD,2005-08-04 11:13:57.000,1.238300,1.238600,D
174071827,EUR/USD,2005-08-04 11:13:57.000,1.238400,1.238700,D
174071835,EUR/USD,2005-08-04 11:13:58.000,1.238500,1.238800,D
174071853,EUR/USD,2005-08-04 11:13:59.000,1.238400,1.238700,D
174071859,EUR/USD,2005-08-04 11:13:59.000,1.238600,1.238900,D
174071872,EUR/USD,2005-08-04 11:14:00.000,1.238500,1.238800,D
174071908,EUR/USD,2005-08-04 11:14:02.000,1.238400,1.238700,D
174071916,EUR/USD,2005-08-04 11:14:02.000,1.238500,1.238800,D
174071933,EUR/USD,2005-08-04 11:14:04.000,1.238400,1.238700,D
174071949,EUR/USD,2005-08-04 11:14:05.000,1.238500,1.238800,D
174071967,EUR/USD,2005-08-04 11:14:07.000,1.238600,1.238900,D
174071982,EUR/USD,2005-08-04 11:14:08.000,1.238700,1.239000,D
174071997,EUR/USD,2005-08-04 11:14:11.000,1.238800,1.239100,D
174072024,EUR/USD,2005-08-04 11:14:14.000,1.238700,1.239000,D
174072038,EUR/USD,2005-08-04 11:14:16.000,1.238600,1.238900,D
174072054,EUR/USD,2005-08-04 11:14:18.000,1.238500,1.238800,D
174072061,EUR/USD,2005-08-04 11:14:18.000,1.238600,1.238900,D
174072071,EUR/USD,2005-08-04 11:14:20.000,1.238500,1.238800,D
174072088,EUR/USD,2005-08-04 11:14:22.000,1.238600,1.238900,D
174072099,EUR/USD,2005-08-04 11:14:23.000,1.238500,1.238800,D
174072107,EUR/USD,2005-08-04 11:14:24.000,1.238600,1.238900,D
174072112,EUR/USD,2005-08-04 11:14:24.000,1.238500,1.238800,D
174072120,EUR/USD,2005-08-04 11:14:25.000,1.238400,1.238700,D
174072135,EUR/USD,2005-08-04 11:14:26.000,1.238500,1.238800,D
174072137,EUR/USD,2005-08-04 11:14:27.000,1.238600,1.238900,D
174072153,EUR/USD,2005-08-04 11:14:28.000,1.238700,1.239000,D
174072166,EUR/USD,2005-08-04 11:14:29.000,1.238600,1.238900,D
174072168,EUR/USD,2005-08-04 11:14:29.000,1.238700,1.239000,D
174072185,EUR/USD,2005-08-04 11:14:31.000,1.238800,1.239100,D
174072212,EUR/USD,2005-08-04 11:14:33.000,1.238900,1.239200,D
174072231,EUR/USD,2005-08-04 11:14:34.000,1.238800,1.239100,D
174072232,EUR/USD,2005-08-04 11:14:34.000,1.238900,1.239200,D
174072246,EUR/USD,2005-08-04 11:14:35.000,1.239000,1.239300,D
174072260,EUR/USD,2005-08-04 11:14:36.000,1.238900,1.239200,D
174072286,EUR/USD,2005-08-04 11:14:38.000,1.238800,1.239100,D
174072308,EUR/USD,2005-08-04 11:14:40.000,1.238700,1.239000,D
174072311,EUR/USD,2005-08-04 11:14:40.000,1.238800,1.239100,D
174072321,EUR/USD,2005-08-04 11:14:41.000,1.238700,1.239000,D
174072341,EUR/USD,2005-08-04 11:14:43.000,1.238600,1.238900,D
174072389,EUR/USD,2005-08-04 11:14:49.000,1.238500,1.238800,D
174072441,EUR/USD,2005-08-04 11:15:00.000,1.238600,1.238900,D
174072491,EUR/USD,2005-08-04 11:15:09.000,1.238700,1.239000,D
174072511,EUR/USD,2005-08-04 11:15:10.000,1.238600,1.238900,D
174072513,EUR/USD,2005-08-04 11:15:10.000,1.238500,1.238800,D
174072516,EUR/USD,2005-08-04 11:15:10.000,1.238600,1.238900,D
174072538,EUR/USD,2005-08-04 11:15:12.000,1.238500,1.238800,D
174072545,EUR/USD,2005-08-04 11:15:12.000,1.238600,1.238900,D
174072554,EUR/USD,2005-08-04 11:15:14.000,1.238500,1.238800,D
174072578,EUR/USD,2005-08-04 11:15:19.000,1.238400,1.238700,D
174072627,EUR/USD,2005-08-04 11:15:23.000,1.238300,1.238600,D
174072686,EUR/USD,2005-08-04 11:15:34.000,1.238200,1.238500,D
174072693,EUR/USD,2005-08-04 11:15:35.000,1.238300,1.238600,D
174072718,EUR/USD,2005-08-04 11:15:39.000,1.238200,1.238500,D
174072723,EUR/USD,2005-08-04 11:15:40.000,1.238300,1.238600,D
174072726,EUR/USD,2005-08-04 11:15:41.000,1.238200,1.238500,D
174072738,EUR/USD,2005-08-04 11:15:43.000,1.238300,1.238600,D
174072781,EUR/USD,2005-08-04 11:15:53.000,1.238400,1.238700,D
174072795,EUR/USD,2005-08-04 11:15:57.000,1.238300,1.238600,D
174072805,EUR/USD,2005-08-04 11:15:59.000,1.238400,1.238700,D
174072830,EUR/USD,2005-08-04 11:16:04.000,1.238300,1.238600,D
174072834,EUR/USD,2005-08-04 11:16:05.000,1.238400,1.238700,D
174072871,EUR/USD,2005-08-04 11:16:12.000,1.238300,1.238600,D
174072913,EUR/USD,2005-08-04 11:16:26.000,1.238200,1.238500,D
174072917,EUR/USD,2005-08-04 11:16:27.000,1.238300,1.238600,D
174072924,EUR/USD,2005-08-04 11:16:30.000,1.238400,1.238700,D
174072925,EUR/USD,2005-08-04 11:16:30.000,1.238300,1.238600,D
174072927,EUR/USD,2005-08-04 11:16:31.000,1.238400,1.238700,D
174072937,EUR/USD,2005-08-04 11:16:32.000,1.238300,1.238600,D
174072942,EUR/USD,2005-08-04 11:16:33.000,1.238200,1.238500,D
174072960,EUR/USD,2005-08-04 11:16:39.000,1.238300,1.238600,D
174072970,EUR/USD,2005-08-04 11:16:41.000,1.238200,1.238500,D
174072986,EUR/USD,2005-08-04 11:16:44.000,1.238300,1.238600,D
174072993,EUR/USD,2005-08-04 11:16:46.000,1.238200,1.238500,D
174073020,EUR/USD,2005-08-04 11:16:55.000,1.238100,1.238400,D
174073026,EUR/USD,2005-08-04 11:16:55.000,1.238200,1.238500,D
174073035,EUR/USD,2005-08-04 11:16:56.000,1.238100,1.238400,D
174073040,EUR/USD,2005-08-04 11:16:57.000,1.238200,1.238500,D
174073050,EUR/USD,2005-08-04 11:17:00.000,1.238300,1.238600,D
174073056,EUR/USD,2005-08-04 11:17:02.000,1.238200,1.238500,D
174073079,EUR/USD,2005-08-04 11:17:06.000,1.238100,1.238400,D
174073099,EUR/USD,2005-08-04 11:17:12.000,1.238200,1.238500,D
174073132,EUR/USD,2005-08-04 11:17:20.000,1.238300,1.238600,D
174073139,EUR/USD,2005-08-04 11:17:21.000,1.238200,1.238500,D
174073150,EUR/USD,2005-08-04 11:17:23.000,1.238300,1.238600,D
174073172,EUR/USD,2005-08-04 11:17:25.000,1.238200,1.238500,D
174073179,EUR/USD,2005-08-04 11:17:29.000,1.238300,1.238600,D
174073197,EUR/USD,2005-08-04 11:17:32.000,1.238400,1.238700,D
174073230,EUR/USD,2005-08-04 11:17:39.000,1.238500,1.238800,D
174073247,EUR/USD,2005-08-04 11:17:42.000,1.238400,1.238700,D
174073299,EUR/USD,2005-08-04 11:17:53.000,1.238500,1.238800,D
174073322,EUR/USD,2005-08-04 11:18:06.000,1.238600,1.238900,D
174073346,EUR/USD,2005-08-04 11:18:14.000,1.238500,1.238800,D
174073359,EUR/USD,2005-08-04 11:18:24.000,1.238400,1.238700,D
174073369,EUR/USD,2005-08-04 11:18:27.000,1.238500,1.238800,D
174073380,EUR/USD,2005-08-04 11:18:30.000,1.238600,1.238900,D
174073406,EUR/USD,2005-08-04 11:18:39.000,1.238700,1.239000,D
174073420,EUR/USD,2005-08-04 11:18:41.000,1.238800,1.239100,D
174073433,EUR/USD,2005-08-04 11:18:42.000,1.238900,1.239200,D
174073439,EUR/USD,2005-08-04 11:18:43.000,1.239000,1.239300,D
174073448,EUR/USD,2005-08-04 11:18:44.000,1.238900,1.239200,D
174073465,EUR/USD,2005-08-04 11:18:45.000,1.238800,1.239100,D
174073497,EUR/USD,2005-08-04 11:18:48.000,1.238700,1.239000,D
174073515,EUR/USD,2005-08-04 11:18:50.000,1.238600,1.238900,D
174073529,EUR/USD,2005-08-04 11:18:51.000,1.238700,1.239000,D
174073542,EUR/USD,2005-08-04 11:18:52.000,1.238600,1.238900,D
174073546,EUR/USD,2005-08-04 11:18:53.000,1.238700,1.239000,D
174073558,EUR/USD,2005-08-04 11:18:55.000,1.238600,1.238900,D
174073570,EUR/USD,2005-08-04 11:18:57.000,1.238500,1.238800,D
174073620,EUR/USD,2005-08-04 11:19:16.000,1.238600,1.238900,D
174073703,EUR/USD,2005-08-04 11:19:35.000,1.238700,1.239000,D
174073742,EUR/USD,2005-08-04 11:19:45.000,1.238600,1.238900,D
174073778,EUR/USD,2005-08-04 11:19:59.000,1.238500,1.238800,D
174073783,EUR/USD,2005-08-04 11:20:00.000,1.238600,1.238900,D
174073801,EUR/USD,2005-08-04 11:20:05.000,1.238700,1.239000,D
174073873,EUR/USD,2005-08-04 11:20:26.000,1.238800,1.239100,D
174073885,EUR/USD,2005-08-04 11:20:29.000,1.238700,1.239000,D
174073925,EUR/USD,2005-08-04 11:20:37.000,1.238600,1.238900,D
174073926,EUR/USD,2005-08-04 11:20:38.000,1.238700,1.239000,D
174073935,EUR/USD,2005-08-04 11:20:38.000,1.238600,1.238900,D
174073945,EUR/USD,2005-08-04 11:20:40.000,1.238700,1.239000,D
174073956,EUR/USD,2005-08-04 11:20:43.000,1.238600,1.238900,D
174073963,EUR/USD,2005-08-04 11:20:44.000,1.238700,1.239000,D
174073977,EUR/USD,2005-08-04 11:20:47.000,1.238600,1.238900,D
174073996,EUR/USD,2005-08-04 11:20:54.000,1.238700,1.239000,D
174074004,EUR/USD,2005-08-04 11:20:55.000,1.238600,1.238900,D
174074013,EUR/USD,2005-08-04 11:20:57.000,1.238700,1.239000,D
174074072,EUR/USD,2005-08-04 11:21:06.000,1.238800,1.239100,D
174074076,EUR/USD,2005-08-04 11:21:07.000,1.238700,1.239000,D
174074092,EUR/USD,2005-08-04 11:21:11.000,1.238600,1.238900,D
174074099,EUR/USD,2005-08-04 11:21:14.000,1.238700,1.239000,D
174074108,EUR/USD,2005-08-04 11:21:15.000,1.238600,1.238900,D
174074114,EUR/USD,2005-08-04 11:21:17.000,1.238700,1.239000,D
174074144,EUR/USD,2005-08-04 11:21:31.000,1.238600,1.238900,D
174074158,EUR/USD,2005-08-04 11:21:35.000,1.238500,1.238800,D
174074164,EUR/USD,2005-08-04 11:21:35.000,1.238600,1.238900,D
174074180,EUR/USD,2005-08-04 11:21:40.000,1.238500,1.238800,D
174074192,EUR/USD,2005-08-04 11:21:44.000,1.238400,1.238700,D
174074226,EUR/USD,2005-08-04 11:21:49.000,1.238500,1.238800,D
174074263,EUR/USD,2005-08-04 11:21:56.000,1.238600,1.238900,D
174074279,EUR/USD,2005-08-04 11:22:00.000,1.238700,1.239000,D
174074303,EUR/USD,2005-08-04 11:22:04.000,1.238800,1.239100,D
174074331,EUR/USD,2005-08-04 11:22:07.000,1.238900,1.239200,D
174074337,EUR/USD,2005-08-04 11:22:08.000,1.238800,1.239100,D
174074340,EUR/USD,2005-08-04 11:22:08.000,1.238900,1.239200,D
174074352,EUR/USD,2005-08-04 11:22:10.000,1.239000,1.239300,D
174074380,EUR/USD,2005-08-04 11:22:13.000,1.239100,1.239400,D
174074393,EUR/USD,2005-08-04 11:22:14.000,1.239200,1.239500,D
174074402,EUR/USD,2005-08-04 11:22:16.000,1.239100,1.239400,D
174074442,EUR/USD,2005-08-04 11:22:21.000,1.239000,1.239300,D
174074504,EUR/USD,2005-08-04 11:22:27.000,1.238900,1.239200,D
174074525,EUR/USD,2005-08-04 11:22:29.000,1.239000,1.239300,D
174074552,EUR/USD,2005-08-04 11:22:32.000,1.239100,1.239400,D
174074575,EUR/USD,2005-08-04 11:22:35.000,1.239000,1.239300,D
174074586,EUR/USD,2005-08-04 11:22:36.000,1.239100,1.239400,D
174074645,EUR/USD,2005-08-04 11:22:43.000,1.239000,1.239300,D
174074662,EUR/USD,2005-08-04 11:22:45.000,1.239100,1.239400,D
174074678,EUR/USD,2005-08-04 11:22:46.000,1.239000,1.239300,D
174074693,EUR/USD,2005-08-04 11:22:51.000,1.239100,1.239400,D
174074715,EUR/USD,2005-08-04 11:22:54.000,1.239000,1.239300,D
174074717,EUR/USD,2005-08-04 11:22:54.000,1.239100,1.239400,D
174074734,EUR/USD,2005-08-04 11:22:57.000,1.239000,1.239300,D
174074778,EUR/USD,2005-08-04 11:23:09.000,1.239100,1.239400,D
174074798,EUR/USD,2005-08-04 11:23:12.000,1.239200,1.239500,D
174074810,EUR/USD,2005-08-04 11:23:14.000,1.239100,1.239400,D
174074848,EUR/USD,2005-08-04 11:23:18.000,1.239000,1.239300,D
174074883,EUR/USD,2005-08-04 11:23:25.000,1.238900,1.239200,D
174074899,EUR/USD,2005-08-04 11:23:29.000,1.238800,1.239100,D
174074908,EUR/USD,2005-08-04 11:23:29.000,1.238900,1.239200,D
174074934,EUR/USD,2005-08-04 11:23:31.000,1.238800,1.239100,D
174074942,EUR/USD,2005-08-04 11:23:33.000,1.238900,1.239200,D
174074997,EUR/USD,2005-08-04 11:23:43.000,1.239000,1.239300,D
174075009,EUR/USD,2005-08-04 11:23:45.000,1.238900,1.239200,D
174075022,EUR/USD,2005-08-04 11:23:52.000,1.239000,1.239300,D
174075033,EUR/USD,2005-08-04 11:23:56.000,1.238900,1.239200,D
174075045,EUR/USD,2005-08-04 11:23:57.000,1.239000,1.239300,D
174075078,EUR/USD,2005-08-04 11:24:06.000,1.238900,1.239200,D
174075109,EUR/USD,2005-08-04 11:24:13.000,1.238800,1.239100,D
174075117,EUR/USD,2005-08-04 11:24:14.000,1.238900,1.239200,D
174075158,EUR/USD,2005-08-04 11:24:18.000,1.238800,1.239100,D
174075165,EUR/USD,2005-08-04 11:24:19.000,1.238900,1.239200,D
174075169,EUR/USD,2005-08-04 11:24:19.000,1.238800,1.239100,D
174075177,EUR/USD,2005-08-04 11:24:20.000,1.238900,1.239200,D
174075184,EUR/USD,2005-08-04 11:24:22.000,1.238800,1.239100,D
174075192,EUR/USD,2005-08-04 11:24:23.000,1.238900,1.239200,D
174075225,EUR/USD,2005-08-04 11:24:32.000,1.239000,1.239300,D
174075239,EUR/USD,2005-08-04 11:24:33.000,1.238900,1.239200,D
174075253,EUR/USD,2005-08-04 11:24:34.000,1.239000,1.239300,D
174075259,EUR/USD,2005-08-04 11:24:34.000,1.239100,1.239400,D
174075274,EUR/USD,2005-08-04 11:24:35.000,1.239000,1.239300,D
174075336,EUR/USD,2005-08-04 11:24:42.000,1.239100,1.239400,D
174075386,EUR/USD,2005-08-04 11:24:53.000,1.239000,1.239300,D
174075446,EUR/USD,2005-08-04 11:25:04.000,1.239100,1.239400,D
174075477,EUR/USD,2005-08-04 11:25:08.000,1.239000,1.239300,D
174075482,EUR/USD,2005-08-04 11:25:09.000,1.239100,1.239400,D
174075488,EUR/USD,2005-08-04 11:25:09.000,1.239200,1.239500,D
174075493,EUR/USD,2005-08-04 11:25:10.000,1.239100,1.239400,D
174075501,EUR/USD,2005-08-04 11:25:10.000,1.239000,1.239300,D
174075510,EUR/USD,2005-08-04 11:25:12.000,1.239100,1.239400,D
174075527,EUR/USD,2005-08-04 11:25:13.000,1.239200,1.239500,D
174075550,EUR/USD,2005-08-04 11:25:18.000,1.239100,1.239400,D
174075553,EUR/USD,2005-08-04 11:25:19.000,1.239200,1.239500,D
174075558,EUR/USD,2005-08-04 11:25:19.000,1.239100,1.239400,D
174075579,EUR/USD,2005-08-04 11:25:21.000,1.239200,1.239500,D
174075604,EUR/USD,2005-08-04 11:25:24.000,1.239300,1.239600,D
174075614,EUR/USD,2005-08-04 11:25:25.000,1.239200,1.239500,D
174075620,EUR/USD,2005-08-04 11:25:25.000,1.239300,1.239600,D
174075626,EUR/USD,2005-08-04 11:25:26.000,1.239400,1.239700,D
174075652,EUR/USD,2005-08-04 11:25:28.000,1.239300,1.239600,D
174075667,EUR/USD,2005-08-04 11:25:30.000,1.239400,1.239700,D
174075695,EUR/USD,2005-08-04 11:25:33.000,1.239500,1.239800,D
174075717,EUR/USD,2005-08-04 11:25:35.000,1.239400,1.239700,D
174075744,EUR/USD,2005-08-04 11:25:37.000,1.239500,1.239800,D
174075755,EUR/USD,2005-08-04 11:25:39.000,1.239600,1.239900,D
174075770,EUR/USD,2005-08-04 11:25:40.000,1.239700,1.240000,D
174075778,EUR/USD,2005-08-04 11:25:41.000,1.239600,1.239900,D
174075787,EUR/USD,2005-08-04 11:25:41.000,1.239700,1.240000,D
174075811,EUR/USD,2005-08-04 11:25:43.000,1.239600,1.239900,D
174075834,EUR/USD,2005-08-04 11:25:46.000,1.239500,1.239800,D
174075876,EUR/USD,2005-08-04 11:25:53.000,1.239600,1.239900,D
174075880,EUR/USD,2005-08-04 11:25:53.000,1.239500,1.239800,D
174075884,EUR/USD,2005-08-04 11:25:54.000,1.239400,1.239700,D
174075891,EUR/USD,2005-08-04 11:25:55.000,1.239500,1.239800,D
174075898,EUR/USD,2005-08-04 11:25:56.000,1.239400,1.239700,D
174075945,EUR/USD,2005-08-04 11:26:02.000,1.239500,1.239800,D
174075964,EUR/USD,2005-08-04 11:26:04.000,1.239600,1.239900,D
174075986,EUR/USD,2005-08-04 11:26:06.000,1.239700,1.240000,D
174075994,EUR/USD,2005-08-04 11:26:07.000,1.239800,1.240100,D
174076024,EUR/USD,2005-08-04 11:26:10.000,1.239900,1.240200,D
174076052,EUR/USD,2005-08-04 11:26:11.000,1.239800,1.240100,D
174076069,EUR/USD,2005-08-04 11:26:13.000,1.239700,1.240000,D
174076092,EUR/USD,2005-08-04 11:26:15.000,1.239600,1.239900,D
174076128,EUR/USD,2005-08-04 11:26:18.000,1.239700,1.240000,D
174076132,EUR/USD,2005-08-04 11:26:19.000,1.239600,1.239900,D
174076148,EUR/USD,2005-08-04 11:26:20.000,1.239500,1.239800,D
174076167,EUR/USD,2005-08-04 11:26:24.000,1.239600,1.239900,D
174076173,EUR/USD,2005-08-04 11:26:24.000,1.239500,1.239800,D
174076196,EUR/USD,2005-08-04 11:26:26.000,1.239600,1.239900,D
174076236,EUR/USD,2005-08-04 11:26:29.000,1.239700,1.240000,D
174076255,EUR/USD,2005-08-04 11:26:31.000,1.239800,1.240100,D
174076275,EUR/USD,2005-08-04 11:26:33.000,1.239900,1.240200,D
174076279,EUR/USD,2005-08-04 11:26:33.000,1.239800,1.240100,D
174076288,EUR/USD,2005-08-04 11:26:34.000,1.239700,1.240000,D
174076347,EUR/USD,2005-08-04 11:26:43.000,1.239800,1.240100,D
174076364,EUR/USD,2005-08-04 11:26:45.000,1.239900,1.240200,D
174076372,EUR/USD,2005-08-04 11:26:46.000,1.239800,1.240100,D
174076397,EUR/USD,2005-08-04 11:26:49.000,1.239700,1.240000,D
174076416,EUR/USD,2005-08-04 11:26:53.000,1.239800,1.240100,D
174076431,EUR/USD,2005-08-04 11:26:54.000,1.239900,1.240200,D
174076465,EUR/USD,2005-08-04 11:26:59.000,1.239800,1.240100,D
174076482,EUR/USD,2005-08-04 11:27:02.000,1.239700,1.240000,D
174076509,EUR/USD,2005-08-04 11:27:04.000,1.239800,1.240100,D
174076511,EUR/USD,2005-08-04 11:27:05.000,1.239900,1.240200,D
174076519,EUR/USD,2005-08-04 11:27:06.000,1.239800,1.240100,D
174076526,EUR/USD,2005-08-04 11:27:07.000,1.239900,1.240200,D
174076543,EUR/USD,2005-08-04 11:27:10.000,1.240000,1.240300,D
174076561,EUR/USD,2005-08-04 11:27:13.000,1.239900,1.240200,D
174076582,EUR/USD,2005-08-04 11:27:15.000,1.239800,1.240100,D
174076624,EUR/USD,2005-08-04 11:27:20.000,1.239700,1.240000,D
174076626,EUR/USD,2005-08-04 11:27:21.000,1.239800,1.240100,D
174076628,EUR/USD,2005-08-04 11:27:22.000,1.239700,1.240000,D
174076629,EUR/USD,2005-08-04 11:27:22.000,1.239800,1.240100,D
174076639,EUR/USD,2005-08-04 11:27:25.000,1.239900,1.240200,D
174076653,EUR/USD,2005-08-04 11:27:28.000,1.240000,1.240300,D
174076656,EUR/USD,2005-08-04 11:27:28.000,1.239900,1.240200,D
174076664,EUR/USD,2005-08-04 11:27:30.000,1.240000,1.240300,D
174076674,EUR/USD,2005-08-04 11:27:31.000,1.239900,1.240200,D
174076710,EUR/USD,2005-08-04 11:27:38.000,1.240000,1.240300,D
174076719,EUR/USD,2005-08-04 11:27:39.000,1.239900,1.240200,D
174076731,EUR/USD,2005-08-04 11:27:40.000,1.240000,1.240300,D
174076736,EUR/USD,2005-08-04 11:27:41.000,1.239900,1.240200,D
174076775,EUR/USD,2005-08-04 11:27:46.000,1.239800,1.240100,D
174076778,EUR/USD,2005-08-04 11:27:47.000,1.239900,1.240200,D
174076825,EUR/USD,2005-08-04 11:27:54.000,1.240000,1.240300,D
174076844,EUR/USD,2005-08-04 11:27:57.000,1.240100,1.240400,D
174076845,EUR/USD,2005-08-04 11:27:57.000,1.240000,1.240300,D
174076850,EUR/USD,2005-08-04 11:27:57.000,1.239900,1.240200,D
174076856,EUR/USD,2005-08-04 11:27:58.000,1.240000,1.240300,D
174076902,EUR/USD,2005-08-04 11:28:02.000,1.239900,1.240200,D
174076912,EUR/USD,2005-08-04 11:28:03.000,1.240000,1.240300,D
174076923,EUR/USD,2005-08-04 11:28:04.000,1.239900,1.240200,D
174076935,EUR/USD,2005-08-04 11:28:05.000,1.240000,1.240300,D
174076940,EUR/USD,2005-08-04 11:28:06.000,1.239900,1.240200,D
174076954,EUR/USD,2005-08-04 11:28:07.000,1.240000,1.240300,D
174076961,EUR/USD,2005-08-04 11:28:09.000,1.239900,1.240200,D
174076985,EUR/USD,2005-08-04 11:28:13.000,1.240000,1.240300,D
174076992,EUR/USD,2005-08-04 11:28:14.000,1.239900,1.240200,D
174077007,EUR/USD,2005-08-04 11:28:16.000,1.239800,1.240100,D
174077026,EUR/USD,2005-08-04 11:28:19.000,1.239700,1.240000,D
174077085,EUR/USD,2005-08-04 11:28:28.000,1.239600,1.239900,D
174077137,EUR/USD,2005-08-04 11:28:34.000,1.239500,1.239800,D
174077143,EUR/USD,2005-08-04 11:28:34.000,1.239400,1.239700,D
174077152,EUR/USD,2005-08-04 11:28:36.000,1.239300,1.239600,D
174077189,EUR/USD,2005-08-04 11:28:39.000,1.239200,1.239500,D
174077200,EUR/USD,2005-08-04 11:28:40.000,1.239100,1.239400,D
174077205,EUR/USD,2005-08-04 11:28:40.000,1.239200,1.239500,D
174077228,EUR/USD,2005-08-04 11:28:42.000,1.239300,1.239600,D
174077261,EUR/USD,2005-08-04 11:28:47.000,1.239400,1.239700,D
174077302,EUR/USD,2005-08-04 11:28:53.000,1.239300,1.239600,D
174077304,EUR/USD,2005-08-04 11:28:54.000,1.239400,1.239700,D
174077311,EUR/USD,2005-08-04 11:28:55.000,1.239300,1.239600,D
174077314,EUR/USD,2005-08-04 11:28:55.000,1.239400,1.239700,D
174077333,EUR/USD,2005-08-04 11:28:58.000,1.239500,1.239800,D
174077357,EUR/USD,2005-08-04 11:29:01.000,1.239400,1.239700,D
174077367,EUR/USD,2005-08-04 11:29:01.000,1.239300,1.239600,D
174077378,EUR/USD,2005-08-04 11:29:03.000,1.239400,1.239700,D
174077382,EUR/USD,2005-08-04 11:29:03.000,1.239300,1.239600,D
174077396,EUR/USD,2005-08-04 11:29:06.000,1.239200,1.239500,D
174077405,EUR/USD,2005-08-04 11:29:09.000,1.239300,1.239600,D
174077408,EUR/USD,2005-08-04 11:29:11.000,1.239200,1.239500,D
174077410,EUR/USD,2005-08-04 11:29:11.000,1.239300,1.239600,D
174077430,EUR/USD,2005-08-04 11:29:16.000,1.239200,1.239500,D
174077438,EUR/USD,2005-08-04 11:29:18.000,1.239100,1.239400,D
174077453,EUR/USD,2005-08-04 11:29:20.000,1.239000,1.239300,D
174077495,EUR/USD,2005-08-04 11:29:29.000,1.239100,1.239400,D
174077539,EUR/USD,2005-08-04 11:29:45.000,1.239000,1.239300,D
174077584,EUR/USD,2005-08-04 11:29:54.000,1.239100,1.239400,D
174077670,EUR/USD,2005-08-04 11:30:13.000,1.239200,1.239500,D
174077683,EUR/USD,2005-08-04 11:30:15.000,1.239100,1.239400,D
174077687,EUR/USD,2005-08-04 11:30:15.000,1.239000,1.239300,D
174077704,EUR/USD,2005-08-04 11:30:16.000,1.239100,1.239400,D
174077722,EUR/USD,2005-08-04 11:30:18.000,1.239200,1.239500,D
174077758,EUR/USD,2005-08-04 11:30:22.000,1.239300,1.239600,D
174077774,EUR/USD,2005-08-04 11:30:25.000,1.239400,1.239700,D
174077799,EUR/USD,2005-08-04 11:30:29.000,1.239500,1.239800,D
174077817,EUR/USD,2005-08-04 11:30:31.000,1.239400,1.239700,D
174077866,EUR/USD,2005-08-04 11:30:38.000,1.239300,1.239600,D
174077882,EUR/USD,2005-08-04 11:30:39.000,1.239400,1.239700,D
174077938,EUR/USD,2005-08-04 11:30:46.000,1.239300,1.239600,D
174077944,EUR/USD,2005-08-04 11:30:47.000,1.239400,1.239700,D
174077951,EUR/USD,2005-08-04 11:30:48.000,1.239300,1.239600,D
174077962,EUR/USD,2005-08-04 11:30:49.000,1.239200,1.239500,D
174077976,EUR/USD,2005-08-04 11:30:52.000,1.239100,1.239400,D
174077978,EUR/USD,2005-08-04 11:30:52.000,1.239200,1.239500,D
174077984,EUR/USD,2005-08-04 11:30:53.000,1.239100,1.239400,D
174077990,EUR/USD,2005-08-04 11:30:54.000,1.239200,1.239500,D
174078001,EUR/USD,2005-08-04 11:30:56.000,1.239100,1.239400,D
174078006,EUR/USD,2005-08-04 11:30:56.000,1.239200,1.239500,D
174078021,EUR/USD,2005-08-04 11:30:57.000,1.239100,1.239400,D
174078074,EUR/USD,2005-08-04 11:31:03.000,1.239200,1.239500,D
174078076,EUR/USD,2005-08-04 11:31:03.000,1.239100,1.239400,D
174078081,EUR/USD,2005-08-04 11:31:03.000,1.239000,1.239300,D
174078111,EUR/USD,2005-08-04 11:31:08.000,1.239100,1.239400,D
174078155,EUR/USD,2005-08-04 11:31:17.000,1.239000,1.239300,D
174078190,EUR/USD,2005-08-04 11:31:22.000,1.238900,1.239200,D
174078246,EUR/USD,2005-08-04 11:31:29.000,1.239000,1.239300,D
174078269,EUR/USD,2005-08-04 11:31:33.000,1.238900,1.239200,D
174078297,EUR/USD,2005-08-04 11:31:42.000,1.239000,1.239300,D
174078307,EUR/USD,2005-08-04 11:31:43.000,1.238900,1.239200,D
174078311,EUR/USD,2005-08-04 11:31:44.000,1.239000,1.239300,D
174078321,EUR/USD,2005-08-04 11:31:45.000,1.238900,1.239200,D
174078343,EUR/USD,2005-08-04 11:31:55.000,1.239000,1.239300,D
174078363,EUR/USD,2005-08-04 11:31:59.000,1.238900,1.239200,D
174078387,EUR/USD,2005-08-04 11:32:02.000,1.238800,1.239100,D
174078390,EUR/USD,2005-08-04 11:32:02.000,1.238900,1.239200,D
174078399,EUR/USD,2005-08-04 11:32:05.000,1.239000,1.239300,D
174078427,EUR/USD,2005-08-04 11:32:10.000,1.238900,1.239200,D
174078447,EUR/USD,2005-08-04 11:32:15.000,1.238800,1.239100,D
174078462,EUR/USD,2005-08-04 11:32:19.000,1.238900,1.239200,D
174078471,EUR/USD,2005-08-04 11:32:21.000,1.238800,1.239100,D
174078481,EUR/USD,2005-08-04 11:32:23.000,1.238700,1.239000,D
174078485,EUR/USD,2005-08-04 11:32:23.000,1.238800,1.239100,D
174078489,EUR/USD,2005-08-04 11:32:24.000,1.238700,1.239000,D
174078497,EUR/USD,2005-08-04 11:32:24.000,1.238600,1.238900,D
174078527,EUR/USD,2005-08-04 11:32:28.000,1.238700,1.239000,D
174078548,EUR/USD,2005-08-04 11:32:31.000,1.238800,1.239100,D
174078554,EUR/USD,2005-08-04 11:32:32.000,1.238700,1.239000,D
174078564,EUR/USD,2005-08-04 11:32:33.000,1.238800,1.239100,D
174078571,EUR/USD,2005-08-04 11:32:34.000,1.238900,1.239200,D
174078580,EUR/USD,2005-08-04 11:32:35.000,1.238700,1.239000,D
174078599,EUR/USD,2005-08-04 11:32:37.000,1.238800,1.239100,D
174078608,EUR/USD,2005-08-04 11:32:38.000,1.238700,1.239000,D
174078612,EUR/USD,2005-08-04 11:32:39.000,1.238800,1.239100,D
174078653,EUR/USD,2005-08-04 11:32:49.000,1.238700,1.239000,D
174078691,EUR/USD,2005-08-04 11:32:54.000,1.238600,1.238900,D
174078717,EUR/USD,2005-08-04 11:33:01.000,1.238700,1.239000,D
174078721,EUR/USD,2005-08-04 11:33:03.000,1.238600,1.238900,D
174078790,EUR/USD,2005-08-04 11:33:21.000,1.238700,1.239000,D
174078805,EUR/USD,2005-08-04 11:33:23.000,1.238600,1.238900,D
174078851,EUR/USD,2005-08-04 11:33:30.000,1.238700,1.239000,D
174078858,EUR/USD,2005-08-04 11:33:31.000,1.238800,1.239100,D
174078866,EUR/USD,2005-08-04 11:33:32.000,1.238700,1.239000,D
174078872,EUR/USD,2005-08-04 11:33:32.000,1.238600,1.238900,D
174078875,EUR/USD,2005-08-04 11:33:32.000,1.238700,1.239000,D
174078889,EUR/USD,2005-08-04 11:33:37.000,1.238600,1.238900,D
174078896,EUR/USD,2005-08-04 11:33:39.000,1.238700,1.239000,D
174078914,EUR/USD,2005-08-04 11:33:44.000,1.238600,1.238900,D
174078944,EUR/USD,2005-08-04 11:33:48.000,1.238500,1.238800,D
174078979,EUR/USD,2005-08-04 11:33:54.000,1.238400,1.238700,D
174079023,EUR/USD,2005-08-04 11:34:00.000,1.238300,1.238600,D
174079047,EUR/USD,2005-08-04 11:34:02.000,1.238200,1.238500,D
174079079,EUR/USD,2005-08-04 11:34:07.000,1.238100,1.238400,D
174079089,EUR/USD,2005-08-04 11:34:10.000,1.238200,1.238500,D
174079095,EUR/USD,2005-08-04 11:34:10.000,1.238100,1.238400,D
174079098,EUR/USD,2005-08-04 11:34:10.000,1.238200,1.238500,D
174079108,EUR/USD,2005-08-04 11:34:11.000,1.238100,1.238400,D
174079117,EUR/USD,2005-08-04 11:34:12.000,1.238200,1.238500,D
174079136,EUR/USD,2005-08-04 11:34:17.000,1.238300,1.238600,D
174079143,EUR/USD,2005-08-04 11:34:18.000,1.238200,1.238500,D
174079176,EUR/USD,2005-08-04 11:34:24.000,1.238100,1.238400,D
174079187,EUR/USD,2005-08-04 11:34:25.000,1.238200,1.238500,D
174079199,EUR/USD,2005-08-04 11:34:27.000,1.238100,1.238400,D
174079204,EUR/USD,2005-08-04 11:34:28.000,1.238200,1.238500,D
174079218,EUR/USD,2005-08-04 11:34:34.000,1.238100,1.238400,D
174079228,EUR/USD,2005-08-04 11:34:35.000,1.238000,1.238300,D
174079235,EUR/USD,2005-08-04 11:34:36.000,1.238100,1.238400,D
174079244,EUR/USD,2005-08-04 11:34:38.000,1.238000,1.238300,D
174079264,EUR/USD,2005-08-04 11:34:41.000,1.237900,1.238200,D
174079269,EUR/USD,2005-08-04 11:34:41.000,1.238000,1.238300,D
174079273,EUR/USD,2005-08-04 11:34:42.000,1.238100,1.238400,D
174079282,EUR/USD,2005-08-04 11:34:43.000,1.238000,1.238300,D
174079287,EUR/USD,2005-08-04 11:34:43.000,1.238100,1.238400,D
174079296,EUR/USD,2005-08-04 11:34:45.000,1.238000,1.238300,D
174079314,EUR/USD,2005-08-04 11:34:51.000,1.238100,1.238400,D
174079333,EUR/USD,2005-08-04 11:34:55.000,1.238200,1.238500,D
174079338,EUR/USD,2005-08-04 11:34:56.000,1.238300,1.238600,D
174079353,EUR/USD,2005-08-04 11:34:59.000,1.238400,1.238700,D
174079381,EUR/USD,2005-08-04 11:35:02.000,1.238500,1.238800,D
174079386,EUR/USD,2005-08-04 11:35:03.000,1.238600,1.238900,D
174079414,EUR/USD,2005-08-04 11:35:07.000,1.238500,1.238800,D
174079492,EUR/USD,2005-08-04 11:35:27.000,1.238400,1.238700,D
174079530,EUR/USD,2005-08-04 11:35:33.000,1.238300,1.238600,D
174079550,EUR/USD,2005-08-04 11:35:39.000,1.238400,1.238700,D
174079566,EUR/USD,2005-08-04 11:35:42.000,1.238500,1.238800,D
174079669,EUR/USD,2005-08-04 11:36:21.000,1.238600,1.238900,D
174079679,EUR/USD,2005-08-04 11:36:22.000,1.238500,1.238800,D
174079683,EUR/USD,2005-08-04 11:36:22.000,1.238600,1.238900,D
174079715,EUR/USD,2005-08-04 11:36:29.000,1.238500,1.238800,D
174079725,EUR/USD,2005-08-04 11:36:30.000,1.238600,1.238900,D
174079741,EUR/USD,2005-08-04 11:36:34.000,1.238700,1.239000,D
174079751,EUR/USD,2005-08-04 11:36:35.000,1.238600,1.238900,D
174079776,EUR/USD,2005-08-04 11:36:48.000,1.238700,1.239000,D
174079789,EUR/USD,2005-08-04 11:36:50.000,1.238600,1.238900,D
174079792,EUR/USD,2005-08-04 11:36:51.000,1.238700,1.239000,D
174079832,EUR/USD,2005-08-04 11:36:59.000,1.238600,1.238900,D
174079838,EUR/USD,2005-08-04 11:37:00.000,1.238700,1.239000,D
174079892,EUR/USD,2005-08-04 11:37:15.000,1.238600,1.238900,D
174079898,EUR/USD,2005-08-04 11:37:17.000,1.238500,1.238800,D
174079903,EUR/USD,2005-08-04 11:37:19.000,1.238600,1.238900,D
174079922,EUR/USD,2005-08-04 11:37:21.000,1.238700,1.239000,D
174079928,EUR/USD,2005-08-04 11:37:23.000,1.238600,1.238900,D
174079947,EUR/USD,2005-08-04 11:37:33.000,1.238700,1.239000,D
174079961,EUR/USD,2005-08-04 11:37:36.000,1.238600,1.238900,D
174079982,EUR/USD,2005-08-04 11:37:44.000,1.238700,1.239000,D
174079997,EUR/USD,2005-08-04 11:37:47.000,1.238600,1.238900,D
174080016,EUR/USD,2005-08-04 11:37:50.000,1.238700,1.239000,D
174080021,EUR/USD,2005-08-04 11:37:52.000,1.238600,1.238900,D
174080032,EUR/USD,2005-08-04 11:37:55.000,1.238700,1.239000,D
174080037,EUR/USD,2005-08-04 11:37:56.000,1.238600,1.238900,D
174080056,EUR/USD,2005-08-04 11:38:05.000,1.238500,1.238800,D
174080070,EUR/USD,2005-08-04 11:38:09.000,1.238400,1.238700,D
174080080,EUR/USD,2005-08-04 11:38:11.000,1.238500,1.238800,D
174080083,EUR/USD,2005-08-04 11:38:12.000,1.238400,1.238700,D
174080112,EUR/USD,2005-08-04 11:38:21.000,1.238500,1.238800,D
174080151,EUR/USD,2005-08-04 11:38:38.000,1.238600,1.238900,D
174080162,EUR/USD,2005-08-04 11:38:40.000,1.238500,1.238800,D
174080171,EUR/USD,2005-08-04 11:38:43.000,1.238400,1.238700,D
174080198,EUR/USD,2005-08-04 11:38:56.000,1.238300,1.238600,D
174080227,EUR/USD,2005-08-04 11:39:02.000,1.238400,1.238700,D
174080241,EUR/USD,2005-08-04 11:39:03.000,1.238300,1.238600,D
174080255,EUR/USD,2005-08-04 11:39:06.000,1.238200,1.238500,D
174080272,EUR/USD,2005-08-04 11:39:08.000,1.238100,1.238400,D
174080318,EUR/USD,2005-08-04 11:39:19.000,1.238000,1.238300,D
174080323,EUR/USD,2005-08-04 11:39:19.000,1.238100,1.238400,D
174080338,EUR/USD,2005-08-04 11:39:24.000,1.238000,1.238300,D
174080359,EUR/USD,2005-08-04 11:39:30.000,1.238100,1.238400,D
174080371,EUR/USD,2005-08-04 11:39:34.000,1.238200,1.238500,D
174080377,EUR/USD,2005-08-04 11:39:36.000,1.238300,1.238600,D
174080388,EUR/USD,2005-08-04 11:39:37.000,1.238200,1.238500,D
174080394,EUR/USD,2005-08-04 11:39:37.000,1.238300,1.238600,D
174080401,EUR/USD,2005-08-04 11:39:38.000,1.238200,1.238500,D
174080402,EUR/USD,2005-08-04 11:39:40.000,1.238300,1.238600,D
174080459,EUR/USD,2005-08-04 11:39:51.000,1.238400,1.238700,D
174080461,EUR/USD,2005-08-04 11:39:51.000,1.238300,1.238600,D
174080483,EUR/USD,2005-08-04 11:40:06.000,1.238200,1.238500,D
174080493,EUR/USD,2005-08-04 11:40:09.000,1.238300,1.238600,D
174080501,EUR/USD,2005-08-04 11:40:10.000,1.238200,1.238500,D
174080516,EUR/USD,2005-08-04 11:40:14.000,1.238100,1.238400,D
174080522,EUR/USD,2005-08-04 11:40:14.000,1.238200,1.238500,D
174080527,EUR/USD,2005-08-04 11:40:15.000,1.238300,1.238600,D
174080534,EUR/USD,2005-08-04 11:40:16.000,1.238200,1.238500,D
174080536,EUR/USD,2005-08-04 11:40:16.000,1.238300,1.238600,D
174080537,EUR/USD,2005-08-04 11:40:16.000,1.238200,1.238500,D
174080564,EUR/USD,2005-08-04 11:40:20.000,1.238300,1.238600,D
174080586,EUR/USD,2005-08-04 11:40:27.000,1.238400,1.238700,D
174080605,EUR/USD,2005-08-04 11:40:29.000,1.238300,1.238600,D
174080609,EUR/USD,2005-08-04 11:40:30.000,1.238400,1.238700,D
174080634,EUR/USD,2005-08-04 11:40:40.000,1.238300,1.238600,D
174080687,EUR/USD,2005-08-04 11:40:58.000,1.238200,1.238500,D
174080695,EUR/USD,2005-08-04 11:40:59.000,1.238300,1.238600,D
174080698,EUR/USD,2005-08-04 11:40:59.000,1.238200,1.238500,D
174080702,EUR/USD,2005-08-04 11:41:00.000,1.238100,1.238400,D
174080719,EUR/USD,2005-08-04 11:41:04.000,1.238000,1.238300,D
174080748,EUR/USD,2005-08-04 11:41:10.000,1.238100,1.238400,D
174080772,EUR/USD,2005-08-04 11:41:16.000,1.238200,1.238500,D
174080781,EUR/USD,2005-08-04 11:41:17.000,1.238300,1.238600,D
174080801,EUR/USD,2005-08-04 11:41:19.000,1.238200,1.238500,D
174080857,EUR/USD,2005-08-04 11:41:30.000,1.238300,1.238600,D
174080874,EUR/USD,2005-08-04 11:41:34.000,1.238200,1.238500,D
174080898,EUR/USD,2005-08-04 11:41:43.000,1.238300,1.238600,D
174080909,EUR/USD,2005-08-04 11:41:47.000,1.238400,1.238700,D
174080916,EUR/USD,2005-08-04 11:41:50.000,1.238300,1.238600,D
174080933,EUR/USD,2005-08-04 11:41:56.000,1.238400,1.238700,D
174080947,EUR/USD,2005-08-04 11:41:59.000,1.238300,1.238600,D
174080948,EUR/USD,2005-08-04 11:41:59.000,1.238400,1.238700,D
174080957,EUR/USD,2005-08-04 11:42:01.000,1.238300,1.238600,D
174080960,EUR/USD,2005-08-04 11:42:01.000,1.238400,1.238700,D
174080962,EUR/USD,2005-08-04 11:42:01.000,1.238300,1.238600,D
174080981,EUR/USD,2005-08-04 11:42:08.000,1.238400,1.238700,D
174080986,EUR/USD,2005-08-04 11:42:09.000,1.238300,1.238600,D
174080999,EUR/USD,2005-08-04 11:42:22.000,1.238400,1.238700,D
174081019,EUR/USD,2005-08-04 11:42:24.000,1.238300,1.238600,D
174081025,EUR/USD,2005-08-04 11:42:26.000,1.238400,1.238700,D
174081059,EUR/USD,2005-08-04 11:42:39.000,1.238500,1.238800,D
174081109,EUR/USD,2005-08-04 11:42:55.000,1.238400,1.238700,D
174081133,EUR/USD,2005-08-04 11:43:04.000,1.238500,1.238800,D
174081178,EUR/USD,2005-08-04 11:43:23.000,1.238600,1.238900,D
174081188,EUR/USD,2005-08-04 11:43:26.000,1.238500,1.238800,D
174081205,EUR/USD,2005-08-04 11:43:30.000,1.238400,1.238700,D
174081215,EUR/USD,2005-08-04 11:43:34.000,1.238500,1.238800,D
174081220,EUR/USD,2005-08-04 11:43:36.000,1.238400,1.238700,D
174081227,EUR/USD,2005-08-04 11:43:38.000,1.238500,1.238800,D
174081236,EUR/USD,2005-08-04 11:43:40.000,1.238400,1.238700,D
174081243,EUR/USD,2005-08-04 11:43:40.000,1.238500,1.238800,D
174081305,EUR/USD,2005-08-04 11:44:00.000,1.238400,1.238700,D
174081307,EUR/USD,2005-08-04 11:44:01.000,1.238500,1.238800,D
174081317,EUR/USD,2005-08-04 11:44:12.000,1.238600,1.238900,D
174081324,EUR/USD,2005-08-04 11:44:13.000,1.238500,1.238800,D
174081330,EUR/USD,2005-08-04 11:44:16.000,1.238600,1.238900,D
174081342,EUR/USD,2005-08-04 11:44:17.000,1.238500,1.238800,D
174081366,EUR/USD,2005-08-04 11:44:33.000,1.238400,1.238700,D
174081374,EUR/USD,2005-08-04 11:44:34.000,1.238500,1.238800,D
174081391,EUR/USD,2005-08-04 11:44:42.000,1.238400,1.238700,D
174081419,EUR/USD,2005-08-04 11:44:47.000,1.238500,1.238800,D
174081424,EUR/USD,2005-08-04 11:44:49.000,1.238400,1.238700,D
174081461,EUR/USD,2005-08-04 11:45:14.000,1.238500,1.238800,D
174081517,EUR/USD,2005-08-04 11:45:35.000,1.238400,1.238700,D
174081528,EUR/USD,2005-08-04 11:45:39.000,1.238500,1.238800,D
174081533,EUR/USD,2005-08-04 11:45:40.000,1.238400,1.238700,D
174081546,EUR/USD,2005-08-04 11:45:44.000,1.238500,1.238800,D
174081594,EUR/USD,2005-08-04 11:45:55.000,1.238400,1.238700,D
174081641,EUR/USD,2005-08-04 11:46:06.000,1.238300,1.238600,D
174081681,EUR/USD,2005-08-04 11:46:19.000,1.238200,1.238500,D
174081685,EUR/USD,2005-08-04 11:46:20.000,1.238300,1.238600,D
174081694,EUR/USD,2005-08-04 11:46:22.000,1.238200,1.238500,D
174081743,EUR/USD,2005-08-04 11:46:38.000,1.238100,1.238400,D
174081754,EUR/USD,2005-08-04 11:46:39.000,1.238200,1.238500,D
174081782,EUR/USD,2005-08-04 11:46:46.000,1.238100,1.238400,D
174081792,EUR/USD,2005-08-04 11:46:48.000,1.238000,1.238300,D
174081805,EUR/USD,2005-08-04 11:46:51.000,1.237900,1.238200,D
174081813,EUR/USD,2005-08-04 11:46:52.000,1.237800,1.238100,D
174081825,EUR/USD,2005-08-04 11:46:52.000,1.237900,1.238200,D
174081838,EUR/USD,2005-08-04 11:46:54.000,1.237800,1.238100,D
174081866,EUR/USD,2005-08-04 11:46:59.000,1.237900,1.238200,D
174081873,EUR/USD,2005-08-04 11:47:00.000,1.237800,1.238100,D
174081924,EUR/USD,2005-08-04 11:47:09.000,1.237700,1.238000,D
174081938,EUR/USD,2005-08-04 11:47:12.000,1.237800,1.238100,D
174081945,EUR/USD,2005-08-04 11:47:13.000,1.237900,1.238200,D
174081950,EUR/USD,2005-08-04 11:47:14.000,1.237800,1.238100,D
174081994,EUR/USD,2005-08-04 11:47:28.000,1.237700,1.238000,D
174082011,EUR/USD,2005-08-04 11:47:30.000,1.237600,1.237900,D
174082025,EUR/USD,2005-08-04 11:47:33.000,1.237700,1.238000,D
174082032,EUR/USD,2005-08-04 11:47:34.000,1.237800,1.238100,D
174082038,EUR/USD,2005-08-04 11:47:35.000,1.237700,1.238000,D
174082040,EUR/USD,2005-08-04 11:47:35.000,1.237800,1.238100,D
174082053,EUR/USD,2005-08-04 11:47:36.000,1.237700,1.238000,D
174082059,EUR/USD,2005-08-04 11:47:37.000,1.237800,1.238100,D
174082166,EUR/USD,2005-08-04 11:48:05.000,1.237700,1.238000,D
174082182,EUR/USD,2005-08-04 11:48:12.000,1.237600,1.237900,D
174082237,EUR/USD,2005-08-04 11:48:27.000,1.237700,1.238000,D
174082258,EUR/USD,2005-08-04 11:48:32.000,1.237800,1.238100,D
174082271,EUR/USD,2005-08-04 11:48:36.000,1.237700,1.238000,D
174082272,EUR/USD,2005-08-04 11:48:36.000,1.237800,1.238100,D
174082277,EUR/USD,2005-08-04 11:48:38.000,1.237700,1.238000,D
174082282,EUR/USD,2005-08-04 11:48:38.000,1.237800,1.238100,D
174082317,EUR/USD,2005-08-04 11:48:52.000,1.237900,1.238200,D
174082327,EUR/USD,2005-08-04 11:48:54.000,1.237800,1.238100,D
174082354,EUR/USD,2005-08-04 11:49:01.000,1.237700,1.238000,D
174082370,EUR/USD,2005-08-04 11:49:10.000,1.237800,1.238100,D
174082376,EUR/USD,2005-08-04 11:49:11.000,1.237700,1.238000,D
174082394,EUR/USD,2005-08-04 11:49:17.000,1.237600,1.237900,D
174082420,EUR/USD,2005-08-04 11:49:20.000,1.237500,1.237800,D
174082422,EUR/USD,2005-08-04 11:49:21.000,1.237600,1.237900,D
174082433,EUR/USD,2005-08-04 11:49:22.000,1.237500,1.237800,D
174082447,EUR/USD,2005-08-04 11:49:26.000,1.237600,1.237900,D
174082455,EUR/USD,2005-08-04 11:49:27.000,1.237700,1.238000,D
174082472,EUR/USD,2005-08-04 11:49:30.000,1.237600,1.237900,D
174082477,EUR/USD,2005-08-04 11:49:34.000,1.237500,1.237800,D
174082494,EUR/USD,2005-08-04 11:49:41.000,1.237400,1.237700,D
174082495,EUR/USD,2005-08-04 11:49:43.000,1.237500,1.237800,D
174082506,EUR/USD,2005-08-04 11:49:53.000,1.237400,1.237700,D
174082515,EUR/USD,2005-08-04 11:49:54.000,1.237300,1.237600,D
174082519,EUR/USD,2005-08-04 11:49:56.000,1.237200,1.237500,D
174082531,EUR/USD,2005-08-04 11:49:57.000,1.237100,1.237400,D
174082533,EUR/USD,2005-08-04 11:49:58.000,1.237200,1.237500,D
174082537,EUR/USD,2005-08-04 11:49:59.000,1.237100,1.237400,D
174082547,EUR/USD,2005-08-04 11:50:00.000,1.237200,1.237500,D
174082549,EUR/USD,2005-08-04 11:50:00.000,1.237100,1.237400,D
174082559,EUR/USD,2005-08-04 11:50:01.000,1.237000,1.237300,D
174082562,EUR/USD,2005-08-04 11:50:02.000,1.237100,1.237400,D
174082568,EUR/USD,2005-08-04 11:50:02.000,1.237200,1.237500,D
174082597,EUR/USD,2005-08-04 11:50:10.000,1.237300,1.237600,D
174082627,EUR/USD,2005-08-04 11:50:17.000,1.237400,1.237700,D
174082660,EUR/USD,2005-08-04 11:50:20.000,1.237300,1.237600,D
174082671,EUR/USD,2005-08-04 11:50:21.000,1.237400,1.237700,D
174082690,EUR/USD,2005-08-04 11:50:24.000,1.237300,1.237600,D
174082702,EUR/USD,2005-08-04 11:50:30.000,1.237200,1.237500,D
174082727,EUR/USD,2005-08-04 11:50:43.000,1.237100,1.237400,D
174082734,EUR/USD,2005-08-04 11:50:45.000,1.237200,1.237500,D
174082739,EUR/USD,2005-08-04 11:50:47.000,1.237100,1.237400,D
174082790,EUR/USD,2005-08-04 11:50:53.000,1.237200,1.237500,D
174082823,EUR/USD,2005-08-04 11:51:02.000,1.237300,1.237600,D
174082835,EUR/USD,2005-08-04 11:51:08.000,1.237200,1.237500,D
174082848,EUR/USD,2005-08-04 11:51:10.000,1.237300,1.237600,D
174082861,EUR/USD,2005-08-04 11:51:11.000,1.237200,1.237500,D
174082879,EUR/USD,2005-08-04 11:51:15.000,1.237300,1.237600,D
174082888,EUR/USD,2005-08-04 11:51:17.000,1.237200,1.237500,D
174082912,EUR/USD,2005-08-04 11:51:29.000,1.237300,1.237600,D
174082933,EUR/USD,2005-08-04 11:51:36.000,1.237400,1.237700,D
174082981,EUR/USD,2005-08-04 11:51:55.000,1.237300,1.237600,D
174082985,EUR/USD,2005-08-04 11:51:56.000,1.237200,1.237500,D
174082995,EUR/USD,2005-08-04 11:51:56.000,1.237300,1.237600,D
174083003,EUR/USD,2005-08-04 11:51:57.000,1.237400,1.237700,D
174083016,EUR/USD,2005-08-04 11:51:58.000,1.237300,1.237600,D
174083024,EUR/USD,2005-08-04 11:51:58.000,1.237200,1.237500,D
174083044,EUR/USD,2005-08-04 11:52:07.000,1.237300,1.237600,D
174083067,EUR/USD,2005-08-04 11:52:20.000,1.237400,1.237700,D
174083097,EUR/USD,2005-08-04 11:52:28.000,1.237300,1.237600,D
174083109,EUR/USD,2005-08-04 11:52:29.000,1.237400,1.237700,D
174083123,EUR/USD,2005-08-04 11:52:39.000,1.237300,1.237600,D
174083144,EUR/USD,2005-08-04 11:52:44.000,1.237400,1.237700,D
174083146,EUR/USD,2005-08-04 11:52:45.000,1.237300,1.237600,D
174083160,EUR/USD,2005-08-04 11:52:47.000,1.237400,1.237700,D
174083177,EUR/USD,2005-08-04 11:52:58.000,1.237300,1.237600,D
174083183,EUR/USD,2005-08-04 11:52:59.000,1.237400,1.237700,D
174083191,EUR/USD,2005-08-04 11:53:02.000,1.237300,1.237600,D
174083201,EUR/USD,2005-08-04 11:53:04.000,1.237400,1.237700,D
174083243,EUR/USD,2005-08-04 11:53:24.000,1.237500,1.237800,D
174083284,EUR/USD,2005-08-04 11:53:35.000,1.237400,1.237700,D
174083304,EUR/USD,2005-08-04 11:53:39.000,1.237500,1.237800,D
174083313,EUR/USD,2005-08-04 11:53:41.000,1.237400,1.237700,D
174083323,EUR/USD,2005-08-04 11:53:42.000,1.237500,1.237800,D
174083362,EUR/USD,2005-08-04 11:53:53.000,1.237600,1.237900,D
174083397,EUR/USD,2005-08-04 11:54:06.000,1.237700,1.238000,D
174083421,EUR/USD,2005-08-04 11:54:09.000,1.237600,1.237900,D
174083454,EUR/USD,2005-08-04 11:54:14.000,1.237700,1.238000,D
174083503,EUR/USD,2005-08-04 11:54:26.000,1.237600,1.237900,D
174083508,EUR/USD,2005-08-04 11:54:29.000,1.237700,1.238000,D
174083512,EUR/USD,2005-08-04 11:54:31.000,1.237600,1.237900,D
174083520,EUR/USD,2005-08-04 11:54:32.000,1.237700,1.238000,D
174083524,EUR/USD,2005-08-04 11:54:32.000,1.237600,1.237900,D
174083565,EUR/USD,2005-08-04 11:54:43.000,1.237700,1.238000,D
174083572,EUR/USD,2005-08-04 11:54:44.000,1.237800,1.238100,D
174083586,EUR/USD,2005-08-04 11:54:47.000,1.237700,1.238000,D
174083604,EUR/USD,2005-08-04 11:54:50.000,1.237800,1.238100,D
174083620,EUR/USD,2005-08-04 11:54:51.000,1.237900,1.238200,D
174083626,EUR/USD,2005-08-04 11:54:52.000,1.238000,1.238300,D
174083645,EUR/USD,2005-08-04 11:54:53.000,1.237900,1.238200,D
174083660,EUR/USD,2005-08-04 11:54:54.000,1.238000,1.238300,D
174083715,EUR/USD,2005-08-04 11:55:03.000,1.237900,1.238200,D
174083743,EUR/USD,2005-08-04 11:55:09.000,1.238000,1.238300,D
174083772,EUR/USD,2005-08-04 11:55:14.000,1.238100,1.238400,D
174083803,EUR/USD,2005-08-04 11:55:23.000,1.238000,1.238300,D
174083854,EUR/USD,2005-08-04 11:55:36.000,1.238100,1.238400,D
174083869,EUR/USD,2005-08-04 11:55:38.000,1.238000,1.238300,D
174083875,EUR/USD,2005-08-04 11:55:40.000,1.238100,1.238400,D
174083887,EUR/USD,2005-08-04 11:55:46.000,1.238200,1.238500,D
174083898,EUR/USD,2005-08-04 11:55:50.000,1.238100,1.238400,D
174083903,EUR/USD,2005-08-04 11:55:52.000,1.238200,1.238500,D
174083932,EUR/USD,2005-08-04 11:55:59.000,1.238100,1.238400,D
174083934,EUR/USD,2005-08-04 11:56:00.000,1.238200,1.238500,D
174083937,EUR/USD,2005-08-04 11:56:01.000,1.238100,1.238400,D
174083992,EUR/USD,2005-08-04 11:56:29.000,1.238200,1.238500,D
174083994,EUR/USD,2005-08-04 11:56:30.000,1.238100,1.238400,D
174084006,EUR/USD,2005-08-04 11:56:34.000,1.238000,1.238300,D
174084033,EUR/USD,2005-08-04 11:56:38.000,1.238100,1.238400,D
174084057,EUR/USD,2005-08-04 11:56:42.000,1.238000,1.238300,D
174084081,EUR/USD,2005-08-04 11:56:49.000,1.238100,1.238400,D
174084107,EUR/USD,2005-08-04 11:57:02.000,1.238000,1.238300,D
174084111,EUR/USD,2005-08-04 11:57:06.000,1.237900,1.238200,D
174084123,EUR/USD,2005-08-04 11:57:08.000,1.238000,1.238300,D
174084141,EUR/USD,2005-08-04 11:57:13.000,1.237900,1.238200,D
174084157,EUR/USD,2005-08-04 11:57:19.000,1.238000,1.238300,D
174084163,EUR/USD,2005-08-04 11:57:21.000,1.238100,1.238400,D
174084175,EUR/USD,2005-08-04 11:57:23.000,1.238000,1.238300,D
174084187,EUR/USD,2005-08-04 11:57:28.000,1.237900,1.238200,D
174084207,EUR/USD,2005-08-04 11:57:34.000,1.237800,1.238100,D
174084249,EUR/USD,2005-08-04 11:57:42.000,1.237900,1.238200,D
174084260,EUR/USD,2005-08-04 11:57:45.000,1.238000,1.238300,D
174084275,EUR/USD,2005-08-04 11:57:48.000,1.238100,1.238400,D
174084282,EUR/USD,2005-08-04 11:57:49.000,1.238000,1.238300,D
174084328,EUR/USD,2005-08-04 11:58:08.000,1.237900,1.238200,D
174084341,EUR/USD,2005-08-04 11:58:11.000,1.237800,1.238100,D
174084358,EUR/USD,2005-08-04 11:58:15.000,1.237900,1.238200,D
174084363,EUR/USD,2005-08-04 11:58:17.000,1.237800,1.238100,D
174084370,EUR/USD,2005-08-04 11:58:18.000,1.237900,1.238200,D
174084386,EUR/USD,2005-08-04 11:58:24.000,1.237800,1.238100,D
174084426,EUR/USD,2005-08-04 11:58:41.000,1.237900,1.238200,D
174084446,EUR/USD,2005-08-04 11:58:55.000,1.238000,1.238300,D
174084458,EUR/USD,2005-08-04 11:58:58.000,1.237900,1.238200,D
174084463,EUR/USD,2005-08-04 11:58:59.000,1.238000,1.238300,D
174084467,EUR/USD,2005-08-04 11:58:59.000,1.238100,1.238400,D
174084477,EUR/USD,2005-08-04 11:59:02.000,1.238000,1.238300,D
174084543,EUR/USD,2005-08-04 11:59:32.000,1.238100,1.238400,D
174084581,EUR/USD,2005-08-04 12:00:02.000,1.238000,1.238300,D
174084583,EUR/USD,2005-08-04 12:00:04.000,1.238100,1.238400,D
174084620,EUR/USD,2005-08-04 12:00:20.000,1.238000,1.238300,D
174084630,EUR/USD,2005-08-04 12:00:34.000,1.237900,1.238200,D
174084636,EUR/USD,2005-08-04 12:00:36.000,1.238000,1.238300,D
174084642,EUR/USD,2005-08-04 12:00:38.000,1.237900,1.238200,D
174084646,EUR/USD,2005-08-04 12:00:40.000,1.238000,1.238300,D
174084654,EUR/USD,2005-08-04 12:00:43.000,1.237900,1.238200,D
174084671,EUR/USD,2005-08-04 12:00:46.000,1.237800,1.238100,D
174084704,EUR/USD,2005-08-04 12:00:58.000,1.237900,1.238200,D
174084719,EUR/USD,2005-08-04 12:01:01.000,1.238000,1.238300,D
174084724,EUR/USD,2005-08-04 12:01:02.000,1.238100,1.238400,D
174084741,EUR/USD,2005-08-04 12:01:04.000,1.238000,1.238300,D
174084763,EUR/USD,2005-08-04 12:01:10.000,1.238100,1.238400,D
174084773,EUR/USD,2005-08-04 12:01:12.000,1.238000,1.238300,D
174084786,EUR/USD,2005-08-04 12:01:18.000,1.237900,1.238200,D
174084791,EUR/USD,2005-08-04 12:01:20.000,1.238000,1.238300,D
174084797,EUR/USD,2005-08-04 12:01:22.000,1.237900,1.238200,D
174084821,EUR/USD,2005-08-04 12:01:26.000,1.237800,1.238100,D
174084837,EUR/USD,2005-08-04 12:01:30.000,1.237900,1.238200,D
174084843,EUR/USD,2005-08-04 12:01:32.000,1.237800,1.238100,D
174084864,EUR/USD,2005-08-04 12:01:46.000,1.237900,1.238200,D
174084885,EUR/USD,2005-08-04 12:01:53.000,1.238000,1.238300,D
174084889,EUR/USD,2005-08-04 12:01:54.000,1.237900,1.238200,D
174084893,EUR/USD,2005-08-04 12:01:55.000,1.238000,1.238300,D
174084895,EUR/USD,2005-08-04 12:01:58.000,1.237900,1.238200,D
174084912,EUR/USD,2005-08-04 12:02:06.000,1.238000,1.238300,D
174084925,EUR/USD,2005-08-04 12:02:11.000,1.237900,1.238200,D
174084939,EUR/USD,2005-08-04 12:02:14.000,1.238000,1.238300,D
174084970,EUR/USD,2005-08-04 12:02:26.000,1.237900,1.238200,D
174084981,EUR/USD,2005-08-04 12:02:28.000,1.238000,1.238300,D
174084984,EUR/USD,2005-08-04 12:02:31.000,1.237900,1.238200,D
174085037,EUR/USD,2005-08-04 12:02:50.000,1.238000,1.238300,D
174085043,EUR/USD,2005-08-04 12:02:53.000,1.237900,1.238200,D
174085056,EUR/USD,2005-08-04 12:03:01.000,1.237800,1.238100,D
174085061,EUR/USD,2005-08-04 12:03:03.000,1.237900,1.238200,D
174085065,EUR/USD,2005-08-04 12:03:04.000,1.238000,1.238300,D
174085066,EUR/USD,2005-08-04 12:03:06.000,1.237900,1.238200,D
174085080,EUR/USD,2005-08-04 12:03:23.000,1.238000,1.238300,D
174085088,EUR/USD,2005-08-04 12:03:26.000,1.238100,1.238400,D
174085097,EUR/USD,2005-08-04 12:03:31.000,1.238000,1.238300,D
174085101,EUR/USD,2005-08-04 12:03:36.000,1.238100,1.238400,D
174085128,EUR/USD,2005-08-04 12:03:49.000,1.238000,1.238300,D
174085139,EUR/USD,2005-08-04 12:03:54.000,1.237900,1.238200,D
174085145,EUR/USD,2005-08-04 12:03:56.000,1.238000,1.238300,D
174085159,EUR/USD,2005-08-04 12:04:00.000,1.238100,1.238400,D
174085182,EUR/USD,2005-08-04 12:04:17.000,1.238000,1.238300,D
174085194,EUR/USD,2005-08-04 12:04:20.000,1.238100,1.238400,D
174085222,EUR/USD,2005-08-04 12:05:02.000,1.238000,1.238300,D
174085278,EUR/USD,2005-08-04 12:05:30.000,1.237900,1.238200,D
174085287,EUR/USD,2005-08-04 12:05:36.000,1.238000,1.238300,D
174085304,EUR/USD,2005-08-04 12:05:44.000,1.237900,1.238200,D
174085345,EUR/USD,2005-08-04 12:06:06.000,1.237800,1.238100,D
174085407,EUR/USD,2005-08-04 12:06:23.000,1.237900,1.238200,D
174085431,EUR/USD,2005-08-04 12:06:28.000,1.237800,1.238100,D
174085473,EUR/USD,2005-08-04 12:06:44.000,1.237900,1.238200,D
174085502,EUR/USD,2005-08-04 12:06:54.000,1.238000,1.238300,D
174085519,EUR/USD,2005-08-04 12:07:02.000,1.237900,1.238200,D
174085543,EUR/USD,2005-08-04 12:07:12.000,1.238000,1.238300,D
174085546,EUR/USD,2005-08-04 12:07:13.000,1.237900,1.238200,D
174085558,EUR/USD,2005-08-04 12:07:15.000,1.238000,1.238300,D
174085654,EUR/USD,2005-08-04 12:07:42.000,1.238100,1.238400,D
174085726,EUR/USD,2005-08-04 12:08:12.000,1.238000,1.238300,D
174085749,EUR/USD,2005-08-04 12:08:20.000,1.238100,1.238400,D
174085780,EUR/USD,2005-08-04 12:08:33.000,1.238200,1.238500,D
174085812,EUR/USD,2005-08-04 12:08:47.000,1.238300,1.238600,D
174085819,EUR/USD,2005-08-04 12:08:50.000,1.238200,1.238500,D
174085863,EUR/USD,2005-08-04 12:09:07.000,1.238300,1.238600,D
174085925,EUR/USD,2005-08-04 12:09:25.000,1.238200,1.238500,D
174085928,EUR/USD,2005-08-04 12:09:26.000,1.238300,1.238600,D
174085962,EUR/USD,2005-08-04 12:09:41.000,1.238400,1.238700,D
174085995,EUR/USD,2005-08-04 12:09:59.000,1.238500,1.238800,D
174086007,EUR/USD,2005-08-04 12:10:00.000,1.238400,1.238700,D
174086043,EUR/USD,2005-08-04 12:10:14.000,1.238500,1.238800,D
174086150,EUR/USD,2005-08-04 12:10:41.000,1.238600,1.238900,D
174086179,EUR/USD,2005-08-04 12:10:49.000,1.238500,1.238800,D
174086199,EUR/USD,2005-08-04 12:10:59.000,1.238600,1.238900,D
174086226,EUR/USD,2005-08-04 12:11:11.000,1.238700,1.239000,D
174086237,EUR/USD,2005-08-04 12:11:15.000,1.238600,1.238900,D
174086252,EUR/USD,2005-08-04 12:11:29.000,1.238700,1.239000,D
174086290,EUR/USD,2005-08-04 12:11:48.000,1.238800,1.239100,D
174086294,EUR/USD,2005-08-04 12:11:49.000,1.238700,1.239000,D
174086304,EUR/USD,2005-08-04 12:11:53.000,1.238800,1.239100,D
174086388,EUR/USD,2005-08-04 12:12:13.000,1.238700,1.239000,D
174086395,EUR/USD,2005-08-04 12:12:13.000,1.238800,1.239100,D
174086418,EUR/USD,2005-08-04 12:12:15.000,1.238700,1.239000,D
174086460,EUR/USD,2005-08-04 12:12:29.000,1.238600,1.238900,D
174086497,EUR/USD,2005-08-04 12:12:58.000,1.238700,1.239000,D
174086517,EUR/USD,2005-08-04 12:13:14.000,1.238800,1.239100,D
174086523,EUR/USD,2005-08-04 12:13:18.000,1.238700,1.239000,D
174086550,EUR/USD,2005-08-04 12:13:37.000,1.238800,1.239100,D
174086563,EUR/USD,2005-08-04 12:13:50.000,1.238700,1.239000,D
174086639,EUR/USD,2005-08-04 12:14:20.000,1.238800,1.239100,D
174086654,EUR/USD,2005-08-04 12:14:22.000,1.238700,1.239000,D
174086659,EUR/USD,2005-08-04 12:14:24.000,1.238800,1.239100,D
174086680,EUR/USD,2005-08-04 12:14:30.000,1.238700,1.239000,D
174086726,EUR/USD,2005-08-04 12:14:50.000,1.238800,1.239100,D
174086776,EUR/USD,2005-08-04 12:15:13.000,1.238700,1.239000,D
174086780,EUR/USD,2005-08-04 12:15:18.000,1.238800,1.239100,D
174086793,EUR/USD,2005-08-04 12:15:22.000,1.238700,1.239000,D
174086800,EUR/USD,2005-08-04 12:15:23.000,1.238800,1.239100,D
174086806,EUR/USD,2005-08-04 12:15:23.000,1.238700,1.239000,D
174086921,EUR/USD,2005-08-04 12:16:27.000,1.238600,1.238900,D
174086925,EUR/USD,2005-08-04 12:16:27.000,1.238700,1.239000,D
174086934,EUR/USD,2005-08-04 12:16:30.000,1.238600,1.238900,D
174086942,EUR/USD,2005-08-04 12:16:31.000,1.238700,1.239000,D
174086951,EUR/USD,2005-08-04 12:16:32.000,1.238600,1.238900,D
174086957,EUR/USD,2005-08-04 12:16:33.000,1.238700,1.239000,D
174086995,EUR/USD,2005-08-04 12:16:43.000,1.238600,1.238900,D
174086998,EUR/USD,2005-08-04 12:16:43.000,1.238700,1.239000,D
174087032,EUR/USD,2005-08-04 12:16:53.000,1.238800,1.239100,D
174087036,EUR/USD,2005-08-04 12:16:56.000,1.238900,1.239200,D
174087063,EUR/USD,2005-08-04 12:17:06.000,1.238800,1.239100,D
174087075,EUR/USD,2005-08-04 12:17:11.000,1.238700,1.239000,D
174087078,EUR/USD,2005-08-04 12:17:12.000,1.238800,1.239100,D
174087097,EUR/USD,2005-08-04 12:17:23.000,1.238700,1.239000,D
174087103,EUR/USD,2005-08-04 12:17:24.000,1.238800,1.239100,D
174087110,EUR/USD,2005-08-04 12:17:26.000,1.238700,1.239000,D
174087142,EUR/USD,2005-08-04 12:17:38.000,1.238800,1.239100,D
174087170,EUR/USD,2005-08-04 12:17:46.000,1.238700,1.239000,D
174087184,EUR/USD,2005-08-04 12:17:50.000,1.238800,1.239100,D
174087199,EUR/USD,2005-08-04 12:17:59.000,1.238700,1.239000,D
174087206,EUR/USD,2005-08-04 12:18:05.000,1.238800,1.239100,D
174087218,EUR/USD,2005-08-04 12:18:11.000,1.238700,1.239000,D
174087260,EUR/USD,2005-08-04 12:18:33.000,1.238600,1.238900,D
174087294,EUR/USD,2005-08-04 12:18:50.000,1.238500,1.238800,D
174087352,EUR/USD,2005-08-04 12:19:56.000,1.238600,1.238900,D
174087437,EUR/USD,2005-08-04 12:20:58.000,1.238700,1.239000,D
174087453,EUR/USD,2005-08-04 12:21:04.000,1.238600,1.238900,D
174087471,EUR/USD,2005-08-04 12:21:14.000,1.238700,1.239000,D
174087488,EUR/USD,2005-08-04 12:21:23.000,1.238800,1.239100,D
174087490,EUR/USD,2005-08-04 12:21:24.000,1.238700,1.239000,D
174087491,EUR/USD,2005-08-04 12:21:24.000,1.238800,1.239100,D
174087505,EUR/USD,2005-08-04 12:21:29.000,1.238900,1.239200,D
174087513,EUR/USD,2005-08-04 12:21:30.000,1.238800,1.239100,D
174087604,EUR/USD,2005-08-04 12:22:30.000,1.238700,1.239000,D
174087660,EUR/USD,2005-08-04 12:22:56.000,1.238800,1.239100,D
174087678,EUR/USD,2005-08-04 12:23:06.000,1.238900,1.239200,D
174087687,EUR/USD,2005-08-04 12:23:10.000,1.238800,1.239100,D
174087707,EUR/USD,2005-08-04 12:23:19.000,1.238700,1.239000,D
174087724,EUR/USD,2005-08-04 12:23:21.000,1.238800,1.239100,D
174087771,EUR/USD,2005-08-04 12:23:47.000,1.238700,1.239000,D
174087790,EUR/USD,2005-08-04 12:24:02.000,1.238800,1.239100,D
174087803,EUR/USD,2005-08-04 12:24:09.000,1.238700,1.239000,D
174087878,EUR/USD,2005-08-04 12:24:30.000,1.238600,1.238900,D
174087890,EUR/USD,2005-08-04 12:24:35.000,1.238700,1.239000,D
174087901,EUR/USD,2005-08-04 12:24:38.000,1.238600,1.238900,D
174087913,EUR/USD,2005-08-04 12:24:43.000,1.238700,1.239000,D
174087918,EUR/USD,2005-08-04 12:24:44.000,1.238600,1.238900,D
174087925,EUR/USD,2005-08-04 12:24:45.000,1.238700,1.239000,D
174087996,EUR/USD,2005-08-04 12:25:44.000,1.238600,1.238900,D
174088008,EUR/USD,2005-08-04 12:25:46.000,1.238700,1.239000,D
174088015,EUR/USD,2005-08-04 12:25:51.000,1.238800,1.239100,D
174088021,EUR/USD,2005-08-04 12:25:53.000,1.238700,1.239000,D
174088024,EUR/USD,2005-08-04 12:25:54.000,1.238800,1.239100,D
174088035,EUR/USD,2005-08-04 12:25:56.000,1.238900,1.239200,D
174088053,EUR/USD,2005-08-04 12:26:16.000,1.238800,1.239100,D
174088056,EUR/USD,2005-08-04 12:26:16.000,1.238900,1.239200,D
174088074,EUR/USD,2005-08-04 12:26:31.000,1.239000,1.239300,D
174088097,EUR/USD,2005-08-04 12:26:41.000,1.238900,1.239200,D
174088145,EUR/USD,2005-08-04 12:26:56.000,1.238800,1.239100,D
174088205,EUR/USD,2005-08-04 12:27:46.000,1.238900,1.239200,D
174088224,EUR/USD,2005-08-04 12:27:51.000,1.238800,1.239100,D
174088286,EUR/USD,2005-08-04 12:28:28.000,1.238900,1.239200,D
174088307,EUR/USD,2005-08-04 12:28:47.000,1.238800,1.239100,D
174088312,EUR/USD,2005-08-04 12:28:50.000,1.238900,1.239200,D
174088318,EUR/USD,2005-08-04 12:28:53.000,1.239000,1.239300,D
174088325,EUR/USD,2005-08-04 12:28:55.000,1.239100,1.239400,D
174088373,EUR/USD,2005-08-04 12:29:03.000,1.239000,1.239300,D
174088394,EUR/USD,2005-08-04 12:29:09.000,1.239100,1.239400,D
174088410,EUR/USD,2005-08-04 12:29:14.000,1.239200,1.239500,D
174088424,EUR/USD,2005-08-04 12:29:15.000,1.239100,1.239400,D
174088446,EUR/USD,2005-08-04 12:29:25.000,1.239000,1.239300,D
174088449,EUR/USD,2005-08-04 12:29:25.000,1.239100,1.239400,D
174088459,EUR/USD,2005-08-04 12:29:28.000,1.239000,1.239300,D
174088467,EUR/USD,2005-08-04 12:29:30.000,1.239100,1.239400,D
174088505,EUR/USD,2005-08-04 12:29:39.000,1.239000,1.239300,D
174088523,EUR/USD,2005-08-04 12:29:52.000,1.238900,1.239200,D
174088528,EUR/USD,2005-08-04 12:29:54.000,1.239000,1.239300,D
174088542,EUR/USD,2005-08-04 12:30:02.000,1.238900,1.239200,D
174088553,EUR/USD,2005-08-04 12:30:06.000,1.239000,1.239300,D
174088558,EUR/USD,2005-08-04 12:30:08.000,1.238900,1.239200,D
174088567,EUR/USD,2005-08-04 12:30:10.000,1.239000,1.239300,D
174088595,EUR/USD,2005-08-04 12:30:21.000,1.238900,1.239200,D
174088600,EUR/USD,2005-08-04 12:30:23.000,1.239000,1.239300,D
174088607,EUR/USD,2005-08-04 12:30:25.000,1.238900,1.239200,D
174088616,EUR/USD,2005-08-04 12:30:27.000,1.239000,1.239300,D
174088624,EUR/USD,2005-08-04 12:30:28.000,1.238900,1.239200,D
174088649,EUR/USD,2005-08-04 12:30:34.000,1.239000,1.239300,D
174088660,EUR/USD,2005-08-04 12:30:36.000,1.238900,1.239200,D
174088679,EUR/USD,2005-08-04 12:30:51.000,1.238800,1.239100,D
174088686,EUR/USD,2005-08-04 12:30:51.000,1.238700,1.239000,D
174088691,EUR/USD,2005-08-04 12:30:53.000,1.238800,1.239100,D
174088702,EUR/USD,2005-08-04 12:30:54.000,1.238900,1.239200,D
174088705,EUR/USD,2005-08-04 12:30:54.000,1.238800,1.239100,D
174088721,EUR/USD,2005-08-04 12:31:06.000,1.238700,1.239000,D
174088732,EUR/USD,2005-08-04 12:31:10.000,1.238600,1.238900,D
174088798,EUR/USD,2005-08-04 12:31:30.000,1.238500,1.238800,D
174088807,EUR/USD,2005-08-04 12:31:35.000,1.238600,1.238900,D
174088838,EUR/USD,2005-08-04 12:31:41.000,1.238500,1.238800,D
174088846,EUR/USD,2005-08-04 12:31:42.000,1.238600,1.238900,D
174088859,EUR/USD,2005-08-04 12:31:43.000,1.238500,1.238800,D
174088868,EUR/USD,2005-08-04 12:31:49.000,1.238600,1.238900,D
174088896,EUR/USD,2005-08-04 12:32:02.000,1.238500,1.238800,D
174088902,EUR/USD,2005-08-04 12:32:03.000,1.238600,1.238900,D
174088932,EUR/USD,2005-08-04 12:32:19.000,1.238500,1.238800,D
174089018,EUR/USD,2005-08-04 12:33:24.000,1.238600,1.238900,D
174089040,EUR/USD,2005-08-04 12:33:35.000,1.238500,1.238800,D
174089045,EUR/USD,2005-08-04 12:33:36.000,1.238400,1.238700,D
174089061,EUR/USD,2005-08-04 12:33:44.000,1.238300,1.238600,D
174089066,EUR/USD,2005-08-04 12:33:44.000,1.238400,1.238700,D
174089079,EUR/USD,2005-08-04 12:33:47.000,1.238300,1.238600,D
174089107,EUR/USD,2005-08-04 12:33:56.000,1.238400,1.238700,D
174089139,EUR/USD,2005-08-04 12:34:11.000,1.238300,1.238600,D
174089155,EUR/USD,2005-08-04 12:34:16.000,1.238200,1.238500,D
174089165,EUR/USD,2005-08-04 12:34:20.000,1.238300,1.238600,D
174089178,EUR/USD,2005-08-04 12:34:27.000,1.238200,1.238500,D
174089193,EUR/USD,2005-08-04 12:34:34.000,1.238100,1.238400,D
174089207,EUR/USD,2005-08-04 12:34:39.000,1.238000,1.238300,D
174089217,EUR/USD,2005-08-04 12:34:41.000,1.238100,1.238400,D
174089226,EUR/USD,2005-08-04 12:34:42.000,1.238000,1.238300,D
174089229,EUR/USD,2005-08-04 12:34:44.000,1.238100,1.238400,D
174089244,EUR/USD,2005-08-04 12:34:46.000,1.238000,1.238300,D
174089256,EUR/USD,2005-08-04 12:34:48.000,1.238100,1.238400,D
174089264,EUR/USD,2005-08-04 12:34:51.000,1.238000,1.238300,D
174089271,EUR/USD,2005-08-04 12:34:52.000,1.238100,1.238400,D
174089283,EUR/USD,2005-08-04 12:34:55.000,1.238000,1.238300,D
174089289,EUR/USD,2005-08-04 12:34:59.000,1.238100,1.238400,D
174089319,EUR/USD,2005-08-04 12:35:05.000,1.238200,1.238500,D
174089385,EUR/USD,2005-08-04 12:35:46.000,1.238100,1.238400,D
174089397,EUR/USD,2005-08-04 12:35:54.000,1.238000,1.238300,D
174089403,EUR/USD,2005-08-04 12:35:57.000,1.238100,1.238400,D
174089416,EUR/USD,2005-08-04 12:36:00.000,1.238000,1.238300,D
174089423,EUR/USD,2005-08-04 12:36:01.000,1.238100,1.238400,D
174089436,EUR/USD,2005-08-04 12:36:04.000,1.238000,1.238300,D
174089440,EUR/USD,2005-08-04 12:36:05.000,1.238100,1.238400,D
174089459,EUR/USD,2005-08-04 12:36:09.000,1.238000,1.238300,D
174089478,EUR/USD,2005-08-04 12:36:38.000,1.238100,1.238400,D
174089489,EUR/USD,2005-08-04 12:36:42.000,1.238000,1.238300,D
174089495,EUR/USD,2005-08-04 12:37:13.000,1.238100,1.238400,D
174089500,EUR/USD,2005-08-04 12:37:13.000,1.238200,1.238500,D
174089523,EUR/USD,2005-08-04 12:37:21.000,1.238300,1.238600,D
174089529,EUR/USD,2005-08-04 12:37:22.000,1.238400,1.238700,D
174089595,EUR/USD,2005-08-04 12:38:06.000,1.238500,1.238800,D
174089596,EUR/USD,2005-08-04 12:38:06.000,1.238400,1.238700,D
174089656,EUR/USD,2005-08-04 12:39:01.000,1.238300,1.238600,D
174089661,EUR/USD,2005-08-04 12:39:05.000,1.238400,1.238700,D
174089671,EUR/USD,2005-08-04 12:39:13.000,1.238300,1.238600,D
174089681,EUR/USD,2005-08-04 12:39:35.000,1.238400,1.238700,D
174089731,EUR/USD,2005-08-04 12:40:27.000,1.238300,1.238600,D
174089748,EUR/USD,2005-08-04 12:40:37.000,1.238400,1.238700,D
174089781,EUR/USD,2005-08-04 12:41:30.000,1.238300,1.238600,D
174089831,EUR/USD,2005-08-04 12:42:10.000,1.238200,1.238500,D
174089836,EUR/USD,2005-08-04 12:42:11.000,1.238300,1.238600,D
174089853,EUR/USD,2005-08-04 12:42:20.000,1.238400,1.238700,D
174089855,EUR/USD,2005-08-04 12:42:21.000,1.238300,1.238600,D
174089888,EUR/USD,2005-08-04 12:43:25.000,1.238200,1.238500,D
174089891,EUR/USD,2005-08-04 12:43:35.000,1.238300,1.238600,D
174089892,EUR/USD,2005-08-04 12:43:48.000,1.238200,1.238500,D
174089909,EUR/USD,2005-08-04 12:43:52.000,1.238100,1.238400,D
174089913,EUR/USD,2005-08-04 12:43:52.000,1.238000,1.238300,D
174089943,EUR/USD,2005-08-04 12:44:05.000,1.237900,1.238200,D
174089947,EUR/USD,2005-08-04 12:44:05.000,1.238000,1.238300,D
174089948,EUR/USD,2005-08-04 12:44:05.000,1.238100,1.238400,D
174089970,EUR/USD,2005-08-04 12:44:07.000,1.238000,1.238300,D
174090015,EUR/USD,2005-08-04 12:44:49.000,1.238100,1.238400,D
174090028,EUR/USD,2005-08-04 12:45:00.000,1.238200,1.238500,D
174090049,EUR/USD,2005-08-04 12:45:03.000,1.238100,1.238400,D
174090072,EUR/USD,2005-08-04 12:45:12.000,1.238200,1.238500,D
174090082,EUR/USD,2005-08-04 12:45:13.000,1.238300,1.238600,D
174090085,EUR/USD,2005-08-04 12:45:14.000,1.238200,1.238500,D
174090089,EUR/USD,2005-08-04 12:45:15.000,1.238300,1.238600,D
174090112,EUR/USD,2005-08-04 12:45:28.000,1.238200,1.238500,D
174090127,EUR/USD,2005-08-04 12:45:35.000,1.238300,1.238600,D
174090148,EUR/USD,2005-08-04 12:45:58.000,1.238400,1.238700,D
174090154,EUR/USD,2005-08-04 12:46:02.000,1.238300,1.238600,D
174090156,EUR/USD,2005-08-04 12:46:04.000,1.238400,1.238700,D
174090158,EUR/USD,2005-08-04 12:46:04.000,1.238500,1.238800,D
174090163,EUR/USD,2005-08-04 12:46:05.000,1.238400,1.238700,D
174090179,EUR/USD,2005-08-04 12:46:16.000,1.238300,1.238600,D
174090207,EUR/USD,2005-08-04 12:46:31.000,1.238400,1.238700,D
174090220,EUR/USD,2005-08-04 12:46:35.000,1.238300,1.238600,D
174090222,EUR/USD,2005-08-04 12:46:37.000,1.238400,1.238700,D
174090298,EUR/USD,2005-08-04 12:49:08.000,1.238300,1.238600,D
174090307,EUR/USD,2005-08-04 12:49:25.000,1.238400,1.238700,D
174090382,EUR/USD,2005-08-04 12:51:04.000,1.238500,1.238800,D
174090385,EUR/USD,2005-08-04 12:51:13.000,1.238400,1.238700,D
174090390,EUR/USD,2005-08-04 12:51:35.000,1.238300,1.238600,D
174090396,EUR/USD,2005-08-04 12:51:38.000,1.238400,1.238700,D
174090399,EUR/USD,2005-08-04 12:51:41.000,1.238300,1.238600,D
174090416,EUR/USD,2005-08-04 12:51:53.000,1.238200,1.238500,D
174090421,EUR/USD,2005-08-04 12:51:58.000,1.238300,1.238600,D
174090524,EUR/USD,2005-08-04 12:53:44.000,1.238400,1.238700,D
174090546,EUR/USD,2005-08-04 12:54:01.000,1.238500,1.238800,D
174090577,EUR/USD,2005-08-04 12:54:18.000,1.238400,1.238700,D
174090582,EUR/USD,2005-08-04 12:54:23.000,1.238500,1.238800,D
174090588,EUR/USD,2005-08-04 12:54:25.000,1.238400,1.238700,D
174090617,EUR/USD,2005-08-04 12:54:51.000,1.238300,1.238600,D
174090658,EUR/USD,2005-08-04 12:55:17.000,1.238400,1.238700,D
174090670,EUR/USD,2005-08-04 12:55:22.000,1.238300,1.238600,D
174090735,EUR/USD,2005-08-04 12:56:51.000,1.238400,1.238700,D
174090777,EUR/USD,2005-08-04 12:57:08.000,1.238300,1.238600,D
174090802,EUR/USD,2005-08-04 12:57:35.000,1.238400,1.238700,D
174090825,EUR/USD,2005-08-04 12:57:51.000,1.238500,1.238800,D
174090837,EUR/USD,2005-08-04 12:57:56.000,1.238400,1.238700,D
174090840,EUR/USD,2005-08-04 12:57:57.000,1.238500,1.238800,D
174090853,EUR/USD,2005-08-04 12:58:01.000,1.238600,1.238900,D
174090918,EUR/USD,2005-08-04 12:58:40.000,1.238700,1.239000,D
174090954,EUR/USD,2005-08-04 12:59:06.000,1.238600,1.238900,D
174090956,EUR/USD,2005-08-04 12:59:21.000,1.238700,1.239000,D
174091014,EUR/USD,2005-08-04 13:00:02.000,1.238600,1.238900,D
174091023,EUR/USD,2005-08-04 13:00:20.000,1.238700,1.239000,D
174091032,EUR/USD,2005-08-04 13:00:30.000,1.238800,1.239100,D
174091041,EUR/USD,2005-08-04 13:00:35.000,1.238700,1.239000,D
174091043,EUR/USD,2005-08-04 13:00:36.000,1.238800,1.239100,D
174091080,EUR/USD,2005-08-04 13:01:27.000,1.238900,1.239200,D
174091133,EUR/USD,2005-08-04 13:01:45.000,1.238800,1.239100,D
174091184,EUR/USD,2005-08-04 13:02:02.000,1.238700,1.239000,D
174091191,EUR/USD,2005-08-04 13:02:06.000,1.238600,1.238900,D
174091206,EUR/USD,2005-08-04 13:02:09.000,1.238500,1.238800,D
174091229,EUR/USD,2005-08-04 13:02:18.000,1.238400,1.238700,D
174091244,EUR/USD,2005-08-04 13:02:21.000,1.238300,1.238600,D
174091253,EUR/USD,2005-08-04 13:02:23.000,1.238400,1.238700,D
174091260,EUR/USD,2005-08-04 13:02:24.000,1.238300,1.238600,D
174091273,EUR/USD,2005-08-04 13:02:27.000,1.238200,1.238500,D
174091284,EUR/USD,2005-08-04 13:02:30.000,1.238100,1.238400,D
174091289,EUR/USD,2005-08-04 13:02:32.000,1.238200,1.238500,D
174091340,EUR/USD,2005-08-04 13:02:48.000,1.238300,1.238600,D
174091356,EUR/USD,2005-08-04 13:02:51.000,1.238200,1.238500,D
174091373,EUR/USD,2005-08-04 13:03:02.000,1.238100,1.238400,D
174091380,EUR/USD,2005-08-04 13:03:04.000,1.238200,1.238500,D
174091422,EUR/USD,2005-08-04 13:03:26.000,1.238100,1.238400,D
174091438,EUR/USD,2005-08-04 13:03:34.000,1.238000,1.238300,D
174091451,EUR/USD,2005-08-04 13:03:46.000,1.238100,1.238400,D
174091480,EUR/USD,2005-08-04 13:04:07.000,1.238000,1.238300,D
174091508,EUR/USD,2005-08-04 13:04:25.000,1.237900,1.238200,D
174091531,EUR/USD,2005-08-04 13:04:34.000,1.238000,1.238300,D
174091561,EUR/USD,2005-08-04 13:04:50.000,1.238100,1.238400,D
174091612,EUR/USD,2005-08-04 13:05:10.000,1.238000,1.238300,D
174091622,EUR/USD,2005-08-04 13:05:11.000,1.237900,1.238200,D
174091624,EUR/USD,2005-08-04 13:05:13.000,1.238000,1.238300,D
174091632,EUR/USD,2005-08-04 13:05:17.000,1.237900,1.238200,D
174091689,EUR/USD,2005-08-04 13:05:46.000,1.237800,1.238100,D
174091691,EUR/USD,2005-08-04 13:05:47.000,1.237700,1.238000,D
174091714,EUR/USD,2005-08-04 13:05:49.000,1.237600,1.237900,D
174091722,EUR/USD,2005-08-04 13:05:50.000,1.237700,1.238000,D
174091724,EUR/USD,2005-08-04 13:05:50.000,1.237600,1.237900,D
174091779,EUR/USD,2005-08-04 13:05:59.000,1.237500,1.237800,D
174091798,EUR/USD,2005-08-04 13:06:00.000,1.237600,1.237900,D
174091813,EUR/USD,2005-08-04 13:06:02.000,1.237500,1.237800,D
174091825,EUR/USD,2005-08-04 13:06:06.000,1.237600,1.237900,D
174091836,EUR/USD,2005-08-04 13:06:10.000,1.237500,1.237800,D
174091846,EUR/USD,2005-08-04 13:06:13.000,1.237400,1.237700,D
174091863,EUR/USD,2005-08-04 13:06:16.000,1.237500,1.237800,D
174091879,EUR/USD,2005-08-04 13:06:19.000,1.237400,1.237700,D
174091895,EUR/USD,2005-08-04 13:06:22.000,1.237500,1.237800,D
174091909,EUR/USD,2005-08-04 13:06:25.000,1.237400,1.237700,D
174091919,EUR/USD,2005-08-04 13:06:27.000,1.237500,1.237800,D
174091926,EUR/USD,2005-08-04 13:06:28.000,1.237400,1.237700,D
174091931,EUR/USD,2005-08-04 13:06:29.000,1.237500,1.237800,D
174091955,EUR/USD,2005-08-04 13:06:39.000,1.237600,1.237900,D
174091966,EUR/USD,2005-08-04 13:06:41.000,1.237700,1.238000,D
174091976,EUR/USD,2005-08-04 13:06:44.000,1.237600,1.237900,D
174091980,EUR/USD,2005-08-04 13:06:44.000,1.237500,1.237800,D
174091993,EUR/USD,2005-08-04 13:06:46.000,1.237600,1.237900,D
174092013,EUR/USD,2005-08-04 13:06:51.000,1.237700,1.238000,D
174092024,EUR/USD,2005-08-04 13:07:03.000,1.237600,1.237900,D
174092034,EUR/USD,2005-08-04 13:07:06.000,1.237700,1.238000,D
174092056,EUR/USD,2005-08-04 13:07:16.000,1.237600,1.237900,D
174092083,EUR/USD,2005-08-04 13:07:32.000,1.237700,1.238000,D
174092085,EUR/USD,2005-08-04 13:07:33.000,1.237600,1.237900,D
174092131,EUR/USD,2005-08-04 13:07:56.000,1.237500,1.237800,D
174092137,EUR/USD,2005-08-04 13:07:58.000,1.237600,1.237900,D
174092163,EUR/USD,2005-08-04 13:08:23.000,1.237700,1.238000,D
174092179,EUR/USD,2005-08-04 13:08:30.000,1.237600,1.237900,D
174092188,EUR/USD,2005-08-04 13:08:37.000,1.237500,1.237800,D
174092197,EUR/USD,2005-08-04 13:08:51.000,1.237600,1.237900,D
174092231,EUR/USD,2005-08-04 13:09:32.000,1.237700,1.238000,D
174092262,EUR/USD,2005-08-04 13:09:56.000,1.237800,1.238100,D
174092266,EUR/USD,2005-08-04 13:09:56.000,1.237700,1.238000,D
174092351,EUR/USD,2005-08-04 13:10:48.000,1.237600,1.237900,D
174092362,EUR/USD,2005-08-04 13:11:06.000,1.237700,1.238000,D
174092374,EUR/USD,2005-08-04 13:11:19.000,1.237800,1.238100,D
174092378,EUR/USD,2005-08-04 13:11:19.000,1.237700,1.238000,D
174092408,EUR/USD,2005-08-04 13:11:39.000,1.237800,1.238100,D
174092436,EUR/USD,2005-08-04 13:11:52.000,1.237900,1.238200,D
174092448,EUR/USD,2005-08-04 13:11:55.000,1.238000,1.238300,D
174092461,EUR/USD,2005-08-04 13:11:57.000,1.237900,1.238200,D
174092478,EUR/USD,2005-08-04 13:12:00.000,1.238000,1.238300,D
174092539,EUR/USD,2005-08-04 13:12:44.000,1.237900,1.238200,D
174092550,EUR/USD,2005-08-04 13:12:46.000,1.238000,1.238300,D
174092561,EUR/USD,2005-08-04 13:13:00.000,1.238100,1.238400,D
174092562,EUR/USD,2005-08-04 13:13:04.000,1.238000,1.238300,D
174092567,EUR/USD,2005-08-04 13:13:07.000,1.238100,1.238400,D
174092576,EUR/USD,2005-08-04 13:13:08.000,1.238000,1.238300,D
174092591,EUR/USD,2005-08-04 13:13:17.000,1.238100,1.238400,D
174092598,EUR/USD,2005-08-04 13:13:20.000,1.238000,1.238300,D
174092602,EUR/USD,2005-08-04 13:13:23.000,1.238100,1.238400,D
174092620,EUR/USD,2005-08-04 13:13:35.000,1.238000,1.238300,D
174092639,EUR/USD,2005-08-04 13:14:40.000,1.238100,1.238400,D
174092650,EUR/USD,2005-08-04 13:14:50.000,1.238000,1.238300,D
174092696,EUR/USD,2005-08-04 13:16:32.000,1.237900,1.238200,D
174092734,EUR/USD,2005-08-04 13:16:55.000,1.237800,1.238100,D
174092752,EUR/USD,2005-08-04 13:17:24.000,1.237700,1.238000,D
174092818,EUR/USD,2005-08-04 13:18:21.000,1.237800,1.238100,D
174092829,EUR/USD,2005-08-04 13:18:26.000,1.237900,1.238200,D
174092848,EUR/USD,2005-08-04 13:18:32.000,1.237800,1.238100,D
174092868,EUR/USD,2005-08-04 13:18:36.000,1.237900,1.238200,D
174092875,EUR/USD,2005-08-04 13:18:37.000,1.237800,1.238100,D
174092878,EUR/USD,2005-08-04 13:18:37.000,1.237900,1.238200,D
174092913,EUR/USD,2005-08-04 13:18:56.000,1.237800,1.238100,D
174092930,EUR/USD,2005-08-04 13:19:09.000,1.237900,1.238200,D
174092941,EUR/USD,2005-08-04 13:19:15.000,1.237800,1.238100,D
174092967,EUR/USD,2005-08-04 13:19:38.000,1.237900,1.238200,D
174092994,EUR/USD,2005-08-04 13:19:54.000,1.238000,1.238300,D
174093000,EUR/USD,2005-08-04 13:19:55.000,1.238100,1.238400,D
174093007,EUR/USD,2005-08-04 13:19:57.000,1.238000,1.238300,D
174093022,EUR/USD,2005-08-04 13:20:11.000,1.238100,1.238400,D
174093029,EUR/USD,2005-08-04 13:20:14.000,1.238000,1.238300,D
174093046,EUR/USD,2005-08-04 13:20:42.000,1.238100,1.238400,D
174093052,EUR/USD,2005-08-04 13:20:53.000,1.238000,1.238300,D
174093054,EUR/USD,2005-08-04 13:20:55.000,1.238100,1.238400,D
174093106,EUR/USD,2005-08-04 13:21:46.000,1.238000,1.238300,D
174093117,EUR/USD,2005-08-04 13:21:52.000,1.238100,1.238400,D
174093128,EUR/USD,2005-08-04 13:22:03.000,1.238000,1.238300,D
174093146,EUR/USD,2005-08-04 13:22:21.000,1.238100,1.238400,D
174093151,EUR/USD,2005-08-04 13:22:21.000,1.238000,1.238300,D
174093156,EUR/USD,2005-08-04 13:22:26.000,1.238100,1.238400,D
174093162,EUR/USD,2005-08-04 13:22:36.000,1.238000,1.238300,D
174093167,EUR/USD,2005-08-04 13:22:37.000,1.237900,1.238200,D
174093178,EUR/USD,2005-08-04 13:22:40.000,1.237800,1.238100,D
174093189,EUR/USD,2005-08-04 13:23:07.000,1.237700,1.238000,D
174093233,EUR/USD,2005-08-04 13:24:11.000,1.237600,1.237900,D
174093277,EUR/USD,2005-08-04 13:24:42.000,1.237700,1.238000,D
174093288,EUR/USD,2005-08-04 13:24:44.000,1.237600,1.237900,D
174093310,EUR/USD,2005-08-04 13:24:53.000,1.237700,1.238000,D
174093328,EUR/USD,2005-08-04 13:25:17.000,1.237800,1.238100,D
174093338,EUR/USD,2005-08-04 13:25:28.000,1.237700,1.238000,D
174093344,EUR/USD,2005-08-04 13:25:31.000,1.237800,1.238100,D
174093440,EUR/USD,2005-08-04 13:28:12.000,1.237700,1.238000,D
174093535,EUR/USD,2005-08-04 13:30:19.000,1.237800,1.238100,D
174093566,EUR/USD,2005-08-04 13:31:00.000,1.237900,1.238200,D
174093578,EUR/USD,2005-08-04 13:31:04.000,1.237800,1.238100,D
174093586,EUR/USD,2005-08-04 13:31:07.000,1.237900,1.238200,D
174093678,EUR/USD,2005-08-04 13:31:33.000,1.237800,1.238100,D
174093713,EUR/USD,2005-08-04 13:32:02.000,1.237700,1.238000,D
174093721,EUR/USD,2005-08-04 13:32:03.000,1.237800,1.238100,D
174093735,EUR/USD,2005-08-04 13:32:43.000,1.237900,1.238200,D
174093782,EUR/USD,2005-08-04 13:33:19.000,1.237800,1.238100,D
174093801,EUR/USD,2005-08-04 13:33:34.000,1.237700,1.238000,D
174093805,EUR/USD,2005-08-04 13:33:35.000,1.237800,1.238100,D
174093814,EUR/USD,2005-08-04 13:33:37.000,1.237700,1.238000,D
174093821,EUR/USD,2005-08-04 13:33:38.000,1.237800,1.238100,D
174093826,EUR/USD,2005-08-04 13:33:41.000,1.237700,1.238000,D
174093842,EUR/USD,2005-08-04 13:33:46.000,1.237600,1.237900,D
174093846,EUR/USD,2005-08-04 13:33:47.000,1.237700,1.238000,D
174093864,EUR/USD,2005-08-04 13:34:01.000,1.237600,1.237900,D
174093867,EUR/USD,2005-08-04 13:34:02.000,1.237500,1.237800,D
174093932,EUR/USD,2005-08-04 13:34:15.000,1.237400,1.237700,D
174093935,EUR/USD,2005-08-04 13:34:15.000,1.237500,1.237800,D
174093947,EUR/USD,2005-08-04 13:34:17.000,1.237400,1.237700,D
174093954,EUR/USD,2005-08-04 13:34:19.000,1.237500,1.237800,D
174093965,EUR/USD,2005-08-04 13:34:21.000,1.237400,1.237700,D
174093970,EUR/USD,2005-08-04 13:34:21.000,1.237500,1.237800,D
174093980,EUR/USD,2005-08-04 13:34:28.000,1.237400,1.237700,D
174093982,EUR/USD,2005-08-04 13:34:29.000,1.237500,1.237800,D
174093986,EUR/USD,2005-08-04 13:34:36.000,1.237400,1.237700,D
174093989,EUR/USD,2005-08-04 13:34:37.000,1.237500,1.237800,D
174094016,EUR/USD,2005-08-04 13:34:49.000,1.237600,1.237900,D
174094033,EUR/USD,2005-08-04 13:34:54.000,1.237700,1.238000,D
174094050,EUR/USD,2005-08-04 13:34:56.000,1.237600,1.237900,D
174094059,EUR/USD,2005-08-04 13:34:57.000,1.237700,1.238000,D
174094070,EUR/USD,2005-08-04 13:34:58.000,1.237800,1.238100,D
174094094,EUR/USD,2005-08-04 13:35:06.000,1.237700,1.238000,D
174094109,EUR/USD,2005-08-04 13:35:14.000,1.237800,1.238100,D
174094111,EUR/USD,2005-08-04 13:35:15.000,1.237700,1.238000,D
174094129,EUR/USD,2005-08-04 13:35:25.000,1.237800,1.238100,D
174094141,EUR/USD,2005-08-04 13:35:31.000,1.237700,1.238000,D
174094177,EUR/USD,2005-08-04 13:36:23.000,1.237600,1.237900,D
174094189,EUR/USD,2005-08-04 13:36:42.000,1.237700,1.238000,D
174094222,EUR/USD,2005-08-04 13:37:13.000,1.237600,1.237900,D
174094267,EUR/USD,2005-08-04 13:38:21.000,1.237500,1.237800,D
174094284,EUR/USD,2005-08-04 13:38:35.000,1.237400,1.237700,D
174094307,EUR/USD,2005-08-04 13:38:43.000,1.237300,1.237600,D
174094320,EUR/USD,2005-08-04 13:38:45.000,1.237200,1.237500,D
174094341,EUR/USD,2005-08-04 13:38:54.000,1.237300,1.237600,D
174094343,EUR/USD,2005-08-04 13:38:54.000,1.237200,1.237500,D
174094388,EUR/USD,2005-08-04 13:39:09.000,1.237300,1.237600,D
174094402,EUR/USD,2005-08-04 13:39:11.000,1.237200,1.237500,D
174094412,EUR/USD,2005-08-04 13:39:12.000,1.237300,1.237600,D
174094484,EUR/USD,2005-08-04 13:40:06.000,1.237400,1.237700,D
174094498,EUR/USD,2005-08-04 13:40:09.000,1.237500,1.237800,D
174094499,EUR/USD,2005-08-04 13:40:10.000,1.237400,1.237700,D
174094549,EUR/USD,2005-08-04 13:41:01.000,1.237500,1.237800,D
174094570,EUR/USD,2005-08-04 13:41:04.000,1.237600,1.237900,D
174094578,EUR/USD,2005-08-04 13:41:09.000,1.237700,1.238000,D
174094626,EUR/USD,2005-08-04 13:41:29.000,1.237600,1.237900,D
174094714,EUR/USD,2005-08-04 13:42:17.000,1.237700,1.238000,D
174094777,EUR/USD,2005-08-04 13:42:53.000,1.237600,1.237900,D
174094789,EUR/USD,2005-08-04 13:42:58.000,1.237700,1.238000,D
174094800,EUR/USD,2005-08-04 13:43:00.000,1.237600,1.237900,D
174094831,EUR/USD,2005-08-04 13:43:16.000,1.237700,1.238000,D
174094893,EUR/USD,2005-08-04 13:44:09.000,1.237600,1.237900,D
174094917,EUR/USD,2005-08-04 13:44:38.000,1.237700,1.238000,D
174094927,EUR/USD,2005-08-04 13:44:42.000,1.237800,1.238100,D
174094958,EUR/USD,2005-08-04 13:44:57.000,1.237900,1.238200,D
174094981,EUR/USD,2005-08-04 13:45:11.000,1.237800,1.238100,D
174094992,EUR/USD,2005-08-04 13:45:15.000,1.237700,1.238000,D
174095014,EUR/USD,2005-08-04 13:45:26.000,1.237800,1.238100,D
174095030,EUR/USD,2005-08-04 13:45:40.000,1.237700,1.238000,D
174095065,EUR/USD,2005-08-04 13:46:11.000,1.237800,1.238100,D
174095086,EUR/USD,2005-08-04 13:46:32.000,1.237700,1.238000,D
174095093,EUR/USD,2005-08-04 13:46:33.000,1.237600,1.237900,D
174095098,EUR/USD,2005-08-04 13:46:36.000,1.237700,1.238000,D
174095106,EUR/USD,2005-08-04 13:46:43.000,1.237800,1.238100,D
174095119,EUR/USD,2005-08-04 13:46:58.000,1.237700,1.238000,D
174095123,EUR/USD,2005-08-04 13:46:58.000,1.237800,1.238100,D
174095159,EUR/USD,2005-08-04 13:47:52.000,1.237900,1.238200,D
174095168,EUR/USD,2005-08-04 13:47:54.000,1.237800,1.238100,D
174095194,EUR/USD,2005-08-04 13:48:14.000,1.237700,1.238000,D
174095216,EUR/USD,2005-08-04 13:48:28.000,1.237600,1.237900,D
174095219,EUR/USD,2005-08-04 13:48:31.000,1.237700,1.238000,D
174095226,EUR/USD,2005-08-04 13:48:36.000,1.237600,1.237900,D
174095285,EUR/USD,2005-08-04 13:49:13.000,1.237500,1.237800,D
174095298,EUR/USD,2005-08-04 13:49:16.000,1.237400,1.237700,D
174095306,EUR/USD,2005-08-04 13:49:19.000,1.237300,1.237600,D
174095329,EUR/USD,2005-08-04 13:49:24.000,1.237400,1.237700,D
174095354,EUR/USD,2005-08-04 13:49:28.000,1.237300,1.237600,D
174095374,EUR/USD,2005-08-04 13:49:32.000,1.237400,1.237700,D
174095411,EUR/USD,2005-08-04 13:49:46.000,1.237500,1.237800,D
174095432,EUR/USD,2005-08-04 13:49:53.000,1.237400,1.237700,D
174095438,EUR/USD,2005-08-04 13:49:57.000,1.237300,1.237600,D
174095449,EUR/USD,2005-08-04 13:49:59.000,1.237400,1.237700,D
174095456,EUR/USD,2005-08-04 13:50:04.000,1.237500,1.237800,D
174095468,EUR/USD,2005-08-04 13:50:12.000,1.237400,1.237700,D
174095482,EUR/USD,2005-08-04 13:50:30.000,1.237500,1.237800,D
174095485,EUR/USD,2005-08-04 13:50:36.000,1.237400,1.237700,D
174095501,EUR/USD,2005-08-04 13:50:51.000,1.237500,1.237800,D
174095503,EUR/USD,2005-08-04 13:51:00.000,1.237400,1.237700,D
174095507,EUR/USD,2005-08-04 13:51:05.000,1.237500,1.237800,D
174095509,EUR/USD,2005-08-04 13:51:07.000,1.237400,1.237700,D
174095527,EUR/USD,2005-08-04 13:51:43.000,1.237300,1.237600,D
174095541,EUR/USD,2005-08-04 13:51:47.000,1.237200,1.237500,D
174095555,EUR/USD,2005-08-04 13:51:51.000,1.237100,1.237400,D
174095560,EUR/USD,2005-08-04 13:51:54.000,1.237200,1.237500,D
174095584,EUR/USD,2005-08-04 13:51:58.000,1.237100,1.237400,D
174095607,EUR/USD,2005-08-04 13:52:14.000,1.237200,1.237500,D
174095645,EUR/USD,2005-08-04 13:52:34.000,1.237300,1.237600,D
174095662,EUR/USD,2005-08-04 13:52:39.000,1.237200,1.237500,D
174095668,EUR/USD,2005-08-04 13:52:40.000,1.237300,1.237600,D
174095687,EUR/USD,2005-08-04 13:52:46.000,1.237200,1.237500,D
174095690,EUR/USD,2005-08-04 13:52:48.000,1.237300,1.237600,D
174095696,EUR/USD,2005-08-04 13:52:50.000,1.237200,1.237500,D
174095741,EUR/USD,2005-08-04 13:53:41.000,1.237300,1.237600,D
174095778,EUR/USD,2005-08-04 13:54:27.000,1.237400,1.237700,D
174095790,EUR/USD,2005-08-04 13:54:30.000,1.237300,1.237600,D
174095817,EUR/USD,2005-08-04 13:54:59.000,1.237200,1.237500,D
174095826,EUR/USD,2005-08-04 13:55:09.000,1.237300,1.237600,D
174095834,EUR/USD,2005-08-04 13:55:10.000,1.237200,1.237500,D
174095843,EUR/USD,2005-08-04 13:55:20.000,1.237300,1.237600,D
174095890,EUR/USD,2005-08-04 13:55:41.000,1.237200,1.237500,D
174095894,EUR/USD,2005-08-04 13:55:41.000,1.237300,1.237600,D
174095972,EUR/USD,2005-08-04 13:56:16.000,1.237200,1.237500,D
174095992,EUR/USD,2005-08-04 13:57:02.000,1.237300,1.237600,D
174096019,EUR/USD,2005-08-04 13:58:27.000,1.237200,1.237500,D
174096048,EUR/USD,2005-08-04 13:58:54.000,1.237300,1.237600,D
174096062,EUR/USD,2005-08-04 13:59:22.000,1.237200,1.237500,D
174096080,EUR/USD,2005-08-04 13:59:32.000,1.237300,1.237600,D
174096108,EUR/USD,2005-08-04 13:59:48.000,1.237200,1.237500,D
174096110,EUR/USD,2005-08-04 13:59:50.000,1.237300,1.237600,D
174096174,EUR/USD,2005-08-04 14:00:24.000,1.237400,1.237700,D
174096192,EUR/USD,2005-08-04 14:00:28.000,1.237300,1.237600,D
174096195,EUR/USD,2005-08-04 14:00:31.000,1.237400,1.237700,D
174096226,EUR/USD,2005-08-04 14:00:45.000,1.237500,1.237800,D
174096232,EUR/USD,2005-08-04 14:00:48.000,1.237600,1.237900,D
174096238,EUR/USD,2005-08-04 14:00:50.000,1.237500,1.237800,D
174096264,EUR/USD,2005-08-04 14:00:54.000,1.237600,1.237900,D
174096273,EUR/USD,2005-08-04 14:00:57.000,1.237500,1.237800,D
174096402,EUR/USD,2005-08-04 14:03:08.000,1.237600,1.237900,D
174096406,EUR/USD,2005-08-04 14:03:11.000,1.237500,1.237800,D
174096442,EUR/USD,2005-08-04 14:03:57.000,1.237400,1.237700,D
174096469,EUR/USD,2005-08-04 14:04:09.000,1.237300,1.237600,D
174096473,EUR/USD,2005-08-04 14:04:12.000,1.237400,1.237700,D
174096478,EUR/USD,2005-08-04 14:04:14.000,1.237300,1.237600,D
174096484,EUR/USD,2005-08-04 14:04:15.000,1.237400,1.237700,D
174096490,EUR/USD,2005-08-04 14:04:16.000,1.237500,1.237800,D
174096504,EUR/USD,2005-08-04 14:04:23.000,1.237400,1.237700,D
174096507,EUR/USD,2005-08-04 14:04:29.000,1.237500,1.237800,D
174096517,EUR/USD,2005-08-04 14:04:30.000,1.237600,1.237900,D
174096527,EUR/USD,2005-08-04 14:04:33.000,1.237500,1.237800,D
174096532,EUR/USD,2005-08-04 14:04:35.000,1.237600,1.237900,D
174096561,EUR/USD,2005-08-04 14:04:55.000,1.237500,1.237800,D
174096568,EUR/USD,2005-08-04 14:04:58.000,1.237600,1.237900,D
174096578,EUR/USD,2005-08-04 14:05:02.000,1.237500,1.237800,D
174096587,EUR/USD,2005-08-04 14:05:11.000,1.237600,1.237900,D
174096609,EUR/USD,2005-08-04 14:05:26.000,1.237500,1.237800,D
174096621,EUR/USD,2005-08-04 14:05:34.000,1.237600,1.237900,D
174096627,EUR/USD,2005-08-04 14:05:43.000,1.237700,1.238000,D
174096638,EUR/USD,2005-08-04 14:05:53.000,1.237600,1.237900,D
174096644,EUR/USD,2005-08-04 14:05:54.000,1.237700,1.238000,D
174096648,EUR/USD,2005-08-04 14:05:55.000,1.237600,1.237900,D
174096660,EUR/USD,2005-08-04 14:06:07.000,1.237500,1.237800,D
174096665,EUR/USD,2005-08-04 14:06:08.000,1.237600,1.237900,D
174096669,EUR/USD,2005-08-04 14:06:09.000,1.237500,1.237800,D
174096672,EUR/USD,2005-08-04 14:06:13.000,1.237600,1.237900,D
174096674,EUR/USD,2005-08-04 14:06:14.000,1.237500,1.237800,D
174096686,EUR/USD,2005-08-04 14:06:48.000,1.237400,1.237700,D
174096693,EUR/USD,2005-08-04 14:06:49.000,1.237500,1.237800,D
174096697,EUR/USD,2005-08-04 14:06:51.000,1.237400,1.237700,D
174096703,EUR/USD,2005-08-04 14:06:54.000,1.237500,1.237800,D
174096718,EUR/USD,2005-08-04 14:06:56.000,1.237400,1.237700,D
174096721,EUR/USD,2005-08-04 14:06:57.000,1.237500,1.237800,D
174096727,EUR/USD,2005-08-04 14:06:58.000,1.237400,1.237700,D
174096748,EUR/USD,2005-08-04 14:07:09.000,1.237300,1.237600,D
174096754,EUR/USD,2005-08-04 14:07:10.000,1.237400,1.237700,D
174096779,EUR/USD,2005-08-04 14:07:21.000,1.237500,1.237800,D
174096781,EUR/USD,2005-08-04 14:07:22.000,1.237400,1.237700,D
174096795,EUR/USD,2005-08-04 14:07:31.000,1.237300,1.237600,D
174096835,EUR/USD,2005-08-04 14:07:39.000,1.237200,1.237500,D
174096855,EUR/USD,2005-08-04 14:07:45.000,1.237300,1.237600,D
174096874,EUR/USD,2005-08-04 14:07:55.000,1.237400,1.237700,D
174096881,EUR/USD,2005-08-04 14:07:57.000,1.237300,1.237600,D
174096895,EUR/USD,2005-08-04 14:09:19.000,1.237200,1.237500,D
174096898,EUR/USD,2005-08-04 14:09:21.000,1.237300,1.237600,D
174096906,EUR/USD,2005-08-04 14:09:52.000,1.237400,1.237700,D
174096916,EUR/USD,2005-08-04 14:09:54.000,1.237300,1.237600,D
174096971,EUR/USD,2005-08-04 14:11:05.000,1.237400,1.237700,D
174096978,EUR/USD,2005-08-04 14:11:08.000,1.237300,1.237600,D
174097040,EUR/USD,2005-08-04 14:11:47.000,1.237400,1.237700,D
174097045,EUR/USD,2005-08-04 14:11:49.000,1.237300,1.237600,D
174097078,EUR/USD,2005-08-04 14:12:59.000,1.237400,1.237700,D
174097091,EUR/USD,2005-08-04 14:13:06.000,1.237300,1.237600,D
174097095,EUR/USD,2005-08-04 14:13:11.000,1.237400,1.237700,D
174097243,EUR/USD,2005-08-04 14:18:01.000,1.237500,1.237800,D
174097294,EUR/USD,2005-08-04 14:18:39.000,1.237600,1.237900,D
174097303,EUR/USD,2005-08-04 14:18:40.000,1.237700,1.238000,D
174097321,EUR/USD,2005-08-04 14:18:42.000,1.237600,1.237900,D
174097330,EUR/USD,2005-08-04 14:18:43.000,1.237700,1.238000,D
174097337,EUR/USD,2005-08-04 14:18:47.000,1.237600,1.237900,D
174097347,EUR/USD,2005-08-04 14:18:49.000,1.237500,1.237800,D
174097355,EUR/USD,2005-08-04 14:18:51.000,1.237600,1.237900,D
174097372,EUR/USD,2005-08-04 14:18:54.000,1.237500,1.237800,D
174097380,EUR/USD,2005-08-04 14:19:00.000,1.237600,1.237900,D
174097389,EUR/USD,2005-08-04 14:19:03.000,1.237500,1.237800,D
174097400,EUR/USD,2005-08-04 14:19:09.000,1.237600,1.237900,D
174097404,EUR/USD,2005-08-04 14:19:12.000,1.237500,1.237800,D
174097418,EUR/USD,2005-08-04 14:20:13.000,1.237600,1.237900,D
174097420,EUR/USD,2005-08-04 14:20:16.000,1.237500,1.237800,D
174097433,EUR/USD,2005-08-04 14:20:59.000,1.237600,1.237900,D
174097440,EUR/USD,2005-08-04 14:21:02.000,1.237500,1.237800,D
174097447,EUR/USD,2005-08-04 14:21:29.000,1.237600,1.237900,D
174097483,EUR/USD,2005-08-04 14:21:55.000,1.237700,1.238000,D
174097489,EUR/USD,2005-08-04 14:21:56.000,1.237600,1.237900,D
174097500,EUR/USD,2005-08-04 14:21:57.000,1.237700,1.238000,D
174097534,EUR/USD,2005-08-04 14:22:14.000,1.237800,1.238100,D
174097543,EUR/USD,2005-08-04 14:22:15.000,1.237700,1.238000,D
174097580,EUR/USD,2005-08-04 14:22:47.000,1.237800,1.238100,D
174097584,EUR/USD,2005-08-04 14:22:48.000,1.237700,1.238000,D
174097599,EUR/USD,2005-08-04 14:22:58.000,1.237800,1.238100,D
174097621,EUR/USD,2005-08-04 14:23:18.000,1.237900,1.238200,D
174097645,EUR/USD,2005-08-04 14:23:21.000,1.238000,1.238300,D
174097652,EUR/USD,2005-08-04 14:23:22.000,1.238100,1.238400,D
174097656,EUR/USD,2005-08-04 14:23:23.000,1.238200,1.238500,D
174097686,EUR/USD,2005-08-04 14:23:27.000,1.238100,1.238400,D
174097758,EUR/USD,2005-08-04 14:24:15.000,1.238000,1.238300,D
174097760,EUR/USD,2005-08-04 14:24:15.000,1.237900,1.238200,D
174097764,EUR/USD,2005-08-04 14:24:16.000,1.238100,1.238300,D
174097767,EUR/USD,2005-08-04 14:24:16.000,1.238100,1.238400,D
174097785,EUR/USD,2005-08-04 14:24:17.000,1.238200,1.238500,D
174097827,EUR/USD,2005-08-04 14:24:33.000,1.238100,1.238400,D
174097854,EUR/USD,2005-08-04 14:24:36.000,1.238200,1.238500,D
174097871,EUR/USD,2005-08-04 14:24:40.000,1.238300,1.238600,D
174097876,EUR/USD,2005-08-04 14:24:41.000,1.238400,1.238700,D
174097884,EUR/USD,2005-08-04 14:24:41.000,1.238300,1.238600,D
174097906,EUR/USD,2005-08-04 14:24:48.000,1.238200,1.238500,D
174097911,EUR/USD,2005-08-04 14:24:50.000,1.238300,1.238600,D
174097960,EUR/USD,2005-08-04 14:25:08.000,1.238200,1.238500,D
174097970,EUR/USD,2005-08-04 14:25:11.000,1.238300,1.238600,D
174097999,EUR/USD,2005-08-04 14:25:17.000,1.238200,1.238500,D
174098003,EUR/USD,2005-08-04 14:25:18.000,1.238100,1.238400,D
174098016,EUR/USD,2005-08-04 14:25:20.000,1.238000,1.238300,D
174098029,EUR/USD,2005-08-04 14:25:22.000,1.238100,1.238400,D
174098031,EUR/USD,2005-08-04 14:25:22.000,1.238200,1.238500,D
174098034,EUR/USD,2005-08-04 14:25:22.000,1.238100,1.238400,D
174098056,EUR/USD,2005-08-04 14:25:26.000,1.238000,1.238300,D
174098071,EUR/USD,2005-08-04 14:25:32.000,1.237900,1.238200,D
174098085,EUR/USD,2005-08-04 14:25:39.000,1.238000,1.238300,D
174098087,EUR/USD,2005-08-04 14:25:40.000,1.238100,1.238400,D
174098102,EUR/USD,2005-08-04 14:25:42.000,1.238000,1.238300,D
174098104,EUR/USD,2005-08-04 14:25:43.000,1.238100,1.238400,D
174098107,EUR/USD,2005-08-04 14:25:48.000,1.238000,1.238300,D
174098108,EUR/USD,2005-08-04 14:25:49.000,1.238100,1.238400,D
174098134,EUR/USD,2005-08-04 14:25:53.000,1.238000,1.238300,D
174098170,EUR/USD,2005-08-04 14:26:25.000,1.238100,1.238400,D
174098194,EUR/USD,2005-08-04 14:26:32.000,1.238200,1.238500,D
174098200,EUR/USD,2005-08-04 14:26:33.000,1.238300,1.238600,D
174098223,EUR/USD,2005-08-04 14:26:36.000,1.238200,1.238500,D
174098306,EUR/USD,2005-08-04 14:27:20.000,1.238100,1.238400,D
174098325,EUR/USD,2005-08-04 14:27:24.000,1.238200,1.238500,D
174098341,EUR/USD,2005-08-04 14:27:26.000,1.238100,1.238400,D
174098346,EUR/USD,2005-08-04 14:27:28.000,1.238200,1.238500,D
174098395,EUR/USD,2005-08-04 14:27:49.000,1.238300,1.238600,D
174098403,EUR/USD,2005-08-04 14:27:52.000,1.238200,1.238500,D
174098408,EUR/USD,2005-08-04 14:27:54.000,1.238300,1.238600,D
174098411,EUR/USD,2005-08-04 14:27:54.000,1.238400,1.238700,D
174098414,EUR/USD,2005-08-04 14:27:56.000,1.238300,1.238600,D
174098419,EUR/USD,2005-08-04 14:27:59.000,1.238200,1.238500,D
174098428,EUR/USD,2005-08-04 14:28:04.000,1.238300,1.238600,D
174098436,EUR/USD,2005-08-04 14:28:07.000,1.238200,1.238500,D
174098486,EUR/USD,2005-08-04 14:29:10.000,1.238100,1.238400,D
174098498,EUR/USD,2005-08-04 14:29:30.000,1.238200,1.238500,D
174098522,EUR/USD,2005-08-04 14:29:35.000,1.238300,1.238600,D
174098539,EUR/USD,2005-08-04 14:29:38.000,1.238200,1.238500,D
174098544,EUR/USD,2005-08-04 14:29:39.000,1.238300,1.238600,D
174098553,EUR/USD,2005-08-04 14:29:42.000,1.238200,1.238500,D
174098664,EUR/USD,2005-08-04 14:30:14.000,1.238300,1.238600,D
174098685,EUR/USD,2005-08-04 14:30:22.000,1.238200,1.238500,D
174098695,EUR/USD,2005-08-04 14:30:23.000,1.238300,1.238600,D
174098705,EUR/USD,2005-08-04 14:30:31.000,1.238200,1.238500,D
174098710,EUR/USD,2005-08-04 14:30:33.000,1.238300,1.238600,D
174098783,EUR/USD,2005-08-04 14:31:11.000,1.238200,1.238500,D
174098788,EUR/USD,2005-08-04 14:31:14.000,1.238300,1.238600,D
174098795,EUR/USD,2005-08-04 14:31:17.000,1.238200,1.238500,D
174098815,EUR/USD,2005-08-04 14:31:26.000,1.238100,1.238400,D
174098830,EUR/USD,2005-08-04 14:31:31.000,1.238000,1.238300,D
174098835,EUR/USD,2005-08-04 14:31:33.000,1.238100,1.238400,D
174098846,EUR/USD,2005-08-04 14:31:35.000,1.238000,1.238300,D
174098849,EUR/USD,2005-08-04 14:31:36.000,1.238100,1.238400,D
174098865,EUR/USD,2005-08-04 14:31:38.000,1.238200,1.238500,D
174098869,EUR/USD,2005-08-04 14:31:38.000,1.238100,1.238400,D
174098879,EUR/USD,2005-08-04 14:31:41.000,1.238000,1.238300,D
174098884,EUR/USD,2005-08-04 14:31:41.000,1.238100,1.238400,D
174098892,EUR/USD,2005-08-04 14:31:42.000,1.238200,1.238500,D
174098905,EUR/USD,2005-08-04 14:31:49.000,1.238100,1.238400,D
174098918,EUR/USD,2005-08-04 14:32:01.000,1.238200,1.238500,D
174098936,EUR/USD,2005-08-04 14:32:05.000,1.238100,1.238400,D
174098942,EUR/USD,2005-08-04 14:32:06.000,1.238000,1.238300,D
174098953,EUR/USD,2005-08-04 14:32:08.000,1.237900,1.238200,D
174098967,EUR/USD,2005-08-04 14:32:10.000,1.238000,1.238300,D
174098987,EUR/USD,2005-08-04 14:32:11.000,1.237900,1.238200,D
174098993,EUR/USD,2005-08-04 14:32:12.000,1.238000,1.238300,D
174099026,EUR/USD,2005-08-04 14:32:21.000,1.237900,1.238200,D
174099046,EUR/USD,2005-08-04 14:32:23.000,1.238000,1.238300,D
174099161,EUR/USD,2005-08-04 14:33:16.000,1.238100,1.238400,D
174099171,EUR/USD,2005-08-04 14:33:19.000,1.238000,1.238300,D
174099180,EUR/USD,2005-08-04 14:33:20.000,1.237900,1.238200,D
174099196,EUR/USD,2005-08-04 14:33:22.000,1.238000,1.238300,D
174099215,EUR/USD,2005-08-04 14:33:31.000,1.238100,1.238400,D
174099248,EUR/USD,2005-08-04 14:33:42.000,1.238200,1.238500,D
174099265,EUR/USD,2005-08-04 14:33:53.000,1.238100,1.238400,D
174099274,EUR/USD,2005-08-04 14:34:03.000,1.238200,1.238500,D
174099297,EUR/USD,2005-08-04 14:34:29.000,1.238100,1.238400,D
174099306,EUR/USD,2005-08-04 14:34:39.000,1.238200,1.238500,D
174099310,EUR/USD,2005-08-04 14:34:42.000,1.238100,1.238400,D
174099319,EUR/USD,2005-08-04 14:34:51.000,1.238000,1.238300,D
174099325,EUR/USD,2005-08-04 14:34:54.000,1.238100,1.238400,D
174099327,EUR/USD,2005-08-04 14:35:03.000,1.238200,1.238500,D
174099330,EUR/USD,2005-08-04 14:35:04.000,1.238100,1.238400,D
174099335,EUR/USD,2005-08-04 14:35:10.000,1.238200,1.238500,D
174099337,EUR/USD,2005-08-04 14:35:11.000,1.238100,1.238400,D
174099339,EUR/USD,2005-08-04 14:35:14.000,1.238200,1.238500,D
174099342,EUR/USD,2005-08-04 14:35:17.000,1.238100,1.238400,D
174099353,EUR/USD,2005-08-04 14:35:26.000,1.238000,1.238300,D
174099358,EUR/USD,2005-08-04 14:35:27.000,1.238100,1.238400,D
174099368,EUR/USD,2005-08-04 14:35:31.000,1.238000,1.238300,D
174099372,EUR/USD,2005-08-04 14:35:32.000,1.238100,1.238400,D
174099382,EUR/USD,2005-08-04 14:35:49.000,1.238000,1.238300,D
174099392,EUR/USD,2005-08-04 14:35:54.000,1.238100,1.238400,D
174099396,EUR/USD,2005-08-04 14:35:54.000,1.238200,1.238500,D
174099398,EUR/USD,2005-08-04 14:35:55.000,1.238100,1.238400,D
174099404,EUR/USD,2005-08-04 14:35:58.000,1.238000,1.238300,D
174099409,EUR/USD,2005-08-04 14:36:04.000,1.238100,1.238400,D
174099420,EUR/USD,2005-08-04 14:36:12.000,1.238200,1.238500,D
174099429,EUR/USD,2005-08-04 14:36:13.000,1.238100,1.238400,D
174099435,EUR/USD,2005-08-04 14:36:14.000,1.238200,1.238500,D
174099438,EUR/USD,2005-08-04 14:36:16.000,1.238100,1.238400,D
174099452,EUR/USD,2005-08-04 14:36:22.000,1.238000,1.238300,D
174099465,EUR/USD,2005-08-04 14:36:29.000,1.238100,1.238400,D
174099485,EUR/USD,2005-08-04 14:36:42.000,1.238000,1.238300,D
174099494,EUR/USD,2005-08-04 14:36:45.000,1.238100,1.238400,D
174099508,EUR/USD,2005-08-04 14:36:49.000,1.238000,1.238300,D
174099514,EUR/USD,2005-08-04 14:36:51.000,1.238100,1.238400,D
174099551,EUR/USD,2005-08-04 14:37:33.000,1.238200,1.238500,D
174099578,EUR/USD,2005-08-04 14:37:42.000,1.238300,1.238600,D
174099619,EUR/USD,2005-08-04 14:38:18.000,1.238200,1.238500,D
174099625,EUR/USD,2005-08-04 14:38:21.000,1.238100,1.238400,D
174099655,EUR/USD,2005-08-04 14:39:29.000,1.238000,1.238300,D
174099661,EUR/USD,2005-08-04 14:39:35.000,1.238100,1.238400,D
174099667,EUR/USD,2005-08-04 14:39:47.000,1.238000,1.238300,D
174099683,EUR/USD,2005-08-04 14:40:25.000,1.238100,1.238400,D
174099713,EUR/USD,2005-08-04 14:41:35.000,1.238000,1.238300,D
174099729,EUR/USD,2005-08-04 14:41:39.000,1.238100,1.238400,D
174099786,EUR/USD,2005-08-04 14:42:15.000,1.238000,1.238300,D
174099820,EUR/USD,2005-08-04 14:42:24.000,1.237900,1.238200,D
174099839,EUR/USD,2005-08-04 14:42:30.000,1.238000,1.238300,D
174099848,EUR/USD,2005-08-04 14:42:31.000,1.237900,1.238200,D
174099852,EUR/USD,2005-08-04 14:42:32.000,1.238000,1.238300,D
174099874,EUR/USD,2005-08-04 14:42:41.000,1.237900,1.238200,D
174099888,EUR/USD,2005-08-04 14:42:46.000,1.238000,1.238300,D
174099896,EUR/USD,2005-08-04 14:42:55.000,1.237900,1.238200,D
174099905,EUR/USD,2005-08-04 14:43:03.000,1.238000,1.238300,D
174099918,EUR/USD,2005-08-04 14:43:07.000,1.238100,1.238400,D
174099925,EUR/USD,2005-08-04 14:43:08.000,1.238200,1.238500,D
174099928,EUR/USD,2005-08-04 14:43:10.000,1.238100,1.238400,D
174099942,EUR/USD,2005-08-04 14:43:23.000,1.238200,1.238500,D
174099945,EUR/USD,2005-08-04 14:43:25.000,1.238300,1.238600,D
174099958,EUR/USD,2005-08-04 14:43:29.000,1.238200,1.238500,D
174099968,EUR/USD,2005-08-04 14:43:29.000,1.238100,1.238400,D
174099973,EUR/USD,2005-08-04 14:43:30.000,1.238200,1.238500,D
174099978,EUR/USD,2005-08-04 14:43:32.000,1.238300,1.238600,D
174099981,EUR/USD,2005-08-04 14:43:32.000,1.238200,1.238500,D
174099995,EUR/USD,2005-08-04 14:43:36.000,1.238300,1.238600,D
174100011,EUR/USD,2005-08-04 14:43:45.000,1.238200,1.238500,D
174100019,EUR/USD,2005-08-04 14:43:59.000,1.238100,1.238400,D
174100023,EUR/USD,2005-08-04 14:44:04.000,1.238200,1.238500,D
174100027,EUR/USD,2005-08-04 14:44:05.000,1.238300,1.238600,D
174100029,EUR/USD,2005-08-04 14:44:07.000,1.238200,1.238500,D
174100034,EUR/USD,2005-08-04 14:44:10.000,1.238100,1.238400,D
174100062,EUR/USD,2005-08-04 14:44:33.000,1.238000,1.238300,D
174100071,EUR/USD,2005-08-04 14:44:37.000,1.238100,1.238400,D
174100080,EUR/USD,2005-08-04 14:44:39.000,1.238000,1.238300,D
174100086,EUR/USD,2005-08-04 14:44:41.000,1.238100,1.238400,D
174100106,EUR/USD,2005-08-04 14:44:47.000,1.238000,1.238300,D
174100109,EUR/USD,2005-08-04 14:44:48.000,1.238100,1.238400,D
174100110,EUR/USD,2005-08-04 14:44:50.000,1.238000,1.238300,D
174100120,EUR/USD,2005-08-04 14:45:08.000,1.238100,1.238400,D
174100131,EUR/USD,2005-08-04 14:45:20.000,1.238000,1.238300,D
174100144,EUR/USD,2005-08-04 14:45:26.000,1.238100,1.238400,D
174100208,EUR/USD,2005-08-04 14:46:23.000,1.238200,1.238500,D
174100222,EUR/USD,2005-08-04 14:46:26.000,1.238300,1.238600,D
174100230,EUR/USD,2005-08-04 14:46:27.000,1.238200,1.238500,D
174100240,EUR/USD,2005-08-04 14:46:30.000,1.238300,1.238600,D
174100252,EUR/USD,2005-08-04 14:46:36.000,1.238200,1.238500,D
174100258,EUR/USD,2005-08-04 14:46:40.000,1.238300,1.238600,D
174100259,EUR/USD,2005-08-04 14:46:40.000,1.238200,1.238500,D
174100263,EUR/USD,2005-08-04 14:46:45.000,1.238300,1.238600,D
174100265,EUR/USD,2005-08-04 14:46:45.000,1.238200,1.238500,D
174100278,EUR/USD,2005-08-04 14:46:47.000,1.238100,1.238400,D
174100299,EUR/USD,2005-08-04 14:47:00.000,1.238000,1.238300,D
174100309,EUR/USD,2005-08-04 14:47:07.000,1.238100,1.238400,D
174100319,EUR/USD,2005-08-04 14:47:11.000,1.238200,1.238500,D
174100328,EUR/USD,2005-08-04 14:47:12.000,1.238100,1.238400,D
174100333,EUR/USD,2005-08-04 14:47:14.000,1.238000,1.238300,D
174100334,EUR/USD,2005-08-04 14:47:16.000,1.238100,1.238400,D
174100363,EUR/USD,2005-08-04 14:47:28.000,1.238200,1.238500,D
174100371,EUR/USD,2005-08-04 14:47:33.000,1.238100,1.238400,D
174100376,EUR/USD,2005-08-04 14:47:37.000,1.238200,1.238500,D
174100377,EUR/USD,2005-08-04 14:47:42.000,1.238100,1.238400,D
174100383,EUR/USD,2005-08-04 14:47:43.000,1.238000,1.238300,D
174100384,EUR/USD,2005-08-04 14:47:45.000,1.238100,1.238400,D
174100418,EUR/USD,2005-08-04 14:48:24.000,1.238200,1.238500,D
174100441,EUR/USD,2005-08-04 14:48:40.000,1.238300,1.238600,D
174100466,EUR/USD,2005-08-04 14:48:57.000,1.238200,1.238500,D
174100492,EUR/USD,2005-08-04 14:49:16.000,1.238300,1.238600,D
174100521,EUR/USD,2005-08-04 14:49:28.000,1.238400,1.238700,D
174100524,EUR/USD,2005-08-04 14:49:29.000,1.238500,1.238800,D
174100537,EUR/USD,2005-08-04 14:49:30.000,1.238600,1.238900,D
174100538,EUR/USD,2005-08-04 14:49:31.000,1.238500,1.238800,D
174100558,EUR/USD,2005-08-04 14:49:41.000,1.238600,1.238900,D
174100561,EUR/USD,2005-08-04 14:49:42.000,1.238500,1.238800,D
174100568,EUR/USD,2005-08-04 14:49:43.000,1.238400,1.238700,D
174100591,EUR/USD,2005-08-04 14:49:58.000,1.238500,1.238800,D
174100611,EUR/USD,2005-08-04 14:50:04.000,1.238400,1.238700,D
174100617,EUR/USD,2005-08-04 14:50:06.000,1.238500,1.238800,D
174100622,EUR/USD,2005-08-04 14:50:07.000,1.238400,1.238700,D
174100629,EUR/USD,2005-08-04 14:50:08.000,1.238500,1.238800,D
174100637,EUR/USD,2005-08-04 14:50:10.000,1.238400,1.238700,D
174100643,EUR/USD,2005-08-04 14:50:15.000,1.238500,1.238800,D
174100662,EUR/USD,2005-08-04 14:50:20.000,1.238400,1.238700,D
174100736,EUR/USD,2005-08-04 14:52:18.000,1.238500,1.238800,D
174100767,EUR/USD,2005-08-04 14:52:33.000,1.238400,1.238700,D
174100772,EUR/USD,2005-08-04 14:52:36.000,1.238500,1.238800,D
174100784,EUR/USD,2005-08-04 14:52:40.000,1.238400,1.238700,D
174100786,EUR/USD,2005-08-04 14:52:41.000,1.238500,1.238800,D
174100793,EUR/USD,2005-08-04 14:52:43.000,1.238400,1.238700,D
174100803,EUR/USD,2005-08-04 14:52:59.000,1.238500,1.238800,D
174100812,EUR/USD,2005-08-04 14:53:04.000,1.238600,1.238900,D
174100813,EUR/USD,2005-08-04 14:53:04.000,1.238500,1.238800,D
174100815,EUR/USD,2005-08-04 14:53:05.000,1.238600,1.238900,D
174100818,EUR/USD,2005-08-04 14:53:05.000,1.238700,1.239000,D
174100821,EUR/USD,2005-08-04 14:53:05.000,1.238600,1.238900,D
174100834,EUR/USD,2005-08-04 14:53:19.000,1.238700,1.239000,D
174100859,EUR/USD,2005-08-04 14:53:26.000,1.238800,1.239100,D
174100860,EUR/USD,2005-08-04 14:53:27.000,1.238900,1.239200,D
174100862,EUR/USD,2005-08-04 14:53:28.000,1.238800,1.239100,D
174100866,EUR/USD,2005-08-04 14:53:28.000,1.238700,1.239000,D
174100889,EUR/USD,2005-08-04 14:53:39.000,1.238600,1.238900,D
174101054,EUR/USD,2005-08-04 14:56:17.000,1.238500,1.238800,D
174101063,EUR/USD,2005-08-04 14:56:20.000,1.238600,1.238900,D
174101068,EUR/USD,2005-08-04 14:56:22.000,1.238700,1.239000,D
174101075,EUR/USD,2005-08-04 14:56:23.000,1.238600,1.238900,D
174101083,EUR/USD,2005-08-04 14:56:27.000,1.238700,1.239000,D
174101096,EUR/USD,2005-08-04 14:56:28.000,1.238600,1.238900,D
174101126,EUR/USD,2005-08-04 14:56:41.000,1.238700,1.239000,D
174101156,EUR/USD,2005-08-04 14:56:46.000,1.238600,1.238900,D
174101177,EUR/USD,2005-08-04 14:56:50.000,1.238500,1.238800,D
174101186,EUR/USD,2005-08-04 14:56:59.000,1.238400,1.238700,D
174101207,EUR/USD,2005-08-04 14:57:14.000,1.238500,1.238800,D
174101209,EUR/USD,2005-08-04 14:57:14.000,1.238600,1.238900,D
174101214,EUR/USD,2005-08-04 14:57:18.000,1.238500,1.238800,D
174101221,EUR/USD,2005-08-04 14:57:28.000,1.238400,1.238700,D
174101226,EUR/USD,2005-08-04 14:57:29.000,1.238500,1.238800,D
174101235,EUR/USD,2005-08-04 14:57:34.000,1.238400,1.238700,D
174101248,EUR/USD,2005-08-04 14:57:37.000,1.238500,1.238800,D
174101289,EUR/USD,2005-08-04 14:58:05.000,1.238400,1.238700,D
174101321,EUR/USD,2005-08-04 14:58:16.000,1.238300,1.238600,D
174101347,EUR/USD,2005-08-04 14:58:27.000,1.238400,1.238700,D
174101360,EUR/USD,2005-08-04 14:58:32.000,1.238300,1.238600,D
174101371,EUR/USD,2005-08-04 14:58:33.000,1.238200,1.238500,D
174101381,EUR/USD,2005-08-04 14:58:35.000,1.238300,1.238600,D
174101387,EUR/USD,2005-08-04 14:58:36.000,1.238200,1.238500,D
174101403,EUR/USD,2005-08-04 14:58:42.000,1.238100,1.238400,D
174101417,EUR/USD,2005-08-04 14:58:45.000,1.238200,1.238500,D
174101424,EUR/USD,2005-08-04 14:58:49.000,1.238100,1.238400,D
174101433,EUR/USD,2005-08-04 14:58:52.000,1.238200,1.238500,D
174101443,EUR/USD,2005-08-04 14:58:54.000,1.238100,1.238400,D
174101452,EUR/USD,2005-08-04 14:58:57.000,1.238200,1.238500,D
174101458,EUR/USD,2005-08-04 14:59:00.000,1.238100,1.238400,D
174101502,EUR/USD,2005-08-04 14:59:18.000,1.238000,1.238300,D
174101507,EUR/USD,2005-08-04 14:59:21.000,1.237900,1.238200,D
174101511,EUR/USD,2005-08-04 14:59:22.000,1.238000,1.238300,D
174101528,EUR/USD,2005-08-04 14:59:24.000,1.237900,1.238200,D
174101531,EUR/USD,2005-08-04 14:59:25.000,1.237800,1.238100,D
174101545,EUR/USD,2005-08-04 14:59:27.000,1.237900,1.238200,D
174101561,EUR/USD,2005-08-04 14:59:29.000,1.237800,1.238100,D
174101606,EUR/USD,2005-08-04 14:59:39.000,1.237700,1.238000,D
174101641,EUR/USD,2005-08-04 14:59:46.000,1.237800,1.238100,D
174101655,EUR/USD,2005-08-04 14:59:46.000,1.237700,1.238000,D
174101664,EUR/USD,2005-08-04 14:59:47.000,1.237600,1.237900,D
174101668,EUR/USD,2005-08-04 14:59:47.000,1.237700,1.238000,D
174101678,EUR/USD,2005-08-04 14:59:49.000,1.237600,1.237700,D
174101683,EUR/USD,2005-08-04 14:59:49.000,1.237400,1.237700,D
174101701,EUR/USD,2005-08-04 14:59:50.000,1.237500,1.237800,D
174101706,EUR/USD,2005-08-04 14:59:51.000,1.237600,1.237900,D
174101709,EUR/USD,2005-08-04 14:59:51.000,1.237700,1.238000,D
174101717,EUR/USD,2005-08-04 14:59:51.000,1.237800,1.238100,D
174101724,EUR/USD,2005-08-04 14:59:52.000,1.237700,1.238000,D
174101727,EUR/USD,2005-08-04 14:59:54.000,1.237800,1.238100,D
174101737,EUR/USD,2005-08-04 14:59:55.000,1.237900,1.238200,D
174101760,EUR/USD,2005-08-04 14:59:58.000,1.237800,1.238100,D
174101764,EUR/USD,2005-08-04 14:59:58.000,1.237900,1.238200,D
174101798,EUR/USD,2005-08-04 15:00:03.000,1.238000,1.238300,D
174101805,EUR/USD,2005-08-04 15:00:03.000,1.238100,1.238400,D
174101817,EUR/USD,2005-08-04 15:00:04.000,1.237900,1.238200,D
174101832,EUR/USD,2005-08-04 15:00:06.000,1.238000,1.238300,D
174101863,EUR/USD,2005-08-04 15:00:09.000,1.238100,1.238400,D
174101872,EUR/USD,2005-08-04 15:00:10.000,1.238200,1.238500,D
174101888,EUR/USD,2005-08-04 15:00:13.000,1.238100,1.238400,D
174101896,EUR/USD,2005-08-04 15:00:14.000,1.238000,1.238300,D
174101904,EUR/USD,2005-08-04 15:00:16.000,1.237900,1.238200,D
174101928,EUR/USD,2005-08-04 15:00:21.000,1.237800,1.238100,D
174101941,EUR/USD,2005-08-04 15:00:25.000,1.237900,1.238200,D
174101952,EUR/USD,2005-08-04 15:00:27.000,1.237800,1.238100,D
174101972,EUR/USD,2005-08-04 15:00:39.000,1.237900,1.238200,D
174102003,EUR/USD,2005-08-04 15:00:51.000,1.238000,1.238300,D
174102012,EUR/USD,2005-08-04 15:00:54.000,1.238100,1.238400,D
174102038,EUR/USD,2005-08-04 15:01:04.000,1.238200,1.238500,D
174102045,EUR/USD,2005-08-04 15:01:05.000,1.238300,1.238600,D
174102069,EUR/USD,2005-08-04 15:01:11.000,1.238400,1.238700,D
174102074,EUR/USD,2005-08-04 15:01:15.000,1.238300,1.238600,D
174102079,EUR/USD,2005-08-04 15:01:18.000,1.238400,1.238700,D
174102095,EUR/USD,2005-08-04 15:01:23.000,1.238500,1.238800,D
174102098,EUR/USD,2005-08-04 15:01:23.000,1.238400,1.238700,D
174102107,EUR/USD,2005-08-04 15:01:25.000,1.238500,1.238800,D
174102123,EUR/USD,2005-08-04 15:01:29.000,1.238400,1.238700,D
174102144,EUR/USD,2005-08-04 15:01:36.000,1.238500,1.238800,D
174102150,EUR/USD,2005-08-04 15:01:37.000,1.238400,1.238700,D
174102168,EUR/USD,2005-08-04 15:01:43.000,1.238300,1.238600,D
174102178,EUR/USD,2005-08-04 15:01:51.000,1.238200,1.238500,D
174102197,EUR/USD,2005-08-04 15:02:01.000,1.238300,1.238600,D
174102216,EUR/USD,2005-08-04 15:02:20.000,1.238400,1.238700,D
174102218,EUR/USD,2005-08-04 15:02:36.000,1.238300,1.238600,D
174102222,EUR/USD,2005-08-04 15:02:36.000,1.238200,1.238500,D
174102227,EUR/USD,2005-08-04 15:02:37.000,1.238100,1.238400,D
174102241,EUR/USD,2005-08-04 15:02:39.000,1.238200,1.238500,D
174102249,EUR/USD,2005-08-04 15:02:39.000,1.238100,1.238400,D
174102253,EUR/USD,2005-08-04 15:02:40.000,1.238200,1.238500,D
174102298,EUR/USD,2005-08-04 15:03:25.000,1.238100,1.238400,D
174102334,EUR/USD,2005-08-04 15:03:58.000,1.238000,1.238300,D
174102338,EUR/USD,2005-08-04 15:04:02.000,1.238100,1.238400,D
174102353,EUR/USD,2005-08-04 15:04:14.000,1.238000,1.238300,D
174102359,EUR/USD,2005-08-04 15:04:19.000,1.238100,1.238400,D
174102364,EUR/USD,2005-08-04 15:04:20.000,1.238000,1.238300,D
174102384,EUR/USD,2005-08-04 15:04:48.000,1.238100,1.238400,D
174102448,EUR/USD,2005-08-04 15:05:27.000,1.238200,1.238500,D
174102467,EUR/USD,2005-08-04 15:05:36.000,1.238300,1.238600,D
174102477,EUR/USD,2005-08-04 15:05:37.000,1.238400,1.238700,D
174102500,EUR/USD,2005-08-04 15:05:58.000,1.238300,1.238600,D
174102535,EUR/USD,2005-08-04 15:06:13.000,1.238400,1.238700,D
174102543,EUR/USD,2005-08-04 15:06:14.000,1.238300,1.238600,D
174102556,EUR/USD,2005-08-04 15:06:18.000,1.238200,1.238500,D
174102572,EUR/USD,2005-08-04 15:06:29.000,1.238300,1.238600,D
174102587,EUR/USD,2005-08-04 15:06:47.000,1.238400,1.238700,D
174102614,EUR/USD,2005-08-04 15:07:14.000,1.238300,1.238600,D
174102618,EUR/USD,2005-08-04 15:07:16.000,1.238400,1.238700,D
174102623,EUR/USD,2005-08-04 15:07:18.000,1.238300,1.238600,D
174102647,EUR/USD,2005-08-04 15:08:02.000,1.238400,1.238700,D
174102652,EUR/USD,2005-08-04 15:08:04.000,1.238300,1.238600,D
174102663,EUR/USD,2005-08-04 15:08:20.000,1.238400,1.238700,D
174102673,EUR/USD,2005-08-04 15:08:30.000,1.238300,1.238600,D
174102697,EUR/USD,2005-08-04 15:09:09.000,1.238200,1.238500,D
174102708,EUR/USD,2005-08-04 15:09:12.000,1.238300,1.238600,D
174102726,EUR/USD,2005-08-04 15:11:05.000,1.238200,1.238500,D
174102732,EUR/USD,2005-08-04 15:11:08.000,1.238300,1.238600,D
174102764,EUR/USD,2005-08-04 15:12:21.000,1.238200,1.238500,D
174102767,EUR/USD,2005-08-04 15:12:21.000,1.238300,1.238600,D
174102788,EUR/USD,2005-08-04 15:12:47.000,1.238200,1.238500,D
174102815,EUR/USD,2005-08-04 15:14:20.000,1.238300,1.238600,D
174102852,EUR/USD,2005-08-04 15:15:03.000,1.238200,1.238500,D
174102857,EUR/USD,2005-08-04 15:15:06.000,1.238300,1.238600,D
174102869,EUR/USD,2005-08-04 15:15:13.000,1.238400,1.238700,D
174102883,EUR/USD,2005-08-04 15:15:26.000,1.238300,1.238600,D
174102899,EUR/USD,2005-08-04 15:15:33.000,1.238400,1.238700,D
174102908,EUR/USD,2005-08-04 15:15:53.000,1.238300,1.238600,D
174102922,EUR/USD,2005-08-04 15:16:00.000,1.238200,1.238500,D
174102934,EUR/USD,2005-08-04 15:16:47.000,1.238300,1.238600,D
174102936,EUR/USD,2005-08-04 15:16:54.000,1.238200,1.238500,D
174102984,EUR/USD,2005-08-04 15:17:29.000,1.238300,1.238600,D
174102989,EUR/USD,2005-08-04 15:17:32.000,1.238200,1.238500,D
174102996,EUR/USD,2005-08-04 15:17:35.000,1.238300,1.238600,D
174103002,EUR/USD,2005-08-04 15:17:58.000,1.238200,1.238500,D
174103005,EUR/USD,2005-08-04 15:17:59.000,1.238100,1.238400,D
174103013,EUR/USD,2005-08-04 15:18:01.000,1.238200,1.238500,D
174103025,EUR/USD,2005-08-04 15:18:06.000,1.238100,1.238400,D
174103037,EUR/USD,2005-08-04 15:18:13.000,1.238200,1.238500,D
174103234,EUR/USD,2005-08-04 15:21:29.000,1.238100,1.238400,D
174103260,EUR/USD,2005-08-04 15:22:04.000,1.238000,1.238300,D
174103269,EUR/USD,2005-08-04 15:22:07.000,1.238100,1.238400,D
174103277,EUR/USD,2005-08-04 15:22:38.000,1.238000,1.238300,D
174103278,EUR/USD,2005-08-04 15:22:39.000,1.238100,1.238400,D
174103280,EUR/USD,2005-08-04 15:22:55.000,1.238000,1.238300,D
174103296,EUR/USD,2005-08-04 15:23:11.000,1.237900,1.238200,D
174103309,EUR/USD,2005-08-04 15:23:23.000,1.238000,1.238300,D
174103320,EUR/USD,2005-08-04 15:23:30.000,1.237900,1.238200,D
174103322,EUR/USD,2005-08-04 15:23:39.000,1.238000,1.238300,D
174103343,EUR/USD,2005-08-04 15:24:40.000,1.238100,1.238400,D
174103351,EUR/USD,2005-08-04 15:24:43.000,1.238000,1.238300,D
174103366,EUR/USD,2005-08-04 15:24:49.000,1.237900,1.238200,D
174103373,EUR/USD,2005-08-04 15:24:54.000,1.238000,1.238300,D
174103412,EUR/USD,2005-08-04 15:25:06.000,1.238100,1.238400,D
174103431,EUR/USD,2005-08-04 15:25:15.000,1.238000,1.238300,D
174103448,EUR/USD,2005-08-04 15:25:26.000,1.238100,1.238400,D
174103481,EUR/USD,2005-08-04 15:25:53.000,1.238000,1.238300,D
174103504,EUR/USD,2005-08-04 15:26:58.000,1.238100,1.238400,D
174103531,EUR/USD,2005-08-04 15:27:40.000,1.238200,1.238500,D
174103554,EUR/USD,2005-08-04 15:27:59.000,1.238100,1.238400,D
174103559,EUR/USD,2005-08-04 15:28:03.000,1.238200,1.238500,D
174103565,EUR/USD,2005-08-04 15:28:05.000,1.238100,1.238400,D
174103572,EUR/USD,2005-08-04 15:28:26.000,1.238200,1.238500,D
174103586,EUR/USD,2005-08-04 15:28:35.000,1.238300,1.238600,D
174103591,EUR/USD,2005-08-04 15:28:39.000,1.238200,1.238500,D
174103615,EUR/USD,2005-08-04 15:29:41.000,1.238300,1.238600,D
174103652,EUR/USD,2005-08-04 15:30:30.000,1.238200,1.238500,D
174103696,EUR/USD,2005-08-04 15:31:15.000,1.238100,1.238400,D
174103698,EUR/USD,2005-08-04 15:31:15.000,1.238000,1.238300,D
174103705,EUR/USD,2005-08-04 15:31:17.000,1.237900,1.238200,D
174103722,EUR/USD,2005-08-04 15:31:24.000,1.238000,1.238300,D
174103733,EUR/USD,2005-08-04 15:31:33.000,1.237900,1.238200,D
174103736,EUR/USD,2005-08-04 15:31:35.000,1.238000,1.238300,D
174103743,EUR/USD,2005-08-04 15:31:36.000,1.238100,1.238400,D
174103744,EUR/USD,2005-08-04 15:31:36.000,1.238000,1.238300,D
174103764,EUR/USD,2005-08-04 15:31:45.000,1.237900,1.238200,D
174103788,EUR/USD,2005-08-04 15:31:58.000,1.237800,1.238100,D
174103850,EUR/USD,2005-08-04 15:33:30.000,1.237900,1.238200,D
174103868,EUR/USD,2005-08-04 15:33:57.000,1.238000,1.238300,D
174103870,EUR/USD,2005-08-04 15:33:57.000,1.238100,1.238400,D
174103891,EUR/USD,2005-08-04 15:34:04.000,1.238000,1.238300,D
174103911,EUR/USD,2005-08-04 15:34:24.000,1.237900,1.238200,D
174103927,EUR/USD,2005-08-04 15:34:39.000,1.237800,1.238100,D
174103974,EUR/USD,2005-08-04 15:36:38.000,1.237700,1.238000,D
174103979,EUR/USD,2005-08-04 15:36:39.000,1.237600,1.237900,D
174103986,EUR/USD,2005-08-04 15:36:40.000,1.237500,1.237800,D
174103997,EUR/USD,2005-08-04 15:36:41.000,1.237600,1.237900,D
174104008,EUR/USD,2005-08-04 15:36:43.000,1.237500,1.237800,D
174104033,EUR/USD,2005-08-04 15:36:53.000,1.237600,1.237900,D
174104084,EUR/USD,2005-08-04 15:37:43.000,1.237700,1.238000,D
174104099,EUR/USD,2005-08-04 15:37:49.000,1.237600,1.237900,D
174104121,EUR/USD,2005-08-04 15:38:07.000,1.237700,1.238000,D
174104123,EUR/USD,2005-08-04 15:38:08.000,1.237600,1.237900,D
174104127,EUR/USD,2005-08-04 15:38:12.000,1.237700,1.238000,D
174104133,EUR/USD,2005-08-04 15:38:25.000,1.237600,1.237900,D
174104180,EUR/USD,2005-08-04 15:40:33.000,1.237500,1.237800,D
174104184,EUR/USD,2005-08-04 15:40:33.000,1.237600,1.237900,D
174104196,EUR/USD,2005-08-04 15:40:38.000,1.237500,1.237800,D
174104202,EUR/USD,2005-08-04 15:40:41.000,1.237600,1.237900,D
174104208,EUR/USD,2005-08-04 15:40:42.000,1.237700,1.238000,D
174104220,EUR/USD,2005-08-04 15:40:43.000,1.237600,1.237900,D
174104245,EUR/USD,2005-08-04 15:41:06.000,1.237700,1.238000,D
174104258,EUR/USD,2005-08-04 15:41:17.000,1.237600,1.237900,D
174104261,EUR/USD,2005-08-04 15:41:25.000,1.237700,1.238000,D
174104264,EUR/USD,2005-08-04 15:41:27.000,1.237800,1.238100,D
174104274,EUR/USD,2005-08-04 15:41:29.000,1.237900,1.238200,D
174104309,EUR/USD,2005-08-04 15:41:46.000,1.237800,1.238100,D
174104325,EUR/USD,2005-08-04 15:41:58.000,1.237900,1.238200,D
174104330,EUR/USD,2005-08-04 15:42:03.000,1.237800,1.238100,D
174104331,EUR/USD,2005-08-04 15:42:05.000,1.237900,1.238200,D
174104350,EUR/USD,2005-08-04 15:42:53.000,1.237800,1.238100,D
174104372,EUR/USD,2005-08-04 15:43:20.000,1.237900,1.238200,D
174104381,EUR/USD,2005-08-04 15:43:40.000,1.237800,1.238100,D
174104383,EUR/USD,2005-08-04 15:43:41.000,1.237900,1.238200,D
174104396,EUR/USD,2005-08-04 15:43:54.000,1.238000,1.238300,D
174104402,EUR/USD,2005-08-04 15:44:00.000,1.237900,1.238200,D
174104409,EUR/USD,2005-08-04 15:44:03.000,1.238000,1.238300,D
174104488,EUR/USD,2005-08-04 15:45:37.000,1.238100,1.238400,D
174104514,EUR/USD,2005-08-04 15:46:14.000,1.238000,1.238300,D
174104518,EUR/USD,2005-08-04 15:46:14.000,1.237900,1.238200,D
174104519,EUR/USD,2005-08-04 15:46:16.000,1.238000,1.238300,D
174104520,EUR/USD,2005-08-04 15:46:18.000,1.238100,1.238400,D
174104534,EUR/USD,2005-08-04 15:46:48.000,1.238000,1.238300,D
174104543,EUR/USD,2005-08-04 15:46:52.000,1.238100,1.238400,D
174104544,EUR/USD,2005-08-04 15:46:57.000,1.238000,1.238300,D
174104577,EUR/USD,2005-08-04 15:48:14.000,1.237900,1.238200,D
174104580,EUR/USD,2005-08-04 15:48:16.000,1.238000,1.238300,D
174104585,EUR/USD,2005-08-04 15:48:19.000,1.237900,1.238200,D
174104591,EUR/USD,2005-08-04 15:48:22.000,1.238000,1.238300,D
174104624,EUR/USD,2005-08-04 15:48:59.000,1.238100,1.238400,D
174104634,EUR/USD,2005-08-04 15:49:00.000,1.238000,1.238300,D
174104649,EUR/USD,2005-08-04 15:49:05.000,1.238100,1.238400,D
174104663,EUR/USD,2005-08-04 15:49:24.000,1.238200,1.238500,D
174104678,EUR/USD,2005-08-04 15:49:35.000,1.238100,1.238400,D
174104685,EUR/USD,2005-08-04 15:49:42.000,1.238200,1.238500,D
174104691,EUR/USD,2005-08-04 15:49:46.000,1.238100,1.238400,D
174104747,EUR/USD,2005-08-04 15:51:18.000,1.238000,1.238300,D
174104835,EUR/USD,2005-08-04 15:53:17.000,1.238100,1.238400,D
174104849,EUR/USD,2005-08-04 15:53:28.000,1.238200,1.238500,D
174104857,EUR/USD,2005-08-04 15:53:30.000,1.238100,1.238400,D
174104866,EUR/USD,2005-08-04 15:53:34.000,1.238200,1.238500,D
174104876,EUR/USD,2005-08-04 15:53:48.000,1.238100,1.238400,D
174104942,EUR/USD,2005-08-04 15:55:33.000,1.238000,1.238300,D
174104959,EUR/USD,2005-08-04 15:55:44.000,1.238100,1.238400,D
174104969,EUR/USD,2005-08-04 15:55:52.000,1.238000,1.238300,D
174104986,EUR/USD,2005-08-04 15:56:08.000,1.238100,1.238400,D
174105004,EUR/USD,2005-08-04 15:56:30.000,1.238000,1.238300,D
174105007,EUR/USD,2005-08-04 15:56:34.000,1.238100,1.238400,D
174105018,EUR/USD,2005-08-04 15:56:41.000,1.238000,1.238300,D
174105065,EUR/USD,2005-08-04 15:57:50.000,1.237900,1.238200,D
174105135,EUR/USD,2005-08-04 15:59:01.000,1.237800,1.238100,D
174105142,EUR/USD,2005-08-04 15:59:02.000,1.237900,1.238200,D
174105151,EUR/USD,2005-08-04 15:59:03.000,1.237800,1.238100,D
174105219,EUR/USD,2005-08-04 15:59:38.000,1.237700,1.238000,D
174105227,EUR/USD,2005-08-04 15:59:42.000,1.237800,1.238100,D
174105230,EUR/USD,2005-08-04 15:59:43.000,1.237900,1.238200,D
174105238,EUR/USD,2005-08-04 15:59:44.000,1.237800,1.238100,D
174105247,EUR/USD,2005-08-04 15:59:51.000,1.237900,1.238200,D
174105258,EUR/USD,2005-08-04 16:00:00.000,1.237800,1.238100,D
174105269,EUR/USD,2005-08-04 16:00:09.000,1.237700,1.238000,D
174105284,EUR/USD,2005-08-04 16:00:17.000,1.237600,1.237900,D
174105289,EUR/USD,2005-08-04 16:00:18.000,1.237700,1.238000,D
174105301,EUR/USD,2005-08-04 16:00:23.000,1.237600,1.237900,D
174105322,EUR/USD,2005-08-04 16:00:30.000,1.237500,1.237800,D
174105327,EUR/USD,2005-08-04 16:00:32.000,1.237600,1.237900,D
174105402,EUR/USD,2005-08-04 16:01:23.000,1.237500,1.237800,D
174105408,EUR/USD,2005-08-04 16:01:31.000,1.237600,1.237900,D
174105419,EUR/USD,2005-08-04 16:01:43.000,1.237700,1.238000,D
174105460,EUR/USD,2005-08-04 16:02:06.000,1.237600,1.237900,D
174105469,EUR/USD,2005-08-04 16:02:11.000,1.237700,1.238000,D
174105520,EUR/USD,2005-08-04 16:04:21.000,1.237800,1.238100,D
174105526,EUR/USD,2005-08-04 16:04:30.000,1.237700,1.238000,D
174105534,EUR/USD,2005-08-04 16:04:31.000,1.237600,1.237900,D
174105539,EUR/USD,2005-08-04 16:04:33.000,1.237700,1.238000,D
174105548,EUR/USD,2005-08-04 16:04:55.000,1.237800,1.238100,D
174105550,EUR/USD,2005-08-04 16:04:55.000,1.237900,1.238200,D
174105563,EUR/USD,2005-08-04 16:05:16.000,1.237800,1.238100,D
174105570,EUR/USD,2005-08-04 16:05:49.000,1.237900,1.238200,D
174105584,EUR/USD,2005-08-04 16:06:17.000,1.237800,1.238100,D
174105594,EUR/USD,2005-08-04 16:06:24.000,1.237900,1.238200,D
174105598,EUR/USD,2005-08-04 16:06:26.000,1.237800,1.238100,D
174105604,EUR/USD,2005-08-04 16:06:29.000,1.237900,1.238200,D
174105608,EUR/USD,2005-08-04 16:06:29.000,1.237800,1.238100,D
174105634,EUR/USD,2005-08-04 16:06:59.000,1.237900,1.238200,D
174105637,EUR/USD,2005-08-04 16:07:01.000,1.237800,1.238100,D
174105660,EUR/USD,2005-08-04 16:07:18.000,1.237900,1.238200,D
174105672,EUR/USD,2005-08-04 16:07:26.000,1.237800,1.238100,D
174105707,EUR/USD,2005-08-04 16:08:24.000,1.237900,1.238200,D
174105715,EUR/USD,2005-08-04 16:08:29.000,1.237800,1.238100,D
174105756,EUR/USD,2005-08-04 16:11:00.000,1.237900,1.238200,D
174105865,EUR/USD,2005-08-04 16:15:18.000,1.237800,1.238100,D
174105869,EUR/USD,2005-08-04 16:15:23.000,1.237900,1.238200,D
174105871,EUR/USD,2005-08-04 16:15:26.000,1.237800,1.238100,D
174105941,EUR/USD,2005-08-04 16:16:36.000,1.237900,1.238200,D
174105962,EUR/USD,2005-08-04 16:17:11.000,1.237800,1.238100,D
174105974,EUR/USD,2005-08-04 16:17:37.000,1.237900,1.238200,D
174105981,EUR/USD,2005-08-04 16:17:47.000,1.238000,1.238300,D
174105984,EUR/USD,2005-08-04 16:17:48.000,1.237900,1.238200,D
174105990,EUR/USD,2005-08-04 16:17:51.000,1.238000,1.238300,D
174106011,EUR/USD,2005-08-04 16:18:43.000,1.237900,1.238200,D
174106050,EUR/USD,2005-08-04 16:19:28.000,1.237800,1.238100,D
174106054,EUR/USD,2005-08-04 16:19:33.000,1.237900,1.238200,D
174106075,EUR/USD,2005-08-04 16:20:07.000,1.238000,1.238300,D
174106090,EUR/USD,2005-08-04 16:20:23.000,1.238100,1.238400,D
174106098,EUR/USD,2005-08-04 16:20:26.000,1.238000,1.238300,D
174106102,EUR/USD,2005-08-04 16:20:28.000,1.238100,1.238400,D
174106106,EUR/USD,2005-08-04 16:20:31.000,1.238200,1.238500,D
174106111,EUR/USD,2005-08-04 16:20:32.000,1.238100,1.238400,D
174106121,EUR/USD,2005-08-04 16:20:35.000,1.238000,1.238300,D
174106127,EUR/USD,2005-08-04 16:20:39.000,1.237900,1.238200,D
174106134,EUR/USD,2005-08-04 16:20:42.000,1.238000,1.238300,D
174106217,EUR/USD,2005-08-04 16:22:05.000,1.238100,1.238400,D
174106221,EUR/USD,2005-08-04 16:22:05.000,1.238000,1.238300,D
174106237,EUR/USD,2005-08-04 16:22:09.000,1.238100,1.238400,D
174106245,EUR/USD,2005-08-04 16:22:12.000,1.238000,1.238300,D
174106299,EUR/USD,2005-08-04 16:23:09.000,1.237900,1.238200,D
174106354,EUR/USD,2005-08-04 16:25:06.000,1.237800,1.238100,D
174106356,EUR/USD,2005-08-04 16:25:06.000,1.237900,1.238200,D
174106366,EUR/USD,2005-08-04 16:25:10.000,1.238000,1.238300,D
174106369,EUR/USD,2005-08-04 16:25:13.000,1.237900,1.238200,D
174106377,EUR/USD,2005-08-04 16:25:35.000,1.238000,1.238300,D
174106387,EUR/USD,2005-08-04 16:26:07.000,1.238100,1.238400,D
174106393,EUR/USD,2005-08-04 16:26:11.000,1.238000,1.238300,D
174106396,EUR/USD,2005-08-04 16:26:12.000,1.238100,1.238400,D
174106406,EUR/USD,2005-08-04 16:26:28.000,1.238000,1.238300,D
174106515,EUR/USD,2005-08-04 16:29:43.000,1.237900,1.238200,D
174106535,EUR/USD,2005-08-04 16:30:07.000,1.238000,1.238300,D
174106542,EUR/USD,2005-08-04 16:30:08.000,1.237900,1.238200,D
174106548,EUR/USD,2005-08-04 16:30:10.000,1.238000,1.238300,D
174106591,EUR/USD,2005-08-04 16:30:46.000,1.237900,1.238200,D
174106636,EUR/USD,2005-08-04 16:32:29.000,1.238000,1.238300,D
174106642,EUR/USD,2005-08-04 16:32:33.000,1.237900,1.238200,D
174106651,EUR/USD,2005-08-04 16:32:51.000,1.238000,1.238300,D
174106655,EUR/USD,2005-08-04 16:32:54.000,1.237900,1.238200,D
174106677,EUR/USD,2005-08-04 16:33:26.000,1.238000,1.238300,D
174106692,EUR/USD,2005-08-04 16:33:29.000,1.238100,1.238400,D
174106752,EUR/USD,2005-08-04 16:36:00.000,1.238200,1.238500,D
174106761,EUR/USD,2005-08-04 16:36:02.000,1.238300,1.238600,D
174106766,EUR/USD,2005-08-04 16:36:04.000,1.238200,1.238500,D
174106773,EUR/USD,2005-08-04 16:36:06.000,1.238300,1.238600,D
174106779,EUR/USD,2005-08-04 16:36:07.000,1.238200,1.238500,D
174106786,EUR/USD,2005-08-04 16:36:10.000,1.238300,1.238600,D
174106799,EUR/USD,2005-08-04 16:36:15.000,1.238400,1.238700,D
174106811,EUR/USD,2005-08-04 16:36:16.000,1.238300,1.238600,D
174106853,EUR/USD,2005-08-04 16:37:09.000,1.238200,1.238500,D
174106858,EUR/USD,2005-08-04 16:37:15.000,1.238300,1.238600,D
174106906,EUR/USD,2005-08-04 16:38:24.000,1.238200,1.238500,D
174106910,EUR/USD,2005-08-04 16:38:24.000,1.238300,1.238600,D
174106914,EUR/USD,2005-08-04 16:38:28.000,1.238400,1.238700,D
174106922,EUR/USD,2005-08-04 16:38:31.000,1.238500,1.238800,D
174106928,EUR/USD,2005-08-04 16:38:31.000,1.238600,1.238900,D
174106937,EUR/USD,2005-08-04 16:38:35.000,1.238500,1.238800,D
174106945,EUR/USD,2005-08-04 16:38:38.000,1.238400,1.238700,D
174106973,EUR/USD,2005-08-04 16:39:49.000,1.238500,1.238800,D
174107006,EUR/USD,2005-08-04 16:40:19.000,1.238600,1.238900,D
174107013,EUR/USD,2005-08-04 16:40:21.000,1.238500,1.238800,D
174107015,EUR/USD,2005-08-04 16:40:21.000,1.238600,1.238900,D
174107019,EUR/USD,2005-08-04 16:40:22.000,1.238500,1.238800,D
174107079,EUR/USD,2005-08-04 16:41:35.000,1.238400,1.238700,D
174107092,EUR/USD,2005-08-04 16:42:09.000,1.238500,1.238800,D
174107095,EUR/USD,2005-08-04 16:42:10.000,1.238400,1.238700,D
174107114,EUR/USD,2005-08-04 16:42:27.000,1.238500,1.238800,D
174107132,EUR/USD,2005-08-04 16:42:39.000,1.238400,1.238700,D
174107136,EUR/USD,2005-08-04 16:42:39.000,1.238300,1.238600,D
174107140,EUR/USD,2005-08-04 16:42:40.000,1.238400,1.238700,D
174107153,EUR/USD,2005-08-04 16:42:45.000,1.238500,1.238800,D
174107157,EUR/USD,2005-08-04 16:42:45.000,1.238400,1.238700,D
174107162,EUR/USD,2005-08-04 16:42:45.000,1.238300,1.238600,D
174107174,EUR/USD,2005-08-04 16:42:56.000,1.238400,1.238700,D
174107192,EUR/USD,2005-08-04 16:43:10.000,1.238500,1.238800,D
174107229,EUR/USD,2005-08-04 16:43:44.000,1.238400,1.238700,D
174107234,EUR/USD,2005-08-04 16:43:48.000,1.238500,1.238800,D
174107286,EUR/USD,2005-08-04 16:44:28.000,1.238400,1.238700,D
174107291,EUR/USD,2005-08-04 16:44:33.000,1.238500,1.238800,D
174107299,EUR/USD,2005-08-04 16:44:36.000,1.238400,1.238700,D
174107342,EUR/USD,2005-08-04 16:46:09.000,1.238300,1.238600,D
174107428,EUR/USD,2005-08-04 16:47:40.000,1.238200,1.238500,D
174107472,EUR/USD,2005-08-04 16:48:40.000,1.238100,1.238400,D
174107474,EUR/USD,2005-08-04 16:48:44.000,1.238200,1.238500,D
174107476,EUR/USD,2005-08-04 16:48:44.000,1.238300,1.238600,D
174107482,EUR/USD,2005-08-04 16:48:46.000,1.238400,1.238700,D
174107492,EUR/USD,2005-08-04 16:48:48.000,1.238300,1.238600,D
174107502,EUR/USD,2005-08-04 16:48:52.000,1.238200,1.238500,D
174107574,EUR/USD,2005-08-04 16:49:51.000,1.238100,1.238400,D
174107657,EUR/USD,2005-08-04 16:52:08.000,1.238200,1.238500,D
174107743,EUR/USD,2005-08-04 16:54:10.000,1.238100,1.238400,D
174107748,EUR/USD,2005-08-04 16:54:13.000,1.238200,1.238500,D
174107778,EUR/USD,2005-08-04 16:54:39.000,1.238300,1.238600,D
174107826,EUR/USD,2005-08-04 16:55:51.000,1.238200,1.238500,D
174107835,EUR/USD,2005-08-04 16:56:09.000,1.238300,1.238600,D
174107841,EUR/USD,2005-08-04 16:56:13.000,1.238200,1.238500,D
174107877,EUR/USD,2005-08-04 16:57:33.000,1.238300,1.238600,D
174108886,EUR/USD,2005-08-04 17:20:17.000,1.238400,1.238700,D
174108922,EUR/USD,2005-08-04 17:20:19.000,1.238500,1.238800,D
174108830,EUR/USD,2005-08-04 17:20:20.000,1.238600,1.238900,D
174108721,EUR/USD,2005-08-04 17:20:24.000,1.238500,1.238800,D
174108968,EUR/USD,2005-08-04 17:20:51.000,1.238400,1.238700,D
174109065,EUR/USD,2005-08-04 17:22:40.000,1.238300,1.238600,D
174109094,EUR/USD,2005-08-04 17:24:27.000,1.238400,1.238700,D
174109125,EUR/USD,2005-08-04 17:26:56.000,1.238300,1.238600,D
174109128,EUR/USD,2005-08-04 17:27:01.000,1.238400,1.238700,D
174109150,EUR/USD,2005-08-04 17:27:47.000,1.238300,1.238600,D
174109157,EUR/USD,2005-08-04 17:28:13.000,1.238200,1.238500,D
174109165,EUR/USD,2005-08-04 17:28:14.000,1.238300,1.238600,D
174109171,EUR/USD,2005-08-04 17:28:28.000,1.238200,1.238500,D
174109175,EUR/USD,2005-08-04 17:28:34.000,1.238300,1.238600,D
174109207,EUR/USD,2005-08-04 17:30:17.000,1.238200,1.238500,D
174109209,EUR/USD,2005-08-04 17:30:20.000,1.238300,1.238600,D
174109289,EUR/USD,2005-08-04 17:33:20.000,1.238400,1.238700,D
174109308,EUR/USD,2005-08-04 17:34:12.000,1.238500,1.238800,D
174109323,EUR/USD,2005-08-04 17:34:48.000,1.238400,1.238700,D
174109362,EUR/USD,2005-08-04 17:37:12.000,1.238500,1.238800,D
174109397,EUR/USD,2005-08-04 17:38:23.000,1.238600,1.238900,D
174109399,EUR/USD,2005-08-04 17:38:23.000,1.238700,1.239000,D
174109406,EUR/USD,2005-08-04 17:38:30.000,1.238600,1.238900,D
174109414,EUR/USD,2005-08-04 17:38:41.000,1.238700,1.239000,D
174109425,EUR/USD,2005-08-04 17:38:45.000,1.238800,1.239100,D
174109436,EUR/USD,2005-08-04 17:38:50.000,1.238700,1.239000,D
174109447,EUR/USD,2005-08-04 17:38:55.000,1.238800,1.239100,D
174109468,EUR/USD,2005-08-04 17:39:12.000,1.238700,1.239000,D
174109480,EUR/USD,2005-08-04 17:39:24.000,1.238800,1.239100,D
174109483,EUR/USD,2005-08-04 17:39:31.000,1.238700,1.239000,D
174109528,EUR/USD,2005-08-04 17:42:27.000,1.238600,1.238900,D
174109532,EUR/USD,2005-08-04 17:42:28.000,1.238700,1.239000,D
174109539,EUR/USD,2005-08-04 17:42:34.000,1.238800,1.239100,D
174109542,EUR/USD,2005-08-04 17:42:36.000,1.238700,1.239000,D
174109546,EUR/USD,2005-08-04 17:42:38.000,1.238800,1.239100,D
174109557,EUR/USD,2005-08-04 17:42:55.000,1.238700,1.239000,D
174109559,EUR/USD,2005-08-04 17:42:59.000,1.238800,1.239100,D
174109560,EUR/USD,2005-08-04 17:43:06.000,1.238700,1.239000,D
174109562,EUR/USD,2005-08-04 17:43:09.000,1.238800,1.239100,D
174109567,EUR/USD,2005-08-04 17:43:15.000,1.238700,1.239000,D
174109569,EUR/USD,2005-08-04 17:43:17.000,1.238800,1.239100,D
174109575,EUR/USD,2005-08-04 17:43:52.000,1.238700,1.239000,D
174109576,EUR/USD,2005-08-04 17:43:58.000,1.238800,1.239100,D
174109578,EUR/USD,2005-08-04 17:44:01.000,1.238700,1.239000,D
174109585,EUR/USD,2005-08-04 17:44:03.000,1.238800,1.239100,D
174109591,EUR/USD,2005-08-04 17:44:09.000,1.238700,1.239000,D
174109594,EUR/USD,2005-08-04 17:44:10.000,1.238800,1.239100,D
174109611,EUR/USD,2005-08-04 17:44:15.000,1.238700,1.239000,D
174109616,EUR/USD,2005-08-04 17:44:17.000,1.238800,1.239100,D
174109625,EUR/USD,2005-08-04 17:44:25.000,1.238700,1.239000,D
174109626,EUR/USD,2005-08-04 17:44:25.000,1.238600,1.238900,D
174109629,EUR/USD,2005-08-04 17:44:30.000,1.238700,1.239000,D
174109635,EUR/USD,2005-08-04 17:45:10.000,1.238800,1.239100,D
174109645,EUR/USD,2005-08-04 17:45:24.000,1.238700,1.239000,D
174109695,EUR/USD,2005-08-04 17:46:04.000,1.238600,1.238900,D
174109700,EUR/USD,2005-08-04 17:46:35.000,1.238700,1.239000,D
174109702,EUR/USD,2005-08-04 17:46:35.000,1.238800,1.239100,D
174109730,EUR/USD,2005-08-04 17:47:22.000,1.238700,1.239000,D
174109741,EUR/USD,2005-08-04 17:47:37.000,1.238600,1.238900,D
174109751,EUR/USD,2005-08-04 17:48:16.000,1.238500,1.238800,D
174109753,EUR/USD,2005-08-04 17:48:19.000,1.238600,1.238900,D
174109764,EUR/USD,2005-08-04 17:49:24.000,1.238700,1.239000,D
174109772,EUR/USD,2005-08-04 17:49:35.000,1.238600,1.238900,D
174109773,EUR/USD,2005-08-04 17:49:43.000,1.238700,1.239000,D
174109778,EUR/USD,2005-08-04 17:49:49.000,1.238600,1.238900,D
174109786,EUR/USD,2005-08-04 17:49:54.000,1.238700,1.239000,D
174109807,EUR/USD,2005-08-04 17:50:29.000,1.238800,1.239100,D
174109808,EUR/USD,2005-08-04 17:50:40.000,1.238700,1.239000,D
174109815,EUR/USD,2005-08-04 17:50:49.000,1.238800,1.239100,D
174109827,EUR/USD,2005-08-04 17:51:06.000,1.238700,1.239000,D
174109897,EUR/USD,2005-08-04 17:55:21.000,1.238800,1.239100,D
174109906,EUR/USD,2005-08-04 17:56:04.000,1.238700,1.239000,D
174109911,EUR/USD,2005-08-04 17:57:27.000,1.238800,1.239100,D
174109918,EUR/USD,2005-08-04 17:57:33.000,1.238700,1.239000,D
174109929,EUR/USD,2005-08-04 17:58:04.000,1.238600,1.238900,D
174109968,EUR/USD,2005-08-04 18:00:14.000,1.238500,1.238800,D
174109969,EUR/USD,2005-08-04 18:00:24.000,1.238600,1.238900,D
174109976,EUR/USD,2005-08-04 18:00:29.000,1.238500,1.238800,D
174109978,EUR/USD,2005-08-04 18:00:45.000,1.238600,1.238900,D
174109980,EUR/USD,2005-08-04 18:00:46.000,1.238700,1.239000,D
174109989,EUR/USD,2005-08-04 18:00:47.000,1.238800,1.239100,D
174109997,EUR/USD,2005-08-04 18:00:51.000,1.238700,1.239000,D
174110019,EUR/USD,2005-08-04 18:01:27.000,1.238800,1.239100,D
174110023,EUR/USD,2005-08-04 18:01:29.000,1.238700,1.239000,D
174110027,EUR/USD,2005-08-04 18:01:30.000,1.238800,1.239100,D
174110062,EUR/USD,2005-08-04 18:02:00.000,1.238700,1.239000,D
174110086,EUR/USD,2005-08-04 18:02:06.000,1.238800,1.239100,D
174110095,EUR/USD,2005-08-04 18:02:17.000,1.238700,1.239000,D
174110100,EUR/USD,2005-08-04 18:02:22.000,1.238800,1.239100,D
174110115,EUR/USD,2005-08-04 18:02:55.000,1.238700,1.239000,D
174110136,EUR/USD,2005-08-04 18:03:47.000,1.238800,1.239100,D
174110144,EUR/USD,2005-08-04 18:04:11.000,1.238700,1.239000,D
174110149,EUR/USD,2005-08-04 18:04:30.000,1.238800,1.239100,D
174110161,EUR/USD,2005-08-04 18:04:52.000,1.238700,1.239000,D
174110164,EUR/USD,2005-08-04 18:04:57.000,1.238800,1.239100,D
174110168,EUR/USD,2005-08-04 18:05:19.000,1.238700,1.239000,D
174110183,EUR/USD,2005-08-04 18:06:47.000,1.238800,1.239100,D
174110184,EUR/USD,2005-08-04 18:07:01.000,1.238700,1.239000,D
174110209,EUR/USD,2005-08-04 18:07:38.000,1.238800,1.239100,D
174110250,EUR/USD,2005-08-04 18:11:02.000,1.238700,1.239000,D
174110253,EUR/USD,2005-08-04 18:12:09.000,1.238800,1.239100,D
174110254,EUR/USD,2005-08-04 18:12:11.000,1.238700,1.239000,D
174110257,EUR/USD,2005-08-04 18:12:25.000,1.238600,1.238900,D
174110279,EUR/USD,2005-08-04 18:14:13.000,1.238500,1.238800,D
174110321,EUR/USD,2005-08-04 18:16:42.000,1.238400,1.238700,D
174110326,EUR/USD,2005-08-04 18:16:47.000,1.238500,1.238800,D
174110378,EUR/USD,2005-08-04 18:19:16.000,1.238600,1.238900,D
174110398,EUR/USD,2005-08-04 18:19:45.000,1.238500,1.238800,D
174110419,EUR/USD,2005-08-04 18:20:23.000,1.238600,1.238900,D
174110424,EUR/USD,2005-08-04 18:20:30.000,1.238500,1.238800,D
174110439,EUR/USD,2005-08-04 18:20:46.000,1.238600,1.238900,D
174110513,EUR/USD,2005-08-04 18:23:56.000,1.238500,1.238800,D
174110524,EUR/USD,2005-08-04 18:24:00.000,1.238600,1.238900,D
174110555,EUR/USD,2005-08-04 18:25:04.000,1.238500,1.238800,D
174110737,EUR/USD,2005-08-04 18:29:53.000,1.238600,1.238900,D
174110747,EUR/USD,2005-08-04 18:29:56.000,1.238700,1.239000,D
174110756,EUR/USD,2005-08-04 18:30:08.000,1.238600,1.238900,D
174110758,EUR/USD,2005-08-04 18:30:09.000,1.238500,1.238800,D
174110774,EUR/USD,2005-08-04 18:31:40.000,1.238600,1.238900,D
174110854,EUR/USD,2005-08-04 18:36:30.000,1.238500,1.238800,D
174110858,EUR/USD,2005-08-04 18:36:34.000,1.238600,1.238900,D
174110931,EUR/USD,2005-08-04 18:41:17.000,1.238500,1.238800,D
174110941,EUR/USD,2005-08-04 18:41:34.000,1.238600,1.238900,D
174110944,EUR/USD,2005-08-04 18:41:36.000,1.238500,1.238800,D
174110991,EUR/USD,2005-08-04 18:42:47.000,1.238400,1.238700,D
174110994,EUR/USD,2005-08-04 18:42:56.000,1.238300,1.238600,D
174111000,EUR/USD,2005-08-04 18:42:57.000,1.238400,1.238700,D
174111010,EUR/USD,2005-08-04 18:43:04.000,1.238300,1.238600,D
174111054,EUR/USD,2005-08-04 18:44:09.000,1.238200,1.238500,D
174111062,EUR/USD,2005-08-04 18:44:28.000,1.238300,1.238600,D
174111065,EUR/USD,2005-08-04 18:44:35.000,1.238200,1.238500,D
174111068,EUR/USD,2005-08-04 18:44:38.000,1.238300,1.238600,D
174111077,EUR/USD,2005-08-04 18:44:40.000,1.238200,1.238500,D
174111093,EUR/USD,2005-08-04 18:45:01.000,1.238300,1.238600,D
174111101,EUR/USD,2005-08-04 18:45:06.000,1.238200,1.238500,D
174111131,EUR/USD,2005-08-04 18:46:01.000,1.238100,1.238400,D
174111136,EUR/USD,2005-08-04 18:46:07.000,1.238200,1.238500,D
174111143,EUR/USD,2005-08-04 18:46:12.000,1.238100,1.238400,D
174111176,EUR/USD,2005-08-04 18:46:58.000,1.238200,1.238500,D
174111181,EUR/USD,2005-08-04 18:47:28.000,1.238100,1.238400,D
174111186,EUR/USD,2005-08-04 18:47:40.000,1.238000,1.238300,D
174111191,EUR/USD,2005-08-04 18:47:49.000,1.238100,1.238400,D
174111197,EUR/USD,2005-08-04 18:47:51.000,1.238000,1.238300,D
174111199,EUR/USD,2005-08-04 18:47:52.000,1.238100,1.238400,D
174111210,EUR/USD,2005-08-04 18:47:58.000,1.238200,1.238500,D
174111213,EUR/USD,2005-08-04 18:47:59.000,1.238100,1.238400,D
174111252,EUR/USD,2005-08-04 18:48:13.000,1.238000,1.238300,D
174111257,EUR/USD,2005-08-04 18:48:20.000,1.238100,1.238400,D
174111327,EUR/USD,2005-08-04 18:50:00.000,1.238200,1.238500,D
174111347,EUR/USD,2005-08-04 18:50:22.000,1.238100,1.238400,D
174111374,EUR/USD,2005-08-04 18:50:38.000,1.238200,1.238500,D
174111405,EUR/USD,2005-08-04 18:51:24.000,1.238300,1.238600,D
174111486,EUR/USD,2005-08-04 18:53:16.000,1.238200,1.238500,D
174111518,EUR/USD,2005-08-04 18:54:46.000,1.238300,1.238600,D
174111561,EUR/USD,2005-08-04 18:55:43.000,1.238200,1.238500,D
174111582,EUR/USD,2005-08-04 18:56:04.000,1.238100,1.238400,D
174111586,EUR/USD,2005-08-04 18:56:08.000,1.238200,1.238500,D
174111629,EUR/USD,2005-08-04 18:57:04.000,1.238300,1.238600,D
174111633,EUR/USD,2005-08-04 18:57:10.000,1.238200,1.238500,D
174111639,EUR/USD,2005-08-04 18:57:15.000,1.238100,1.238400,D
174111654,EUR/USD,2005-08-04 18:57:33.000,1.238200,1.238500,D
174111656,EUR/USD,2005-08-04 18:57:34.000,1.238300,1.238600,D
174111694,EUR/USD,2005-08-04 18:59:00.000,1.238200,1.238500,D
174111700,EUR/USD,2005-08-04 18:59:05.000,1.238100,1.238400,D
174111701,EUR/USD,2005-08-04 18:59:07.000,1.238200,1.238500,D
174111710,EUR/USD,2005-08-04 18:59:09.000,1.238300,1.238600,D
174111712,EUR/USD,2005-08-04 18:59:12.000,1.238200,1.238500,D
174111715,EUR/USD,2005-08-04 18:59:12.000,1.238100,1.238400,D
174111734,EUR/USD,2005-08-04 18:59:55.000,1.238000,1.238300,D
174111738,EUR/USD,2005-08-04 19:00:13.000,1.238100,1.238400,D
174111846,EUR/USD,2005-08-04 19:02:22.000,1.238000,1.238300,D
174111854,EUR/USD,2005-08-04 19:02:44.000,1.238100,1.238400,D
174111856,EUR/USD,2005-08-04 19:02:44.000,1.238200,1.238500,D
174111861,EUR/USD,2005-08-04 19:02:46.000,1.238100,1.238400,D
174111876,EUR/USD,2005-08-04 19:03:21.000,1.238000,1.238300,D
174111889,EUR/USD,2005-08-04 19:03:43.000,1.238100,1.238400,D
174111916,EUR/USD,2005-08-04 19:04:39.000,1.238000,1.238300,D
174111924,EUR/USD,2005-08-04 19:04:55.000,1.238100,1.238400,D
174111929,EUR/USD,2005-08-04 19:05:08.000,1.238000,1.238300,D
174111943,EUR/USD,2005-08-04 19:05:42.000,1.238100,1.238400,D
174111954,EUR/USD,2005-08-04 19:05:53.000,1.238000,1.238300,D
174112012,EUR/USD,2005-08-04 19:07:30.000,1.238100,1.238400,D
174112017,EUR/USD,2005-08-04 19:07:40.000,1.238000,1.238300,D
174112033,EUR/USD,2005-08-04 19:09:08.000,1.237900,1.238200,D
174112037,EUR/USD,2005-08-04 19:09:45.000,1.238000,1.238300,D
174112056,EUR/USD,2005-08-04 19:10:35.000,1.237900,1.238200,D
174112078,EUR/USD,2005-08-04 19:12:18.000,1.238000,1.238300,D
174112135,EUR/USD,2005-08-04 19:15:27.000,1.237900,1.238200,D
174112145,EUR/USD,2005-08-04 19:16:02.000,1.238000,1.238300,D
174112157,EUR/USD,2005-08-04 19:16:31.000,1.237900,1.238200,D
174112171,EUR/USD,2005-08-04 19:17:10.000,1.237800,1.238100,D
174112202,EUR/USD,2005-08-04 19:17:34.000,1.237700,1.238000,D
174112213,EUR/USD,2005-08-04 19:17:39.000,1.237600,1.237900,D
174112217,EUR/USD,2005-08-04 19:17:39.000,1.237700,1.238000,D
174112231,EUR/USD,2005-08-04 19:17:42.000,1.237600,1.237900,D
174112246,EUR/USD,2005-08-04 19:17:44.000,1.237500,1.237800,D
174112247,EUR/USD,2005-08-04 19:17:44.000,1.237600,1.237900,D
174112278,EUR/USD,2005-08-04 19:17:55.000,1.237500,1.237800,D
174112291,EUR/USD,2005-08-04 19:17:57.000,1.237600,1.237900,D
174112313,EUR/USD,2005-08-04 19:18:02.000,1.237700,1.238000,D
174112320,EUR/USD,2005-08-04 19:18:04.000,1.237600,1.237900,D
174112323,EUR/USD,2005-08-04 19:18:04.000,1.237500,1.237800,D
174112332,EUR/USD,2005-08-04 19:18:05.000,1.237600,1.237900,D
174112350,EUR/USD,2005-08-04 19:18:13.000,1.237500,1.237800,D
174112373,EUR/USD,2005-08-04 19:18:20.000,1.237600,1.237900,D
174112390,EUR/USD,2005-08-04 19:18:33.000,1.237700,1.238000,D
174112392,EUR/USD,2005-08-04 19:18:33.000,1.237800,1.238100,D
174112414,EUR/USD,2005-08-04 19:18:38.000,1.237700,1.238000,D
174112417,EUR/USD,2005-08-04 19:18:39.000,1.237800,1.238100,D
174112433,EUR/USD,2005-08-04 19:18:43.000,1.237700,1.238000,D
174112444,EUR/USD,2005-08-04 19:18:51.000,1.237800,1.238100,D
174112448,EUR/USD,2005-08-04 19:18:52.000,1.237900,1.238200,D
174112450,EUR/USD,2005-08-04 19:18:53.000,1.238000,1.238300,D
174112467,EUR/USD,2005-08-04 19:18:55.000,1.237900,1.238200,D
174112468,EUR/USD,2005-08-04 19:18:56.000,1.237800,1.238100,D
174112486,EUR/USD,2005-08-04 19:19:03.000,1.237900,1.238200,D
174112493,EUR/USD,2005-08-04 19:19:05.000,1.237800,1.238100,D
174112498,EUR/USD,2005-08-04 19:19:13.000,1.237700,1.238000,D
174112510,EUR/USD,2005-08-04 19:19:17.000,1.237800,1.238100,D
174112558,EUR/USD,2005-08-04 19:21:15.000,1.237900,1.238200,D
174112561,EUR/USD,2005-08-04 19:21:15.000,1.238000,1.238300,D
174112566,EUR/USD,2005-08-04 19:21:21.000,1.237900,1.238200,D
174112581,EUR/USD,2005-08-04 19:21:36.000,1.238000,1.238300,D
174112620,EUR/USD,2005-08-04 19:21:53.000,1.237900,1.238200,D
174112628,EUR/USD,2005-08-04 19:22:02.000,1.238000,1.238300,D
174112661,EUR/USD,2005-08-04 19:22:09.000,1.237900,1.238200,D
174112665,EUR/USD,2005-08-04 19:22:10.000,1.237800,1.238100,D
174112670,EUR/USD,2005-08-04 19:22:11.000,1.237900,1.238200,D
174112683,EUR/USD,2005-08-04 19:22:14.000,1.238000,1.238300,D
174112691,EUR/USD,2005-08-04 19:22:16.000,1.237900,1.238200,D
174112692,EUR/USD,2005-08-04 19:22:16.000,1.237800,1.238100,D
174112697,EUR/USD,2005-08-04 19:22:24.000,1.237900,1.238200,D
174112711,EUR/USD,2005-08-04 19:22:37.000,1.238000,1.238300,D
174112714,EUR/USD,2005-08-04 19:22:40.000,1.237900,1.238200,D
174112729,EUR/USD,2005-08-04 19:22:46.000,1.238000,1.238300,D
174112734,EUR/USD,2005-08-04 19:22:47.000,1.237900,1.238200,D
174112740,EUR/USD,2005-08-04 19:22:49.000,1.238000,1.238300,D
174112749,EUR/USD,2005-08-04 19:22:53.000,1.237900,1.238200,D
174112830,EUR/USD,2005-08-04 19:25:09.000,1.238000,1.238300,D
174112837,EUR/USD,2005-08-04 19:25:22.000,1.237900,1.238200,D
174112846,EUR/USD,2005-08-04 19:25:33.000,1.238000,1.238300,D
174112849,EUR/USD,2005-08-04 19:25:35.000,1.237900,1.238200,D
174112853,EUR/USD,2005-08-04 19:25:37.000,1.238000,1.238300,D
174112898,EUR/USD,2005-08-04 19:27:02.000,1.237900,1.238200,D
174112904,EUR/USD,2005-08-04 19:27:05.000,1.238000,1.238300,D
174112937,EUR/USD,2005-08-04 19:27:15.000,1.238100,1.238400,D
174112955,EUR/USD,2005-08-04 19:27:17.000,1.238000,1.238300,D
174112965,EUR/USD,2005-08-04 19:27:21.000,1.238100,1.238400,D
174112969,EUR/USD,2005-08-04 19:27:24.000,1.238000,1.238300,D
174112975,EUR/USD,2005-08-04 19:27:25.000,1.238100,1.238400,D
174112978,EUR/USD,2005-08-04 19:27:26.000,1.238200,1.238500,D
174113010,EUR/USD,2005-08-04 19:27:35.000,1.238100,1.238400,D
174113023,EUR/USD,2005-08-04 19:27:46.000,1.238200,1.238500,D
174113039,EUR/USD,2005-08-04 19:28:07.000,1.238100,1.238400,D
174113064,EUR/USD,2005-08-04 19:29:21.000,1.238000,1.238300,D
174113076,EUR/USD,2005-08-04 19:29:36.000,1.238100,1.238400,D
174113077,EUR/USD,2005-08-04 19:29:36.000,1.238200,1.238500,D
174113093,EUR/USD,2005-08-04 19:29:55.000,1.238100,1.238400,D
174113129,EUR/USD,2005-08-04 19:30:44.000,1.238000,1.238300,D
174113132,EUR/USD,2005-08-04 19:30:48.000,1.238100,1.238400,D
174113137,EUR/USD,2005-08-04 19:30:54.000,1.238000,1.238300,D
174113220,EUR/USD,2005-08-04 19:32:59.000,1.237900,1.238200,D
174113230,EUR/USD,2005-08-04 19:33:02.000,1.238000,1.238300,D
174113263,EUR/USD,2005-08-04 19:34:19.000,1.237900,1.238200,D
174113268,EUR/USD,2005-08-04 19:34:26.000,1.238000,1.238300,D
174113272,EUR/USD,2005-08-04 19:34:34.000,1.237900,1.238200,D
174113276,EUR/USD,2005-08-04 19:34:37.000,1.238000,1.238300,D
174113420,EUR/USD,2005-08-04 19:37:02.000,1.238100,1.238400,D
174113444,EUR/USD,2005-08-04 19:37:10.000,1.238000,1.238300,D
174113459,EUR/USD,2005-08-04 19:37:17.000,1.238100,1.238400,D
174113530,EUR/USD,2005-08-04 19:38:54.000,1.238000,1.238300,D
174113545,EUR/USD,2005-08-04 19:39:47.000,1.238100,1.238400,D
174113554,EUR/USD,2005-08-04 19:40:14.000,1.238000,1.238300,D
174113581,EUR/USD,2005-08-04 19:41:02.000,1.238100,1.238400,D
174113596,EUR/USD,2005-08-04 19:41:05.000,1.238200,1.238500,D
174113608,EUR/USD,2005-08-04 19:41:07.000,1.238100,1.238400,D
174113633,EUR/USD,2005-08-04 19:41:10.000,1.238200,1.238500,D
174113649,EUR/USD,2005-08-04 19:41:18.000,1.238100,1.238400,D
174113659,EUR/USD,2005-08-04 19:41:20.000,1.238000,1.238300,D
174113677,EUR/USD,2005-08-04 19:41:24.000,1.238100,1.238400,D
174113702,EUR/USD,2005-08-04 19:41:30.000,1.238200,1.238500,D
174113706,EUR/USD,2005-08-04 19:41:33.000,1.238100,1.238400,D
174113712,EUR/USD,2005-08-04 19:41:34.000,1.238000,1.238300,D
174113719,EUR/USD,2005-08-04 19:41:38.000,1.238200,1.238500,D
174113733,EUR/USD,2005-08-04 19:41:42.000,1.238100,1.238400,D
174113744,EUR/USD,2005-08-04 19:41:49.000,1.238200,1.238500,D
174113777,EUR/USD,2005-08-04 19:42:01.000,1.238100,1.238400,D
174113785,EUR/USD,2005-08-04 19:42:03.000,1.238200,1.238500,D
174113790,EUR/USD,2005-08-04 19:42:05.000,1.238100,1.238400,D
174113833,EUR/USD,2005-08-04 19:42:49.000,1.238200,1.238500,D
174113863,EUR/USD,2005-08-04 19:43:07.000,1.238100,1.238400,D
174113952,EUR/USD,2005-08-04 19:45:07.000,1.238200,1.238500,D
174113956,EUR/USD,2005-08-04 19:45:10.000,1.238100,1.238400,D
174113961,EUR/USD,2005-08-04 19:45:23.000,1.238000,1.238300,D
174113967,EUR/USD,2005-08-04 19:45:28.000,1.238100,1.238400,D
174113970,EUR/USD,2005-08-04 19:45:28.000,1.238000,1.238300,D
174114060,EUR/USD,2005-08-04 19:46:14.000,1.237900,1.238200,D
174114077,EUR/USD,2005-08-04 19:46:23.000,1.238000,1.238300,D
174114134,EUR/USD,2005-08-04 19:47:32.000,1.237900,1.238200,D
174114159,EUR/USD,2005-08-04 19:47:48.000,1.237800,1.238100,D
174114177,EUR/USD,2005-08-04 19:47:52.000,1.237900,1.238200,D
174114188,EUR/USD,2005-08-04 19:47:56.000,1.238000,1.238300,D
174114262,EUR/USD,2005-08-04 19:51:07.000,1.237900,1.238200,D
174114265,EUR/USD,2005-08-04 19:51:07.000,1.238000,1.238300,D
174114275,EUR/USD,2005-08-04 19:51:35.000,1.237900,1.238200,D
174114283,EUR/USD,2005-08-04 19:51:38.000,1.238000,1.238300,D
174114308,EUR/USD,2005-08-04 19:52:17.000,1.238100,1.238400,D
174114394,EUR/USD,2005-08-04 19:53:18.000,1.238000,1.238300,D
174114450,EUR/USD,2005-08-04 19:53:41.000,1.238100,1.238400,D
174114514,EUR/USD,2005-08-04 19:54:11.000,1.238000,1.238300,D
174114526,EUR/USD,2005-08-04 19:54:20.000,1.238100,1.238400,D
174114538,EUR/USD,2005-08-04 19:54:22.000,1.238000,1.238300,D
174114571,EUR/USD,2005-08-04 19:55:01.000,1.238100,1.238400,D
174114596,EUR/USD,2005-08-04 19:55:30.000,1.238200,1.238500,D
174114630,EUR/USD,2005-08-04 19:56:06.000,1.238100,1.238400,D
174114636,EUR/USD,2005-08-04 19:56:09.000,1.238200,1.238500,D
174114729,EUR/USD,2005-08-04 19:57:14.000,1.238300,1.238600,D
174114814,EUR/USD,2005-08-04 19:57:45.000,1.238400,1.238700,D
174114824,EUR/USD,2005-08-04 19:57:48.000,1.238300,1.238600,D
174114834,EUR/USD,2005-08-04 19:57:55.000,1.238400,1.238700,D
174114857,EUR/USD,2005-08-04 19:58:09.000,1.238500,1.238800,D
174114873,EUR/USD,2005-08-04 19:58:14.000,1.238600,1.238900,D
174114878,EUR/USD,2005-08-04 19:58:15.000,1.238500,1.238800,D
174114902,EUR/USD,2005-08-04 19:58:34.000,1.238400,1.238700,D
174114910,EUR/USD,2005-08-04 19:58:42.000,1.238500,1.238800,D
174114914,EUR/USD,2005-08-04 19:58:48.000,1.238600,1.238900,D
174114920,EUR/USD,2005-08-04 19:58:52.000,1.238700,1.239000,D
174114929,EUR/USD,2005-08-04 19:59:08.000,1.238600,1.238900,D
174114932,EUR/USD,2005-08-04 19:59:09.000,1.238500,1.238800,D
174114943,EUR/USD,2005-08-04 19:59:10.000,1.238600,1.238900,D
174114946,EUR/USD,2005-08-04 19:59:11.000,1.238700,1.239000,D
174114965,EUR/USD,2005-08-04 19:59:22.000,1.238800,1.239100,D
174114978,EUR/USD,2005-08-04 19:59:27.000,1.238700,1.239000,D
174114997,EUR/USD,2005-08-04 19:59:30.000,1.238800,1.239100,D
174115011,EUR/USD,2005-08-04 19:59:35.000,1.238700,1.239000,D
174115017,EUR/USD,2005-08-04 19:59:39.000,1.238600,1.238900,D
174115094,EUR/USD,2005-08-04 19:59:59.000,1.238500,1.238800,D
174115302,EUR/USD,2005-08-04 20:01:48.000,1.238400,1.238700,D
174115306,EUR/USD,2005-08-04 20:01:49.000,1.238500,1.238800,D
174115310,EUR/USD,2005-08-04 20:01:51.000,1.238400,1.238700,D
174115333,EUR/USD,2005-08-04 20:02:04.000,1.238500,1.238800,D
174115433,EUR/USD,2005-08-04 20:03:41.000,1.238400,1.238700,D
174115435,EUR/USD,2005-08-04 20:03:47.000,1.238500,1.238800,D
174115488,EUR/USD,2005-08-04 20:04:47.000,1.238400,1.238700,D
174115496,EUR/USD,2005-08-04 20:04:51.000,1.238300,1.238600,D
174115497,EUR/USD,2005-08-04 20:04:53.000,1.238400,1.238700,D
174115503,EUR/USD,2005-08-04 20:04:57.000,1.238500,1.238800,D
174115515,EUR/USD,2005-08-04 20:05:00.000,1.238400,1.238700,D
174115519,EUR/USD,2005-08-04 20:05:01.000,1.238500,1.238800,D
174115556,EUR/USD,2005-08-04 20:05:22.000,1.238700,1.239000,D
174115582,EUR/USD,2005-08-04 20:05:44.000,1.238800,1.239100,D
174115595,EUR/USD,2005-08-04 20:05:48.000,1.238700,1.239000,D
174115612,EUR/USD,2005-08-04 20:05:51.000,1.238800,1.239100,D
174115621,EUR/USD,2005-08-04 20:05:54.000,1.238900,1.239200,D
174115627,EUR/USD,2005-08-04 20:05:55.000,1.239000,1.239300,D
174115628,EUR/USD,2005-08-04 20:05:56.000,1.238900,1.239200,D
174115679,EUR/USD,2005-08-04 20:06:22.000,1.238800,1.239100,D
174115697,EUR/USD,2005-08-04 20:06:25.000,1.238900,1.239200,D
174115720,EUR/USD,2005-08-04 20:06:29.000,1.239000,1.239300,D
174115736,EUR/USD,2005-08-04 20:06:37.000,1.239100,1.239400,D
174115745,EUR/USD,2005-08-04 20:06:41.000,1.239200,1.239500,D
174115755,EUR/USD,2005-08-04 20:06:43.000,1.239300,1.239600,D
174115763,EUR/USD,2005-08-04 20:06:44.000,1.239200,1.239500,D
174115779,EUR/USD,2005-08-04 20:06:46.000,1.239300,1.239600,D
174115837,EUR/USD,2005-08-04 20:07:03.000,1.239200,1.239500,D
174115845,EUR/USD,2005-08-04 20:07:07.000,1.239300,1.239600,D
174115852,EUR/USD,2005-08-04 20:07:09.000,1.239200,1.239500,D
174115899,EUR/USD,2005-08-04 20:07:20.000,1.239300,1.239600,D
174115905,EUR/USD,2005-08-04 20:07:22.000,1.239200,1.239500,D
174115914,EUR/USD,2005-08-04 20:07:24.000,1.239300,1.239600,D
174115996,EUR/USD,2005-08-04 20:07:50.000,1.239400,1.239700,D
174116019,EUR/USD,2005-08-04 20:08:00.000,1.239300,1.239600,D
174116021,EUR/USD,2005-08-04 20:08:00.000,1.239400,1.239700,D
174116031,EUR/USD,2005-08-04 20:08:04.000,1.239500,1.239800,D
174116038,EUR/USD,2005-08-04 20:08:05.000,1.239400,1.239700,D
174116040,EUR/USD,2005-08-04 20:08:07.000,1.239300,1.239600,D
174116048,EUR/USD,2005-08-04 20:08:08.000,1.239400,1.239700,D
174116062,EUR/USD,2005-08-04 20:08:20.000,1.239300,1.239600,D
174116092,EUR/USD,2005-08-04 20:08:47.000,1.239200,1.239500,D
174116105,EUR/USD,2005-08-04 20:09:02.000,1.239300,1.239600,D
174116116,EUR/USD,2005-08-04 20:09:25.000,1.239400,1.239700,D
174116118,EUR/USD,2005-08-04 20:09:26.000,1.239300,1.239600,D
174116122,EUR/USD,2005-08-04 20:09:28.000,1.239400,1.239700,D
174116127,EUR/USD,2005-08-04 20:09:31.000,1.239300,1.239600,D
174116135,EUR/USD,2005-08-04 20:09:33.000,1.239400,1.239700,D
174116139,EUR/USD,2005-08-04 20:09:34.000,1.239300,1.239600,D
174116164,EUR/USD,2005-08-04 20:10:00.000,1.239400,1.239700,D
174116188,EUR/USD,2005-08-04 20:10:28.000,1.239500,1.239800,D
174116192,EUR/USD,2005-08-04 20:10:29.000,1.239400,1.239700,D
174116214,EUR/USD,2005-08-04 20:10:43.000,1.239300,1.239600,D
174116218,EUR/USD,2005-08-04 20:10:45.000,1.239400,1.239700,D
174116222,EUR/USD,2005-08-04 20:10:49.000,1.239300,1.239600,D
174116226,EUR/USD,2005-08-04 20:10:51.000,1.239200,1.239500,D
174116233,EUR/USD,2005-08-04 20:10:54.000,1.239100,1.239400,D
174116247,EUR/USD,2005-08-04 20:11:00.000,1.239000,1.239300,D
174116268,EUR/USD,2005-08-04 20:11:10.000,1.238900,1.239200,D
174116321,EUR/USD,2005-08-04 20:11:36.000,1.238800,1.239100,D
174116335,EUR/USD,2005-08-04 20:11:44.000,1.238900,1.239200,D
174116345,EUR/USD,2005-08-04 20:11:52.000,1.239000,1.239300,D
174116405,EUR/USD,2005-08-04 20:12:34.000,1.238900,1.239200,D
174116416,EUR/USD,2005-08-04 20:12:39.000,1.239000,1.239300,D
174116417,EUR/USD,2005-08-04 20:12:40.000,1.238900,1.239200,D
174116418,EUR/USD,2005-08-04 20:12:41.000,1.238800,1.239100,D
174116454,EUR/USD,2005-08-04 20:12:48.000,1.238700,1.239000,D
174116500,EUR/USD,2005-08-04 20:12:58.000,1.238600,1.238900,D
174116517,EUR/USD,2005-08-04 20:13:04.000,1.238700,1.239000,D
174116546,EUR/USD,2005-08-04 20:13:13.000,1.238800,1.239100,D
174116551,EUR/USD,2005-08-04 20:13:13.000,1.238900,1.239200,D
174116553,EUR/USD,2005-08-04 20:13:14.000,1.238800,1.239100,D
174116563,EUR/USD,2005-08-04 20:13:17.000,1.238700,1.239000,D
174116645,EUR/USD,2005-08-04 20:15:22.000,1.238600,1.238900,D
174116656,EUR/USD,2005-08-04 20:15:35.000,1.238500,1.238800,D
174116663,EUR/USD,2005-08-04 20:15:37.000,1.238400,1.238700,D
174116669,EUR/USD,2005-08-04 20:15:45.000,1.238500,1.238800,D
174116670,EUR/USD,2005-08-04 20:15:46.000,1.238600,1.238900,D
174116675,EUR/USD,2005-08-04 20:15:48.000,1.238500,1.238800,D
174116686,EUR/USD,2005-08-04 20:15:54.000,1.238400,1.238700,D
174116690,EUR/USD,2005-08-04 20:15:55.000,1.238500,1.238800,D
174116699,EUR/USD,2005-08-04 20:16:04.000,1.238400,1.238700,D
174116730,EUR/USD,2005-08-04 20:17:10.000,1.238500,1.238800,D
174116737,EUR/USD,2005-08-04 20:17:12.000,1.238400,1.238700,D
174116784,EUR/USD,2005-08-04 20:17:40.000,1.238500,1.238800,D
174116788,EUR/USD,2005-08-04 20:17:44.000,1.238400,1.238700,D
174116807,EUR/USD,2005-08-04 20:17:56.000,1.238300,1.238600,D
174116823,EUR/USD,2005-08-04 20:18:06.000,1.238200,1.238500,D
174116838,EUR/USD,2005-08-04 20:18:30.000,1.238100,1.238400,D
174116850,EUR/USD,2005-08-04 20:18:33.000,1.238200,1.238500,D
174116856,EUR/USD,2005-08-04 20:18:44.000,1.238100,1.238400,D
174116861,EUR/USD,2005-08-04 20:18:48.000,1.238200,1.238500,D
174116865,EUR/USD,2005-08-04 20:18:59.000,1.238100,1.238400,D
174116870,EUR/USD,2005-08-04 20:19:01.000,1.238200,1.238500,D
174116882,EUR/USD,2005-08-04 20:19:16.000,1.238300,1.238600,D
174116885,EUR/USD,2005-08-04 20:19:18.000,1.238200,1.238500,D
174116922,EUR/USD,2005-08-04 20:19:35.000,1.238300,1.238600,D
174116927,EUR/USD,2005-08-04 20:19:37.000,1.238200,1.238500,D
174116950,EUR/USD,2005-08-04 20:20:13.000,1.238100,1.238400,D
174116961,EUR/USD,2005-08-04 20:20:20.000,1.238200,1.238500,D
174116962,EUR/USD,2005-08-04 20:20:23.000,1.238100,1.238400,D
174116969,EUR/USD,2005-08-04 20:20:28.000,1.238200,1.238500,D
174116993,EUR/USD,2005-08-04 20:20:42.000,1.238100,1.238400,D
174117000,EUR/USD,2005-08-04 20:20:49.000,1.238200,1.238500,D
174117037,EUR/USD,2005-08-04 20:21:56.000,1.238300,1.238600,D
174117053,EUR/USD,2005-08-04 20:22:20.000,1.238400,1.238700,D
174117059,EUR/USD,2005-08-04 20:22:21.000,1.238500,1.238800,D
174117061,EUR/USD,2005-08-04 20:22:23.000,1.238400,1.238700,D
174117100,EUR/USD,2005-08-04 20:23:22.000,1.238500,1.238800,D
174117182,EUR/USD,2005-08-04 20:25:47.000,1.238600,1.238900,D
174117213,EUR/USD,2005-08-04 20:26:18.000,1.238500,1.238800,D
174117269,EUR/USD,2005-08-04 20:26:40.000,1.238400,1.238700,D
174117296,EUR/USD,2005-08-04 20:26:47.000,1.238300,1.238600,D
174117312,EUR/USD,2005-08-04 20:26:55.000,1.238400,1.238700,D
174117375,EUR/USD,2005-08-04 20:27:27.000,1.238500,1.238800,D
174117391,EUR/USD,2005-08-04 20:28:16.000,1.238400,1.238700,D
174117398,EUR/USD,2005-08-04 20:28:16.000,1.238300,1.238600,D
174117405,EUR/USD,2005-08-04 20:28:20.000,1.238400,1.238700,D
174117407,EUR/USD,2005-08-04 20:28:20.000,1.238500,1.238800,D
174117415,EUR/USD,2005-08-04 20:28:21.000,1.238400,1.238700,D
174117422,EUR/USD,2005-08-04 20:28:22.000,1.238300,1.238600,D
174117440,EUR/USD,2005-08-04 20:28:35.000,1.238200,1.238500,D
174117465,EUR/USD,2005-08-04 20:28:43.000,1.238100,1.238400,D
174117483,EUR/USD,2005-08-04 20:28:49.000,1.238200,1.238500,D
174117524,EUR/USD,2005-08-04 20:29:21.000,1.238300,1.238600,D
174117700,EUR/USD,2005-08-04 20:31:11.000,1.238400,1.238700,D
174117701,EUR/USD,2005-08-04 20:31:14.000,1.238300,1.238600,D
174117720,EUR/USD,2005-08-04 20:31:33.000,1.238400,1.238700,D
174117737,EUR/USD,2005-08-04 20:31:57.000,1.238300,1.238600,D
174117753,EUR/USD,2005-08-04 20:32:24.000,1.238400,1.238700,D
174117777,EUR/USD,2005-08-04 20:32:41.000,1.238500,1.238800,D
174117788,EUR/USD,2005-08-04 20:32:49.000,1.238400,1.238700,D
174117810,EUR/USD,2005-08-04 20:32:56.000,1.238500,1.238800,D
174117889,EUR/USD,2005-08-04 20:33:25.000,1.238600,1.238900,D
174117895,EUR/USD,2005-08-04 20:33:26.000,1.238700,1.239000,D
174117904,EUR/USD,2005-08-04 20:33:27.000,1.238600,1.238900,D
174117916,EUR/USD,2005-08-04 20:33:41.000,1.238700,1.239000,D
174117997,EUR/USD,2005-08-04 20:34:48.000,1.238800,1.239100,D
174118007,EUR/USD,2005-08-04 20:34:52.000,1.238700,1.239000,D
174118014,EUR/USD,2005-08-04 20:34:55.000,1.238800,1.239100,D
174118028,EUR/USD,2005-08-04 20:34:58.000,1.238700,1.239000,D
174118095,EUR/USD,2005-08-04 20:35:22.000,1.238800,1.239100,D
174118115,EUR/USD,2005-08-04 20:35:40.000,1.238700,1.239000,D
174118202,EUR/USD,2005-08-04 20:36:25.000,1.238600,1.238900,D
174118212,EUR/USD,2005-08-04 20:36:29.000,1.238700,1.239000,D
174118264,EUR/USD,2005-08-04 20:36:57.000,1.238600,1.238900,D
174118319,EUR/USD,2005-08-04 20:37:52.000,1.238700,1.239000,D
174118353,EUR/USD,2005-08-04 20:38:15.000,1.238600,1.238900,D
174118402,EUR/USD,2005-08-04 20:39:06.000,1.238500,1.238800,D
174118412,EUR/USD,2005-08-04 20:39:09.000,1.238600,1.238900,D
174118417,EUR/USD,2005-08-04 20:39:13.000,1.238500,1.238800,D
174118445,EUR/USD,2005-08-04 20:39:38.000,1.238600,1.238900,D
174118450,EUR/USD,2005-08-04 20:39:39.000,1.238500,1.238800,D
174118521,EUR/USD,2005-08-04 20:40:31.000,1.238400,1.238700,D
174118583,EUR/USD,2005-08-04 20:41:14.000,1.238300,1.238600,D
174118602,EUR/USD,2005-08-04 20:41:32.000,1.238200,1.238500,D
174118616,EUR/USD,2005-08-04 20:41:44.000,1.238100,1.238400,D
174118632,EUR/USD,2005-08-04 20:41:59.000,1.238000,1.238300,D
174118643,EUR/USD,2005-08-04 20:42:03.000,1.238100,1.238400,D
174118656,EUR/USD,2005-08-04 20:42:11.000,1.238000,1.238300,D
174118661,EUR/USD,2005-08-04 20:42:11.000,1.238100,1.238400,D
174118667,EUR/USD,2005-08-04 20:42:13.000,1.238000,1.238300,D
174118688,EUR/USD,2005-08-04 20:42:17.000,1.238100,1.238400,D
174118695,EUR/USD,2005-08-04 20:42:18.000,1.238000,1.238300,D
174118700,EUR/USD,2005-08-04 20:42:22.000,1.238100,1.238400,D
174118703,EUR/USD,2005-08-04 20:42:23.000,1.238200,1.238500,D
174118706,EUR/USD,2005-08-04 20:42:24.000,1.238100,1.238400,D
174118717,EUR/USD,2005-08-04 20:42:34.000,1.238200,1.238500,D
174118766,EUR/USD,2005-08-04 20:43:41.000,1.238300,1.238600,D
174118787,EUR/USD,2005-08-04 20:44:19.000,1.238200,1.238500,D
174118828,EUR/USD,2005-08-04 20:45:01.000,1.238300,1.238600,D
174118832,EUR/USD,2005-08-04 20:45:15.000,1.238200,1.238500,D
174118852,EUR/USD,2005-08-04 20:45:23.000,1.238100,1.238400,D
174118861,EUR/USD,2005-08-04 20:45:32.000,1.238200,1.238500,D
174118918,EUR/USD,2005-08-04 20:46:21.000,1.238300,1.238600,D
174118920,EUR/USD,2005-08-04 20:46:25.000,1.238200,1.238500,D
174118949,EUR/USD,2005-08-04 20:47:10.000,1.238100,1.238400,D
174119002,EUR/USD,2005-08-04 20:47:35.000,1.238200,1.238500,D
174119125,EUR/USD,2005-08-04 20:49:42.000,1.238100,1.238400,D
174119148,EUR/USD,2005-08-04 20:49:58.000,1.238000,1.238300,D
174119262,EUR/USD,2005-08-04 20:51:49.000,1.237900,1.238200,D
174119269,EUR/USD,2005-08-04 20:51:52.000,1.238000,1.238300,D
174119281,EUR/USD,2005-08-04 20:51:56.000,1.237900,1.238200,D
174119301,EUR/USD,2005-08-04 20:52:13.000,1.238000,1.238300,D
174119310,EUR/USD,2005-08-04 20:52:27.000,1.237900,1.238200,D
174119339,EUR/USD,2005-08-04 20:52:41.000,1.238000,1.238300,D
174119341,EUR/USD,2005-08-04 20:52:41.000,1.238100,1.238400,D
174119380,EUR/USD,2005-08-04 20:53:00.000,1.238000,1.238300,D
174119408,EUR/USD,2005-08-04 20:53:05.000,1.238100,1.238400,D
174119409,EUR/USD,2005-08-04 20:53:05.000,1.238000,1.238300,D
174119447,EUR/USD,2005-08-04 20:53:19.000,1.237900,1.238200,D
174119492,EUR/USD,2005-08-04 20:53:37.000,1.238000,1.238300,D
174119502,EUR/USD,2005-08-04 20:53:42.000,1.237900,1.238200,D
174119513,EUR/USD,2005-08-04 20:53:48.000,1.237800,1.238100,D
174119585,EUR/USD,2005-08-04 20:54:52.000,1.237700,1.238000,D
174119618,EUR/USD,2005-08-04 20:54:58.000,1.237600,1.237900,D
174119632,EUR/USD,2005-08-04 20:55:00.000,1.237700,1.238000,D
174119669,EUR/USD,2005-08-04 20:55:07.000,1.237800,1.238100,D
174119701,EUR/USD,2005-08-04 20:55:15.000,1.237900,1.238200,D
174119705,EUR/USD,2005-08-04 20:55:15.000,1.237800,1.238100,D
174119718,EUR/USD,2005-08-04 20:55:17.000,1.237900,1.238200,D
174119721,EUR/USD,2005-08-04 20:55:17.000,1.237800,1.238100,D
174119738,EUR/USD,2005-08-04 20:55:28.000,1.237900,1.238200,D
174119747,EUR/USD,2005-08-04 20:55:30.000,1.237800,1.238100,D
174119802,EUR/USD,2005-08-04 20:56:24.000,1.237700,1.238000,D
174119828,EUR/USD,2005-08-04 20:56:31.000,1.237600,1.237900,D
174119843,EUR/USD,2005-08-04 20:56:36.000,1.237500,1.237800,D
174119885,EUR/USD,2005-08-04 20:56:54.000,1.237600,1.237900,D
174119888,EUR/USD,2005-08-04 20:56:55.000,1.237500,1.237800,D
174119902,EUR/USD,2005-08-04 20:56:58.000,1.237600,1.237900,D
174119904,EUR/USD,2005-08-04 20:56:59.000,1.237500,1.237800,D
174120005,EUR/USD,2005-08-04 20:57:37.000,1.237600,1.237900,D
174120041,EUR/USD,2005-08-04 20:57:53.000,1.237700,1.238000,D
174120049,EUR/USD,2005-08-04 20:57:55.000,1.237600,1.237900,D
174120057,EUR/USD,2005-08-04 20:57:56.000,1.237700,1.238000,D
174120096,EUR/USD,2005-08-04 20:58:10.000,1.237600,1.237900,D
174120134,EUR/USD,2005-08-04 20:58:29.000,1.237500,1.237800,D
174120137,EUR/USD,2005-08-04 20:58:30.000,1.237600,1.237900,D
174120139,EUR/USD,2005-08-04 20:58:30.000,1.237500,1.237800,D
174120198,EUR/USD,2005-08-04 20:59:08.000,1.237600,1.237900,D
174120204,EUR/USD,2005-08-04 20:59:10.000,1.237500,1.237800,D
174120220,EUR/USD,2005-08-04 20:59:14.000,1.237400,1.237700,D
174120229,EUR/USD,2005-08-04 20:59:15.000,1.237500,1.237800,D
174120247,EUR/USD,2005-08-04 20:59:17.000,1.237400,1.237700,D
174120252,EUR/USD,2005-08-04 20:59:18.000,1.237500,1.237800,D
174120260,EUR/USD,2005-08-04 20:59:20.000,1.237400,1.237700,D
174120265,EUR/USD,2005-08-04 20:59:20.000,1.237500,1.237800,D
174120269,EUR/USD,2005-08-04 20:59:20.000,1.237400,1.237700,D
174120284,EUR/USD,2005-08-04 20:59:24.000,1.237300,1.237600,D
174120304,EUR/USD,2005-08-04 20:59:27.000,1.237400,1.237700,D
174120305,EUR/USD,2005-08-04 20:59:27.000,1.237300,1.237600,D
174120352,EUR/USD,2005-08-04 20:59:50.000,1.237400,1.237700,D
174120393,EUR/USD,2005-08-04 21:00:00.000,1.237300,1.237600,D
174120403,EUR/USD,2005-08-04 21:00:05.000,1.237400,1.237700,D
174120456,EUR/USD,2005-08-04 21:00:27.000,1.237300,1.237600,D
174120514,EUR/USD,2005-08-04 21:00:59.000,1.237200,1.237500,D
174120523,EUR/USD,2005-08-04 21:01:02.000,1.237300,1.237600,D
174120534,EUR/USD,2005-08-04 21:01:02.000,1.237400,1.237700,D
174120547,EUR/USD,2005-08-04 21:01:05.000,1.237300,1.237600,D
174120568,EUR/USD,2005-08-04 21:01:06.000,1.237400,1.237700,D
174120572,EUR/USD,2005-08-04 21:01:08.000,1.237500,1.237800,D
174120577,EUR/USD,2005-08-04 21:01:09.000,1.237400,1.237700,D
174120583,EUR/USD,2005-08-04 21:01:13.000,1.237300,1.237600,D
174120603,EUR/USD,2005-08-04 21:01:27.000,1.237200,1.237500,D
174120626,EUR/USD,2005-08-04 21:01:31.000,1.237300,1.237600,D
174120630,EUR/USD,2005-08-04 21:01:33.000,1.237200,1.237500,D
174120638,EUR/USD,2005-08-04 21:01:34.000,1.237300,1.237600,D
174120642,EUR/USD,2005-08-04 21:01:35.000,1.237400,1.237700,D
174120650,EUR/USD,2005-08-04 21:01:35.000,1.237300,1.237600,D
174120667,EUR/USD,2005-08-04 21:01:51.000,1.237400,1.237700,D
174120669,EUR/USD,2005-08-04 21:01:52.000,1.237300,1.237600,D
174120716,EUR/USD,2005-08-04 21:02:56.000,1.237400,1.237700,D
174120725,EUR/USD,2005-08-04 21:03:00.000,1.237300,1.237600,D
174120741,EUR/USD,2005-08-04 21:03:02.000,1.237400,1.237700,D
174120761,EUR/USD,2005-08-04 21:03:16.000,1.237500,1.237800,D
174120768,EUR/USD,2005-08-04 21:03:18.000,1.237400,1.237700,D
174120773,EUR/USD,2005-08-04 21:03:19.000,1.237500,1.237800,D
174120780,EUR/USD,2005-08-04 21:03:20.000,1.237400,1.237700,D
174120796,EUR/USD,2005-08-04 21:03:29.000,1.237300,1.237600,D
174120800,EUR/USD,2005-08-04 21:03:36.000,1.237400,1.237700,D
174120802,EUR/USD,2005-08-04 21:03:37.000,1.237300,1.237600,D
174120806,EUR/USD,2005-08-04 21:03:38.000,1.237400,1.237700,D
174120844,EUR/USD,2005-08-04 21:03:50.000,1.237500,1.237800,D
174120846,EUR/USD,2005-08-04 21:03:50.000,1.237400,1.237700,D
174120887,EUR/USD,2005-08-04 21:04:05.000,1.237300,1.237600,D
174120897,EUR/USD,2005-08-04 21:04:08.000,1.237400,1.237700,D
174120907,EUR/USD,2005-08-04 21:04:11.000,1.237300,1.237600,D
174120929,EUR/USD,2005-08-04 21:04:16.000,1.237200,1.237500,D
174120943,EUR/USD,2005-08-04 21:04:22.000,1.237300,1.237600,D
174120955,EUR/USD,2005-08-04 21:04:33.000,1.237200,1.237500,D
174121013,EUR/USD,2005-08-04 21:05:02.000,1.237300,1.237600,D
174121016,EUR/USD,2005-08-04 21:05:08.000,1.237400,1.237700,D
174121052,EUR/USD,2005-08-04 21:05:52.000,1.237300,1.237600,D
174121121,EUR/USD,2005-08-04 21:07:01.000,1.237200,1.237500,D
174121137,EUR/USD,2005-08-04 21:07:06.000,1.237300,1.237600,D
174121152,EUR/USD,2005-08-04 21:07:14.000,1.237400,1.237700,D
174121183,EUR/USD,2005-08-04 21:07:26.000,1.237500,1.237800,D
174121195,EUR/USD,2005-08-04 21:07:35.000,1.237400,1.237700,D
174121196,EUR/USD,2005-08-04 21:07:35.000,1.237500,1.237800,D
174121213,EUR/USD,2005-08-04 21:07:39.000,1.237600,1.237900,D
174121231,EUR/USD,2005-08-04 21:07:43.000,1.237700,1.238000,D
174121262,EUR/USD,2005-08-04 21:07:59.000,1.237600,1.237900,D
174121295,EUR/USD,2005-08-04 21:08:26.000,1.237700,1.238000,D
174121306,EUR/USD,2005-08-04 21:08:38.000,1.237600,1.237900,D
174121344,EUR/USD,2005-08-04 21:09:08.000,1.237500,1.237800,D
174121347,EUR/USD,2005-08-04 21:09:10.000,1.237600,1.237900,D
174121364,EUR/USD,2005-08-04 21:09:17.000,1.237500,1.237800,D
174121378,EUR/USD,2005-08-04 21:09:26.000,1.237600,1.237900,D
174121433,EUR/USD,2005-08-04 21:09:51.000,1.237500,1.237800,D
174121435,EUR/USD,2005-08-04 21:09:53.000,1.237600,1.237900,D
174121477,EUR/USD,2005-08-04 21:10:39.000,1.237500,1.237800,D
174121553,EUR/USD,2005-08-04 21:12:17.000,1.237600,1.237900,D
174121589,EUR/USD,2005-08-04 21:12:44.000,1.237700,1.238000,D
174121591,EUR/USD,2005-08-04 21:12:46.000,1.237600,1.237900,D
174121622,EUR/USD,2005-08-04 21:13:23.000,1.237500,1.237800,D
174121671,EUR/USD,2005-08-04 21:13:59.000,1.237600,1.237900,D
174121676,EUR/USD,2005-08-04 21:14:00.000,1.237700,1.238000,D
174121681,EUR/USD,2005-08-04 21:14:01.000,1.237600,1.237900,D
174121687,EUR/USD,2005-08-04 21:14:02.000,1.237500,1.237800,D
174121704,EUR/USD,2005-08-04 21:14:14.000,1.237600,1.237900,D
174121740,EUR/USD,2005-08-04 21:15:15.000,1.237700,1.238000,D
174121755,EUR/USD,2005-08-04 21:15:19.000,1.237600,1.237900,D
174121759,EUR/USD,2005-08-04 21:15:46.000,1.237700,1.238000,D
174121780,EUR/USD,2005-08-04 21:16:00.000,1.237600,1.237900,D
174121830,EUR/USD,2005-08-04 21:17:22.000,1.237700,1.238000,D
174121866,EUR/USD,2005-08-04 21:18:43.000,1.237600,1.237900,D
174121876,EUR/USD,2005-08-04 21:18:52.000,1.237700,1.238000,D
174121906,EUR/USD,2005-08-04 21:19:11.000,1.237600,1.237900,D
174121975,EUR/USD,2005-08-04 21:19:56.000,1.237700,1.238000,D
174122005,EUR/USD,2005-08-04 21:20:06.000,1.237600,1.237900,D
174122010,EUR/USD,2005-08-04 21:20:07.000,1.237700,1.238000,D
174122025,EUR/USD,2005-08-04 21:20:15.000,1.237800,1.238100,D
174122048,EUR/USD,2005-08-04 21:20:45.000,1.237700,1.238000,D
174122053,EUR/USD,2005-08-04 21:20:47.000,1.237800,1.238100,D
174122066,EUR/USD,2005-08-04 21:20:59.000,1.237900,1.238200,D
174122070,EUR/USD,2005-08-04 21:21:01.000,1.237800,1.238100,D
174122084,EUR/USD,2005-08-04 21:21:22.000,1.237900,1.238200,D
174122116,EUR/USD,2005-08-04 21:21:51.000,1.238000,1.238300,D
174122137,EUR/USD,2005-08-04 21:21:56.000,1.238100,1.238400,D
174122158,EUR/USD,2005-08-04 21:21:59.000,1.238200,1.238500,D
174122162,EUR/USD,2005-08-04 21:21:59.000,1.238100,1.238400,D
174122174,EUR/USD,2005-08-04 21:22:02.000,1.238000,1.238300,D
174122181,EUR/USD,2005-08-04 21:22:06.000,1.238100,1.238400,D
174122196,EUR/USD,2005-08-04 21:22:17.000,1.238000,1.238300,D
174122202,EUR/USD,2005-08-04 21:22:20.000,1.238100,1.238400,D
174122204,EUR/USD,2005-08-04 21:22:21.000,1.238000,1.238300,D
174122244,EUR/USD,2005-08-04 21:22:58.000,1.238100,1.238400,D
174122264,EUR/USD,2005-08-04 21:23:04.000,1.238000,1.238300,D
174122269,EUR/USD,2005-08-04 21:23:04.000,1.238100,1.238400,D
174122289,EUR/USD,2005-08-04 21:23:15.000,1.238200,1.238500,D
174122311,EUR/USD,2005-08-04 21:23:30.000,1.238100,1.238400,D
174122312,EUR/USD,2005-08-04 21:23:30.000,1.238200,1.238500,D
174122314,EUR/USD,2005-08-04 21:23:31.000,1.238100,1.238400,D
174122355,EUR/USD,2005-08-04 21:24:02.000,1.238200,1.238500,D
174122356,EUR/USD,2005-08-04 21:24:03.000,1.238100,1.238400,D
174122382,EUR/USD,2005-08-04 21:24:17.000,1.238000,1.238300,D
174122406,EUR/USD,2005-08-04 21:24:26.000,1.237900,1.238200,D
174122427,EUR/USD,2005-08-04 21:24:35.000,1.238000,1.238300,D
174122429,EUR/USD,2005-08-04 21:24:36.000,1.237900,1.238200,D
174122451,EUR/USD,2005-08-04 21:25:04.000,1.238000,1.238300,D
174122452,EUR/USD,2005-08-04 21:25:04.000,1.237900,1.238200,D
174122480,EUR/USD,2005-08-04 21:25:29.000,1.238000,1.238300,D
174122483,EUR/USD,2005-08-04 21:25:29.000,1.237900,1.238200,D
174122524,EUR/USD,2005-08-04 21:25:48.000,1.238000,1.238300,D
174122526,EUR/USD,2005-08-04 21:25:48.000,1.237900,1.238200,D
174122572,EUR/USD,2005-08-04 21:26:06.000,1.237800,1.238100,D
174122711,EUR/USD,2005-08-04 21:27:23.000,1.237900,1.238200,D
174122712,EUR/USD,2005-08-04 21:27:23.000,1.237800,1.238100,D
174122794,EUR/USD,2005-08-04 21:28:44.000,1.237900,1.238200,D
174122797,EUR/USD,2005-08-04 21:28:45.000,1.237800,1.238100,D
174122809,EUR/USD,2005-08-04 21:28:49.000,1.237900,1.238200,D
174122811,EUR/USD,2005-08-04 21:28:50.000,1.237800,1.238100,D
174122821,EUR/USD,2005-08-04 21:28:52.000,1.237900,1.238200,D
174122824,EUR/USD,2005-08-04 21:28:53.000,1.237800,1.238100,D
174122836,EUR/USD,2005-08-04 21:28:56.000,1.237900,1.238200,D
174122838,EUR/USD,2005-08-04 21:28:56.000,1.237800,1.238100,D
174122861,EUR/USD,2005-08-04 21:29:13.000,1.237700,1.238000,D
174122880,EUR/USD,2005-08-04 21:29:20.000,1.237800,1.238100,D
174122890,EUR/USD,2005-08-04 21:29:23.000,1.237700,1.238000,D
174122943,EUR/USD,2005-08-04 21:30:35.000,1.237800,1.238100,D
174122945,EUR/USD,2005-08-04 21:30:36.000,1.237700,1.238000,D
174122954,EUR/USD,2005-08-04 21:30:39.000,1.237600,1.237900,D
174122962,EUR/USD,2005-08-04 21:30:41.000,1.237700,1.238000,D
174122979,EUR/USD,2005-08-04 21:30:47.000,1.237800,1.238100,D
174122980,EUR/USD,2005-08-04 21:30:48.000,1.237700,1.238000,D
174122987,EUR/USD,2005-08-04 21:30:48.000,1.237600,1.237900,D
174123052,EUR/USD,2005-08-04 21:32:25.000,1.237500,1.237800,D
174123089,EUR/USD,2005-08-04 21:33:22.000,1.237600,1.237900,D
174123090,EUR/USD,2005-08-04 21:33:23.000,1.237500,1.237800,D
174123131,EUR/USD,2005-08-04 21:34:17.000,1.237600,1.237900,D
174123133,EUR/USD,2005-08-04 21:34:18.000,1.237500,1.237800,D
174123163,EUR/USD,2005-08-04 21:34:42.000,1.237600,1.237900,D
174123164,EUR/USD,2005-08-04 21:34:43.000,1.237500,1.237800,D
174123165,EUR/USD,2005-08-04 21:34:43.000,1.237400,1.237700,D
174123168,EUR/USD,2005-08-04 21:34:43.000,1.237500,1.237800,D
174123187,EUR/USD,2005-08-04 21:34:56.000,1.237400,1.237700,D
174123208,EUR/USD,2005-08-04 21:35:41.000,1.237500,1.237800,D
174123221,EUR/USD,2005-08-04 21:35:50.000,1.237400,1.237700,D
174123238,EUR/USD,2005-08-04 21:35:56.000,1.237300,1.237600,D
174123243,EUR/USD,2005-08-04 21:36:00.000,1.237400,1.237700,D
174123250,EUR/USD,2005-08-04 21:36:04.000,1.237300,1.237600,D
174123277,EUR/USD,2005-08-04 21:36:24.000,1.237200,1.237500,D
174123290,EUR/USD,2005-08-04 21:36:40.000,1.237100,1.237400,D
174123294,EUR/USD,2005-08-04 21:36:41.000,1.237200,1.237500,D
174123308,EUR/USD,2005-08-04 21:36:43.000,1.237100,1.237400,D
174123314,EUR/USD,2005-08-04 21:36:46.000,1.237000,1.237300,D
174123355,EUR/USD,2005-08-04 21:37:05.000,1.236900,1.237200,D
174123371,EUR/USD,2005-08-04 21:37:09.000,1.237000,1.237300,D
174123381,EUR/USD,2005-08-04 21:37:11.000,1.236900,1.237200,D
174123407,EUR/USD,2005-08-04 21:37:25.000,1.237000,1.237300,D
174123448,EUR/USD,2005-08-04 21:37:54.000,1.237100,1.237400,D
174123460,EUR/USD,2005-08-04 21:37:58.000,1.237000,1.237300,D
174123487,EUR/USD,2005-08-04 21:38:06.000,1.236900,1.237200,D
174123531,EUR/USD,2005-08-04 21:38:33.000,1.237000,1.237300,D
174123572,EUR/USD,2005-08-04 21:39:02.000,1.236900,1.237200,D
174123578,EUR/USD,2005-08-04 21:39:12.000,1.237000,1.237300,D
174123786,EUR/USD,2005-08-04 21:41:23.000,1.237100,1.237400,D
174123813,EUR/USD,2005-08-04 21:41:30.000,1.237200,1.237500,D
174123827,EUR/USD,2005-08-04 21:41:38.000,1.237100,1.237400,D
174123832,EUR/USD,2005-08-04 21:41:38.000,1.237200,1.237500,D
174123899,EUR/USD,2005-08-04 21:42:55.000,1.237100,1.237400,D
174123908,EUR/USD,2005-08-04 21:42:58.000,1.237200,1.237500,D
174123938,EUR/USD,2005-08-04 21:43:20.000,1.237100,1.237400,D
174123975,EUR/USD,2005-08-04 21:43:36.000,1.237200,1.237500,D
174123977,EUR/USD,2005-08-04 21:43:39.000,1.237100,1.237400,D
174123984,EUR/USD,2005-08-04 21:43:45.000,1.237200,1.237500,D
174123986,EUR/USD,2005-08-04 21:43:47.000,1.237100,1.237400,D
174124044,EUR/USD,2005-08-04 21:44:58.000,1.237200,1.237500,D
174124082,EUR/USD,2005-08-04 21:46:15.000,1.237100,1.237400,D
174124087,EUR/USD,2005-08-04 21:46:20.000,1.237200,1.237500,D
174124089,EUR/USD,2005-08-04 21:46:23.000,1.237100,1.237400,D
174124091,EUR/USD,2005-08-04 21:46:25.000,1.237200,1.237500,D
174124099,EUR/USD,2005-08-04 21:46:28.000,1.237100,1.237400,D
174124125,EUR/USD,2005-08-04 21:47:04.000,1.237200,1.237500,D
174124133,EUR/USD,2005-08-04 21:47:06.000,1.237300,1.237600,D
174124137,EUR/USD,2005-08-04 21:47:08.000,1.237200,1.237500,D
174124144,EUR/USD,2005-08-04 21:47:24.000,1.237300,1.237600,D
174124148,EUR/USD,2005-08-04 21:47:27.000,1.237200,1.237500,D
174124161,EUR/USD,2005-08-04 21:47:30.000,1.237300,1.237600,D
174124163,EUR/USD,2005-08-04 21:47:31.000,1.237400,1.237700,D
174124179,EUR/USD,2005-08-04 21:47:38.000,1.237300,1.237600,D
174124188,EUR/USD,2005-08-04 21:47:55.000,1.237200,1.237500,D
174124194,EUR/USD,2005-08-04 21:48:01.000,1.237300,1.237600,D
174124201,EUR/USD,2005-08-04 21:48:15.000,1.237400,1.237700,D
174124204,EUR/USD,2005-08-04 21:48:16.000,1.237300,1.237600,D
174124210,EUR/USD,2005-08-04 21:48:36.000,1.237400,1.237700,D
174124223,EUR/USD,2005-08-04 21:49:15.000,1.237300,1.237600,D
174124236,EUR/USD,2005-08-04 21:49:21.000,1.237400,1.237700,D
174124257,EUR/USD,2005-08-04 21:50:19.000,1.237500,1.237800,D
174124262,EUR/USD,2005-08-04 21:50:20.000,1.237400,1.237700,D
174124272,EUR/USD,2005-08-04 21:50:22.000,1.237500,1.237800,D
174124275,EUR/USD,2005-08-04 21:50:23.000,1.237400,1.237700,D
174124294,EUR/USD,2005-08-04 21:50:46.000,1.237500,1.237800,D
174124302,EUR/USD,2005-08-04 21:50:56.000,1.237400,1.237700,D
174124308,EUR/USD,2005-08-04 21:50:57.000,1.237500,1.237800,D
174124319,EUR/USD,2005-08-04 21:51:13.000,1.237400,1.237700,D
174124325,EUR/USD,2005-08-04 21:51:18.000,1.237500,1.237800,D
174124335,EUR/USD,2005-08-04 21:51:29.000,1.237400,1.237700,D
174124341,EUR/USD,2005-08-04 21:51:36.000,1.237500,1.237800,D
174124391,EUR/USD,2005-08-04 21:52:53.000,1.237400,1.237700,D
174124401,EUR/USD,2005-08-04 21:52:58.000,1.237600,1.237900,D
174124415,EUR/USD,2005-08-04 21:53:00.000,1.237500,1.237800,D
174124450,EUR/USD,2005-08-04 21:53:28.000,1.237600,1.237900,D
174124454,EUR/USD,2005-08-04 21:53:28.000,1.237500,1.237800,D
174124465,EUR/USD,2005-08-04 21:53:46.000,1.237600,1.237900,D
174124467,EUR/USD,2005-08-04 21:53:47.000,1.237500,1.237800,D
174124668,EUR/USD,2005-08-04 21:58:34.000,1.237400,1.237700,D
174124676,EUR/USD,2005-08-04 21:58:36.000,1.237500,1.237800,D
174124696,EUR/USD,2005-08-04 21:59:01.000,1.237400,1.237700,D
174124701,EUR/USD,2005-08-04 21:59:04.000,1.237500,1.237800,D
174124706,EUR/USD,2005-08-04 21:59:04.000,1.237600,1.237900,D
174124727,EUR/USD,2005-08-04 21:59:19.000,1.237500,1.237800,D
174124732,EUR/USD,2005-08-04 21:59:22.000,1.237600,1.237900,D
174124737,EUR/USD,2005-08-04 21:59:24.000,1.237500,1.237800,D
174124744,EUR/USD,2005-08-04 21:59:26.000,1.237400,1.237700,D
174124751,EUR/USD,2005-08-04 21:59:26.000,1.237500,1.237800,D
174124765,EUR/USD,2005-08-04 21:59:33.000,1.237600,1.237900,D
174124805,EUR/USD,2005-08-04 21:59:52.000,1.237700,1.238000,D
174124828,EUR/USD,2005-08-04 22:00:02.000,1.237600,1.237900,D
174124839,EUR/USD,2005-08-04 22:00:05.000,1.237700,1.238000,D
174124844,EUR/USD,2005-08-04 22:00:06.000,1.237600,1.237900,D
174124873,EUR/USD,2005-08-04 22:00:46.000,1.237700,1.238000,D
174124900,EUR/USD,2005-08-04 22:01:32.000,1.237800,1.238100,D
174124950,EUR/USD,2005-08-04 22:01:50.000,1.237700,1.238000,D
174124953,EUR/USD,2005-08-04 22:01:51.000,1.237800,1.238100,D
174124961,EUR/USD,2005-08-04 22:01:52.000,1.237700,1.238000,D
174125003,EUR/USD,2005-08-04 22:02:16.000,1.237800,1.238100,D
174125008,EUR/USD,2005-08-04 22:02:17.000,1.237700,1.238000,D
174125013,EUR/USD,2005-08-04 22:02:19.000,1.237800,1.238100,D
174125031,EUR/USD,2005-08-04 22:02:26.000,1.237900,1.238200,D
174125049,EUR/USD,2005-08-04 22:02:29.000,1.237800,1.238100,D
174125080,EUR/USD,2005-08-04 22:02:55.000,1.237900,1.238200,D
174125109,EUR/USD,2005-08-04 22:03:24.000,1.237800,1.238100,D
174125116,EUR/USD,2005-08-04 22:03:26.000,1.237900,1.238200,D
174125128,EUR/USD,2005-08-04 22:03:37.000,1.237800,1.238100,D
174125147,EUR/USD,2005-08-04 22:03:52.000,1.237900,1.238200,D
174125160,EUR/USD,2005-08-04 22:04:20.000,1.238000,1.238300,D
174125169,EUR/USD,2005-08-04 22:04:21.000,1.237900,1.238200,D
174125205,EUR/USD,2005-08-04 22:04:28.000,1.238000,1.238300,D
174125217,EUR/USD,2005-08-04 22:04:40.000,1.238100,1.238400,D
174125242,EUR/USD,2005-08-04 22:04:57.000,1.238200,1.238500,D
174125249,EUR/USD,2005-08-04 22:05:00.000,1.238100,1.238400,D
174125264,EUR/USD,2005-08-04 22:05:03.000,1.238200,1.238500,D
174125310,EUR/USD,2005-08-04 22:05:17.000,1.238300,1.238600,D
174125367,EUR/USD,2005-08-04 22:06:00.000,1.238400,1.238700,D
174125380,EUR/USD,2005-08-04 22:06:09.000,1.238300,1.238600,D
174125387,EUR/USD,2005-08-04 22:06:10.000,1.238400,1.238700,D
174125399,EUR/USD,2005-08-04 22:06:26.000,1.238500,1.238800,D
174125412,EUR/USD,2005-08-04 22:06:32.000,1.238400,1.238700,D
174125443,EUR/USD,2005-08-04 22:06:56.000,1.238300,1.238600,D
174125479,EUR/USD,2005-08-04 22:07:26.000,1.238200,1.238500,D
174125531,EUR/USD,2005-08-04 22:08:00.000,1.238100,1.238400,D
174125548,EUR/USD,2005-08-04 22:08:09.000,1.238000,1.238300,D
174125556,EUR/USD,2005-08-04 22:08:11.000,1.238100,1.238400,D
174125575,EUR/USD,2005-08-04 22:08:16.000,1.238000,1.238300,D
174125580,EUR/USD,2005-08-04 22:08:17.000,1.238100,1.238400,D
174125585,EUR/USD,2005-08-04 22:08:19.000,1.238000,1.238300,D
174125591,EUR/USD,2005-08-04 22:08:20.000,1.237900,1.238200,D
174125597,EUR/USD,2005-08-04 22:08:22.000,1.238000,1.238300,D
174125623,EUR/USD,2005-08-04 22:08:46.000,1.237900,1.238200,D
174125644,EUR/USD,2005-08-04 22:08:58.000,1.237800,1.238100,D
174125650,EUR/USD,2005-08-04 22:09:03.000,1.237900,1.238200,D
174125657,EUR/USD,2005-08-04 22:09:08.000,1.237800,1.238100,D
174125696,EUR/USD,2005-08-04 22:09:17.000,1.237700,1.238000,D
174125709,EUR/USD,2005-08-04 22:09:22.000,1.237800,1.238100,D
174125778,EUR/USD,2005-08-04 22:10:21.000,1.237700,1.238000,D
174125793,EUR/USD,2005-08-04 22:10:29.000,1.237800,1.238100,D
174125797,EUR/USD,2005-08-04 22:10:33.000,1.237700,1.238000,D
174125811,EUR/USD,2005-08-04 22:10:39.000,1.237800,1.238100,D
174125818,EUR/USD,2005-08-04 22:10:40.000,1.237700,1.238000,D
174125824,EUR/USD,2005-08-04 22:10:49.000,1.237800,1.238100,D
174125826,EUR/USD,2005-08-04 22:10:51.000,1.237700,1.238000,D
174125866,EUR/USD,2005-08-04 22:11:45.000,1.237600,1.237900,D
174125875,EUR/USD,2005-08-04 22:11:48.000,1.237700,1.238000,D
174125881,EUR/USD,2005-08-04 22:11:48.000,1.237600,1.237900,D
174125889,EUR/USD,2005-08-04 22:11:53.000,1.237500,1.237800,D
174125921,EUR/USD,2005-08-04 22:12:23.000,1.237600,1.237900,D
174126065,EUR/USD,2005-08-04 22:14:23.000,1.237500,1.237800,D
174126088,EUR/USD,2005-08-04 22:14:56.000,1.237600,1.237900,D
174126104,EUR/USD,2005-08-04 22:15:00.000,1.237500,1.237800,D
174126122,EUR/USD,2005-08-04 22:15:12.000,1.237600,1.237900,D
174126128,EUR/USD,2005-08-04 22:15:13.000,1.237500,1.237800,D
174126152,EUR/USD,2005-08-04 22:15:32.000,1.237400,1.237700,D
174126160,EUR/USD,2005-08-04 22:15:33.000,1.237500,1.237800,D
174126170,EUR/USD,2005-08-04 22:15:38.000,1.237400,1.237700,D
174126182,EUR/USD,2005-08-04 22:15:51.000,1.237500,1.237800,D
174126283,EUR/USD,2005-08-04 22:17:58.000,1.237400,1.237700,D
174126321,EUR/USD,2005-08-04 22:19:03.000,1.237300,1.237600,D
174126333,EUR/USD,2005-08-04 22:19:12.000,1.237200,1.237500,D
174126338,EUR/USD,2005-08-04 22:19:17.000,1.237300,1.237600,D
174126379,EUR/USD,2005-08-04 22:20:22.000,1.237200,1.237500,D
174126384,EUR/USD,2005-08-04 22:20:24.000,1.237300,1.237600,D
174126401,EUR/USD,2005-08-04 22:20:29.000,1.237200,1.237500,D
174126450,EUR/USD,2005-08-04 22:21:17.000,1.237300,1.237600,D
174126461,EUR/USD,2005-08-04 22:21:21.000,1.237200,1.237500,D
174126469,EUR/USD,2005-08-04 22:21:27.000,1.237300,1.237600,D
174126481,EUR/USD,2005-08-04 22:21:31.000,1.237200,1.237500,D
174126491,EUR/USD,2005-08-04 22:21:34.000,1.237300,1.237600,D
174126508,EUR/USD,2005-08-04 22:21:41.000,1.237200,1.237500,D
174126515,EUR/USD,2005-08-04 22:21:41.000,1.237300,1.237600,D
174126523,EUR/USD,2005-08-04 22:21:43.000,1.237200,1.237500,D
174126532,EUR/USD,2005-08-04 22:21:44.000,1.237300,1.237600,D
174126543,EUR/USD,2005-08-04 22:21:48.000,1.237200,1.237500,D
174126611,EUR/USD,2005-08-04 22:22:50.000,1.237300,1.237600,D
174126632,EUR/USD,2005-08-04 22:23:05.000,1.237200,1.237500,D
174126640,EUR/USD,2005-08-04 22:23:44.000,1.237300,1.237600,D
174126655,EUR/USD,2005-08-04 22:23:52.000,1.237200,1.237500,D
174126695,EUR/USD,2005-08-04 22:24:04.000,1.237100,1.237400,D
174126730,EUR/USD,2005-08-04 22:24:18.000,1.237000,1.237300,D
174126842,EUR/USD,2005-08-04 22:25:59.000,1.237100,1.237400,D
174126864,EUR/USD,2005-08-04 22:26:21.000,1.237000,1.237300,D
174126879,EUR/USD,2005-08-04 22:26:34.000,1.236900,1.237200,D
174126899,EUR/USD,2005-08-04 22:26:49.000,1.237000,1.237300,D
174127007,EUR/USD,2005-08-04 22:28:17.000,1.237100,1.237400,D
174127012,EUR/USD,2005-08-04 22:28:17.000,1.237000,1.237300,D
174127019,EUR/USD,2005-08-04 22:28:19.000,1.237100,1.237400,D
174127024,EUR/USD,2005-08-04 22:28:24.000,1.237000,1.237300,D
174127068,EUR/USD,2005-08-04 22:29:10.000,1.237100,1.237400,D
174127083,EUR/USD,2005-08-04 22:29:18.000,1.237000,1.237300,D
174127115,EUR/USD,2005-08-04 22:29:48.000,1.237100,1.237400,D
174127117,EUR/USD,2005-08-04 22:29:50.000,1.237000,1.237300,D
174127132,EUR/USD,2005-08-04 22:30:45.000,1.237100,1.237400,D
174127138,EUR/USD,2005-08-04 22:30:50.000,1.237000,1.237300,D
174127249,EUR/USD,2005-08-04 22:33:07.000,1.236900,1.237200,D
174127317,EUR/USD,2005-08-04 22:33:30.000,1.236800,1.237100,D
174127343,EUR/USD,2005-08-04 22:33:41.000,1.236900,1.237200,D
174127375,EUR/USD,2005-08-04 22:33:48.000,1.236800,1.237100,D
174127382,EUR/USD,2005-08-04 22:33:50.000,1.236900,1.237200,D
174127397,EUR/USD,2005-08-04 22:33:52.000,1.236800,1.237100,D
174127409,EUR/USD,2005-08-04 22:33:56.000,1.236900,1.237200,D
174127428,EUR/USD,2005-08-04 22:34:00.000,1.236800,1.237100,D
174127432,EUR/USD,2005-08-04 22:34:07.000,1.236900,1.237200,D
174127438,EUR/USD,2005-08-04 22:34:08.000,1.236800,1.237100,D
174127493,EUR/USD,2005-08-04 22:34:26.000,1.236900,1.237200,D
174127523,EUR/USD,2005-08-04 22:34:37.000,1.236800,1.237100,D
174127536,EUR/USD,2005-08-04 22:34:46.000,1.236900,1.237200,D
174127541,EUR/USD,2005-08-04 22:34:48.000,1.236800,1.237100,D
174127557,EUR/USD,2005-08-04 22:34:51.000,1.236900,1.237200,D
174127565,EUR/USD,2005-08-04 22:34:52.000,1.236800,1.237100,D
174127718,EUR/USD,2005-08-04 22:36:29.000,1.236700,1.237000,D
174127729,EUR/USD,2005-08-04 22:36:31.000,1.236800,1.237100,D
174127773,EUR/USD,2005-08-04 22:36:42.000,1.236900,1.237200,D
174127777,EUR/USD,2005-08-04 22:36:43.000,1.236800,1.237100,D
174127790,EUR/USD,2005-08-04 22:36:50.000,1.236900,1.237200,D
174127794,EUR/USD,2005-08-04 22:36:50.000,1.236800,1.237100,D
174127798,EUR/USD,2005-08-04 22:36:51.000,1.236900,1.237200,D
174127828,EUR/USD,2005-08-04 22:37:07.000,1.237000,1.237300,D
174127841,EUR/USD,2005-08-04 22:37:13.000,1.236900,1.237200,D
174127849,EUR/USD,2005-08-04 22:37:14.000,1.237000,1.237300,D
174127852,EUR/USD,2005-08-04 22:37:17.000,1.236900,1.237200,D
174127887,EUR/USD,2005-08-04 22:37:38.000,1.237000,1.237300,D
174127952,EUR/USD,2005-08-04 22:38:12.000,1.236900,1.237200,D
174127963,EUR/USD,2005-08-04 22:38:29.000,1.237000,1.237300,D
174127973,EUR/USD,2005-08-04 22:38:38.000,1.236900,1.237200,D
174127979,EUR/USD,2005-08-04 22:38:44.000,1.237000,1.237300,D
174127983,EUR/USD,2005-08-04 22:38:51.000,1.237100,1.237400,D
174127995,EUR/USD,2005-08-04 22:39:06.000,1.237200,1.237500,D
174128016,EUR/USD,2005-08-04 22:39:51.000,1.237100,1.237400,D
174128032,EUR/USD,2005-08-04 22:40:02.000,1.237000,1.237300,D
174128036,EUR/USD,2005-08-04 22:40:05.000,1.237100,1.237400,D
174128042,EUR/USD,2005-08-04 22:40:13.000,1.237000,1.237300,D
174128068,EUR/USD,2005-08-04 22:40:53.000,1.236900,1.237200,D
174128075,EUR/USD,2005-08-04 22:40:56.000,1.237000,1.237300,D
174128092,EUR/USD,2005-08-04 22:41:14.000,1.237100,1.237400,D
174128154,EUR/USD,2005-08-04 22:42:11.000,1.237200,1.237500,D
174128207,EUR/USD,2005-08-04 22:42:33.000,1.237300,1.237600,D
174128209,EUR/USD,2005-08-04 22:42:33.000,1.237400,1.237700,D
174128302,EUR/USD,2005-08-04 22:43:16.000,1.237500,1.237800,D
174128337,EUR/USD,2005-08-04 22:43:32.000,1.237400,1.237700,D
174128363,EUR/USD,2005-08-04 22:43:37.000,1.237500,1.237800,D
174128372,EUR/USD,2005-08-04 22:43:39.000,1.237400,1.237700,D
174128384,EUR/USD,2005-08-04 22:43:42.000,1.237500,1.237800,D
174128392,EUR/USD,2005-08-04 22:43:48.000,1.237400,1.237700,D
174128403,EUR/USD,2005-08-04 22:43:50.000,1.237500,1.237800,D
174128408,EUR/USD,2005-08-04 22:43:58.000,1.237400,1.237700,D
174128428,EUR/USD,2005-08-04 22:44:16.000,1.237500,1.237800,D
174128433,EUR/USD,2005-08-04 22:44:19.000,1.237400,1.237700,D
174128452,EUR/USD,2005-08-04 22:44:26.000,1.237500,1.237800,D
174128456,EUR/USD,2005-08-04 22:44:36.000,1.237400,1.237700,D
174128460,EUR/USD,2005-08-04 22:44:47.000,1.237500,1.237800,D
174128476,EUR/USD,2005-08-04 22:44:59.000,1.237400,1.237700,D
174128483,EUR/USD,2005-08-04 22:45:07.000,1.237500,1.237800,D
174128490,EUR/USD,2005-08-04 22:45:14.000,1.237400,1.237700,D
174128520,EUR/USD,2005-08-04 22:45:48.000,1.237500,1.237800,D
174128548,EUR/USD,2005-08-04 22:46:11.000,1.237400,1.237700,D
174128559,EUR/USD,2005-08-04 22:46:29.000,1.237500,1.237800,D
174128562,EUR/USD,2005-08-04 22:46:43.000,1.237400,1.237700,D
174128681,EUR/USD,2005-08-04 22:49:01.000,1.237300,1.237600,D
174128683,EUR/USD,2005-08-04 22:49:01.000,1.237200,1.237500,D
174128706,EUR/USD,2005-08-04 22:49:08.000,1.237100,1.237400,D
174128719,EUR/USD,2005-08-04 22:49:12.000,1.237000,1.237300,D
174128737,EUR/USD,2005-08-04 22:49:19.000,1.237100,1.237400,D
174128747,EUR/USD,2005-08-04 22:49:22.000,1.237000,1.237300,D
174128752,EUR/USD,2005-08-04 22:49:27.000,1.237100,1.237400,D
174128759,EUR/USD,2005-08-04 22:49:30.000,1.237000,1.237300,D
174128769,EUR/USD,2005-08-04 22:49:46.000,1.237100,1.237400,D
174128773,EUR/USD,2005-08-04 22:49:47.000,1.237000,1.237300,D
174128790,EUR/USD,2005-08-04 22:49:58.000,1.237100,1.237400,D
174128791,EUR/USD,2005-08-04 22:49:58.000,1.237200,1.237500,D
174128802,EUR/USD,2005-08-04 22:50:00.000,1.237300,1.237600,D
174128806,EUR/USD,2005-08-04 22:50:02.000,1.237200,1.237500,D
174128819,EUR/USD,2005-08-04 22:50:08.000,1.237100,1.237400,D
174128824,EUR/USD,2005-08-04 22:50:11.000,1.237200,1.237500,D
174128837,EUR/USD,2005-08-04 22:50:20.000,1.237100,1.237400,D
174128844,EUR/USD,2005-08-04 22:50:25.000,1.237200,1.237500,D
174128906,EUR/USD,2005-08-04 22:52:22.000,1.237100,1.237400,D
174128941,EUR/USD,2005-08-04 22:52:54.000,1.237200,1.237500,D
174128944,EUR/USD,2005-08-04 22:52:56.000,1.237000,1.237300,D
174128950,EUR/USD,2005-08-04 22:53:00.000,1.237100,1.237400,D
174128959,EUR/USD,2005-08-04 22:53:08.000,1.237200,1.237500,D
174128964,EUR/USD,2005-08-04 22:53:15.000,1.237300,1.237600,D
174128973,EUR/USD,2005-08-04 22:53:19.000,1.237400,1.237700,D
174128982,EUR/USD,2005-08-04 22:53:20.000,1.237300,1.237600,D
174129008,EUR/USD,2005-08-04 22:53:32.000,1.237200,1.237500,D
174129022,EUR/USD,2005-08-04 22:54:10.000,1.237300,1.237600,D
174129026,EUR/USD,2005-08-04 22:54:15.000,1.237200,1.237500,D
174129039,EUR/USD,2005-08-04 22:54:26.000,1.237300,1.237600,D
174129064,EUR/USD,2005-08-04 22:55:00.000,1.237400,1.237700,D
174129101,EUR/USD,2005-08-04 22:55:18.000,1.237300,1.237600,D
174129110,EUR/USD,2005-08-04 22:55:25.000,1.237200,1.237500,D
174129121,EUR/USD,2005-08-04 22:55:48.000,1.237300,1.237600,D
174129124,EUR/USD,2005-08-04 22:55:55.000,1.237400,1.237700,D
174129172,EUR/USD,2005-08-04 22:57:12.000,1.237300,1.237600,D
174129177,EUR/USD,2005-08-04 22:57:14.000,1.237200,1.237500,D
174129191,EUR/USD,2005-08-04 22:57:19.000,1.237100,1.237400,D
174129194,EUR/USD,2005-08-04 22:57:22.000,1.237200,1.237500,D
174129209,EUR/USD,2005-08-04 22:57:25.000,1.237100,1.237400,D
174129265,EUR/USD,2005-08-04 22:58:07.000,1.237000,1.237300,D
174129291,EUR/USD,2005-08-04 22:58:18.000,1.236900,1.237200,D
174129296,EUR/USD,2005-08-04 22:58:22.000,1.237000,1.237300,D
174129308,EUR/USD,2005-08-04 22:58:27.000,1.236900,1.237200,D
174129315,EUR/USD,2005-08-04 22:58:38.000,1.237000,1.237300,D
174129356,EUR/USD,2005-08-04 22:59:07.000,1.237100,1.237400,D
174129361,EUR/USD,2005-08-04 22:59:13.000,1.237000,1.237300,D
174129368,EUR/USD,2005-08-04 22:59:22.000,1.237100,1.237400,D
174129379,EUR/USD,2005-08-04 22:59:29.000,1.237000,1.237300,D
174129399,EUR/USD,2005-08-04 22:59:42.000,1.236900,1.237200,D
174129405,EUR/USD,2005-08-04 22:59:49.000,1.237000,1.237300,D
174129420,EUR/USD,2005-08-04 22:59:52.000,1.236900,1.237200,D
174129515,EUR/USD,2005-08-04 23:02:19.000,1.236800,1.237100,D
174129526,EUR/USD,2005-08-04 23:02:22.000,1.236900,1.237200,D
174129533,EUR/USD,2005-08-04 23:02:24.000,1.236800,1.237100,D
174129589,EUR/USD,2005-08-04 23:03:30.000,1.236700,1.237000,D
174129748,EUR/USD,2005-08-04 23:04:33.000,1.236800,1.237100,D
174129881,EUR/USD,2005-08-04 23:05:39.000,1.236900,1.237200,D
174129908,EUR/USD,2005-08-04 23:05:47.000,1.236800,1.237100,D
174129919,EUR/USD,2005-08-04 23:05:52.000,1.236900,1.237200,D
174129943,EUR/USD,2005-08-04 23:06:03.000,1.237000,1.237300,D
174130036,EUR/USD,2005-08-04 23:07:07.000,1.237100,1.237400,D
174130088,EUR/USD,2005-08-04 23:08:00.000,1.237200,1.237500,D
174130138,EUR/USD,2005-08-04 23:08:25.000,1.237100,1.237400,D
174130160,EUR/USD,2005-08-04 23:08:38.000,1.237000,1.237300,D
174130170,EUR/USD,2005-08-04 23:08:46.000,1.237100,1.237400,D
174130173,EUR/USD,2005-08-04 23:08:46.000,1.237000,1.237300,D
174130225,EUR/USD,2005-08-04 23:09:33.000,1.237100,1.237400,D
174130235,EUR/USD,2005-08-04 23:09:37.000,1.237200,1.237500,D
174130261,EUR/USD,2005-08-04 23:09:55.000,1.237300,1.237600,D
174130313,EUR/USD,2005-08-04 23:10:25.000,1.237200,1.237500,D
174130325,EUR/USD,2005-08-04 23:10:32.000,1.237300,1.237600,D
174130338,EUR/USD,2005-08-04 23:10:40.000,1.237200,1.237500,D
174130389,EUR/USD,2005-08-04 23:11:39.000,1.237100,1.237400,D
174130436,EUR/USD,2005-08-04 23:12:06.000,1.237200,1.237500,D
174130447,EUR/USD,2005-08-04 23:12:08.000,1.237100,1.237400,D
174130456,EUR/USD,2005-08-04 23:12:10.000,1.237200,1.237500,D
174130491,EUR/USD,2005-08-04 23:12:57.000,1.237100,1.237400,D
174130496,EUR/USD,2005-08-04 23:13:00.000,1.237000,1.237300,D
174130505,EUR/USD,2005-08-04 23:13:12.000,1.237100,1.237400,D
174130510,EUR/USD,2005-08-04 23:13:14.000,1.237000,1.237300,D
174130553,EUR/USD,2005-08-04 23:13:58.000,1.236900,1.237200,D
174130593,EUR/USD,2005-08-04 23:14:24.000,1.236800,1.237100,D
174130694,EUR/USD,2005-08-04 23:15:32.000,1.236700,1.237000,D
174130766,EUR/USD,2005-08-04 23:15:41.000,1.236600,1.236900,D
174130795,EUR/USD,2005-08-04 23:15:48.000,1.236700,1.237000,D
174130914,EUR/USD,2005-08-04 23:16:41.000,1.236600,1.236900,D
174130947,EUR/USD,2005-08-04 23:16:47.000,1.236500,1.236800,D
174130974,EUR/USD,2005-08-04 23:16:53.000,1.236400,1.236700,D
174130976,EUR/USD,2005-08-04 23:16:53.000,1.236300,1.236600,D
174130996,EUR/USD,2005-08-04 23:16:57.000,1.236200,1.236500,D
174131028,EUR/USD,2005-08-04 23:17:02.000,1.236300,1.236600,D
174131038,EUR/USD,2005-08-04 23:17:03.000,1.236200,1.236500,D
174131088,EUR/USD,2005-08-04 23:17:17.000,1.236300,1.236600,D
174131118,EUR/USD,2005-08-04 23:17:22.000,1.236400,1.236700,D
174131135,EUR/USD,2005-08-04 23:17:25.000,1.236500,1.236800,D
174131163,EUR/USD,2005-08-04 23:17:35.000,1.236600,1.236900,D
174131167,EUR/USD,2005-08-04 23:17:36.000,1.236500,1.236800,D
174131183,EUR/USD,2005-08-04 23:17:43.000,1.236400,1.236700,D
174131190,EUR/USD,2005-08-04 23:17:44.000,1.236300,1.236600,D
174131202,EUR/USD,2005-08-04 23:17:46.000,1.236400,1.236700,D
174131204,EUR/USD,2005-08-04 23:17:47.000,1.236500,1.236800,D
174131213,EUR/USD,2005-08-04 23:17:48.000,1.236400,1.236700,D
174131230,EUR/USD,2005-08-04 23:17:52.000,1.236300,1.236600,D
174131246,EUR/USD,2005-08-04 23:18:01.000,1.236400,1.236700,D
174131259,EUR/USD,2005-08-04 23:18:04.000,1.236300,1.236600,D
174131264,EUR/USD,2005-08-04 23:18:05.000,1.236400,1.236700,D
174131268,EUR/USD,2005-08-04 23:18:05.000,1.236500,1.236800,D
174131274,EUR/USD,2005-08-04 23:18:05.000,1.236400,1.236700,D
174131284,EUR/USD,2005-08-04 23:18:07.000,1.236500,1.236800,D
174131293,EUR/USD,2005-08-04 23:18:08.000,1.236400,1.236700,D
174131295,EUR/USD,2005-08-04 23:18:09.000,1.236300,1.236600,D
174131325,EUR/USD,2005-08-04 23:18:14.000,1.236200,1.236500,D
174131369,EUR/USD,2005-08-04 23:18:21.000,1.236300,1.236600,D
174131374,EUR/USD,2005-08-04 23:18:22.000,1.236200,1.236500,D
174131379,EUR/USD,2005-08-04 23:18:23.000,1.236300,1.236600,D
174131399,EUR/USD,2005-08-04 23:18:29.000,1.236400,1.236700,D
174131403,EUR/USD,2005-08-04 23:18:33.000,1.236300,1.236600,D
174131419,EUR/USD,2005-08-04 23:18:41.000,1.236400,1.236700,D
174131421,EUR/USD,2005-08-04 23:18:41.000,1.236300,1.236600,D
174131425,EUR/USD,2005-08-04 23:18:44.000,1.236400,1.236700,D
174131428,EUR/USD,2005-08-04 23:18:45.000,1.236300,1.236600,D
174131462,EUR/USD,2005-08-04 23:18:56.000,1.236200,1.236500,D
174131513,EUR/USD,2005-08-04 23:19:10.000,1.236100,1.236400,D
174131527,EUR/USD,2005-08-04 23:19:19.000,1.236200,1.236500,D
174131578,EUR/USD,2005-08-04 23:19:41.000,1.236100,1.236400,D
174131623,EUR/USD,2005-08-04 23:19:45.000,1.236000,1.236300,D
174131648,EUR/USD,2005-08-04 23:19:46.000,1.236100,1.236400,D
174131650,EUR/USD,2005-08-04 23:19:46.000,1.236000,1.236300,D
174131874,EUR/USD,2005-08-04 23:20:31.000,1.235900,1.236200,D
174131933,EUR/USD,2005-08-04 23:20:57.000,1.236000,1.236300,D
174131968,EUR/USD,2005-08-04 23:21:17.000,1.236100,1.236400,D
174131974,EUR/USD,2005-08-04 23:21:19.000,1.236000,1.236300,D
174131989,EUR/USD,2005-08-04 23:21:21.000,1.236100,1.236400,D
174131994,EUR/USD,2005-08-04 23:21:22.000,1.236000,1.236300,D
174132000,EUR/USD,2005-08-04 23:21:26.000,1.236100,1.236400,D
174132003,EUR/USD,2005-08-04 23:21:27.000,1.236000,1.236300,D
174132064,EUR/USD,2005-08-04 23:21:48.000,1.236100,1.236400,D
174132116,EUR/USD,2005-08-04 23:22:01.000,1.236200,1.236500,D
174132220,EUR/USD,2005-08-04 23:22:34.000,1.236100,1.236400,D
174132229,EUR/USD,2005-08-04 23:22:37.000,1.236200,1.236500,D
174132242,EUR/USD,2005-08-04 23:22:43.000,1.236100,1.236400,D
174132310,EUR/USD,2005-08-04 23:23:10.000,1.236000,1.236300,D
174132395,EUR/USD,2005-08-04 23:23:39.000,1.236100,1.236400,D
174132409,EUR/USD,2005-08-04 23:23:42.000,1.236200,1.236500,D
174132424,EUR/USD,2005-08-04 23:23:49.000,1.236300,1.236600,D
174132431,EUR/USD,2005-08-04 23:23:51.000,1.236200,1.236500,D
174132434,EUR/USD,2005-08-04 23:23:53.000,1.236300,1.236600,D
174132457,EUR/USD,2005-08-04 23:24:05.000,1.236200,1.236500,D
174132469,EUR/USD,2005-08-04 23:24:10.000,1.236100,1.236400,D
174132485,EUR/USD,2005-08-04 23:24:16.000,1.236200,1.236500,D
174132499,EUR/USD,2005-08-04 23:24:20.000,1.236300,1.236600,D
174132506,EUR/USD,2005-08-04 23:24:23.000,1.236200,1.236500,D
174132524,EUR/USD,2005-08-04 23:24:29.000,1.236100,1.236400,D
174132536,EUR/USD,2005-08-04 23:24:33.000,1.236200,1.236500,D
174132541,EUR/USD,2005-08-04 23:24:34.000,1.236100,1.236400,D
174132560,EUR/USD,2005-08-04 23:24:41.000,1.236200,1.236500,D
174132569,EUR/USD,2005-08-04 23:24:43.000,1.236300,1.236600,D
174132575,EUR/USD,2005-08-04 23:24:44.000,1.236200,1.236500,D
174132583,EUR/USD,2005-08-04 23:24:46.000,1.236100,1.236400,D
174132595,EUR/USD,2005-08-04 23:24:50.000,1.236200,1.236500,D
174132604,EUR/USD,2005-08-04 23:24:52.000,1.236100,1.236400,D
174132618,EUR/USD,2005-08-04 23:24:57.000,1.236200,1.236500,D
174132627,EUR/USD,2005-08-04 23:24:59.000,1.236100,1.236400,D
174132650,EUR/USD,2005-08-04 23:25:15.000,1.236000,1.236300,D
174132663,EUR/USD,2005-08-04 23:25:21.000,1.236100,1.236400,D
174132696,EUR/USD,2005-08-04 23:25:35.000,1.236200,1.236500,D
174132703,EUR/USD,2005-08-04 23:25:37.000,1.236100,1.236400,D
174132707,EUR/USD,2005-08-04 23:25:40.000,1.236200,1.236500,D
174132715,EUR/USD,2005-08-04 23:25:44.000,1.236100,1.236400,D
174132720,EUR/USD,2005-08-04 23:25:46.000,1.236200,1.236500,D
174132755,EUR/USD,2005-08-04 23:26:00.000,1.236300,1.236600,D
174132775,EUR/USD,2005-08-04 23:26:06.000,1.236400,1.236700,D
174132827,EUR/USD,2005-08-04 23:26:23.000,1.236500,1.236800,D
174132855,EUR/USD,2005-08-04 23:26:33.000,1.236400,1.236700,D
174132863,EUR/USD,2005-08-04 23:26:38.000,1.236500,1.236800,D
174132886,EUR/USD,2005-08-04 23:26:47.000,1.236600,1.236900,D
174132920,EUR/USD,2005-08-04 23:26:55.000,1.236500,1.236800,D
174132943,EUR/USD,2005-08-04 23:27:16.000,1.236600,1.236900,D
174132952,EUR/USD,2005-08-04 23:27:21.000,1.236500,1.236800,D
174132970,EUR/USD,2005-08-04 23:27:28.000,1.236400,1.236700,D
174133002,EUR/USD,2005-08-04 23:27:41.000,1.236300,1.236600,D
174133011,EUR/USD,2005-08-04 23:27:45.000,1.236400,1.236700,D
174133035,EUR/USD,2005-08-04 23:28:00.000,1.236300,1.236600,D
174133046,EUR/USD,2005-08-04 23:28:07.000,1.236200,1.236500,D
174133084,EUR/USD,2005-08-04 23:28:29.000,1.236100,1.236400,D
174133112,EUR/USD,2005-08-04 23:28:39.000,1.236000,1.236300,D
174133136,EUR/USD,2005-08-04 23:28:45.000,1.235900,1.236200,D
174133154,EUR/USD,2005-08-04 23:28:52.000,1.236000,1.236300,D
174133156,EUR/USD,2005-08-04 23:28:54.000,1.235900,1.236200,D
174133163,EUR/USD,2005-08-04 23:28:56.000,1.236000,1.236300,D
174133203,EUR/USD,2005-08-04 23:29:09.000,1.235900,1.236200,D
174133208,EUR/USD,2005-08-04 23:29:11.000,1.236000,1.236300,D
174133215,EUR/USD,2005-08-04 23:29:17.000,1.235900,1.236200,D
174133267,EUR/USD,2005-08-04 23:29:38.000,1.235800,1.236100,D
174133269,EUR/USD,2005-08-04 23:29:39.000,1.235900,1.236200,D
174133304,EUR/USD,2005-08-04 23:29:59.000,1.236000,1.236300,D
174133309,EUR/USD,2005-08-04 23:30:02.000,1.236100,1.236400,D
174133310,EUR/USD,2005-08-04 23:30:03.000,1.236000,1.236300,D
174133317,EUR/USD,2005-08-04 23:30:06.000,1.236100,1.236400,D
174133380,EUR/USD,2005-08-04 23:30:57.000,1.236200,1.236500,D
174133386,EUR/USD,2005-08-04 23:31:00.000,1.236100,1.236400,D
174133401,EUR/USD,2005-08-04 23:31:10.000,1.236200,1.236500,D
174133402,EUR/USD,2005-08-04 23:31:12.000,1.236100,1.236400,D
174133405,EUR/USD,2005-08-04 23:31:14.000,1.236200,1.236500,D
174133485,EUR/USD,2005-08-04 23:32:01.000,1.236100,1.236400,D
174133497,EUR/USD,2005-08-04 23:32:03.000,1.236200,1.236500,D
174133525,EUR/USD,2005-08-04 23:32:19.000,1.236300,1.236600,D
174133526,EUR/USD,2005-08-04 23:32:20.000,1.236400,1.236700,D
174133558,EUR/USD,2005-08-04 23:32:30.000,1.236500,1.236800,D
174133572,EUR/USD,2005-08-04 23:32:34.000,1.236600,1.236900,D
174133578,EUR/USD,2005-08-04 23:32:34.000,1.236700,1.237000,D
174133592,EUR/USD,2005-08-04 23:32:37.000,1.236600,1.236900,D
174133619,EUR/USD,2005-08-04 23:32:41.000,1.236700,1.237000,D
174133628,EUR/USD,2005-08-04 23:32:42.000,1.236600,1.236900,D
174133657,EUR/USD,2005-08-04 23:32:48.000,1.236500,1.236800,D
174133673,EUR/USD,2005-08-04 23:33:00.000,1.236600,1.236900,D
174133678,EUR/USD,2005-08-04 23:33:02.000,1.236500,1.236800,D
174133698,EUR/USD,2005-08-04 23:33:18.000,1.236600,1.236900,D
174133702,EUR/USD,2005-08-04 23:33:22.000,1.236500,1.236800,D
174133776,EUR/USD,2005-08-04 23:33:44.000,1.236400,1.236700,D
174133784,EUR/USD,2005-08-04 23:33:45.000,1.236500,1.236800,D
174133809,EUR/USD,2005-08-04 23:33:49.000,1.236300,1.236600,D
174133813,EUR/USD,2005-08-04 23:33:50.000,1.236200,1.236500,D
174133900,EUR/USD,2005-08-04 23:34:08.000,1.236300,1.236600,D
174133906,EUR/USD,2005-08-04 23:34:09.000,1.236200,1.236500,D
174133943,EUR/USD,2005-08-04 23:34:26.000,1.236300,1.236600,D
174133970,EUR/USD,2005-08-04 23:34:32.000,1.236400,1.236700,D
174133979,EUR/USD,2005-08-04 23:34:34.000,1.236300,1.236600,D
174133985,EUR/USD,2005-08-04 23:34:36.000,1.236400,1.236700,D
174133998,EUR/USD,2005-08-04 23:34:39.000,1.236500,1.236800,D
174134001,EUR/USD,2005-08-04 23:34:39.000,1.236400,1.236700,D
174134029,EUR/USD,2005-08-04 23:35:00.000,1.236500,1.236800,D
174134035,EUR/USD,2005-08-04 23:35:08.000,1.236400,1.236700,D
174134070,EUR/USD,2005-08-04 23:36:00.000,1.236500,1.236800,D
174134090,EUR/USD,2005-08-04 23:36:16.000,1.236600,1.236900,D
174134092,EUR/USD,2005-08-04 23:36:17.000,1.236500,1.236800,D
174134099,EUR/USD,2005-08-04 23:36:20.000,1.236600,1.236900,D
174134110,EUR/USD,2005-08-04 23:36:24.000,1.236500,1.236800,D
174134125,EUR/USD,2005-08-04 23:36:29.000,1.236600,1.236900,D
174134157,EUR/USD,2005-08-04 23:36:43.000,1.236700,1.237000,D
174134163,EUR/USD,2005-08-04 23:36:43.000,1.236600,1.236900,D
174134173,EUR/USD,2005-08-04 23:36:44.000,1.236500,1.236800,D
174134186,EUR/USD,2005-08-04 23:36:46.000,1.236600,1.236900,D
174134192,EUR/USD,2005-08-04 23:36:46.000,1.236700,1.237000,D
174134197,EUR/USD,2005-08-04 23:36:47.000,1.236600,1.236900,D
174134207,EUR/USD,2005-08-04 23:36:50.000,1.236700,1.237000,D
174134212,EUR/USD,2005-08-04 23:36:51.000,1.236600,1.236900,D
174134219,EUR/USD,2005-08-04 23:36:52.000,1.236700,1.237000,D
174134224,EUR/USD,2005-08-04 23:36:53.000,1.236600,1.236900,D
174134251,EUR/USD,2005-08-04 23:37:02.000,1.236500,1.236800,D
174134256,EUR/USD,2005-08-04 23:37:04.000,1.236600,1.236900,D
174134263,EUR/USD,2005-08-04 23:37:09.000,1.236500,1.236800,D
174134271,EUR/USD,2005-08-04 23:37:11.000,1.236600,1.236900,D
174134284,EUR/USD,2005-08-04 23:37:19.000,1.236500,1.236800,D
174134288,EUR/USD,2005-08-04 23:37:21.000,1.236600,1.236900,D
174134300,EUR/USD,2005-08-04 23:37:28.000,1.236500,1.236800,D
174134313,EUR/USD,2005-08-04 23:37:50.000,1.236400,1.236700,D
174134324,EUR/USD,2005-08-04 23:37:57.000,1.236300,1.236600,D
174134380,EUR/USD,2005-08-04 23:38:41.000,1.236400,1.236700,D
174134392,EUR/USD,2005-08-04 23:38:48.000,1.236300,1.236600,D
174134410,EUR/USD,2005-08-04 23:38:58.000,1.236400,1.236700,D
174134414,EUR/USD,2005-08-04 23:38:59.000,1.236500,1.236800,D
174134423,EUR/USD,2005-08-04 23:39:00.000,1.236400,1.236700,D
174134426,EUR/USD,2005-08-04 23:39:01.000,1.236300,1.236600,D
174134432,EUR/USD,2005-08-04 23:39:03.000,1.236400,1.236700,D
174134441,EUR/USD,2005-08-04 23:39:05.000,1.236300,1.236600,D
174134493,EUR/USD,2005-08-04 23:39:46.000,1.236200,1.236500,D
174134495,EUR/USD,2005-08-04 23:39:52.000,1.236300,1.236600,D
174134498,EUR/USD,2005-08-04 23:39:58.000,1.236200,1.236500,D
174134544,EUR/USD,2005-08-04 23:40:33.000,1.236300,1.236600,D
174134549,EUR/USD,2005-08-04 23:40:36.000,1.236200,1.236500,D
174134606,EUR/USD,2005-08-04 23:41:46.000,1.236100,1.236400,D
174134631,EUR/USD,2005-08-04 23:42:08.000,1.236200,1.236500,D
174134632,EUR/USD,2005-08-04 23:42:09.000,1.236300,1.236600,D
174134640,EUR/USD,2005-08-04 23:42:10.000,1.236400,1.236700,D
174134644,EUR/USD,2005-08-04 23:42:10.000,1.236300,1.236600,D
174134658,EUR/USD,2005-08-04 23:42:14.000,1.236200,1.236500,D
174134664,EUR/USD,2005-08-04 23:42:15.000,1.236300,1.236600,D
174134677,EUR/USD,2005-08-04 23:42:33.000,1.236400,1.236700,D
174134678,EUR/USD,2005-08-04 23:42:34.000,1.236300,1.236600,D
174134688,EUR/USD,2005-08-04 23:42:37.000,1.236400,1.236700,D
174134719,EUR/USD,2005-08-04 23:42:57.000,1.236300,1.236600,D
174134745,EUR/USD,2005-08-04 23:43:09.000,1.236200,1.236500,D
174134756,EUR/USD,2005-08-04 23:43:13.000,1.236300,1.236600,D
174134765,EUR/USD,2005-08-04 23:43:14.000,1.236200,1.236500,D
174134771,EUR/USD,2005-08-04 23:43:15.000,1.236300,1.236600,D
174134775,EUR/USD,2005-08-04 23:43:16.000,1.236200,1.236500,D
174134786,EUR/USD,2005-08-04 23:43:19.000,1.236300,1.236600,D
174134805,EUR/USD,2005-08-04 23:43:22.000,1.236200,1.236500,D
174134811,EUR/USD,2005-08-04 23:43:24.000,1.236300,1.236600,D
174134822,EUR/USD,2005-08-04 23:43:26.000,1.236200,1.236500,D
174134888,EUR/USD,2005-08-04 23:44:23.000,1.236100,1.236400,D
174134898,EUR/USD,2005-08-04 23:44:27.000,1.236200,1.236500,D
174134903,EUR/USD,2005-08-04 23:44:29.000,1.236100,1.236400,D
174134915,EUR/USD,2005-08-04 23:44:30.000,1.236000,1.236300,D
174134933,EUR/USD,2005-08-04 23:44:32.000,1.235900,1.236200,D
174134976,EUR/USD,2005-08-04 23:44:48.000,1.236000,1.236300,D
174134985,EUR/USD,2005-08-04 23:44:55.000,1.235900,1.236200,D
174134988,EUR/USD,2005-08-04 23:44:57.000,1.236000,1.236300,D
174135007,EUR/USD,2005-08-04 23:45:04.000,1.236100,1.236400,D
174135020,EUR/USD,2005-08-04 23:45:15.000,1.236000,1.236300,D
174135027,EUR/USD,2005-08-04 23:45:16.000,1.235900,1.236200,D
174135031,EUR/USD,2005-08-04 23:45:16.000,1.236000,1.236300,D
174135061,EUR/USD,2005-08-04 23:45:32.000,1.236100,1.236400,D
174135106,EUR/USD,2005-08-04 23:45:47.000,1.236000,1.236300,D
174135111,EUR/USD,2005-08-04 23:45:47.000,1.235900,1.236200,D
174135112,EUR/USD,2005-08-04 23:45:48.000,1.236000,1.236300,D
174135117,EUR/USD,2005-08-04 23:45:49.000,1.236100,1.236400,D
174135122,EUR/USD,2005-08-04 23:45:50.000,1.236000,1.236300,D
174135135,EUR/USD,2005-08-04 23:45:54.000,1.236100,1.236400,D
174135218,EUR/USD,2005-08-04 23:46:49.000,1.236200,1.236500,D
174135232,EUR/USD,2005-08-04 23:46:54.000,1.236100,1.236400,D
174135251,EUR/USD,2005-08-04 23:47:11.000,1.236000,1.236300,D
174135263,EUR/USD,2005-08-04 23:47:13.000,1.236100,1.236400,D
174135309,EUR/USD,2005-08-04 23:47:33.000,1.236000,1.236300,D
174135310,EUR/USD,2005-08-04 23:47:33.000,1.236100,1.236400,D
174135314,EUR/USD,2005-08-04 23:47:35.000,1.236000,1.236300,D
174135368,EUR/USD,2005-08-04 23:47:55.000,1.236100,1.236400,D
174135483,EUR/USD,2005-08-04 23:49:06.000,1.236200,1.236500,D
174135484,EUR/USD,2005-08-04 23:49:06.000,1.236100,1.236400,D
174135485,EUR/USD,2005-08-04 23:49:07.000,1.236200,1.236500,D
174135496,EUR/USD,2005-08-04 23:49:15.000,1.236100,1.236400,D
174135508,EUR/USD,2005-08-04 23:49:17.000,1.236200,1.236500,D
174135530,EUR/USD,2005-08-04 23:49:27.000,1.236300,1.236600,D
174135541,EUR/USD,2005-08-04 23:49:30.000,1.236400,1.236700,D
174135548,EUR/USD,2005-08-04 23:49:31.000,1.236300,1.236600,D
174135618,EUR/USD,2005-08-04 23:50:07.000,1.236400,1.236700,D
174135640,EUR/USD,2005-08-04 23:50:12.000,1.236300,1.236600,D
174135655,EUR/USD,2005-08-04 23:50:22.000,1.236200,1.236500,D
174135658,EUR/USD,2005-08-04 23:50:23.000,1.236300,1.236600,D
174135661,EUR/USD,2005-08-04 23:50:23.000,1.236200,1.236500,D
174135663,EUR/USD,2005-08-04 23:50:25.000,1.236300,1.236600,D
174135686,EUR/USD,2005-08-04 23:50:30.000,1.236400,1.236700,D
174135693,EUR/USD,2005-08-04 23:50:31.000,1.236300,1.236600,D
174135703,EUR/USD,2005-08-04 23:50:43.000,1.236400,1.236700,D
174135717,EUR/USD,2005-08-04 23:50:59.000,1.236300,1.236600,D
174135738,EUR/USD,2005-08-04 23:51:13.000,1.236400,1.236700,D
174135754,EUR/USD,2005-08-04 23:51:38.000,1.236300,1.236600,D
174135799,EUR/USD,2005-08-04 23:52:40.000,1.236200,1.236500,D
174135803,EUR/USD,2005-08-04 23:52:40.000,1.236300,1.236600,D
174135808,EUR/USD,2005-08-04 23:52:42.000,1.236200,1.236500,D
174135848,EUR/USD,2005-08-04 23:53:10.000,1.236100,1.236400,D
174135931,EUR/USD,2005-08-04 23:54:12.000,1.236200,1.236500,D
174135934,EUR/USD,2005-08-04 23:54:12.000,1.236300,1.236600,D
174135948,EUR/USD,2005-08-04 23:54:21.000,1.236400,1.236700,D
174135954,EUR/USD,2005-08-04 23:54:25.000,1.236300,1.236600,D
174135963,EUR/USD,2005-08-04 23:54:40.000,1.236400,1.236700,D
174135965,EUR/USD,2005-08-04 23:54:42.000,1.236300,1.236600,D
174135977,EUR/USD,2005-08-04 23:55:15.000,1.236400,1.236700,D
174135982,EUR/USD,2005-08-04 23:55:17.000,1.236300,1.236600,D
174135984,EUR/USD,2005-08-04 23:55:21.000,1.236400,1.236700,D
174136010,EUR/USD,2005-08-04 23:55:36.000,1.236300,1.236600,D
174136022,EUR/USD,2005-08-04 23:55:51.000,1.236400,1.236700,D
174136038,EUR/USD,2005-08-04 23:56:11.000,1.236300,1.236600,D
174136049,EUR/USD,2005-08-04 23:56:14.000,1.236200,1.236500,D
174136071,EUR/USD,2005-08-04 23:56:20.000,1.236100,1.236400,D
174136073,EUR/USD,2005-08-04 23:56:22.000,1.236200,1.236500,D
174136077,EUR/USD,2005-08-04 23:56:23.000,1.236100,1.236400,D
174136174,EUR/USD,2005-08-04 23:58:10.000,1.236000,1.236300,D
174136179,EUR/USD,2005-08-04 23:58:14.000,1.235900,1.236200,D
174136203,EUR/USD,2005-08-04 23:58:35.000,1.236000,1.236300,D
174136259,EUR/USD,2005-08-04 23:59:03.000,1.236100,1.236400,D
174136275,EUR/USD,2005-08-04 23:59:10.000,1.236000,1.236300,D
174136278,EUR/USD,2005-08-04 23:59:11.000,1.236100,1.236400,D
174136321,EUR/USD,2005-08-04 23:59:50.000,1.236000,1.236300,D
174136326,EUR/USD,2005-08-04 23:59:50.000,1.235900,1.236200,D
174136334,EUR/USD,2005-08-04 23:59:53.000,1.235800,1.236100,D
174136339,EUR/USD,2005-08-04 23:59:53.000,1.235900,1.236200,D
174136348,EUR/USD,2005-08-04 23:59:56.000,1.236000,1.236300,D
174136351,EUR/USD,2005-08-04 23:59:59.000,1.235900,1.236200,D
174136363,EUR/USD,2005-08-05 00:00:08.000,1.235800,1.236100,D
174136469,EUR/USD,2005-08-05 00:01:18.000,1.235900,1.236200,D
174136518,EUR/USD,2005-08-05 00:01:29.000,1.236000,1.236300,D
174136538,EUR/USD,2005-08-05 00:01:34.000,1.235900,1.236200,D
174136586,EUR/USD,2005-08-05 00:01:52.000,1.236000,1.236300,D
174136629,EUR/USD,2005-08-05 00:02:41.000,1.235900,1.236200,D
174136632,EUR/USD,2005-08-05 00:02:44.000,1.235800,1.236100,D
174136648,EUR/USD,2005-08-05 00:02:58.000,1.235900,1.236200,D
174136668,EUR/USD,2005-08-05 00:03:19.000,1.236000,1.236300,D
174136687,EUR/USD,2005-08-05 00:03:25.000,1.235900,1.236200,D
174136713,EUR/USD,2005-08-05 00:03:59.000,1.235800,1.236100,D
174136751,EUR/USD,2005-08-05 00:04:19.000,1.235700,1.236000,D
174136763,EUR/USD,2005-08-05 00:04:28.000,1.235800,1.236100,D
174136776,EUR/USD,2005-08-05 00:04:41.000,1.235700,1.236000,D
174136796,EUR/USD,2005-08-05 00:05:01.000,1.235800,1.236100,D
174136801,EUR/USD,2005-08-05 00:05:06.000,1.235700,1.236000,D
174136804,EUR/USD,2005-08-05 00:05:07.000,1.235800,1.236100,D
174136809,EUR/USD,2005-08-05 00:05:10.000,1.235700,1.236000,D
174136814,EUR/USD,2005-08-05 00:05:12.000,1.235800,1.236100,D
174136862,EUR/USD,2005-08-05 00:05:51.000,1.235700,1.236000,D
174136864,EUR/USD,2005-08-05 00:05:52.000,1.235800,1.236100,D
174136868,EUR/USD,2005-08-05 00:05:56.000,1.235700,1.236000,D
174136874,EUR/USD,2005-08-05 00:05:57.000,1.235800,1.236100,D
174136876,EUR/USD,2005-08-05 00:05:59.000,1.235700,1.236000,D
174136881,EUR/USD,2005-08-05 00:06:00.000,1.235800,1.236100,D
174136892,EUR/USD,2005-08-05 00:06:08.000,1.235700,1.236000,D
174136924,EUR/USD,2005-08-05 00:06:54.000,1.235800,1.236100,D
174136933,EUR/USD,2005-08-05 00:07:00.000,1.235700,1.236000,D
174136936,EUR/USD,2005-08-05 00:07:03.000,1.235800,1.236100,D
174136943,EUR/USD,2005-08-05 00:07:06.000,1.235700,1.236000,D
174137076,EUR/USD,2005-08-05 00:09:43.000,1.235600,1.235900,D
174137127,EUR/USD,2005-08-05 00:10:04.000,1.235700,1.236000,D
174137188,EUR/USD,2005-08-05 00:10:28.000,1.235800,1.236100,D
174137200,EUR/USD,2005-08-05 00:10:31.000,1.235700,1.236000,D
174137205,EUR/USD,2005-08-05 00:10:32.000,1.235800,1.236100,D
174137206,EUR/USD,2005-08-05 00:10:33.000,1.235700,1.236000,D
174137212,EUR/USD,2005-08-05 00:10:33.000,1.235800,1.236100,D
174137224,EUR/USD,2005-08-05 00:10:35.000,1.235900,1.236200,D
174137227,EUR/USD,2005-08-05 00:10:35.000,1.235800,1.236100,D
174137246,EUR/USD,2005-08-05 00:10:46.000,1.235700,1.236000,D
174137294,EUR/USD,2005-08-05 00:11:06.000,1.235800,1.236100,D
174137304,EUR/USD,2005-08-05 00:11:09.000,1.235900,1.236200,D
174137306,EUR/USD,2005-08-05 00:11:10.000,1.235800,1.236100,D
174137326,EUR/USD,2005-08-05 00:11:22.000,1.235900,1.236200,D
174137339,EUR/USD,2005-08-05 00:11:26.000,1.236000,1.236300,D
174137366,EUR/USD,2005-08-05 00:11:46.000,1.235900,1.236200,D
174137376,EUR/USD,2005-08-05 00:11:51.000,1.235800,1.236100,D
174137414,EUR/USD,2005-08-05 00:12:12.000,1.235900,1.236200,D
174137438,EUR/USD,2005-08-05 00:12:28.000,1.236000,1.236300,D
174137452,EUR/USD,2005-08-05 00:12:30.000,1.235900,1.236200,D
174137487,EUR/USD,2005-08-05 00:13:06.000,1.236000,1.236300,D
174137535,EUR/USD,2005-08-05 00:13:58.000,1.236100,1.236400,D
174137568,EUR/USD,2005-08-05 00:14:14.000,1.236200,1.236500,D
174137577,EUR/USD,2005-08-05 00:14:16.000,1.236100,1.236400,D
174137583,EUR/USD,2005-08-05 00:14:17.000,1.236200,1.236500,D
174137584,EUR/USD,2005-08-05 00:14:20.000,1.236100,1.236400,D
174137588,EUR/USD,2005-08-05 00:14:22.000,1.236200,1.236500,D
174137609,EUR/USD,2005-08-05 00:14:28.000,1.236300,1.236600,D
174137620,EUR/USD,2005-08-05 00:14:30.000,1.236200,1.236500,D
174137640,EUR/USD,2005-08-05 00:14:35.000,1.236100,1.236400,D
174137829,EUR/USD,2005-08-05 00:16:31.000,1.236000,1.236300,D
174137843,EUR/USD,2005-08-05 00:16:37.000,1.236100,1.236400,D
174137864,EUR/USD,2005-08-05 00:16:58.000,1.236000,1.236300,D
174137878,EUR/USD,2005-08-05 00:17:09.000,1.236100,1.236400,D
174137914,EUR/USD,2005-08-05 00:17:25.000,1.236200,1.236500,D
174137919,EUR/USD,2005-08-05 00:17:31.000,1.236300,1.236600,D
174137947,EUR/USD,2005-08-05 00:17:50.000,1.236200,1.236500,D
174138017,EUR/USD,2005-08-05 00:19:20.000,1.236300,1.236600,D
174138040,EUR/USD,2005-08-05 00:20:04.000,1.236400,1.236700,D
174138055,EUR/USD,2005-08-05 00:20:18.000,1.236300,1.236600,D
174138059,EUR/USD,2005-08-05 00:20:20.000,1.236400,1.236700,D
174138135,EUR/USD,2005-08-05 00:21:25.000,1.236300,1.236600,D
174138146,EUR/USD,2005-08-05 00:21:29.000,1.236400,1.236700,D
174138231,EUR/USD,2005-08-05 00:22:30.000,1.236500,1.236800,D
174138248,EUR/USD,2005-08-05 00:22:44.000,1.236400,1.236700,D
174138298,EUR/USD,2005-08-05 00:23:30.000,1.236300,1.236600,D
174138317,EUR/USD,2005-08-05 00:23:40.000,1.236200,1.236500,D
174138441,EUR/USD,2005-08-05 00:25:43.000,1.236100,1.236400,D
174138446,EUR/USD,2005-08-05 00:25:45.000,1.236200,1.236500,D
174138451,EUR/USD,2005-08-05 00:25:57.000,1.236100,1.236400,D
174138460,EUR/USD,2005-08-05 00:26:05.000,1.236200,1.236500,D
174138465,EUR/USD,2005-08-05 00:26:17.000,1.236100,1.236400,D
174138470,EUR/USD,2005-08-05 00:26:22.000,1.236200,1.236500,D
174138473,EUR/USD,2005-08-05 00:26:25.000,1.236100,1.236400,D
174138534,EUR/USD,2005-08-05 00:27:16.000,1.236000,1.236300,D
174138537,EUR/USD,2005-08-05 00:27:19.000,1.236100,1.236400,D
174138550,EUR/USD,2005-08-05 00:27:22.000,1.236000,1.236300,D
174138595,EUR/USD,2005-08-05 00:27:45.000,1.235900,1.236200,D
174138652,EUR/USD,2005-08-05 00:28:20.000,1.235800,1.236100,D
174138661,EUR/USD,2005-08-05 00:28:24.000,1.235900,1.236200,D
174138725,EUR/USD,2005-08-05 00:28:57.000,1.236000,1.236300,D
174138791,EUR/USD,2005-08-05 00:29:55.000,1.235900,1.236200,D
174138800,EUR/USD,2005-08-05 00:30:00.000,1.236000,1.236300,D
174138816,EUR/USD,2005-08-05 00:30:09.000,1.236100,1.236400,D
174138829,EUR/USD,2005-08-05 00:30:17.000,1.236000,1.236300,D
174138837,EUR/USD,2005-08-05 00:30:18.000,1.236100,1.236400,D
174138895,EUR/USD,2005-08-05 00:30:50.000,1.236200,1.236500,D
174138922,EUR/USD,2005-08-05 00:31:08.000,1.236300,1.236600,D
174138938,EUR/USD,2005-08-05 00:31:14.000,1.236400,1.236700,D
174139139,EUR/USD,2005-08-05 00:33:00.000,1.236300,1.236600,D
174139198,EUR/USD,2005-08-05 00:34:02.000,1.236400,1.236700,D
174139219,EUR/USD,2005-08-05 00:34:12.000,1.236300,1.236600,D
174139242,EUR/USD,2005-08-05 00:34:49.000,1.236200,1.236500,D
174139246,EUR/USD,2005-08-05 00:34:50.000,1.236300,1.236600,D
174139259,EUR/USD,2005-08-05 00:35:05.000,1.236400,1.236700,D
174139282,EUR/USD,2005-08-05 00:35:27.000,1.236300,1.236600,D
174139304,EUR/USD,2005-08-05 00:35:53.000,1.236400,1.236700,D
174139313,EUR/USD,2005-08-05 00:35:55.000,1.236300,1.236600,D
174139321,EUR/USD,2005-08-05 00:36:02.000,1.236400,1.236700,D
174139333,EUR/USD,2005-08-05 00:36:03.000,1.236300,1.236600,D
174139450,EUR/USD,2005-08-05 00:36:39.000,1.236400,1.236700,D
174139461,EUR/USD,2005-08-05 00:36:41.000,1.236300,1.236600,D
174139465,EUR/USD,2005-08-05 00:36:43.000,1.236200,1.236500,D
174139496,EUR/USD,2005-08-05 00:36:50.000,1.236100,1.236400,D
174139557,EUR/USD,2005-08-05 00:37:16.000,1.236000,1.236300,D
174139563,EUR/USD,2005-08-05 00:37:17.000,1.235900,1.236200,D
174139577,EUR/USD,2005-08-05 00:37:20.000,1.236000,1.236300,D
174139612,EUR/USD,2005-08-05 00:37:42.000,1.235900,1.236200,D
174139639,EUR/USD,2005-08-05 00:37:55.000,1.235800,1.236100,D
174139644,EUR/USD,2005-08-05 00:37:59.000,1.235900,1.236200,D
174139669,EUR/USD,2005-08-05 00:38:05.000,1.235800,1.236100,D
174139729,EUR/USD,2005-08-05 00:38:34.000,1.235900,1.236200,D
174139744,EUR/USD,2005-08-05 00:38:49.000,1.235800,1.236100,D
174139834,EUR/USD,2005-08-05 00:39:43.000,1.235900,1.236200,D
174139840,EUR/USD,2005-08-05 00:39:45.000,1.235800,1.236100,D
174139845,EUR/USD,2005-08-05 00:39:47.000,1.235900,1.236200,D
174139914,EUR/USD,2005-08-05 00:40:24.000,1.236000,1.236300,D
174139917,EUR/USD,2005-08-05 00:40:26.000,1.235900,1.236200,D
174139940,EUR/USD,2005-08-05 00:40:51.000,1.236000,1.236300,D
174140014,EUR/USD,2005-08-05 00:41:44.000,1.235900,1.236200,D
174140017,EUR/USD,2005-08-05 00:41:44.000,1.235800,1.236100,D
174140044,EUR/USD,2005-08-05 00:42:31.000,1.235900,1.236200,D
174140054,EUR/USD,2005-08-05 00:42:34.000,1.236000,1.236300,D
174140064,EUR/USD,2005-08-05 00:42:38.000,1.235900,1.236200,D
174140074,EUR/USD,2005-08-05 00:42:46.000,1.235800,1.236100,D
174140222,EUR/USD,2005-08-05 00:44:43.000,1.235900,1.236200,D
174140242,EUR/USD,2005-08-05 00:45:36.000,1.235800,1.236100,D
174140266,EUR/USD,2005-08-05 00:46:00.000,1.235700,1.236000,D
174140268,EUR/USD,2005-08-05 00:46:00.000,1.235800,1.236100,D
174140282,EUR/USD,2005-08-05 00:46:03.000,1.235700,1.236000,D
174140368,EUR/USD,2005-08-05 00:46:58.000,1.235800,1.236100,D
174140417,EUR/USD,2005-08-05 00:47:12.000,1.235700,1.236000,D
174140422,EUR/USD,2005-08-05 00:47:13.000,1.235800,1.236100,D
174140460,EUR/USD,2005-08-05 00:47:48.000,1.235700,1.236000,D
174140700,EUR/USD,2005-08-05 00:51:30.000,1.235800,1.236100,D
174140711,EUR/USD,2005-08-05 00:51:46.000,1.235700,1.236000,D
174140719,EUR/USD,2005-08-05 00:51:56.000,1.235800,1.236100,D
174140731,EUR/USD,2005-08-05 00:52:10.000,1.235700,1.236000,D
174140738,EUR/USD,2005-08-05 00:52:26.000,1.235800,1.236100,D
174140775,EUR/USD,2005-08-05 00:52:57.000,1.235900,1.236200,D
174140776,EUR/USD,2005-08-05 00:53:00.000,1.235800,1.236100,D
174140858,EUR/USD,2005-08-05 00:54:03.000,1.235700,1.236000,D
174140934,EUR/USD,2005-08-05 00:56:25.000,1.235600,1.235900,D
174141008,EUR/USD,2005-08-05 00:56:59.000,1.235700,1.236000,D
174141012,EUR/USD,2005-08-05 00:57:00.000,1.235600,1.235900,D
174141157,EUR/USD,2005-08-05 00:59:33.000,1.235700,1.236000,D
174141164,EUR/USD,2005-08-05 00:59:38.000,1.235600,1.235900,D
174141167,EUR/USD,2005-08-05 00:59:41.000,1.235700,1.236000,D
174141181,EUR/USD,2005-08-05 00:59:52.000,1.235600,1.235900,D
174141192,EUR/USD,2005-08-05 00:59:53.000,1.235700,1.236000,D
174141197,EUR/USD,2005-08-05 00:59:54.000,1.235600,1.235900,D
174141233,EUR/USD,2005-08-05 01:00:31.000,1.235700,1.236000,D
174141299,EUR/USD,2005-08-05 01:02:08.000,1.235800,1.236100,D
174141324,EUR/USD,2005-08-05 01:02:28.000,1.235900,1.236200,D
174141334,EUR/USD,2005-08-05 01:02:32.000,1.235800,1.236100,D
174141344,EUR/USD,2005-08-05 01:02:33.000,1.235900,1.236200,D
174141349,EUR/USD,2005-08-05 01:02:34.000,1.235800,1.236100,D
174141361,EUR/USD,2005-08-05 01:02:44.000,1.235900,1.236200,D
174141368,EUR/USD,2005-08-05 01:02:46.000,1.235800,1.236100,D
174141393,EUR/USD,2005-08-05 01:03:02.000,1.235900,1.236200,D
174141401,EUR/USD,2005-08-05 01:03:05.000,1.235800,1.236100,D
174141427,EUR/USD,2005-08-05 01:04:05.000,1.235900,1.236200,D
174141438,EUR/USD,2005-08-05 01:04:13.000,1.236000,1.236300,D
174141441,EUR/USD,2005-08-05 01:04:14.000,1.236100,1.236400,D
174141451,EUR/USD,2005-08-05 01:04:20.000,1.236000,1.236300,D
174141453,EUR/USD,2005-08-05 01:04:23.000,1.236100,1.236400,D
174141458,EUR/USD,2005-08-05 01:04:25.000,1.236000,1.236300,D
174141460,EUR/USD,2005-08-05 01:04:26.000,1.236100,1.236400,D
174141542,EUR/USD,2005-08-05 01:05:38.000,1.236000,1.236300,D
174141549,EUR/USD,2005-08-05 01:05:44.000,1.235900,1.236200,D
174141602,EUR/USD,2005-08-05 01:06:04.000,1.235800,1.236100,D
174141603,EUR/USD,2005-08-05 01:06:05.000,1.235900,1.236200,D
174141618,EUR/USD,2005-08-05 01:06:15.000,1.235800,1.236100,D
174141643,EUR/USD,2005-08-05 01:06:53.000,1.235700,1.236000,D
174141658,EUR/USD,2005-08-05 01:07:05.000,1.235600,1.235900,D
174141691,EUR/USD,2005-08-05 01:07:21.000,1.235700,1.236000,D
174141719,EUR/USD,2005-08-05 01:07:33.000,1.235600,1.235900,D
174141734,EUR/USD,2005-08-05 01:07:51.000,1.235700,1.236000,D
174141751,EUR/USD,2005-08-05 01:08:01.000,1.235600,1.235900,D
174141780,EUR/USD,2005-08-05 01:08:30.000,1.235700,1.236000,D
174141791,EUR/USD,2005-08-05 01:08:34.000,1.235600,1.235900,D
174141792,EUR/USD,2005-08-05 01:08:34.000,1.235700,1.236000,D
174141795,EUR/USD,2005-08-05 01:08:35.000,1.235600,1.235900,D
174141814,EUR/USD,2005-08-05 01:09:03.000,1.235700,1.236000,D
174141823,EUR/USD,2005-08-05 01:09:06.000,1.235600,1.235900,D
174141830,EUR/USD,2005-08-05 01:09:08.000,1.235700,1.236000,D
174141840,EUR/USD,2005-08-05 01:09:18.000,1.235800,1.236100,D
174141896,EUR/USD,2005-08-05 01:09:43.000,1.235700,1.236000,D
174141906,EUR/USD,2005-08-05 01:09:53.000,1.235800,1.236100,D
174141916,EUR/USD,2005-08-05 01:10:01.000,1.235700,1.236000,D
174142003,EUR/USD,2005-08-05 01:11:33.000,1.235800,1.236100,D
174142074,EUR/USD,2005-08-05 01:14:13.000,1.235700,1.236000,D
174142076,EUR/USD,2005-08-05 01:14:14.000,1.235800,1.236100,D
174142103,EUR/USD,2005-08-05 01:14:22.000,1.235900,1.236200,D
174142116,EUR/USD,2005-08-05 01:14:27.000,1.235800,1.236100,D
174142137,EUR/USD,2005-08-05 01:14:37.000,1.235900,1.236200,D
174142158,EUR/USD,2005-08-05 01:14:50.000,1.236000,1.236300,D
174142196,EUR/USD,2005-08-05 01:15:04.000,1.236100,1.236400,D
174142206,EUR/USD,2005-08-05 01:15:07.000,1.236000,1.236300,D
174142218,EUR/USD,2005-08-05 01:15:09.000,1.236100,1.236400,D
174142228,EUR/USD,2005-08-05 01:15:11.000,1.236000,1.236300,D
174142242,EUR/USD,2005-08-05 01:15:15.000,1.236100,1.236400,D
174142297,EUR/USD,2005-08-05 01:16:09.000,1.236000,1.236300,D
174142300,EUR/USD,2005-08-05 01:16:12.000,1.236100,1.236400,D
174142318,EUR/USD,2005-08-05 01:16:26.000,1.236000,1.236300,D
174142333,EUR/USD,2005-08-05 01:16:38.000,1.236100,1.236400,D
174142342,EUR/USD,2005-08-05 01:16:44.000,1.236000,1.236300,D
174142359,EUR/USD,2005-08-05 01:17:03.000,1.235900,1.236200,D
174142366,EUR/USD,2005-08-05 01:17:08.000,1.236000,1.236300,D
174142368,EUR/USD,2005-08-05 01:17:08.000,1.236100,1.236400,D
174142386,EUR/USD,2005-08-05 01:17:39.000,1.236200,1.236500,D
174142389,EUR/USD,2005-08-05 01:17:39.000,1.236100,1.236400,D
174142433,EUR/USD,2005-08-05 01:18:14.000,1.236200,1.236500,D
174142437,EUR/USD,2005-08-05 01:18:16.000,1.236100,1.236400,D
174142453,EUR/USD,2005-08-05 01:18:26.000,1.236200,1.236500,D
174142513,EUR/USD,2005-08-05 01:18:56.000,1.236100,1.236400,D
174142559,EUR/USD,2005-08-05 01:19:16.000,1.236200,1.236500,D
174142567,EUR/USD,2005-08-05 01:19:17.000,1.236100,1.236400,D
174142590,EUR/USD,2005-08-05 01:19:30.000,1.236000,1.236300,D
174142596,EUR/USD,2005-08-05 01:19:35.000,1.236100,1.236400,D
174142615,EUR/USD,2005-08-05 01:19:44.000,1.236000,1.236300,D
174142623,EUR/USD,2005-08-05 01:19:46.000,1.236100,1.236400,D
174142632,EUR/USD,2005-08-05 01:19:51.000,1.236000,1.236300,D
174142667,EUR/USD,2005-08-05 01:20:23.000,1.235900,1.236200,D
174142670,EUR/USD,2005-08-05 01:20:24.000,1.236000,1.236300,D
174142754,EUR/USD,2005-08-05 01:21:32.000,1.235900,1.236200,D
174142793,EUR/USD,2005-08-05 01:21:51.000,1.236000,1.236300,D
174142807,EUR/USD,2005-08-05 01:22:03.000,1.235900,1.236200,D
174142854,EUR/USD,2005-08-05 01:22:36.000,1.235800,1.236100,D
174142862,EUR/USD,2005-08-05 01:22:41.000,1.235900,1.236200,D
174142886,EUR/USD,2005-08-05 01:22:56.000,1.235800,1.236100,D
174142892,EUR/USD,2005-08-05 01:23:00.000,1.235900,1.236200,D
174142926,EUR/USD,2005-08-05 01:23:32.000,1.236000,1.236300,D
174142947,EUR/USD,2005-08-05 01:23:44.000,1.236100,1.236400,D
174142981,EUR/USD,2005-08-05 01:24:00.000,1.236200,1.236500,D
174142994,EUR/USD,2005-08-05 01:24:05.000,1.236100,1.236400,D
174142999,EUR/USD,2005-08-05 01:24:06.000,1.236200,1.236500,D
174143021,EUR/USD,2005-08-05 01:24:21.000,1.236100,1.236400,D
174143037,EUR/USD,2005-08-05 01:24:25.000,1.236000,1.236300,D
174143076,EUR/USD,2005-08-05 01:24:41.000,1.236100,1.236400,D
174143081,EUR/USD,2005-08-05 01:24:43.000,1.236000,1.236300,D
174143087,EUR/USD,2005-08-05 01:24:45.000,1.236100,1.236400,D
174143104,EUR/USD,2005-08-05 01:24:54.000,1.236000,1.236300,D
174143108,EUR/USD,2005-08-05 01:24:55.000,1.236100,1.236400,D
174143121,EUR/USD,2005-08-05 01:25:06.000,1.236200,1.236500,D
174143155,EUR/USD,2005-08-05 01:25:51.000,1.236300,1.236600,D
174143178,EUR/USD,2005-08-05 01:26:04.000,1.236200,1.236500,D
174143182,EUR/USD,2005-08-05 01:26:05.000,1.236300,1.236600,D
174143212,EUR/USD,2005-08-05 01:26:28.000,1.236400,1.236700,D
174143222,EUR/USD,2005-08-05 01:26:32.000,1.236300,1.236600,D
174143234,EUR/USD,2005-08-05 01:26:37.000,1.236400,1.236700,D
174143240,EUR/USD,2005-08-05 01:26:39.000,1.236300,1.236600,D
174143253,EUR/USD,2005-08-05 01:26:43.000,1.236400,1.236700,D
174143288,EUR/USD,2005-08-05 01:27:05.000,1.236500,1.236800,D
174143298,EUR/USD,2005-08-05 01:27:09.000,1.236600,1.236900,D
174143299,EUR/USD,2005-08-05 01:27:11.000,1.236500,1.236800,D
174143306,EUR/USD,2005-08-05 01:27:18.000,1.236400,1.236700,D
174143314,EUR/USD,2005-08-05 01:27:20.000,1.236500,1.236800,D
174143357,EUR/USD,2005-08-05 01:27:35.000,1.236400,1.236700,D
174143359,EUR/USD,2005-08-05 01:27:35.000,1.236500,1.236800,D
174143410,EUR/USD,2005-08-05 01:27:57.000,1.236400,1.236700,D
174143427,EUR/USD,2005-08-05 01:28:03.000,1.236300,1.236600,D
174143466,EUR/USD,2005-08-05 01:28:44.000,1.236200,1.236500,D
174143478,EUR/USD,2005-08-05 01:28:48.000,1.236300,1.236600,D
174143485,EUR/USD,2005-08-05 01:28:52.000,1.236200,1.236500,D
174143530,EUR/USD,2005-08-05 01:29:56.000,1.236300,1.236600,D
174143539,EUR/USD,2005-08-05 01:30:06.000,1.236200,1.236500,D
174143574,EUR/USD,2005-08-05 01:30:40.000,1.236300,1.236600,D
174143587,EUR/USD,2005-08-05 01:30:49.000,1.236200,1.236500,D
174143652,EUR/USD,2005-08-05 01:31:42.000,1.236300,1.236600,D
174143663,EUR/USD,2005-08-05 01:31:56.000,1.236200,1.236500,D
174143766,EUR/USD,2005-08-05 01:33:23.000,1.236300,1.236600,D
174143771,EUR/USD,2005-08-05 01:33:25.000,1.236400,1.236700,D
174143782,EUR/USD,2005-08-05 01:33:26.000,1.236300,1.236600,D
174143806,EUR/USD,2005-08-05 01:33:35.000,1.236400,1.236700,D
174143832,EUR/USD,2005-08-05 01:33:57.000,1.236300,1.236600,D
174143852,EUR/USD,2005-08-05 01:34:11.000,1.236400,1.236700,D
174143903,EUR/USD,2005-08-05 01:35:12.000,1.236300,1.236600,D
174143958,EUR/USD,2005-08-05 01:35:47.000,1.236400,1.236700,D
174144005,EUR/USD,2005-08-05 01:36:11.000,1.236500,1.236800,D
174144060,EUR/USD,2005-08-05 01:36:53.000,1.236600,1.236900,D
174144121,EUR/USD,2005-08-05 01:37:58.000,1.236700,1.237000,D
174144134,EUR/USD,2005-08-05 01:38:12.000,1.236600,1.236900,D
174144142,EUR/USD,2005-08-05 01:38:19.000,1.236700,1.237000,D
174144184,EUR/USD,2005-08-05 01:38:46.000,1.236800,1.237100,D
174144209,EUR/USD,2005-08-05 01:38:54.000,1.236900,1.237200,D
174144221,EUR/USD,2005-08-05 01:38:55.000,1.236800,1.237100,D
174144226,EUR/USD,2005-08-05 01:38:57.000,1.236900,1.237200,D
174144249,EUR/USD,2005-08-05 01:39:04.000,1.236800,1.237100,D
174144288,EUR/USD,2005-08-05 01:39:33.000,1.236900,1.237200,D
174144291,EUR/USD,2005-08-05 01:39:37.000,1.236800,1.237100,D
174144294,EUR/USD,2005-08-05 01:39:38.000,1.236900,1.237200,D
174144299,EUR/USD,2005-08-05 01:39:41.000,1.236800,1.237100,D
174144317,EUR/USD,2005-08-05 01:39:54.000,1.236700,1.237000,D
174144352,EUR/USD,2005-08-05 01:40:11.000,1.236800,1.237100,D
174144391,EUR/USD,2005-08-05 01:40:28.000,1.236900,1.237200,D
174144398,EUR/USD,2005-08-05 01:40:31.000,1.236800,1.237100,D
174144399,EUR/USD,2005-08-05 01:40:31.000,1.236900,1.237200,D
174144406,EUR/USD,2005-08-05 01:40:32.000,1.236800,1.237100,D
174144411,EUR/USD,2005-08-05 01:40:34.000,1.236900,1.237200,D
174144414,EUR/USD,2005-08-05 01:40:34.000,1.237000,1.237300,D
174144419,EUR/USD,2005-08-05 01:40:35.000,1.236900,1.237200,D
174144430,EUR/USD,2005-08-05 01:40:44.000,1.237000,1.237300,D
174144446,EUR/USD,2005-08-05 01:40:47.000,1.236900,1.237200,D
174144447,EUR/USD,2005-08-05 01:40:49.000,1.237000,1.237300,D
174144454,EUR/USD,2005-08-05 01:40:51.000,1.236900,1.237200,D
174144464,EUR/USD,2005-08-05 01:40:55.000,1.236800,1.237100,D
174144520,EUR/USD,2005-08-05 01:41:14.000,1.236700,1.237000,D
174144525,EUR/USD,2005-08-05 01:41:15.000,1.236800,1.237100,D
174144544,EUR/USD,2005-08-05 01:41:19.000,1.236700,1.237000,D
174144550,EUR/USD,2005-08-05 01:41:20.000,1.236800,1.237100,D
174144564,EUR/USD,2005-08-05 01:41:27.000,1.236900,1.237200,D
174144587,EUR/USD,2005-08-05 01:41:45.000,1.236800,1.237100,D
174144588,EUR/USD,2005-08-05 01:41:46.000,1.236900,1.237200,D
174144609,EUR/USD,2005-08-05 01:41:53.000,1.237000,1.237300,D
174144617,EUR/USD,2005-08-05 01:41:56.000,1.236900,1.237200,D
174144628,EUR/USD,2005-08-05 01:42:11.000,1.237000,1.237300,D
174144646,EUR/USD,2005-08-05 01:42:16.000,1.237100,1.237400,D
174144650,EUR/USD,2005-08-05 01:42:17.000,1.237200,1.237500,D
174144660,EUR/USD,2005-08-05 01:42:19.000,1.237100,1.237400,D
174144661,EUR/USD,2005-08-05 01:42:22.000,1.237200,1.237500,D
174144671,EUR/USD,2005-08-05 01:42:24.000,1.237100,1.237400,D
174144676,EUR/USD,2005-08-05 01:42:24.000,1.237200,1.237500,D
174144679,EUR/USD,2005-08-05 01:42:25.000,1.237300,1.237600,D
174144688,EUR/USD,2005-08-05 01:42:27.000,1.237200,1.237500,D
174144701,EUR/USD,2005-08-05 01:42:30.000,1.237100,1.237400,D
174144706,EUR/USD,2005-08-05 01:42:31.000,1.237200,1.237500,D
174144720,EUR/USD,2005-08-05 01:42:34.000,1.237100,1.237400,D
174144728,EUR/USD,2005-08-05 01:42:35.000,1.237200,1.237500,D
174144734,EUR/USD,2005-08-05 01:42:37.000,1.237100,1.237400,D
174144750,EUR/USD,2005-08-05 01:42:53.000,1.237200,1.237500,D
174144771,EUR/USD,2005-08-05 01:43:07.000,1.237100,1.237400,D
174144793,EUR/USD,2005-08-05 01:43:16.000,1.237200,1.237500,D
174144800,EUR/USD,2005-08-05 01:43:19.000,1.237100,1.237400,D
174144803,EUR/USD,2005-08-05 01:43:19.000,1.237200,1.237500,D
174144808,EUR/USD,2005-08-05 01:43:20.000,1.237300,1.237600,D
174144818,EUR/USD,2005-08-05 01:43:23.000,1.237400,1.237700,D
174144835,EUR/USD,2005-08-05 01:43:32.000,1.237300,1.237600,D
174144838,EUR/USD,2005-08-05 01:43:32.000,1.237200,1.237500,D
174144862,EUR/USD,2005-08-05 01:43:45.000,1.237300,1.237600,D
174144873,EUR/USD,2005-08-05 01:43:51.000,1.237200,1.237500,D
174144884,EUR/USD,2005-08-05 01:44:00.000,1.237100,1.237400,D
174144886,EUR/USD,2005-08-05 01:44:00.000,1.237200,1.237500,D
174144895,EUR/USD,2005-08-05 01:44:01.000,1.237100,1.237400,D
174144926,EUR/USD,2005-08-05 01:44:30.000,1.237000,1.237300,D
174144931,EUR/USD,2005-08-05 01:44:30.000,1.237100,1.237400,D
174144985,EUR/USD,2005-08-05 01:45:11.000,1.237000,1.237300,D
174144990,EUR/USD,2005-08-05 01:45:18.000,1.237100,1.237400,D
174144994,EUR/USD,2005-08-05 01:45:22.000,1.237000,1.237300,D
174144995,EUR/USD,2005-08-05 01:45:24.000,1.237100,1.237400,D
174145000,EUR/USD,2005-08-05 01:45:27.000,1.237000,1.237300,D
174145014,EUR/USD,2005-08-05 01:45:34.000,1.237100,1.237400,D
174145058,EUR/USD,2005-08-05 01:46:11.000,1.237000,1.237300,D
174145071,EUR/USD,2005-08-05 01:46:15.000,1.236900,1.237200,D
174145087,EUR/USD,2005-08-05 01:46:20.000,1.237000,1.237300,D
174145102,EUR/USD,2005-08-05 01:46:26.000,1.237100,1.237400,D
174145109,EUR/USD,2005-08-05 01:46:28.000,1.237000,1.237300,D
174145119,EUR/USD,2005-08-05 01:46:29.000,1.237100,1.237400,D
174145121,EUR/USD,2005-08-05 01:46:29.000,1.237000,1.237300,D
174145125,EUR/USD,2005-08-05 01:46:30.000,1.236900,1.237200,D
174145131,EUR/USD,2005-08-05 01:46:34.000,1.237000,1.237300,D
174145147,EUR/USD,2005-08-05 01:46:36.000,1.237100,1.237400,D
174145149,EUR/USD,2005-08-05 01:46:36.000,1.237000,1.237300,D
174145152,EUR/USD,2005-08-05 01:46:37.000,1.237100,1.237400,D
174145180,EUR/USD,2005-08-05 01:46:51.000,1.237000,1.237300,D
174145204,EUR/USD,2005-08-05 01:46:55.000,1.237100,1.237400,D
174145221,EUR/USD,2005-08-05 01:46:58.000,1.237000,1.237300,D
174145224,EUR/USD,2005-08-05 01:46:59.000,1.237100,1.237400,D
174145249,EUR/USD,2005-08-05 01:47:07.000,1.237000,1.237300,D
174145252,EUR/USD,2005-08-05 01:47:08.000,1.237100,1.237400,D
174145259,EUR/USD,2005-08-05 01:47:10.000,1.237000,1.237300,D
174145263,EUR/USD,2005-08-05 01:47:11.000,1.236900,1.237200,D
174145265,EUR/USD,2005-08-05 01:47:12.000,1.237000,1.237300,D
174145270,EUR/USD,2005-08-05 01:47:12.000,1.237100,1.237400,D
174145284,EUR/USD,2005-08-05 01:47:18.000,1.237000,1.237300,D
174145287,EUR/USD,2005-08-05 01:47:19.000,1.237100,1.237400,D
174145299,EUR/USD,2005-08-05 01:47:22.000,1.237000,1.237300,D
174145309,EUR/USD,2005-08-05 01:47:24.000,1.237100,1.237400,D
174145314,EUR/USD,2005-08-05 01:47:25.000,1.237000,1.237300,D
174145322,EUR/USD,2005-08-05 01:47:27.000,1.237100,1.237400,D
174145349,EUR/USD,2005-08-05 01:47:51.000,1.237200,1.237500,D
174145351,EUR/USD,2005-08-05 01:47:52.000,1.237100,1.237400,D
174145353,EUR/USD,2005-08-05 01:47:54.000,1.237200,1.237500,D
174145355,EUR/USD,2005-08-05 01:47:58.000,1.237100,1.237400,D
174145449,EUR/USD,2005-08-05 01:48:39.000,1.237200,1.237500,D
174145496,EUR/USD,2005-08-05 01:48:58.000,1.237300,1.237600,D
174145516,EUR/USD,2005-08-05 01:49:07.000,1.237200,1.237500,D
174145540,EUR/USD,2005-08-05 01:49:20.000,1.237300,1.237600,D
174145569,EUR/USD,2005-08-05 01:49:51.000,1.237400,1.237700,D
174145574,EUR/USD,2005-08-05 01:49:59.000,1.237300,1.237600,D
174145585,EUR/USD,2005-08-05 01:50:04.000,1.237400,1.237700,D
174145586,EUR/USD,2005-08-05 01:50:04.000,1.237300,1.237600,D
174145598,EUR/USD,2005-08-05 01:50:17.000,1.237400,1.237700,D
174145634,EUR/USD,2005-08-05 01:50:39.000,1.237300,1.237600,D
174145643,EUR/USD,2005-08-05 01:50:43.000,1.237400,1.237700,D
174145709,EUR/USD,2005-08-05 01:51:11.000,1.237500,1.237800,D
174145731,EUR/USD,2005-08-05 01:51:19.000,1.237400,1.237700,D
174145739,EUR/USD,2005-08-05 01:51:22.000,1.237500,1.237800,D
174145746,EUR/USD,2005-08-05 01:51:24.000,1.237400,1.237700,D
174145853,EUR/USD,2005-08-05 01:52:37.000,1.237300,1.237600,D
174145858,EUR/USD,2005-08-05 01:52:38.000,1.237400,1.237700,D
174145873,EUR/USD,2005-08-05 01:52:45.000,1.237300,1.237600,D
174145972,EUR/USD,2005-08-05 01:54:16.000,1.237200,1.237500,D
174145979,EUR/USD,2005-08-05 01:54:16.000,1.237300,1.237600,D
174145987,EUR/USD,2005-08-05 01:54:25.000,1.237200,1.237500,D
174145998,EUR/USD,2005-08-05 01:54:30.000,1.237300,1.237600,D
174146001,EUR/USD,2005-08-05 01:54:35.000,1.237200,1.237500,D
174146055,EUR/USD,2005-08-05 01:55:14.000,1.237300,1.237600,D
174146062,EUR/USD,2005-08-05 01:55:19.000,1.237200,1.237500,D
174146088,EUR/USD,2005-08-05 01:55:36.000,1.237300,1.237600,D
174146142,EUR/USD,2005-08-05 01:56:25.000,1.237400,1.237700,D
174146148,EUR/USD,2005-08-05 01:56:28.000,1.237300,1.237600,D
174146152,EUR/USD,2005-08-05 01:56:31.000,1.237400,1.237700,D
174146153,EUR/USD,2005-08-05 01:56:32.000,1.237300,1.237600,D
174146162,EUR/USD,2005-08-05 01:56:34.000,1.237400,1.237700,D
174146174,EUR/USD,2005-08-05 01:56:42.000,1.237300,1.237600,D
174146197,EUR/USD,2005-08-05 01:56:51.000,1.237400,1.237700,D
174146261,EUR/USD,2005-08-05 01:57:14.000,1.237300,1.237600,D
174146274,EUR/USD,2005-08-05 01:57:17.000,1.237400,1.237700,D
174146339,EUR/USD,2005-08-05 01:57:32.000,1.237500,1.237800,D
174146356,EUR/USD,2005-08-05 01:57:40.000,1.237400,1.237700,D
174146410,EUR/USD,2005-08-05 01:57:55.000,1.237500,1.237800,D
174146445,EUR/USD,2005-08-05 01:58:18.000,1.237400,1.237700,D
174146465,EUR/USD,2005-08-05 01:58:23.000,1.237500,1.237800,D
174146485,EUR/USD,2005-08-05 01:58:26.000,1.237400,1.237700,D
174146556,EUR/USD,2005-08-05 01:58:57.000,1.237300,1.237600,D
174146564,EUR/USD,2005-08-05 01:58:58.000,1.237400,1.237700,D
174146574,EUR/USD,2005-08-05 01:59:03.000,1.237300,1.237600,D
174146611,EUR/USD,2005-08-05 01:59:26.000,1.237400,1.237700,D
174146618,EUR/USD,2005-08-05 01:59:28.000,1.237300,1.237600,D
174146646,EUR/USD,2005-08-05 01:59:34.000,1.237200,1.237500,D
174146648,EUR/USD,2005-08-05 01:59:34.000,1.237300,1.237600,D
174146671,EUR/USD,2005-08-05 01:59:51.000,1.237200,1.237500,D
174146674,EUR/USD,2005-08-05 01:59:51.000,1.237300,1.237600,D
174146688,EUR/USD,2005-08-05 01:59:55.000,1.237200,1.237500,D
174146692,EUR/USD,2005-08-05 01:59:56.000,1.237300,1.237600,D
174146717,EUR/USD,2005-08-05 02:00:08.000,1.237200,1.237500,D
174146747,EUR/USD,2005-08-05 02:00:21.000,1.237100,1.237400,D
174146749,EUR/USD,2005-08-05 02:00:21.000,1.237200,1.237500,D
174146767,EUR/USD,2005-08-05 02:00:29.000,1.237100,1.237400,D
174146783,EUR/USD,2005-08-05 02:00:33.000,1.237000,1.237300,D
174146789,EUR/USD,2005-08-05 02:00:35.000,1.236900,1.237200,D
174146801,EUR/USD,2005-08-05 02:00:37.000,1.236800,1.237100,D
174146814,EUR/USD,2005-08-05 02:00:40.000,1.236900,1.237200,D
174146824,EUR/USD,2005-08-05 02:00:42.000,1.236800,1.237100,D
174146850,EUR/USD,2005-08-05 02:00:47.000,1.236700,1.237000,D
174146872,EUR/USD,2005-08-05 02:00:55.000,1.236800,1.237100,D
174146898,EUR/USD,2005-08-05 02:00:59.000,1.236900,1.237200,D
174146909,EUR/USD,2005-08-05 02:01:02.000,1.237000,1.237300,D
174146915,EUR/USD,2005-08-05 02:01:03.000,1.236900,1.237200,D
174146960,EUR/USD,2005-08-05 02:01:15.000,1.236800,1.237100,D
174146961,EUR/USD,2005-08-05 02:01:16.000,1.236900,1.237200,D
174146978,EUR/USD,2005-08-05 02:01:18.000,1.236800,1.237100,D
174146991,EUR/USD,2005-08-05 02:01:24.000,1.236900,1.237200,D
174147017,EUR/USD,2005-08-05 02:01:37.000,1.236800,1.237100,D
174147094,EUR/USD,2005-08-05 02:02:24.000,1.236700,1.237000,D
174147100,EUR/USD,2005-08-05 02:02:26.000,1.236800,1.237100,D
174147117,EUR/USD,2005-08-05 02:02:35.000,1.236700,1.237000,D
174147125,EUR/USD,2005-08-05 02:02:45.000,1.236800,1.237100,D
174147128,EUR/USD,2005-08-05 02:02:46.000,1.236700,1.237000,D
174147135,EUR/USD,2005-08-05 02:02:54.000,1.236800,1.237100,D
174147142,EUR/USD,2005-08-05 02:02:57.000,1.236700,1.237000,D
174147146,EUR/USD,2005-08-05 02:03:11.000,1.236800,1.237100,D
174147276,EUR/USD,2005-08-05 02:04:27.000,1.236700,1.237000,D
174147298,EUR/USD,2005-08-05 02:04:41.000,1.236800,1.237100,D
174147375,EUR/USD,2005-08-05 02:05:22.000,1.236700,1.237000,D
174147383,EUR/USD,2005-08-05 02:05:27.000,1.236600,1.236900,D
174147442,EUR/USD,2005-08-05 02:05:55.000,1.236700,1.237000,D
174147453,EUR/USD,2005-08-05 02:05:57.000,1.236600,1.236900,D
174147463,EUR/USD,2005-08-05 02:06:01.000,1.236700,1.237000,D
174147466,EUR/USD,2005-08-05 02:06:01.000,1.236600,1.236900,D
174147479,EUR/USD,2005-08-05 02:06:06.000,1.236500,1.236800,D
174147520,EUR/USD,2005-08-05 02:06:24.000,1.236400,1.236700,D
174147548,EUR/USD,2005-08-05 02:06:37.000,1.236300,1.236600,D
174147562,EUR/USD,2005-08-05 02:06:40.000,1.236200,1.236500,D
174147639,EUR/USD,2005-08-05 02:06:57.000,1.236300,1.236600,D
174147666,EUR/USD,2005-08-05 02:07:13.000,1.236200,1.236500,D
174147676,EUR/USD,2005-08-05 02:07:14.000,1.236300,1.236600,D
174147716,EUR/USD,2005-08-05 02:07:32.000,1.236200,1.236500,D
174147721,EUR/USD,2005-08-05 02:07:33.000,1.236300,1.236600,D
174147732,EUR/USD,2005-08-05 02:07:37.000,1.236200,1.236500,D
174147758,EUR/USD,2005-08-05 02:07:48.000,1.236100,1.236400,D
174147767,EUR/USD,2005-08-05 02:07:50.000,1.236000,1.236300,D
174147795,EUR/USD,2005-08-05 02:07:58.000,1.236100,1.236400,D
174147878,EUR/USD,2005-08-05 02:08:31.000,1.236200,1.236500,D
174147902,EUR/USD,2005-08-05 02:08:36.000,1.236300,1.236600,D
174147929,EUR/USD,2005-08-05 02:08:48.000,1.236400,1.236700,D
174147934,EUR/USD,2005-08-05 02:08:49.000,1.236300,1.236600,D
174147940,EUR/USD,2005-08-05 02:08:50.000,1.236400,1.236700,D
174147956,EUR/USD,2005-08-05 02:08:56.000,1.236300,1.236600,D
174147983,EUR/USD,2005-08-05 02:09:05.000,1.236200,1.236500,D
174148000,EUR/USD,2005-08-05 02:09:11.000,1.236300,1.236600,D
174148018,EUR/USD,2005-08-05 02:09:14.000,1.236200,1.236500,D
174148023,EUR/USD,2005-08-05 02:09:14.000,1.236300,1.236600,D
174148024,EUR/USD,2005-08-05 02:09:15.000,1.236400,1.236700,D
174148085,EUR/USD,2005-08-05 02:09:32.000,1.236300,1.236600,D
174148095,EUR/USD,2005-08-05 02:09:35.000,1.236400,1.236700,D
174148158,EUR/USD,2005-08-05 02:09:57.000,1.236500,1.236800,D
174148172,EUR/USD,2005-08-05 02:10:01.000,1.236600,1.236900,D
174148182,EUR/USD,2005-08-05 02:10:03.000,1.236500,1.236800,D
174148271,EUR/USD,2005-08-05 02:11:07.000,1.236600,1.236900,D
174148286,EUR/USD,2005-08-05 02:11:12.000,1.236500,1.236800,D
174148308,EUR/USD,2005-08-05 02:11:18.000,1.236400,1.236700,D
174148317,EUR/USD,2005-08-05 02:11:19.000,1.236500,1.236800,D
174148371,EUR/USD,2005-08-05 02:11:52.000,1.236400,1.236700,D
174148375,EUR/USD,2005-08-05 02:11:52.000,1.236500,1.236800,D
174148422,EUR/USD,2005-08-05 02:12:44.000,1.236600,1.236900,D
174148429,EUR/USD,2005-08-05 02:12:47.000,1.236500,1.236800,D
174148506,EUR/USD,2005-08-05 02:13:46.000,1.236400,1.236700,D
174148515,EUR/USD,2005-08-05 02:13:58.000,1.236300,1.236600,D
174148573,EUR/USD,2005-08-05 02:14:22.000,1.236400,1.236700,D
174148581,EUR/USD,2005-08-05 02:14:27.000,1.236500,1.236800,D
174148586,EUR/USD,2005-08-05 02:14:28.000,1.236400,1.236700,D
174148602,EUR/USD,2005-08-05 02:14:39.000,1.236500,1.236800,D
174148613,EUR/USD,2005-08-05 02:14:42.000,1.236600,1.236900,D
174148645,EUR/USD,2005-08-05 02:14:52.000,1.236700,1.237000,D
174148661,EUR/USD,2005-08-05 02:14:57.000,1.236600,1.236900,D
174148674,EUR/USD,2005-08-05 02:15:07.000,1.236700,1.237000,D
174148682,EUR/USD,2005-08-05 02:15:07.000,1.236600,1.236900,D
174148688,EUR/USD,2005-08-05 02:15:10.000,1.236700,1.237000,D
174148709,EUR/USD,2005-08-05 02:15:24.000,1.236800,1.237100,D
174148742,EUR/USD,2005-08-05 02:15:46.000,1.236900,1.237200,D
174148746,EUR/USD,2005-08-05 02:15:47.000,1.236800,1.237100,D
174148748,EUR/USD,2005-08-05 02:15:49.000,1.236900,1.237200,D
174148765,EUR/USD,2005-08-05 02:15:54.000,1.237000,1.237300,D
174148769,EUR/USD,2005-08-05 02:15:55.000,1.237100,1.237400,D
174148777,EUR/USD,2005-08-05 02:15:57.000,1.237000,1.237300,D
174148796,EUR/USD,2005-08-05 02:16:05.000,1.237100,1.237400,D
174148809,EUR/USD,2005-08-05 02:16:10.000,1.237000,1.237300,D
174148815,EUR/USD,2005-08-05 02:16:11.000,1.237100,1.237400,D
174148820,EUR/USD,2005-08-05 02:16:12.000,1.237000,1.237300,D
174148832,EUR/USD,2005-08-05 02:16:18.000,1.237100,1.237400,D
174148847,EUR/USD,2005-08-05 02:16:29.000,1.237200,1.237500,D
174148854,EUR/USD,2005-08-05 02:16:30.000,1.237100,1.237400,D
174148880,EUR/USD,2005-08-05 02:16:44.000,1.237000,1.237300,D
174148896,EUR/USD,2005-08-05 02:16:47.000,1.237100,1.237400,D
174148919,EUR/USD,2005-08-05 02:17:00.000,1.237000,1.237300,D
174148932,EUR/USD,2005-08-05 02:17:01.000,1.237100,1.237400,D
174148990,EUR/USD,2005-08-05 02:17:34.000,1.237000,1.237300,D
174148995,EUR/USD,2005-08-05 02:17:35.000,1.237100,1.237400,D
174149001,EUR/USD,2005-08-05 02:17:37.000,1.237000,1.237300,D
174149016,EUR/USD,2005-08-05 02:17:51.000,1.237100,1.237400,D
174149076,EUR/USD,2005-08-05 02:18:22.000,1.237200,1.237500,D
174149082,EUR/USD,2005-08-05 02:18:23.000,1.237100,1.237400,D
174149094,EUR/USD,2005-08-05 02:18:30.000,1.237000,1.237300,D
174149098,EUR/USD,2005-08-05 02:18:33.000,1.237100,1.237400,D
174149104,EUR/USD,2005-08-05 02:18:35.000,1.237000,1.237300,D
174149124,EUR/USD,2005-08-05 02:18:50.000,1.236900,1.237200,D
174149138,EUR/USD,2005-08-05 02:18:54.000,1.237000,1.237300,D
174149154,EUR/USD,2005-08-05 02:18:58.000,1.236900,1.237200,D
174149178,EUR/USD,2005-08-05 02:19:07.000,1.236800,1.237100,D
174149191,EUR/USD,2005-08-05 02:19:14.000,1.236900,1.237200,D
174149195,EUR/USD,2005-08-05 02:19:15.000,1.236800,1.237100,D
174149200,EUR/USD,2005-08-05 02:19:17.000,1.236900,1.237200,D
174149209,EUR/USD,2005-08-05 02:19:18.000,1.236800,1.237100,D
174149210,EUR/USD,2005-08-05 02:19:18.000,1.236900,1.237200,D
174149222,EUR/USD,2005-08-05 02:19:27.000,1.236800,1.237100,D
174149237,EUR/USD,2005-08-05 02:19:33.000,1.236900,1.237200,D
174149243,EUR/USD,2005-08-05 02:19:34.000,1.236800,1.237100,D
174149251,EUR/USD,2005-08-05 02:19:38.000,1.236900,1.237200,D
174149259,EUR/USD,2005-08-05 02:19:41.000,1.236800,1.237100,D
174149282,EUR/USD,2005-08-05 02:20:14.000,1.236900,1.237200,D
174149296,EUR/USD,2005-08-05 02:20:30.000,1.236800,1.237100,D
174149319,EUR/USD,2005-08-05 02:20:45.000,1.236700,1.237000,D
174149327,EUR/USD,2005-08-05 02:20:54.000,1.236800,1.237100,D
174149344,EUR/USD,2005-08-05 02:21:00.000,1.236700,1.237000,D
174149348,EUR/USD,2005-08-05 02:21:01.000,1.236800,1.237100,D
174149352,EUR/USD,2005-08-05 02:21:04.000,1.236700,1.237000,D
174149367,EUR/USD,2005-08-05 02:21:12.000,1.236800,1.237100,D
174149380,EUR/USD,2005-08-05 02:21:27.000,1.236900,1.237200,D
174149445,EUR/USD,2005-08-05 02:22:50.000,1.237000,1.237300,D
174149500,EUR/USD,2005-08-05 02:23:35.000,1.237100,1.237400,D
174149539,EUR/USD,2005-08-05 02:23:46.000,1.237200,1.237500,D
174149564,EUR/USD,2005-08-05 02:23:56.000,1.237300,1.237600,D
174149629,EUR/USD,2005-08-05 02:24:17.000,1.237400,1.237700,D
174149649,EUR/USD,2005-08-05 02:24:25.000,1.237300,1.237600,D
174149672,EUR/USD,2005-08-05 02:24:40.000,1.237200,1.237500,D
174149682,EUR/USD,2005-08-05 02:24:42.000,1.237100,1.237400,D
174149706,EUR/USD,2005-08-05 02:24:48.000,1.237200,1.237500,D
174149710,EUR/USD,2005-08-05 02:24:49.000,1.237300,1.237600,D
174149719,EUR/USD,2005-08-05 02:24:50.000,1.237200,1.237500,D
174149726,EUR/USD,2005-08-05 02:24:51.000,1.237100,1.237400,D
174149731,EUR/USD,2005-08-05 02:24:52.000,1.237200,1.237500,D
174149739,EUR/USD,2005-08-05 02:24:53.000,1.237300,1.237600,D
174149745,EUR/USD,2005-08-05 02:24:55.000,1.237200,1.237500,D
174149748,EUR/USD,2005-08-05 02:24:55.000,1.237100,1.237400,D
174149758,EUR/USD,2005-08-05 02:24:56.000,1.237200,1.237500,D
174149763,EUR/USD,2005-08-05 02:24:58.000,1.237300,1.237600,D
174149768,EUR/USD,2005-08-05 02:25:00.000,1.237200,1.237500,D
174149778,EUR/USD,2005-08-05 02:25:04.000,1.237300,1.237600,D
174149783,EUR/USD,2005-08-05 02:25:05.000,1.237200,1.237500,D
174149787,EUR/USD,2005-08-05 02:25:07.000,1.237300,1.237600,D
174149804,EUR/USD,2005-08-05 02:25:12.000,1.237400,1.237700,D
174149821,EUR/USD,2005-08-05 02:25:15.000,1.237300,1.237600,D
174149840,EUR/USD,2005-08-05 02:25:27.000,1.237200,1.237500,D
174149851,EUR/USD,2005-08-05 02:25:33.000,1.237300,1.237600,D
174149875,EUR/USD,2005-08-05 02:25:44.000,1.237400,1.237700,D
174149882,EUR/USD,2005-08-05 02:25:45.000,1.237300,1.237600,D
174149918,EUR/USD,2005-08-05 02:26:08.000,1.237400,1.237700,D
174149935,EUR/USD,2005-08-05 02:26:19.000,1.237300,1.237600,D
174149942,EUR/USD,2005-08-05 02:26:26.000,1.237400,1.237700,D
174150032,EUR/USD,2005-08-05 02:27:29.000,1.237300,1.237600,D
174150101,EUR/USD,2005-08-05 02:27:54.000,1.237200,1.237500,D
174150112,EUR/USD,2005-08-05 02:27:55.000,1.237300,1.237600,D
174150153,EUR/USD,2005-08-05 02:28:05.000,1.237400,1.237700,D
174150159,EUR/USD,2005-08-05 02:28:06.000,1.237300,1.237600,D
174150165,EUR/USD,2005-08-05 02:28:07.000,1.237400,1.237700,D
174150172,EUR/USD,2005-08-05 02:28:08.000,1.237300,1.237600,D
174150212,EUR/USD,2005-08-05 02:28:23.000,1.237400,1.237700,D
174150219,EUR/USD,2005-08-05 02:28:25.000,1.237300,1.237600,D
174150220,EUR/USD,2005-08-05 02:28:26.000,1.237400,1.237700,D
174150229,EUR/USD,2005-08-05 02:28:32.000,1.237500,1.237800,D
174150297,EUR/USD,2005-08-05 02:28:59.000,1.237400,1.237700,D
174150320,EUR/USD,2005-08-05 02:29:11.000,1.237300,1.237600,D
174150335,EUR/USD,2005-08-05 02:29:23.000,1.237200,1.237500,D
174150358,EUR/USD,2005-08-05 02:29:34.000,1.237100,1.237400,D
174150365,EUR/USD,2005-08-05 02:29:36.000,1.237000,1.237300,D
174150382,EUR/USD,2005-08-05 02:29:39.000,1.236900,1.237200,D
174150414,EUR/USD,2005-08-05 02:29:47.000,1.236800,1.237100,D
174150471,EUR/USD,2005-08-05 02:30:01.000,1.236700,1.237000,D
174150477,EUR/USD,2005-08-05 02:30:01.000,1.236800,1.237100,D
174150499,EUR/USD,2005-08-05 02:30:04.000,1.236900,1.237200,D
174150533,EUR/USD,2005-08-05 02:30:12.000,1.236800,1.237100,D
174150586,EUR/USD,2005-08-05 02:30:42.000,1.236900,1.237200,D
174150597,EUR/USD,2005-08-05 02:30:43.000,1.236800,1.237100,D
174150605,EUR/USD,2005-08-05 02:30:47.000,1.236900,1.237200,D
174150652,EUR/USD,2005-08-05 02:31:13.000,1.236800,1.237100,D
174150673,EUR/USD,2005-08-05 02:31:37.000,1.236900,1.237200,D
174150748,EUR/USD,2005-08-05 02:32:29.000,1.236800,1.237100,D
174150760,EUR/USD,2005-08-05 02:32:33.000,1.236700,1.237000,D
174150825,EUR/USD,2005-08-05 02:33:11.000,1.236600,1.236900,D
174150833,EUR/USD,2005-08-05 02:33:12.000,1.236700,1.237000,D
174150856,EUR/USD,2005-08-05 02:33:26.000,1.236800,1.237100,D
174150861,EUR/USD,2005-08-05 02:33:27.000,1.236700,1.237000,D
174150864,EUR/USD,2005-08-05 02:33:28.000,1.236600,1.236900,D
174150884,EUR/USD,2005-08-05 02:33:30.000,1.236700,1.237000,D
174150895,EUR/USD,2005-08-05 02:33:31.000,1.236600,1.236900,D
174150944,EUR/USD,2005-08-05 02:33:47.000,1.236700,1.237000,D
174150986,EUR/USD,2005-08-05 02:34:03.000,1.236600,1.236900,D
174151003,EUR/USD,2005-08-05 02:34:12.000,1.236700,1.237000,D
174151013,EUR/USD,2005-08-05 02:34:14.000,1.236600,1.236900,D
174151023,EUR/USD,2005-08-05 02:34:15.000,1.236700,1.237000,D
174151073,EUR/USD,2005-08-05 02:34:20.000,1.236800,1.237100,D
174151084,EUR/USD,2005-08-05 02:34:21.000,1.236900,1.237200,D
174151111,EUR/USD,2005-08-05 02:34:25.000,1.236800,1.237100,D
174151156,EUR/USD,2005-08-05 02:34:30.000,1.236700,1.237000,D
174151173,EUR/USD,2005-08-05 02:34:32.000,1.236800,1.237100,D
174151237,EUR/USD,2005-08-05 02:34:43.000,1.236900,1.237200,D
174151273,EUR/USD,2005-08-05 02:34:48.000,1.237000,1.237300,D
174151309,EUR/USD,2005-08-05 02:34:52.000,1.237100,1.237400,D
174151326,EUR/USD,2005-08-05 02:34:53.000,1.237200,1.237500,D
174151347,EUR/USD,2005-08-05 02:34:55.000,1.237300,1.237600,D
174151353,EUR/USD,2005-08-05 02:34:56.000,1.237200,1.237500,D
174151365,EUR/USD,2005-08-05 02:34:57.000,1.237300,1.237600,D
174151374,EUR/USD,2005-08-05 02:34:58.000,1.237200,1.237500,D
174151381,EUR/USD,2005-08-05 02:35:00.000,1.237300,1.237600,D
174151402,EUR/USD,2005-08-05 02:35:05.000,1.237400,1.237700,D
174151421,EUR/USD,2005-08-05 02:35:07.000,1.237300,1.237600,D
174151431,EUR/USD,2005-08-05 02:35:10.000,1.237200,1.237500,D
174151449,EUR/USD,2005-08-05 02:35:12.000,1.237300,1.237600,D
174151459,EUR/USD,2005-08-05 02:35:12.000,1.237200,1.237500,D
174151519,EUR/USD,2005-08-05 02:35:29.000,1.237300,1.237600,D
174151559,EUR/USD,2005-08-05 02:35:37.000,1.237200,1.237500,D
174151562,EUR/USD,2005-08-05 02:35:38.000,1.237300,1.237600,D
174151591,EUR/USD,2005-08-05 02:35:48.000,1.237200,1.237500,D
174151598,EUR/USD,2005-08-05 02:35:48.000,1.237300,1.237600,D
174151628,EUR/USD,2005-08-05 02:35:57.000,1.237200,1.237500,D
174151683,EUR/USD,2005-08-05 02:36:16.000,1.237300,1.237600,D
174151770,EUR/USD,2005-08-05 02:36:55.000,1.237200,1.237500,D
174151795,EUR/USD,2005-08-05 02:37:22.000,1.237300,1.237600,D
174151813,EUR/USD,2005-08-05 02:37:36.000,1.237200,1.237500,D
174151885,EUR/USD,2005-08-05 02:38:36.000,1.237100,1.237400,D
174151912,EUR/USD,2005-08-05 02:38:47.000,1.237000,1.237300,D
174151921,EUR/USD,2005-08-05 02:38:53.000,1.237100,1.237400,D
174151975,EUR/USD,2005-08-05 02:39:19.000,1.237000,1.237300,D
174151979,EUR/USD,2005-08-05 02:39:21.000,1.237100,1.237400,D
174151989,EUR/USD,2005-08-05 02:39:35.000,1.237000,1.237300,D
174152014,EUR/USD,2005-08-05 02:39:51.000,1.237100,1.237400,D
174152026,EUR/USD,2005-08-05 02:39:58.000,1.237200,1.237500,D
174152043,EUR/USD,2005-08-05 02:40:03.000,1.237300,1.237600,D
174152054,EUR/USD,2005-08-05 02:40:05.000,1.237200,1.237500,D
174152058,EUR/USD,2005-08-05 02:40:05.000,1.237300,1.237600,D
174152073,EUR/USD,2005-08-05 02:40:08.000,1.237200,1.237500,D
174152077,EUR/USD,2005-08-05 02:40:13.000,1.237300,1.237600,D
174152123,EUR/USD,2005-08-05 02:40:28.000,1.237400,1.237700,D
174152141,EUR/USD,2005-08-05 02:40:32.000,1.237500,1.237800,D
174152170,EUR/USD,2005-08-05 02:40:37.000,1.237600,1.237900,D
174152178,EUR/USD,2005-08-05 02:40:38.000,1.237500,1.237800,D
174152183,EUR/USD,2005-08-05 02:40:40.000,1.237600,1.237900,D
174152196,EUR/USD,2005-08-05 02:40:43.000,1.237500,1.237800,D
174152203,EUR/USD,2005-08-05 02:40:44.000,1.237400,1.237700,D
174152266,EUR/USD,2005-08-05 02:41:08.000,1.237300,1.237600,D
174152273,EUR/USD,2005-08-05 02:41:11.000,1.237400,1.237700,D
174152276,EUR/USD,2005-08-05 02:41:12.000,1.237300,1.237600,D
174152328,EUR/USD,2005-08-05 02:41:39.000,1.237200,1.237500,D
174152350,EUR/USD,2005-08-05 02:41:46.000,1.237100,1.237400,D
174152353,EUR/USD,2005-08-05 02:41:47.000,1.237200,1.237500,D
174152381,EUR/USD,2005-08-05 02:41:55.000,1.237100,1.237400,D
174152406,EUR/USD,2005-08-05 02:42:12.000,1.237200,1.237500,D
174152409,EUR/USD,2005-08-05 02:42:13.000,1.237100,1.237400,D
174152415,EUR/USD,2005-08-05 02:42:14.000,1.237200,1.237500,D
174152421,EUR/USD,2005-08-05 02:42:14.000,1.237100,1.237400,D
174152434,EUR/USD,2005-08-05 02:42:18.000,1.237200,1.237500,D
174152438,EUR/USD,2005-08-05 02:42:21.000,1.237100,1.237400,D
174152464,EUR/USD,2005-08-05 02:42:31.000,1.237200,1.237500,D
174152471,EUR/USD,2005-08-05 02:42:34.000,1.237300,1.237600,D
174152489,EUR/USD,2005-08-05 02:42:37.000,1.237200,1.237500,D
174152502,EUR/USD,2005-08-05 02:42:44.000,1.237300,1.237600,D
174152507,EUR/USD,2005-08-05 02:42:45.000,1.237200,1.237500,D
174152513,EUR/USD,2005-08-05 02:42:52.000,1.237300,1.237600,D
174152586,EUR/USD,2005-08-05 02:44:15.000,1.237200,1.237500,D
174152592,EUR/USD,2005-08-05 02:44:18.000,1.237300,1.237600,D
174152599,EUR/USD,2005-08-05 02:44:18.000,1.237200,1.237500,D
174152637,EUR/USD,2005-08-05 02:44:40.000,1.237300,1.237600,D
174152650,EUR/USD,2005-08-05 02:44:46.000,1.237400,1.237700,D
174152655,EUR/USD,2005-08-05 02:44:46.000,1.237500,1.237800,D
174152669,EUR/USD,2005-08-05 02:44:50.000,1.237400,1.237700,D
174152683,EUR/USD,2005-08-05 02:44:58.000,1.237300,1.237600,D
174152703,EUR/USD,2005-08-05 02:45:03.000,1.237400,1.237700,D
174152706,EUR/USD,2005-08-05 02:45:04.000,1.237300,1.237600,D
174152762,EUR/USD,2005-08-05 02:45:37.000,1.237400,1.237700,D
174152779,EUR/USD,2005-08-05 02:45:40.000,1.237300,1.237600,D
174152790,EUR/USD,2005-08-05 02:45:42.000,1.237400,1.237700,D
174152802,EUR/USD,2005-08-05 02:45:46.000,1.237300,1.237600,D
174152813,EUR/USD,2005-08-05 02:45:52.000,1.237400,1.237700,D
174152817,EUR/USD,2005-08-05 02:45:53.000,1.237300,1.237600,D
174152847,EUR/USD,2005-08-05 02:45:58.000,1.237400,1.237700,D
174152854,EUR/USD,2005-08-05 02:45:59.000,1.237300,1.237600,D
174152882,EUR/USD,2005-08-05 02:46:07.000,1.237400,1.237700,D
174152899,EUR/USD,2005-08-05 02:46:12.000,1.237300,1.237600,D
174152956,EUR/USD,2005-08-05 02:46:46.000,1.237200,1.237500,D
174152980,EUR/USD,2005-08-05 02:46:55.000,1.237300,1.237600,D
174152992,EUR/USD,2005-08-05 02:46:59.000,1.237200,1.237500,D
174153032,EUR/USD,2005-08-05 02:47:17.000,1.237300,1.237600,D
174153076,EUR/USD,2005-08-05 02:47:37.000,1.237400,1.237700,D
174153137,EUR/USD,2005-08-05 02:48:01.000,1.237500,1.237800,D
174153145,EUR/USD,2005-08-05 02:48:14.000,1.237600,1.237900,D
174153159,EUR/USD,2005-08-05 02:48:23.000,1.237700,1.238000,D
174153240,EUR/USD,2005-08-05 02:48:47.000,1.237600,1.237900,D
174153247,EUR/USD,2005-08-05 02:48:49.000,1.237700,1.238000,D
174153255,EUR/USD,2005-08-05 02:48:50.000,1.237600,1.237900,D
174153298,EUR/USD,2005-08-05 02:49:21.000,1.237500,1.237800,D
174153303,EUR/USD,2005-08-05 02:49:25.000,1.237400,1.237700,D
174153325,EUR/USD,2005-08-05 02:49:37.000,1.237500,1.237800,D
174153343,EUR/USD,2005-08-05 02:49:42.000,1.237400,1.237700,D
174153351,EUR/USD,2005-08-05 02:49:45.000,1.237500,1.237800,D
174153364,EUR/USD,2005-08-05 02:49:51.000,1.237400,1.237700,D
174153379,EUR/USD,2005-08-05 02:50:12.000,1.237500,1.237800,D
174153391,EUR/USD,2005-08-05 02:50:22.000,1.237400,1.237700,D
174153405,EUR/USD,2005-08-05 02:50:27.000,1.237500,1.237800,D
174153416,EUR/USD,2005-08-05 02:50:30.000,1.237600,1.237900,D
174153422,EUR/USD,2005-08-05 02:50:32.000,1.237500,1.237800,D
174153428,EUR/USD,2005-08-05 02:50:34.000,1.237600,1.237900,D
174153429,EUR/USD,2005-08-05 02:50:34.000,1.237500,1.237800,D
174153433,EUR/USD,2005-08-05 02:50:35.000,1.237600,1.237900,D
174153438,EUR/USD,2005-08-05 02:50:37.000,1.237500,1.237800,D
174153442,EUR/USD,2005-08-05 02:50:37.000,1.237600,1.237900,D
174153489,EUR/USD,2005-08-05 02:51:15.000,1.237500,1.237800,D
174153567,EUR/USD,2005-08-05 02:51:57.000,1.237600,1.237900,D
174153589,EUR/USD,2005-08-05 02:52:26.000,1.237700,1.238000,D
174153590,EUR/USD,2005-08-05 02:52:26.000,1.237800,1.238100,D
174153600,EUR/USD,2005-08-05 02:52:29.000,1.237700,1.238000,D
174153602,EUR/USD,2005-08-05 02:52:29.000,1.237800,1.238100,D
174153643,EUR/USD,2005-08-05 02:52:45.000,1.237700,1.238000,D
174153650,EUR/USD,2005-08-05 02:52:49.000,1.237800,1.238100,D
174153656,EUR/USD,2005-08-05 02:52:50.000,1.237700,1.238000,D
174153670,EUR/USD,2005-08-05 02:53:06.000,1.237800,1.238100,D
174153673,EUR/USD,2005-08-05 02:53:10.000,1.237700,1.238000,D
174153681,EUR/USD,2005-08-05 02:53:17.000,1.237800,1.238100,D
174153692,EUR/USD,2005-08-05 02:53:31.000,1.237900,1.238200,D
174153707,EUR/USD,2005-08-05 02:53:40.000,1.238000,1.238300,D
174153735,EUR/USD,2005-08-05 02:53:54.000,1.237900,1.238200,D
174153744,EUR/USD,2005-08-05 02:53:55.000,1.238000,1.238300,D
174153761,EUR/USD,2005-08-05 02:54:04.000,1.237900,1.238200,D
174153766,EUR/USD,2005-08-05 02:54:05.000,1.238000,1.238300,D
174153789,EUR/USD,2005-08-05 02:54:09.000,1.237900,1.238200,D
174153795,EUR/USD,2005-08-05 02:54:13.000,1.238000,1.238300,D
174153800,EUR/USD,2005-08-05 02:54:15.000,1.237900,1.238200,D
174153804,EUR/USD,2005-08-05 02:54:17.000,1.238000,1.238300,D
174153818,EUR/USD,2005-08-05 02:54:21.000,1.238100,1.238400,D
174153844,EUR/USD,2005-08-05 02:54:32.000,1.238000,1.238300,D
174153847,EUR/USD,2005-08-05 02:54:32.000,1.238100,1.238400,D
174153853,EUR/USD,2005-08-05 02:54:34.000,1.238000,1.238300,D
174153871,EUR/USD,2005-08-05 02:54:37.000,1.237900,1.238200,D
174153888,EUR/USD,2005-08-05 02:54:42.000,1.237800,1.238100,D
174153892,EUR/USD,2005-08-05 02:54:42.000,1.237900,1.238200,D
174153908,EUR/USD,2005-08-05 02:54:44.000,1.237800,1.238100,D
174153935,EUR/USD,2005-08-05 02:54:54.000,1.237900,1.238200,D
174153950,EUR/USD,2005-08-05 02:55:04.000,1.237800,1.238100,D
174153955,EUR/USD,2005-08-05 02:55:07.000,1.237900,1.238200,D
174153956,EUR/USD,2005-08-05 02:55:09.000,1.237800,1.238100,D
174153961,EUR/USD,2005-08-05 02:55:13.000,1.237900,1.238200,D
174153964,EUR/USD,2005-08-05 02:55:15.000,1.237800,1.238100,D
174153974,EUR/USD,2005-08-05 02:55:32.000,1.237700,1.238000,D
174153997,EUR/USD,2005-08-05 02:55:40.000,1.237800,1.238100,D
174154009,EUR/USD,2005-08-05 02:55:43.000,1.237700,1.238000,D
174154021,EUR/USD,2005-08-05 02:55:53.000,1.237600,1.237900,D
174154034,EUR/USD,2005-08-05 02:55:59.000,1.237700,1.238000,D
174154049,EUR/USD,2005-08-05 02:56:06.000,1.237600,1.237900,D
174154095,EUR/USD,2005-08-05 02:56:44.000,1.237700,1.238000,D
174154111,EUR/USD,2005-08-05 02:56:49.000,1.237600,1.237900,D
174154140,EUR/USD,2005-08-05 02:56:58.000,1.237700,1.238000,D
174154327,EUR/USD,2005-08-05 02:58:59.000,1.237600,1.237900,D
174154369,EUR/USD,2005-08-05 02:59:33.000,1.237500,1.237800,D
174154375,EUR/USD,2005-08-05 02:59:35.000,1.237600,1.237900,D
174154397,EUR/USD,2005-08-05 02:59:52.000,1.237500,1.237800,D
174154430,EUR/USD,2005-08-05 03:00:13.000,1.237600,1.237900,D
174154433,EUR/USD,2005-08-05 03:00:17.000,1.237500,1.237800,D
174154475,EUR/USD,2005-08-05 03:00:49.000,1.237600,1.237900,D
174154491,EUR/USD,2005-08-05 03:00:55.000,1.237500,1.237800,D
174154498,EUR/USD,2005-08-05 03:00:56.000,1.237600,1.237900,D
174154505,EUR/USD,2005-08-05 03:00:58.000,1.237700,1.238000,D
174154533,EUR/USD,2005-08-05 03:01:03.000,1.237800,1.238100,D
174154546,EUR/USD,2005-08-05 03:01:04.000,1.237700,1.238000,D
174154564,EUR/USD,2005-08-05 03:01:09.000,1.237800,1.238100,D
174154612,EUR/USD,2005-08-05 03:01:26.000,1.237700,1.238000,D
174154641,EUR/USD,2005-08-05 03:01:34.000,1.237600,1.237900,D
174154651,EUR/USD,2005-08-05 03:01:43.000,1.237700,1.238000,D
174154681,EUR/USD,2005-08-05 03:02:05.000,1.237600,1.237900,D
174154698,EUR/USD,2005-08-05 03:02:11.000,1.237500,1.237800,D
174154708,EUR/USD,2005-08-05 03:02:13.000,1.237600,1.237900,D
174154728,EUR/USD,2005-08-05 03:02:19.000,1.237500,1.237800,D
174154743,EUR/USD,2005-08-05 03:02:27.000,1.237600,1.237900,D
174154775,EUR/USD,2005-08-05 03:02:40.000,1.237500,1.237800,D
174154781,EUR/USD,2005-08-05 03:02:43.000,1.237600,1.237900,D
174154784,EUR/USD,2005-08-05 03:02:44.000,1.237500,1.237800,D
174154790,EUR/USD,2005-08-05 03:02:48.000,1.237600,1.237900,D
174154812,EUR/USD,2005-08-05 03:02:53.000,1.237500,1.237800,D
174154821,EUR/USD,2005-08-05 03:02:56.000,1.237600,1.237900,D
174154840,EUR/USD,2005-08-05 03:03:05.000,1.237700,1.238000,D
174154844,EUR/USD,2005-08-05 03:03:05.000,1.237600,1.237900,D
174154856,EUR/USD,2005-08-05 03:03:12.000,1.237700,1.238000,D
174154878,EUR/USD,2005-08-05 03:03:25.000,1.237600,1.237900,D
174154905,EUR/USD,2005-08-05 03:03:40.000,1.237500,1.237800,D
174154931,EUR/USD,2005-08-05 03:04:16.000,1.237600,1.237900,D
174154941,EUR/USD,2005-08-05 03:04:19.000,1.237700,1.238000,D
174154961,EUR/USD,2005-08-05 03:04:27.000,1.237600,1.237900,D
174155000,EUR/USD,2005-08-05 03:04:41.000,1.237500,1.237800,D
174155012,EUR/USD,2005-08-05 03:04:51.000,1.237600,1.237900,D
174155022,EUR/USD,2005-08-05 03:04:53.000,1.237500,1.237800,D
174155156,EUR/USD,2005-08-05 03:06:25.000,1.237400,1.237700,D
174155206,EUR/USD,2005-08-05 03:07:11.000,1.237500,1.237800,D
174155216,EUR/USD,2005-08-05 03:07:12.000,1.237400,1.237700,D
174155231,EUR/USD,2005-08-05 03:07:25.000,1.237500,1.237800,D
174155237,EUR/USD,2005-08-05 03:07:27.000,1.237400,1.237700,D
174155423,EUR/USD,2005-08-05 03:09:18.000,1.237500,1.237800,D
174155446,EUR/USD,2005-08-05 03:09:22.000,1.237400,1.237700,D
174155449,EUR/USD,2005-08-05 03:09:23.000,1.237500,1.237800,D
174155490,EUR/USD,2005-08-05 03:10:02.000,1.237400,1.237700,D
174155557,EUR/USD,2005-08-05 03:10:33.000,1.237500,1.237800,D
174155560,EUR/USD,2005-08-05 03:10:34.000,1.237400,1.237700,D
174155566,EUR/USD,2005-08-05 03:10:36.000,1.237500,1.237800,D
174155568,EUR/USD,2005-08-05 03:10:36.000,1.237600,1.237900,D
174155585,EUR/USD,2005-08-05 03:10:39.000,1.237500,1.237800,D
174155618,EUR/USD,2005-08-05 03:10:49.000,1.237600,1.237900,D
174155622,EUR/USD,2005-08-05 03:10:49.000,1.237500,1.237800,D
174155640,EUR/USD,2005-08-05 03:10:55.000,1.237600,1.237900,D
174155775,EUR/USD,2005-08-05 03:11:41.000,1.237700,1.238000,D
174155839,EUR/USD,2005-08-05 03:12:04.000,1.237600,1.237900,D
174155943,EUR/USD,2005-08-05 03:13:06.000,1.237500,1.237800,D
174155952,EUR/USD,2005-08-05 03:13:11.000,1.237600,1.237900,D
174155957,EUR/USD,2005-08-05 03:13:13.000,1.237500,1.237800,D
174155959,EUR/USD,2005-08-05 03:13:13.000,1.237600,1.237900,D
174155969,EUR/USD,2005-08-05 03:13:17.000,1.237700,1.238000,D
174155977,EUR/USD,2005-08-05 03:13:18.000,1.237600,1.237900,D
174156008,EUR/USD,2005-08-05 03:13:27.000,1.237700,1.238000,D
174156021,EUR/USD,2005-08-05 03:13:30.000,1.237600,1.237900,D
174156048,EUR/USD,2005-08-05 03:13:48.000,1.237700,1.238000,D
174156054,EUR/USD,2005-08-05 03:13:49.000,1.237600,1.237900,D
174156059,EUR/USD,2005-08-05 03:13:52.000,1.237700,1.238000,D
174156156,EUR/USD,2005-08-05 03:14:51.000,1.237800,1.238100,D
174156164,EUR/USD,2005-08-05 03:14:53.000,1.237700,1.238000,D
174156207,EUR/USD,2005-08-05 03:15:18.000,1.237600,1.237900,D
174156240,EUR/USD,2005-08-05 03:15:38.000,1.237500,1.237800,D
174156259,EUR/USD,2005-08-05 03:15:50.000,1.237600,1.237900,D
174156262,EUR/USD,2005-08-05 03:15:51.000,1.237500,1.237800,D
174156294,EUR/USD,2005-08-05 03:16:00.000,1.237400,1.237700,D
174156315,EUR/USD,2005-08-05 03:16:11.000,1.237500,1.237800,D
174156380,EUR/USD,2005-08-05 03:16:49.000,1.237400,1.237700,D
174156392,EUR/USD,2005-08-05 03:16:53.000,1.237500,1.237800,D
174156395,EUR/USD,2005-08-05 03:16:53.000,1.237400,1.237700,D
174156407,EUR/USD,2005-08-05 03:17:00.000,1.237500,1.237800,D
174156444,EUR/USD,2005-08-05 03:17:21.000,1.237400,1.237700,D
174156450,EUR/USD,2005-08-05 03:17:25.000,1.237500,1.237800,D
174156452,EUR/USD,2005-08-05 03:17:26.000,1.237400,1.237700,D
174156455,EUR/USD,2005-08-05 03:17:30.000,1.237500,1.237800,D
174156462,EUR/USD,2005-08-05 03:17:32.000,1.237400,1.237700,D
174156480,EUR/USD,2005-08-05 03:17:39.000,1.237500,1.237800,D
174156484,EUR/USD,2005-08-05 03:17:42.000,1.237400,1.237700,D
174156495,EUR/USD,2005-08-05 03:18:03.000,1.237500,1.237800,D
174156514,EUR/USD,2005-08-05 03:18:16.000,1.237400,1.237700,D
174156558,EUR/USD,2005-08-05 03:18:49.000,1.237500,1.237800,D
174156561,EUR/USD,2005-08-05 03:18:52.000,1.237400,1.237700,D
174156599,EUR/USD,2005-08-05 03:19:29.000,1.237500,1.237800,D
174156630,EUR/USD,2005-08-05 03:19:46.000,1.237600,1.237900,D
174156759,EUR/USD,2005-08-05 03:22:06.000,1.237500,1.237800,D
174156805,EUR/USD,2005-08-05 03:22:39.000,1.237400,1.237700,D
174156889,EUR/USD,2005-08-05 03:23:40.000,1.237300,1.237600,D
174156896,EUR/USD,2005-08-05 03:23:46.000,1.237200,1.237500,D
174156918,EUR/USD,2005-08-05 03:23:51.000,1.237100,1.237400,D
174156924,EUR/USD,2005-08-05 03:23:54.000,1.237000,1.237300,D
174156944,EUR/USD,2005-08-05 03:23:58.000,1.236900,1.237200,D
174156970,EUR/USD,2005-08-05 03:24:03.000,1.237000,1.237300,D
174156987,EUR/USD,2005-08-05 03:24:05.000,1.236900,1.237200,D
174156995,EUR/USD,2005-08-05 03:24:06.000,1.237000,1.237300,D
174157002,EUR/USD,2005-08-05 03:24:07.000,1.236900,1.237200,D
174157015,EUR/USD,2005-08-05 03:24:10.000,1.237000,1.237300,D
174157057,EUR/USD,2005-08-05 03:24:22.000,1.237100,1.237400,D
174157063,EUR/USD,2005-08-05 03:24:24.000,1.237000,1.237300,D
174157097,EUR/USD,2005-08-05 03:24:41.000,1.236900,1.237200,D
174157104,EUR/USD,2005-08-05 03:24:47.000,1.236800,1.237100,D
174157127,EUR/USD,2005-08-05 03:24:50.000,1.236700,1.237000,D
174157157,EUR/USD,2005-08-05 03:24:59.000,1.236800,1.237100,D
174157187,EUR/USD,2005-08-05 03:25:13.000,1.236900,1.237200,D
174157194,EUR/USD,2005-08-05 03:25:14.000,1.236800,1.237100,D
174157213,EUR/USD,2005-08-05 03:25:27.000,1.236900,1.237200,D
174157249,EUR/USD,2005-08-05 03:25:43.000,1.236800,1.237100,D
174157261,EUR/USD,2005-08-05 03:25:46.000,1.236900,1.237200,D
174157270,EUR/USD,2005-08-05 03:25:47.000,1.236800,1.237100,D
174157290,EUR/USD,2005-08-05 03:26:00.000,1.236700,1.237000,D
174157318,EUR/USD,2005-08-05 03:26:19.000,1.236600,1.236900,D
174157323,EUR/USD,2005-08-05 03:26:21.000,1.236700,1.237000,D
174157332,EUR/USD,2005-08-05 03:26:25.000,1.236800,1.237100,D
174157364,EUR/USD,2005-08-05 03:26:42.000,1.236900,1.237200,D
174157372,EUR/USD,2005-08-05 03:26:51.000,1.237000,1.237300,D
174157384,EUR/USD,2005-08-05 03:26:53.000,1.236900,1.237200,D
174157400,EUR/USD,2005-08-05 03:27:12.000,1.237000,1.237300,D
174157406,EUR/USD,2005-08-05 03:27:17.000,1.237100,1.237400,D
174157430,EUR/USD,2005-08-05 03:27:24.000,1.237000,1.237300,D
174157436,EUR/USD,2005-08-05 03:27:27.000,1.237100,1.237400,D
174157463,EUR/USD,2005-08-05 03:27:40.000,1.237200,1.237500,D
174157480,EUR/USD,2005-08-05 03:27:46.000,1.237300,1.237600,D
174157491,EUR/USD,2005-08-05 03:27:47.000,1.237200,1.237500,D
174157511,EUR/USD,2005-08-05 03:27:58.000,1.237300,1.237600,D
174157516,EUR/USD,2005-08-05 03:28:00.000,1.237200,1.237500,D
174157522,EUR/USD,2005-08-05 03:28:02.000,1.237300,1.237600,D
174157541,EUR/USD,2005-08-05 03:28:11.000,1.237200,1.237500,D
174157574,EUR/USD,2005-08-05 03:28:24.000,1.237100,1.237400,D
174157589,EUR/USD,2005-08-05 03:28:26.000,1.237200,1.237500,D
174157614,EUR/USD,2005-08-05 03:28:33.000,1.237100,1.237400,D
174157621,EUR/USD,2005-08-05 03:28:34.000,1.237200,1.237500,D
174157625,EUR/USD,2005-08-05 03:28:35.000,1.237100,1.237400,D
174157661,EUR/USD,2005-08-05 03:29:01.000,1.237000,1.237300,D
174157692,EUR/USD,2005-08-05 03:29:31.000,1.237100,1.237400,D
174157694,EUR/USD,2005-08-05 03:29:32.000,1.237000,1.237300,D
174157729,EUR/USD,2005-08-05 03:30:02.000,1.237100,1.237400,D
174157735,EUR/USD,2005-08-05 03:30:08.000,1.237000,1.237300,D
174157737,EUR/USD,2005-08-05 03:30:10.000,1.237100,1.237400,D
174157742,EUR/USD,2005-08-05 03:30:21.000,1.237000,1.237300,D
174157751,EUR/USD,2005-08-05 03:30:30.000,1.237100,1.237400,D
174157756,EUR/USD,2005-08-05 03:30:32.000,1.237000,1.237300,D
174157780,EUR/USD,2005-08-05 03:30:55.000,1.237100,1.237400,D
174157788,EUR/USD,2005-08-05 03:30:59.000,1.237200,1.237500,D
174157816,EUR/USD,2005-08-05 03:31:18.000,1.237300,1.237600,D
174157823,EUR/USD,2005-08-05 03:31:19.000,1.237200,1.237500,D
174157826,EUR/USD,2005-08-05 03:31:21.000,1.237300,1.237600,D
174157834,EUR/USD,2005-08-05 03:31:22.000,1.237400,1.237700,D
174157847,EUR/USD,2005-08-05 03:31:26.000,1.237300,1.237600,D
174157861,EUR/USD,2005-08-05 03:31:28.000,1.237400,1.237700,D
174157894,EUR/USD,2005-08-05 03:31:40.000,1.237500,1.237800,D
174157900,EUR/USD,2005-08-05 03:31:41.000,1.237400,1.237700,D
174157923,EUR/USD,2005-08-05 03:31:48.000,1.237500,1.237800,D
174157954,EUR/USD,2005-08-05 03:31:52.000,1.237400,1.237700,D
174157961,EUR/USD,2005-08-05 03:31:53.000,1.237500,1.237800,D
174157987,EUR/USD,2005-08-05 03:31:59.000,1.237400,1.237700,D
174157991,EUR/USD,2005-08-05 03:32:00.000,1.237500,1.237800,D
174157997,EUR/USD,2005-08-05 03:32:01.000,1.237400,1.237700,D
174158002,EUR/USD,2005-08-05 03:32:01.000,1.237500,1.237800,D
174158009,EUR/USD,2005-08-05 03:32:03.000,1.237400,1.237700,D
174158013,EUR/USD,2005-08-05 03:32:03.000,1.237500,1.237800,D
174158020,EUR/USD,2005-08-05 03:32:08.000,1.237400,1.237700,D
174158021,EUR/USD,2005-08-05 03:32:10.000,1.237500,1.237800,D
174158022,EUR/USD,2005-08-05 03:32:11.000,1.237400,1.237700,D
174158023,EUR/USD,2005-08-05 03:32:11.000,1.237500,1.237800,D
174158024,EUR/USD,2005-08-05 03:32:13.000,1.237400,1.237700,D
174158030,EUR/USD,2005-08-05 03:32:15.000,1.237500,1.237800,D
174158039,EUR/USD,2005-08-05 03:32:17.000,1.237400,1.237700,D
174158044,EUR/USD,2005-08-05 03:32:18.000,1.237500,1.237800,D
174158060,EUR/USD,2005-08-05 03:32:21.000,1.237400,1.237700,D
174158065,EUR/USD,2005-08-05 03:32:22.000,1.237500,1.237800,D
174158073,EUR/USD,2005-08-05 03:32:27.000,1.237400,1.237700,D
174158078,EUR/USD,2005-08-05 03:32:28.000,1.237500,1.237800,D
174158082,EUR/USD,2005-08-05 03:32:30.000,1.237400,1.237700,D
174158085,EUR/USD,2005-08-05 03:32:31.000,1.237500,1.237800,D
174158095,EUR/USD,2005-08-05 03:32:38.000,1.237400,1.237700,D
174158105,EUR/USD,2005-08-05 03:32:40.000,1.237500,1.237800,D
174158126,EUR/USD,2005-08-05 03:32:47.000,1.237400,1.237700,D
174158132,EUR/USD,2005-08-05 03:32:50.000,1.237500,1.237800,D
174158152,EUR/USD,2005-08-05 03:32:54.000,1.237400,1.237700,D
174158159,EUR/USD,2005-08-05 03:32:55.000,1.237500,1.237800,D
174158182,EUR/USD,2005-08-05 03:33:02.000,1.237600,1.237900,D
174158210,EUR/USD,2005-08-05 03:33:09.000,1.237700,1.238000,D
174158217,EUR/USD,2005-08-05 03:33:09.000,1.237800,1.238100,D
174158222,EUR/USD,2005-08-05 03:33:11.000,1.237900,1.238200,D
174158252,EUR/USD,2005-08-05 03:33:19.000,1.237800,1.238100,D
174158266,EUR/USD,2005-08-05 03:33:23.000,1.237900,1.238200,D
174158272,EUR/USD,2005-08-05 03:33:24.000,1.237800,1.238100,D
174158287,EUR/USD,2005-08-05 03:33:30.000,1.237900,1.238200,D
174158299,EUR/USD,2005-08-05 03:33:34.000,1.237800,1.238100,D
174158300,EUR/USD,2005-08-05 03:33:35.000,1.237900,1.238200,D
174158306,EUR/USD,2005-08-05 03:33:38.000,1.238000,1.238300,D
174158331,EUR/USD,2005-08-05 03:33:43.000,1.238100,1.238400,D
174158364,EUR/USD,2005-08-05 03:33:48.000,1.238000,1.238300,D
174158382,EUR/USD,2005-08-05 03:33:56.000,1.238100,1.238400,D
174158392,EUR/USD,2005-08-05 03:33:58.000,1.238000,1.238300,D
174158404,EUR/USD,2005-08-05 03:34:01.000,1.238100,1.238400,D
174158415,EUR/USD,2005-08-05 03:34:05.000,1.238200,1.238500,D
174158419,EUR/USD,2005-08-05 03:34:06.000,1.238100,1.238400,D
174158422,EUR/USD,2005-08-05 03:34:06.000,1.238200,1.238500,D
174158429,EUR/USD,2005-08-05 03:34:07.000,1.238300,1.238600,D
174158433,EUR/USD,2005-08-05 03:34:08.000,1.238200,1.238500,D
174158437,EUR/USD,2005-08-05 03:34:08.000,1.238300,1.238600,D
174158440,EUR/USD,2005-08-05 03:34:08.000,1.238400,1.238700,D
174158453,EUR/USD,2005-08-05 03:34:09.000,1.238300,1.238600,D
174158464,EUR/USD,2005-08-05 03:34:11.000,1.238400,1.238700,D
174158488,EUR/USD,2005-08-05 03:34:15.000,1.238300,1.238600,D
174158519,EUR/USD,2005-08-05 03:34:21.000,1.238200,1.238500,D
174158531,EUR/USD,2005-08-05 03:34:24.000,1.238300,1.238600,D
174158561,EUR/USD,2005-08-05 03:34:29.000,1.238200,1.238500,D
174158565,EUR/USD,2005-08-05 03:34:30.000,1.238300,1.238600,D
174158569,EUR/USD,2005-08-05 03:34:31.000,1.238200,1.238500,D
174158574,EUR/USD,2005-08-05 03:34:32.000,1.238300,1.238600,D
174158622,EUR/USD,2005-08-05 03:34:42.000,1.238400,1.238700,D
174158635,EUR/USD,2005-08-05 03:34:44.000,1.238300,1.238600,D
174158641,EUR/USD,2005-08-05 03:34:45.000,1.238400,1.238700,D
174158646,EUR/USD,2005-08-05 03:34:45.000,1.238300,1.238600,D
174158667,EUR/USD,2005-08-05 03:34:50.000,1.238200,1.238500,D
174158685,EUR/USD,2005-08-05 03:34:59.000,1.238300,1.238600,D
174158697,EUR/USD,2005-08-05 03:35:02.000,1.238200,1.238500,D
174158709,EUR/USD,2005-08-05 03:35:05.000,1.238300,1.238600,D
174158713,EUR/USD,2005-08-05 03:35:06.000,1.238200,1.238500,D
174158736,EUR/USD,2005-08-05 03:35:15.000,1.238300,1.238600,D
174158743,EUR/USD,2005-08-05 03:35:16.000,1.238200,1.238500,D
174158780,EUR/USD,2005-08-05 03:35:29.000,1.238100,1.238400,D
174158792,EUR/USD,2005-08-05 03:35:31.000,1.238200,1.238500,D
174158839,EUR/USD,2005-08-05 03:35:43.000,1.238300,1.238600,D
174158844,EUR/USD,2005-08-05 03:35:44.000,1.238200,1.238500,D
174158854,EUR/USD,2005-08-05 03:35:46.000,1.238300,1.238600,D
174158862,EUR/USD,2005-08-05 03:35:50.000,1.238200,1.238500,D
174158873,EUR/USD,2005-08-05 03:35:57.000,1.238300,1.238600,D
174158883,EUR/USD,2005-08-05 03:35:58.000,1.238400,1.238700,D
174158908,EUR/USD,2005-08-05 03:36:05.000,1.238500,1.238800,D
174158923,EUR/USD,2005-08-05 03:36:08.000,1.238600,1.238900,D
174158945,EUR/USD,2005-08-05 03:36:12.000,1.238700,1.239000,D
174158958,EUR/USD,2005-08-05 03:36:14.000,1.238600,1.238900,D
174158971,EUR/USD,2005-08-05 03:36:17.000,1.238500,1.238800,D
174158979,EUR/USD,2005-08-05 03:36:19.000,1.238600,1.238900,D
174158988,EUR/USD,2005-08-05 03:36:20.000,1.238500,1.238800,D
174158999,EUR/USD,2005-08-05 03:36:22.000,1.238600,1.238900,D
174159031,EUR/USD,2005-08-05 03:36:25.000,1.238700,1.239000,D
174159036,EUR/USD,2005-08-05 03:36:26.000,1.238600,1.238900,D
174159038,EUR/USD,2005-08-05 03:36:26.000,1.238700,1.239000,D
174159047,EUR/USD,2005-08-05 03:36:28.000,1.238600,1.238900,D
174159056,EUR/USD,2005-08-05 03:36:28.000,1.238500,1.238800,D
174159078,EUR/USD,2005-08-05 03:36:33.000,1.238600,1.238900,D
174159090,EUR/USD,2005-08-05 03:36:35.000,1.238500,1.238800,D
174159094,EUR/USD,2005-08-05 03:36:37.000,1.238600,1.238900,D
174159099,EUR/USD,2005-08-05 03:36:38.000,1.238500,1.238800,D
174159106,EUR/USD,2005-08-05 03:36:39.000,1.238600,1.238900,D
174159113,EUR/USD,2005-08-05 03:36:40.000,1.238500,1.238800,D
174159128,EUR/USD,2005-08-05 03:36:44.000,1.238400,1.238700,D
174159137,EUR/USD,2005-08-05 03:36:48.000,1.238300,1.238600,D
174159170,EUR/USD,2005-08-05 03:36:58.000,1.238400,1.238700,D
174159186,EUR/USD,2005-08-05 03:37:03.000,1.238500,1.238800,D
174159196,EUR/USD,2005-08-05 03:37:04.000,1.238400,1.238700,D
174159197,EUR/USD,2005-08-05 03:37:04.000,1.238500,1.238800,D
174159215,EUR/USD,2005-08-05 03:37:05.000,1.238600,1.238900,D
174159222,EUR/USD,2005-08-05 03:37:06.000,1.238500,1.238800,D
174159241,EUR/USD,2005-08-05 03:37:11.000,1.238400,1.238700,D
174159265,EUR/USD,2005-08-05 03:37:20.000,1.238300,1.238600,D
174159330,EUR/USD,2005-08-05 03:37:51.000,1.238200,1.238500,D
174159358,EUR/USD,2005-08-05 03:37:59.000,1.238100,1.238400,D
174159366,EUR/USD,2005-08-05 03:38:01.000,1.238200,1.238500,D
174159393,EUR/USD,2005-08-05 03:38:11.000,1.238100,1.238400,D
174159409,EUR/USD,2005-08-05 03:38:16.000,1.238000,1.238300,D
174159473,EUR/USD,2005-08-05 03:38:40.000,1.237900,1.238200,D
174159476,EUR/USD,2005-08-05 03:38:41.000,1.238000,1.238300,D
174159489,EUR/USD,2005-08-05 03:38:47.000,1.237900,1.238200,D
174159500,EUR/USD,2005-08-05 03:38:48.000,1.238000,1.238300,D
174159511,EUR/USD,2005-08-05 03:38:53.000,1.237900,1.238200,D
174159546,EUR/USD,2005-08-05 03:39:04.000,1.237800,1.238100,D
174159565,EUR/USD,2005-08-05 03:39:08.000,1.237700,1.238000,D
174159612,EUR/USD,2005-08-05 03:39:18.000,1.237600,1.237900,D
174159621,EUR/USD,2005-08-05 03:39:22.000,1.237500,1.237800,D
174159638,EUR/USD,2005-08-05 03:39:25.000,1.237600,1.237900,D
174159646,EUR/USD,2005-08-05 03:39:26.000,1.237500,1.237800,D
174159649,EUR/USD,2005-08-05 03:39:27.000,1.237600,1.237900,D
174159666,EUR/USD,2005-08-05 03:39:31.000,1.237700,1.238000,D
174159678,EUR/USD,2005-08-05 03:39:32.000,1.237600,1.237900,D
174159701,EUR/USD,2005-08-05 03:39:37.000,1.237700,1.238000,D
174159708,EUR/USD,2005-08-05 03:39:38.000,1.237600,1.237900,D
174159745,EUR/USD,2005-08-05 03:39:42.000,1.237700,1.238000,D
174159774,EUR/USD,2005-08-05 03:39:50.000,1.237800,1.238100,D
174159792,EUR/USD,2005-08-05 03:39:53.000,1.237900,1.238200,D
174159820,EUR/USD,2005-08-05 03:39:56.000,1.238000,1.238300,D
174159848,EUR/USD,2005-08-05 03:40:01.000,1.238100,1.238400,D
174159853,EUR/USD,2005-08-05 03:40:03.000,1.238000,1.238300,D
174159858,EUR/USD,2005-08-05 03:40:04.000,1.238100,1.238400,D
174159880,EUR/USD,2005-08-05 03:40:10.000,1.238200,1.238500,D
174159886,EUR/USD,2005-08-05 03:40:13.000,1.238100,1.238400,D
174159895,EUR/USD,2005-08-05 03:40:14.000,1.238200,1.238500,D
174159931,EUR/USD,2005-08-05 03:40:33.000,1.238100,1.238400,D
174159966,EUR/USD,2005-08-05 03:40:52.000,1.238200,1.238500,D
174159988,EUR/USD,2005-08-05 03:41:03.000,1.238100,1.238400,D
174160042,EUR/USD,2005-08-05 03:41:40.000,1.238200,1.238500,D
174160053,EUR/USD,2005-08-05 03:41:43.000,1.238300,1.238600,D
174160070,EUR/USD,2005-08-05 03:41:56.000,1.238400,1.238700,D
174160084,EUR/USD,2005-08-05 03:41:59.000,1.238300,1.238600,D
174160113,EUR/USD,2005-08-05 03:42:15.000,1.238200,1.238500,D
174160124,EUR/USD,2005-08-05 03:42:22.000,1.238300,1.238600,D
174160134,EUR/USD,2005-08-05 03:42:28.000,1.238400,1.238700,D
174160154,EUR/USD,2005-08-05 03:42:38.000,1.238300,1.238600,D
174160159,EUR/USD,2005-08-05 03:42:40.000,1.238400,1.238700,D
174160163,EUR/USD,2005-08-05 03:42:42.000,1.238300,1.238600,D
174160165,EUR/USD,2005-08-05 03:42:43.000,1.238400,1.238700,D
174160169,EUR/USD,2005-08-05 03:42:48.000,1.238300,1.238600,D
174160182,EUR/USD,2005-08-05 03:43:07.000,1.238200,1.238500,D
174160217,EUR/USD,2005-08-05 03:43:18.000,1.238300,1.238600,D
174160231,EUR/USD,2005-08-05 03:43:20.000,1.238200,1.238500,D
174160235,EUR/USD,2005-08-05 03:43:23.000,1.238300,1.238600,D
174160256,EUR/USD,2005-08-05 03:43:31.000,1.238400,1.238700,D
174160265,EUR/USD,2005-08-05 03:43:38.000,1.238300,1.238600,D
174160267,EUR/USD,2005-08-05 03:43:39.000,1.238400,1.238700,D
174160288,EUR/USD,2005-08-05 03:43:48.000,1.238200,1.238500,D
174160296,EUR/USD,2005-08-05 03:43:50.000,1.238300,1.238600,D
174160299,EUR/USD,2005-08-05 03:43:52.000,1.238400,1.238700,D
174160309,EUR/USD,2005-08-05 03:43:55.000,1.238300,1.238600,D
174160321,EUR/USD,2005-08-05 03:44:01.000,1.238400,1.238700,D
174160331,EUR/USD,2005-08-05 03:44:06.000,1.238300,1.238600,D
174160335,EUR/USD,2005-08-05 03:44:10.000,1.238400,1.238700,D
174160347,EUR/USD,2005-08-05 03:44:13.000,1.238300,1.238600,D
174160348,EUR/USD,2005-08-05 03:44:14.000,1.238400,1.238700,D
174160352,EUR/USD,2005-08-05 03:44:18.000,1.238300,1.238600,D
174160353,EUR/USD,2005-08-05 03:44:20.000,1.238400,1.238700,D
174160385,EUR/USD,2005-08-05 03:44:34.000,1.238500,1.238800,D
174160409,EUR/USD,2005-08-05 03:44:47.000,1.238400,1.238700,D
174160427,EUR/USD,2005-08-05 03:44:52.000,1.238300,1.238600,D
174160437,EUR/USD,2005-08-05 03:44:53.000,1.238400,1.238700,D
174160450,EUR/USD,2005-08-05 03:45:00.000,1.238500,1.238800,D
174160453,EUR/USD,2005-08-05 03:45:01.000,1.238400,1.238700,D
174160464,EUR/USD,2005-08-05 03:45:05.000,1.238500,1.238800,D
174160469,EUR/USD,2005-08-05 03:45:06.000,1.238400,1.238700,D
174160486,EUR/USD,2005-08-05 03:45:09.000,1.238500,1.238800,D
174160498,EUR/USD,2005-08-05 03:45:11.000,1.238400,1.238700,D
174160511,EUR/USD,2005-08-05 03:45:13.000,1.238500,1.238800,D
174160518,EUR/USD,2005-08-05 03:45:17.000,1.238400,1.238700,D
174160535,EUR/USD,2005-08-05 03:45:22.000,1.238300,1.238600,D
174160557,EUR/USD,2005-08-05 03:45:32.000,1.238400,1.238700,D
174160570,EUR/USD,2005-08-05 03:45:39.000,1.238500,1.238800,D
174160580,EUR/USD,2005-08-05 03:45:39.000,1.238400,1.238700,D
174160659,EUR/USD,2005-08-05 03:46:12.000,1.238500,1.238800,D
174160670,EUR/USD,2005-08-05 03:46:14.000,1.238400,1.238700,D
174160702,EUR/USD,2005-08-05 03:46:26.000,1.238500,1.238800,D
174160720,EUR/USD,2005-08-05 03:46:30.000,1.238400,1.238700,D
174160734,EUR/USD,2005-08-05 03:46:39.000,1.238500,1.238800,D
174160740,EUR/USD,2005-08-05 03:46:40.000,1.238400,1.238700,D
174160744,EUR/USD,2005-08-05 03:46:40.000,1.238500,1.238800,D
174160750,EUR/USD,2005-08-05 03:46:41.000,1.238400,1.238700,D
174160787,EUR/USD,2005-08-05 03:46:58.000,1.238300,1.238600,D
174160792,EUR/USD,2005-08-05 03:46:58.000,1.238400,1.238700,D
174160813,EUR/USD,2005-08-05 03:47:03.000,1.238300,1.238600,D
174160835,EUR/USD,2005-08-05 03:47:23.000,1.238200,1.238500,D
174160854,EUR/USD,2005-08-05 03:47:31.000,1.238100,1.238400,D
174160878,EUR/USD,2005-08-05 03:47:52.000,1.238200,1.238500,D
174160889,EUR/USD,2005-08-05 03:47:53.000,1.238100,1.238400,D
174160890,EUR/USD,2005-08-05 03:47:54.000,1.238200,1.238500,D
174160922,EUR/USD,2005-08-05 03:48:02.000,1.238100,1.238400,D
174160924,EUR/USD,2005-08-05 03:48:03.000,1.238200,1.238500,D
174160974,EUR/USD,2005-08-05 03:48:22.000,1.238100,1.238400,D
174160979,EUR/USD,2005-08-05 03:48:24.000,1.238200,1.238500,D
174161023,EUR/USD,2005-08-05 03:49:12.000,1.238100,1.238400,D
174161101,EUR/USD,2005-08-05 03:50:17.000,1.238200,1.238500,D
174161110,EUR/USD,2005-08-05 03:50:21.000,1.238300,1.238600,D
174161188,EUR/USD,2005-08-05 03:51:00.000,1.238400,1.238700,D
174161200,EUR/USD,2005-08-05 03:51:02.000,1.238300,1.238600,D
174161210,EUR/USD,2005-08-05 03:51:04.000,1.238400,1.238700,D
174161222,EUR/USD,2005-08-05 03:51:07.000,1.238500,1.238800,D
174161237,EUR/USD,2005-08-05 03:51:15.000,1.238400,1.238700,D
174161242,EUR/USD,2005-08-05 03:51:15.000,1.238500,1.238800,D
174161255,EUR/USD,2005-08-05 03:51:18.000,1.238400,1.238700,D
174161261,EUR/USD,2005-08-05 03:51:19.000,1.238500,1.238800,D
174161280,EUR/USD,2005-08-05 03:51:21.000,1.238400,1.238700,D
174161291,EUR/USD,2005-08-05 03:51:26.000,1.238500,1.238800,D
174161349,EUR/USD,2005-08-05 03:51:45.000,1.238400,1.238700,D
174161395,EUR/USD,2005-08-05 03:52:02.000,1.238500,1.238800,D
174161397,EUR/USD,2005-08-05 03:52:03.000,1.238400,1.238700,D
174161408,EUR/USD,2005-08-05 03:52:10.000,1.238500,1.238800,D
174161418,EUR/USD,2005-08-05 03:52:14.000,1.238600,1.238900,D
174161425,EUR/USD,2005-08-05 03:52:16.000,1.238700,1.239000,D
174161427,EUR/USD,2005-08-05 03:52:17.000,1.238800,1.239100,D
174161450,EUR/USD,2005-08-05 03:52:19.000,1.238700,1.239000,D
174161453,EUR/USD,2005-08-05 03:52:20.000,1.238800,1.239100,D
174161456,EUR/USD,2005-08-05 03:52:21.000,1.238700,1.239000,D
174161469,EUR/USD,2005-08-05 03:52:24.000,1.238800,1.239100,D
174161479,EUR/USD,2005-08-05 03:52:26.000,1.238700,1.239000,D
174161501,EUR/USD,2005-08-05 03:52:33.000,1.238800,1.239100,D
174161506,EUR/USD,2005-08-05 03:52:33.000,1.238700,1.239000,D
174161522,EUR/USD,2005-08-05 03:52:39.000,1.238800,1.239100,D
174161530,EUR/USD,2005-08-05 03:52:41.000,1.238700,1.239000,D
174161537,EUR/USD,2005-08-05 03:52:42.000,1.238800,1.239100,D
174161546,EUR/USD,2005-08-05 03:52:44.000,1.238700,1.239000,D
174161580,EUR/USD,2005-08-05 03:52:53.000,1.238600,1.238900,D
174161611,EUR/USD,2005-08-05 03:53:06.000,1.238500,1.238800,D
174161614,EUR/USD,2005-08-05 03:53:06.000,1.238400,1.238700,D
174161618,EUR/USD,2005-08-05 03:53:07.000,1.238500,1.238800,D
174161623,EUR/USD,2005-08-05 03:53:07.000,1.238600,1.238900,D
174161630,EUR/USD,2005-08-05 03:53:08.000,1.238500,1.238800,D
174161644,EUR/USD,2005-08-05 03:53:19.000,1.238400,1.238700,D
174161650,EUR/USD,2005-08-05 03:53:21.000,1.238500,1.238800,D
174161658,EUR/USD,2005-08-05 03:53:22.000,1.238400,1.238700,D
174161712,EUR/USD,2005-08-05 03:53:54.000,1.238500,1.238800,D
174161725,EUR/USD,2005-08-05 03:53:57.000,1.238400,1.238700,D
174161759,EUR/USD,2005-08-05 03:54:16.000,1.238500,1.238800,D
174161765,EUR/USD,2005-08-05 03:54:19.000,1.238400,1.238700,D
174161801,EUR/USD,2005-08-05 03:54:36.000,1.238300,1.238600,D
174161819,EUR/USD,2005-08-05 03:54:39.000,1.238400,1.238700,D
174161854,EUR/USD,2005-08-05 03:54:52.000,1.238300,1.238600,D
174161855,EUR/USD,2005-08-05 03:54:53.000,1.238400,1.238700,D
174161862,EUR/USD,2005-08-05 03:54:55.000,1.238300,1.238600,D
174161875,EUR/USD,2005-08-05 03:54:59.000,1.238400,1.238700,D
174161895,EUR/USD,2005-08-05 03:55:06.000,1.238500,1.238800,D
174161898,EUR/USD,2005-08-05 03:55:07.000,1.238400,1.238700,D
174161927,EUR/USD,2005-08-05 03:55:20.000,1.238300,1.238600,D
174161944,EUR/USD,2005-08-05 03:55:26.000,1.238400,1.238700,D
174161956,EUR/USD,2005-08-05 03:55:28.000,1.238500,1.238800,D
174161965,EUR/USD,2005-08-05 03:55:34.000,1.238400,1.238700,D
174161973,EUR/USD,2005-08-05 03:55:35.000,1.238500,1.238800,D
174161980,EUR/USD,2005-08-05 03:55:36.000,1.238400,1.238700,D
174161988,EUR/USD,2005-08-05 03:55:38.000,1.238500,1.238800,D
174162037,EUR/USD,2005-08-05 03:55:54.000,1.238600,1.238900,D
174162052,EUR/USD,2005-08-05 03:55:58.000,1.238700,1.239000,D
174162077,EUR/USD,2005-08-05 03:56:05.000,1.238800,1.239100,D
174162087,EUR/USD,2005-08-05 03:56:09.000,1.238900,1.239200,D
174162109,EUR/USD,2005-08-05 03:56:11.000,1.239000,1.239300,D
174162118,EUR/USD,2005-08-05 03:56:14.000,1.239100,1.239400,D
174162147,EUR/USD,2005-08-05 03:56:17.000,1.239000,1.239300,D
174162195,EUR/USD,2005-08-05 03:56:26.000,1.239100,1.239400,D
174162217,EUR/USD,2005-08-05 03:56:30.000,1.239000,1.239300,D
174162231,EUR/USD,2005-08-05 03:56:33.000,1.238900,1.239200,D
174162247,EUR/USD,2005-08-05 03:56:37.000,1.239000,1.239300,D
174162254,EUR/USD,2005-08-05 03:56:38.000,1.238900,1.239200,D
174162262,EUR/USD,2005-08-05 03:56:39.000,1.239000,1.239300,D
174162276,EUR/USD,2005-08-05 03:56:42.000,1.239100,1.239400,D
174162282,EUR/USD,2005-08-05 03:56:43.000,1.239000,1.239300,D
174162299,EUR/USD,2005-08-05 03:56:48.000,1.239100,1.239400,D
174162308,EUR/USD,2005-08-05 03:56:50.000,1.239000,1.239300,D
174162313,EUR/USD,2005-08-05 03:56:51.000,1.239100,1.239400,D
174162322,EUR/USD,2005-08-05 03:56:52.000,1.239200,1.239500,D
174162336,EUR/USD,2005-08-05 03:56:56.000,1.239300,1.239600,D
174162353,EUR/USD,2005-08-05 03:56:58.000,1.239200,1.239500,D
174162363,EUR/USD,2005-08-05 03:57:02.000,1.239100,1.239400,D
174162372,EUR/USD,2005-08-05 03:57:04.000,1.239200,1.239500,D
174162389,EUR/USD,2005-08-05 03:57:11.000,1.239300,1.239600,D
174162391,EUR/USD,2005-08-05 03:57:11.000,1.239400,1.239700,D
174162405,EUR/USD,2005-08-05 03:57:17.000,1.239300,1.239600,D
174162412,EUR/USD,2005-08-05 03:57:18.000,1.239400,1.239700,D
174162422,EUR/USD,2005-08-05 03:57:19.000,1.239300,1.239600,D
174162434,EUR/USD,2005-08-05 03:57:21.000,1.239200,1.239500,D
174162452,EUR/USD,2005-08-05 03:57:28.000,1.239100,1.239400,D
174162470,EUR/USD,2005-08-05 03:57:33.000,1.239000,1.239300,D
174162481,EUR/USD,2005-08-05 03:57:35.000,1.239100,1.239400,D
174162498,EUR/USD,2005-08-05 03:57:40.000,1.239000,1.239300,D
174162507,EUR/USD,2005-08-05 03:57:42.000,1.239100,1.239400,D
174162535,EUR/USD,2005-08-05 03:57:45.000,1.239000,1.239300,D
174162539,EUR/USD,2005-08-05 03:57:45.000,1.238900,1.239200,D
174162554,EUR/USD,2005-08-05 03:57:48.000,1.238800,1.239100,D
174162556,EUR/USD,2005-08-05 03:57:49.000,1.238700,1.239000,D
174162576,EUR/USD,2005-08-05 03:57:52.000,1.238600,1.238900,D
174162590,EUR/USD,2005-08-05 03:57:54.000,1.238700,1.239000,D
174162614,EUR/USD,2005-08-05 03:57:59.000,1.238600,1.238900,D
174162631,EUR/USD,2005-08-05 03:58:07.000,1.238500,1.238800,D
174162642,EUR/USD,2005-08-05 03:58:08.000,1.238600,1.238900,D
174162670,EUR/USD,2005-08-05 03:58:19.000,1.238500,1.238800,D
174162673,EUR/USD,2005-08-05 03:58:20.000,1.238600,1.238900,D
174162680,EUR/USD,2005-08-05 03:58:23.000,1.238700,1.239000,D
174162701,EUR/USD,2005-08-05 03:58:30.000,1.238800,1.239100,D
174162707,EUR/USD,2005-08-05 03:58:30.000,1.238600,1.238900,D
174162739,EUR/USD,2005-08-05 03:58:39.000,1.238700,1.239000,D
174162763,EUR/USD,2005-08-05 03:59:02.000,1.238600,1.238900,D
174162786,EUR/USD,2005-08-05 03:59:14.000,1.238700,1.239000,D
174162805,EUR/USD,2005-08-05 03:59:26.000,1.238600,1.238900,D
174162849,EUR/USD,2005-08-05 03:59:48.000,1.238500,1.238800,D
174162851,EUR/USD,2005-08-05 03:59:48.000,1.238400,1.238700,D
174162861,EUR/USD,2005-08-05 03:59:50.000,1.238300,1.238600,D
174162869,EUR/USD,2005-08-05 03:59:51.000,1.238400,1.238700,D
174162873,EUR/USD,2005-08-05 03:59:52.000,1.238300,1.238600,D
174162877,EUR/USD,2005-08-05 03:59:52.000,1.238200,1.238500,D
174162887,EUR/USD,2005-08-05 03:59:52.000,1.238300,1.238600,D
174162899,EUR/USD,2005-08-05 03:59:53.000,1.238200,1.238500,D
174162929,EUR/USD,2005-08-05 03:59:58.000,1.238100,1.238400,D
174162945,EUR/USD,2005-08-05 03:59:59.000,1.238200,1.238500,D
174162959,EUR/USD,2005-08-05 04:00:01.000,1.238100,1.238400,D
174162987,EUR/USD,2005-08-05 04:00:08.000,1.238200,1.238500,D
174162996,EUR/USD,2005-08-05 04:00:10.000,1.238100,1.238400,D
174163018,EUR/USD,2005-08-05 04:00:18.000,1.238200,1.238500,D
174163037,EUR/USD,2005-08-05 04:00:25.000,1.238100,1.238400,D
174163078,EUR/USD,2005-08-05 04:00:41.000,1.238000,1.238300,D
174163087,EUR/USD,2005-08-05 04:00:43.000,1.237900,1.238200,D
174163096,EUR/USD,2005-08-05 04:00:45.000,1.238000,1.238300,D
174163109,EUR/USD,2005-08-05 04:00:46.000,1.237900,1.238200,D
174163127,EUR/USD,2005-08-05 04:00:48.000,1.237800,1.238100,D
174163139,EUR/USD,2005-08-05 04:00:50.000,1.237900,1.238200,D
174163169,EUR/USD,2005-08-05 04:00:55.000,1.238000,1.238300,D
174163193,EUR/USD,2005-08-05 04:00:59.000,1.237900,1.238200,D
174163211,EUR/USD,2005-08-05 04:01:08.000,1.238000,1.238300,D
174163214,EUR/USD,2005-08-05 04:01:08.000,1.237900,1.238200,D
174163216,EUR/USD,2005-08-05 04:01:08.000,1.238000,1.238300,D
174163257,EUR/USD,2005-08-05 04:01:24.000,1.238100,1.238400,D
174163273,EUR/USD,2005-08-05 04:01:27.000,1.238000,1.238300,D
174163312,EUR/USD,2005-08-05 04:02:00.000,1.238100,1.238400,D
174163452,EUR/USD,2005-08-05 04:04:03.000,1.238200,1.238500,D
174163516,EUR/USD,2005-08-05 04:04:20.000,1.238100,1.238400,D
174163530,EUR/USD,2005-08-05 04:04:24.000,1.238200,1.238500,D
174163557,EUR/USD,2005-08-05 04:04:32.000,1.238100,1.238400,D
174163562,EUR/USD,2005-08-05 04:04:33.000,1.238200,1.238500,D
174163569,EUR/USD,2005-08-05 04:04:34.000,1.238100,1.238400,D
174163583,EUR/USD,2005-08-05 04:04:37.000,1.238200,1.238500,D
174163597,EUR/USD,2005-08-05 04:04:42.000,1.238300,1.238600,D
174163627,EUR/USD,2005-08-05 04:04:52.000,1.238200,1.238500,D
174163649,EUR/USD,2005-08-05 04:05:08.000,1.238300,1.238600,D
174163672,EUR/USD,2005-08-05 04:05:28.000,1.238200,1.238500,D
174163685,EUR/USD,2005-08-05 04:05:53.000,1.238100,1.238400,D
174163686,EUR/USD,2005-08-05 04:05:59.000,1.238200,1.238500,D
174163693,EUR/USD,2005-08-05 04:06:03.000,1.238100,1.238400,D
174163704,EUR/USD,2005-08-05 04:06:11.000,1.238200,1.238500,D
174163721,EUR/USD,2005-08-05 04:06:15.000,1.238100,1.238400,D
174163748,EUR/USD,2005-08-05 04:06:31.000,1.238000,1.238300,D
174163762,EUR/USD,2005-08-05 04:07:02.000,1.238100,1.238400,D
174163786,EUR/USD,2005-08-05 04:07:16.000,1.238200,1.238500,D
174163804,EUR/USD,2005-08-05 04:07:32.000,1.238100,1.238400,D
174163859,EUR/USD,2005-08-05 04:08:16.000,1.238200,1.238500,D
174163885,EUR/USD,2005-08-05 04:08:47.000,1.238100,1.238400,D
174163900,EUR/USD,2005-08-05 04:08:55.000,1.238200,1.238500,D
174163906,EUR/USD,2005-08-05 04:08:57.000,1.238100,1.238400,D
174163913,EUR/USD,2005-08-05 04:09:01.000,1.238200,1.238500,D
174163926,EUR/USD,2005-08-05 04:09:11.000,1.238100,1.238400,D
174163932,EUR/USD,2005-08-05 04:09:13.000,1.238200,1.238500,D
174163967,EUR/USD,2005-08-05 04:09:40.000,1.238100,1.238400,D
174163968,EUR/USD,2005-08-05 04:09:43.000,1.238200,1.238500,D
174163972,EUR/USD,2005-08-05 04:09:45.000,1.238100,1.238400,D
174163982,EUR/USD,2005-08-05 04:09:56.000,1.238200,1.238500,D
174163992,EUR/USD,2005-08-05 04:09:58.000,1.238100,1.238400,D
174163999,EUR/USD,2005-08-05 04:10:02.000,1.238200,1.238500,D
174164002,EUR/USD,2005-08-05 04:10:03.000,1.238100,1.238400,D
174164042,EUR/USD,2005-08-05 04:11:00.000,1.238200,1.238500,D
174164055,EUR/USD,2005-08-05 04:11:12.000,1.238100,1.238400,D
174164066,EUR/USD,2005-08-05 04:11:22.000,1.238000,1.238300,D
174164070,EUR/USD,2005-08-05 04:11:23.000,1.238100,1.238400,D
174164073,EUR/USD,2005-08-05 04:11:24.000,1.238000,1.238300,D
174164081,EUR/USD,2005-08-05 04:11:27.000,1.238100,1.238400,D
174164142,EUR/USD,2005-08-05 04:12:17.000,1.238200,1.238500,D
174164183,EUR/USD,2005-08-05 04:12:35.000,1.238300,1.238600,D
174164189,EUR/USD,2005-08-05 04:12:37.000,1.238200,1.238500,D
174164194,EUR/USD,2005-08-05 04:12:38.000,1.238300,1.238600,D
174164205,EUR/USD,2005-08-05 04:12:39.000,1.238200,1.238500,D
174164208,EUR/USD,2005-08-05 04:12:41.000,1.238300,1.238600,D
174164215,EUR/USD,2005-08-05 04:12:42.000,1.238200,1.238500,D
174164228,EUR/USD,2005-08-05 04:12:47.000,1.238300,1.238600,D
174164277,EUR/USD,2005-08-05 04:13:05.000,1.238400,1.238700,D
174164312,EUR/USD,2005-08-05 04:13:13.000,1.238500,1.238800,D
174164327,EUR/USD,2005-08-05 04:13:15.000,1.238400,1.238700,D
174164335,EUR/USD,2005-08-05 04:13:16.000,1.238500,1.238800,D
174164362,EUR/USD,2005-08-05 04:13:20.000,1.238600,1.238900,D
174164378,EUR/USD,2005-08-05 04:13:24.000,1.238700,1.239000,D
174164392,EUR/USD,2005-08-05 04:13:28.000,1.238800,1.239100,D
174164395,EUR/USD,2005-08-05 04:13:29.000,1.238900,1.239200,D
174164404,EUR/USD,2005-08-05 04:13:30.000,1.238800,1.239100,D
174164412,EUR/USD,2005-08-05 04:13:32.000,1.238900,1.239200,D
174164438,EUR/USD,2005-08-05 04:13:38.000,1.238800,1.239100,D
174164441,EUR/USD,2005-08-05 04:13:39.000,1.238900,1.239200,D
174164451,EUR/USD,2005-08-05 04:13:41.000,1.238800,1.239100,D
174164455,EUR/USD,2005-08-05 04:13:41.000,1.238900,1.239200,D
174164464,EUR/USD,2005-08-05 04:13:42.000,1.238800,1.239100,D
174164475,EUR/USD,2005-08-05 04:13:44.000,1.238700,1.239000,D
174164539,EUR/USD,2005-08-05 04:14:06.000,1.238600,1.238900,D
174164543,EUR/USD,2005-08-05 04:14:08.000,1.238500,1.238800,D
174164555,EUR/USD,2005-08-05 04:14:10.000,1.238400,1.238700,D
174164564,EUR/USD,2005-08-05 04:14:11.000,1.238500,1.238800,D
174164576,EUR/USD,2005-08-05 04:14:12.000,1.238400,1.238700,D
174164582,EUR/USD,2005-08-05 04:14:13.000,1.238500,1.238800,D
174164587,EUR/USD,2005-08-05 04:14:13.000,1.238400,1.238700,D
174164601,EUR/USD,2005-08-05 04:14:19.000,1.238500,1.238800,D
174164616,EUR/USD,2005-08-05 04:14:29.000,1.238600,1.238900,D
174164634,EUR/USD,2005-08-05 04:14:36.000,1.238700,1.239000,D
174164642,EUR/USD,2005-08-05 04:14:39.000,1.238800,1.239100,D
174164656,EUR/USD,2005-08-05 04:14:43.000,1.238900,1.239200,D
174164666,EUR/USD,2005-08-05 04:14:44.000,1.238800,1.239100,D
174164677,EUR/USD,2005-08-05 04:14:44.000,1.238900,1.239200,D
174164685,EUR/USD,2005-08-05 04:14:47.000,1.238800,1.239100,D
174164689,EUR/USD,2005-08-05 04:14:48.000,1.238900,1.239200,D
174164702,EUR/USD,2005-08-05 04:14:50.000,1.238800,1.239100,D
174164711,EUR/USD,2005-08-05 04:14:53.000,1.238900,1.239200,D
174164728,EUR/USD,2005-08-05 04:14:59.000,1.239000,1.239300,D
174164732,EUR/USD,2005-08-05 04:14:59.000,1.238900,1.239200,D
174164750,EUR/USD,2005-08-05 04:15:02.000,1.238800,1.239100,D
174164759,EUR/USD,2005-08-05 04:15:05.000,1.238700,1.239000,D
174164768,EUR/USD,2005-08-05 04:15:06.000,1.238600,1.238900,D
174164774,EUR/USD,2005-08-05 04:15:07.000,1.238500,1.238800,D
174164787,EUR/USD,2005-08-05 04:15:11.000,1.238600,1.238900,D
174164790,EUR/USD,2005-08-05 04:15:11.000,1.238500,1.238800,D
174164797,EUR/USD,2005-08-05 04:15:12.000,1.238400,1.238700,D
174164822,EUR/USD,2005-08-05 04:15:17.000,1.238300,1.238600,D
174164834,EUR/USD,2005-08-05 04:15:27.000,1.238400,1.238700,D
174164848,EUR/USD,2005-08-05 04:15:31.000,1.238300,1.238600,D
174164858,EUR/USD,2005-08-05 04:15:32.000,1.238400,1.238700,D
174164866,EUR/USD,2005-08-05 04:15:36.000,1.238500,1.238800,D
174164888,EUR/USD,2005-08-05 04:15:44.000,1.238400,1.238700,D
174164912,EUR/USD,2005-08-05 04:15:52.000,1.238300,1.238600,D
174164919,EUR/USD,2005-08-05 04:15:52.000,1.238200,1.238500,D
174164930,EUR/USD,2005-08-05 04:15:55.000,1.238100,1.238400,D
174164942,EUR/USD,2005-08-05 04:15:59.000,1.238000,1.238300,D
174164961,EUR/USD,2005-08-05 04:16:04.000,1.237900,1.238200,D
174164989,EUR/USD,2005-08-05 04:16:11.000,1.238000,1.238300,D
174164997,EUR/USD,2005-08-05 04:16:23.000,1.237900,1.238200,D
174165007,EUR/USD,2005-08-05 04:16:29.000,1.238000,1.238300,D
174165015,EUR/USD,2005-08-05 04:16:30.000,1.237900,1.238200,D
174165017,EUR/USD,2005-08-05 04:16:30.000,1.238000,1.238300,D
174165024,EUR/USD,2005-08-05 04:16:32.000,1.237900,1.238200,D
174165026,EUR/USD,2005-08-05 04:16:32.000,1.238000,1.238300,D
174165056,EUR/USD,2005-08-05 04:16:46.000,1.237900,1.238200,D
174165068,EUR/USD,2005-08-05 04:16:54.000,1.237800,1.238100,D
174165082,EUR/USD,2005-08-05 04:16:57.000,1.237700,1.238000,D
174165090,EUR/USD,2005-08-05 04:16:58.000,1.237600,1.237900,D
174165113,EUR/USD,2005-08-05 04:17:02.000,1.237500,1.237800,D
174165120,EUR/USD,2005-08-05 04:17:03.000,1.237600,1.237900,D
174165130,EUR/USD,2005-08-05 04:17:10.000,1.237500,1.237800,D
174165134,EUR/USD,2005-08-05 04:17:12.000,1.237600,1.237900,D
174165141,EUR/USD,2005-08-05 04:17:13.000,1.237500,1.237800,D
174165153,EUR/USD,2005-08-05 04:17:16.000,1.237400,1.237700,D
174165168,EUR/USD,2005-08-05 04:17:20.000,1.237300,1.237600,D
174165188,EUR/USD,2005-08-05 04:17:26.000,1.237400,1.237700,D
174165350,EUR/USD,2005-08-05 04:18:17.000,1.237300,1.237600,D
174165355,EUR/USD,2005-08-05 04:18:18.000,1.237400,1.237700,D
174165389,EUR/USD,2005-08-05 04:18:29.000,1.237300,1.237600,D
174165401,EUR/USD,2005-08-05 04:18:33.000,1.237400,1.237700,D
174165417,EUR/USD,2005-08-05 04:18:38.000,1.237500,1.237800,D
174165427,EUR/USD,2005-08-05 04:18:39.000,1.237400,1.237700,D
174165463,EUR/USD,2005-08-05 04:18:52.000,1.237300,1.237600,D
174165473,EUR/USD,2005-08-05 04:18:56.000,1.237400,1.237700,D
174165477,EUR/USD,2005-08-05 04:18:58.000,1.237300,1.237600,D
174165514,EUR/USD,2005-08-05 04:19:11.000,1.237400,1.237700,D
174165525,EUR/USD,2005-08-05 04:19:16.000,1.237300,1.237600,D
174165530,EUR/USD,2005-08-05 04:19:16.000,1.237400,1.237700,D
174165543,EUR/USD,2005-08-05 04:19:25.000,1.237500,1.237800,D
174165548,EUR/USD,2005-08-05 04:19:26.000,1.237400,1.237700,D
174165573,EUR/USD,2005-08-05 04:19:32.000,1.237500,1.237800,D
174165603,EUR/USD,2005-08-05 04:19:45.000,1.237400,1.237700,D
174165644,EUR/USD,2005-08-05 04:20:04.000,1.237500,1.237800,D
174165654,EUR/USD,2005-08-05 04:20:15.000,1.237600,1.237900,D
174165669,EUR/USD,2005-08-05 04:20:22.000,1.237700,1.238000,D
174165680,EUR/USD,2005-08-05 04:20:27.000,1.237800,1.238100,D
174165698,EUR/USD,2005-08-05 04:20:31.000,1.237700,1.238000,D
174165725,EUR/USD,2005-08-05 04:20:38.000,1.237800,1.238100,D
174165748,EUR/USD,2005-08-05 04:20:43.000,1.237900,1.238200,D
174165770,EUR/USD,2005-08-05 04:20:48.000,1.238000,1.238300,D
174165829,EUR/USD,2005-08-05 04:20:58.000,1.237900,1.238200,D
174165842,EUR/USD,2005-08-05 04:21:04.000,1.237800,1.238100,D
174165845,EUR/USD,2005-08-05 04:21:04.000,1.237900,1.238200,D
174165848,EUR/USD,2005-08-05 04:21:04.000,1.238000,1.238300,D
174165871,EUR/USD,2005-08-05 04:21:07.000,1.238100,1.238400,D
174165892,EUR/USD,2005-08-05 04:21:17.000,1.238200,1.238500,D
174165903,EUR/USD,2005-08-05 04:21:20.000,1.238300,1.238600,D
174165934,EUR/USD,2005-08-05 04:21:24.000,1.238200,1.238500,D
174165943,EUR/USD,2005-08-05 04:21:27.000,1.238100,1.238400,D
174165964,EUR/USD,2005-08-05 04:21:35.000,1.238000,1.238300,D
174165979,EUR/USD,2005-08-05 04:21:44.000,1.238100,1.238400,D
174166040,EUR/USD,2005-08-05 04:22:18.000,1.238000,1.238300,D
174166085,EUR/USD,2005-08-05 04:22:32.000,1.237900,1.238200,D
174166136,EUR/USD,2005-08-05 04:23:00.000,1.238000,1.238300,D
174166144,EUR/USD,2005-08-05 04:23:03.000,1.237900,1.238200,D
174166161,EUR/USD,2005-08-05 04:23:12.000,1.238000,1.238300,D
174166176,EUR/USD,2005-08-05 04:23:16.000,1.237900,1.238200,D
174166179,EUR/USD,2005-08-05 04:23:18.000,1.238000,1.238300,D
174166193,EUR/USD,2005-08-05 04:23:20.000,1.237900,1.238200,D
174166210,EUR/USD,2005-08-05 04:23:34.000,1.237800,1.238100,D
174166247,EUR/USD,2005-08-05 04:23:50.000,1.237900,1.238200,D
174166277,EUR/USD,2005-08-05 04:24:05.000,1.237800,1.238100,D
174166304,EUR/USD,2005-08-05 04:24:21.000,1.237700,1.238000,D
174166329,EUR/USD,2005-08-05 04:24:27.000,1.237600,1.237900,D
174166333,EUR/USD,2005-08-05 04:24:27.000,1.237700,1.238000,D
174166335,EUR/USD,2005-08-05 04:24:29.000,1.237600,1.237900,D
174166412,EUR/USD,2005-08-05 04:25:17.000,1.237500,1.237800,D
174166423,EUR/USD,2005-08-05 04:25:24.000,1.237600,1.237900,D
174166428,EUR/USD,2005-08-05 04:25:25.000,1.237700,1.238000,D
174166459,EUR/USD,2005-08-05 04:25:44.000,1.237800,1.238100,D
174166506,EUR/USD,2005-08-05 04:25:57.000,1.237900,1.238200,D
174166547,EUR/USD,2005-08-05 04:26:09.000,1.237800,1.238100,D
174166556,EUR/USD,2005-08-05 04:26:14.000,1.237900,1.238200,D
174166576,EUR/USD,2005-08-05 04:26:18.000,1.238000,1.238300,D
174166585,EUR/USD,2005-08-05 04:26:18.000,1.237900,1.238200,D
174166603,EUR/USD,2005-08-05 04:26:24.000,1.238000,1.238300,D
174166608,EUR/USD,2005-08-05 04:26:24.000,1.238100,1.238400,D
174166635,EUR/USD,2005-08-05 04:26:30.000,1.238200,1.238500,D
174166642,EUR/USD,2005-08-05 04:26:30.000,1.238100,1.238400,D
174166646,EUR/USD,2005-08-05 04:26:31.000,1.238000,1.238300,D
174166654,EUR/USD,2005-08-05 04:26:32.000,1.238100,1.238400,D
174166661,EUR/USD,2005-08-05 04:26:33.000,1.238000,1.238300,D
174166665,EUR/USD,2005-08-05 04:26:34.000,1.238100,1.238400,D
174166668,EUR/USD,2005-08-05 04:26:34.000,1.238200,1.238500,D
174166681,EUR/USD,2005-08-05 04:26:35.000,1.238100,1.238400,D
174166693,EUR/USD,2005-08-05 04:26:37.000,1.238000,1.238300,D
174166700,EUR/USD,2005-08-05 04:26:38.000,1.238100,1.238400,D
174166712,EUR/USD,2005-08-05 04:26:41.000,1.238000,1.238300,D
174166715,EUR/USD,2005-08-05 04:26:42.000,1.238100,1.238400,D
174166719,EUR/USD,2005-08-05 04:26:43.000,1.238200,1.238500,D
174166722,EUR/USD,2005-08-05 04:26:44.000,1.238300,1.238600,D
174166736,EUR/USD,2005-08-05 04:26:46.000,1.238400,1.238700,D
174166766,EUR/USD,2005-08-05 04:26:50.000,1.238300,1.238600,D
174166781,EUR/USD,2005-08-05 04:26:52.000,1.238200,1.238500,D
174166799,EUR/USD,2005-08-05 04:26:55.000,1.238300,1.238600,D
174166805,EUR/USD,2005-08-05 04:26:59.000,1.238200,1.238500,D
174166825,EUR/USD,2005-08-05 04:27:04.000,1.238100,1.238400,D
174166843,EUR/USD,2005-08-05 04:27:09.000,1.238200,1.238500,D
174166856,EUR/USD,2005-08-05 04:27:12.000,1.238100,1.238400,D
174166867,EUR/USD,2005-08-05 04:27:16.000,1.238000,1.238300,D
174166884,EUR/USD,2005-08-05 04:27:20.000,1.238100,1.238400,D
174166899,EUR/USD,2005-08-05 04:27:22.000,1.238000,1.238300,D
174166924,EUR/USD,2005-08-05 04:27:31.000,1.238100,1.238400,D
174166934,EUR/USD,2005-08-05 04:27:44.000,1.238000,1.238300,D
174166944,EUR/USD,2005-08-05 04:27:50.000,1.238100,1.238400,D
174166952,EUR/USD,2005-08-05 04:27:52.000,1.238000,1.238300,D
174166961,EUR/USD,2005-08-05 04:27:55.000,1.238100,1.238400,D
174166965,EUR/USD,2005-08-05 04:27:56.000,1.238000,1.238300,D
174166998,EUR/USD,2005-08-05 04:28:22.000,1.238100,1.238400,D
174167007,EUR/USD,2005-08-05 04:28:28.000,1.238200,1.238500,D
174167030,EUR/USD,2005-08-05 04:28:34.000,1.238300,1.238600,D
174167039,EUR/USD,2005-08-05 04:28:35.000,1.238200,1.238500,D
174167051,EUR/USD,2005-08-05 04:28:37.000,1.238300,1.238600,D
174167074,EUR/USD,2005-08-05 04:28:52.000,1.238200,1.238500,D
174167224,EUR/USD,2005-08-05 04:30:08.000,1.238100,1.238400,D
174167251,EUR/USD,2005-08-05 04:30:15.000,1.238000,1.238300,D
174167266,EUR/USD,2005-08-05 04:30:19.000,1.238100,1.238400,D
174167271,EUR/USD,2005-08-05 04:30:20.000,1.238000,1.238300,D
174167305,EUR/USD,2005-08-05 04:30:29.000,1.237900,1.238200,D
174167327,EUR/USD,2005-08-05 04:30:35.000,1.237800,1.238100,D
174167328,EUR/USD,2005-08-05 04:30:36.000,1.237900,1.238200,D
174167355,EUR/USD,2005-08-05 04:30:48.000,1.237800,1.238100,D
174167416,EUR/USD,2005-08-05 04:31:10.000,1.237700,1.238000,D
174167420,EUR/USD,2005-08-05 04:31:12.000,1.237800,1.238100,D
174167427,EUR/USD,2005-08-05 04:31:15.000,1.237700,1.238000,D
174167445,EUR/USD,2005-08-05 04:31:21.000,1.237800,1.238100,D
174167467,EUR/USD,2005-08-05 04:31:29.000,1.237900,1.238200,D
174167478,EUR/USD,2005-08-05 04:31:31.000,1.238000,1.238300,D
174167482,EUR/USD,2005-08-05 04:31:31.000,1.237800,1.238100,D
174167492,EUR/USD,2005-08-05 04:31:32.000,1.237900,1.238200,D
174167497,EUR/USD,2005-08-05 04:31:32.000,1.237800,1.238100,D
174167512,EUR/USD,2005-08-05 04:31:36.000,1.237900,1.238200,D
174167552,EUR/USD,2005-08-05 04:31:53.000,1.238000,1.238300,D
174167573,EUR/USD,2005-08-05 04:31:58.000,1.238100,1.238400,D
174167585,EUR/USD,2005-08-05 04:32:02.000,1.238000,1.238300,D
174167593,EUR/USD,2005-08-05 04:32:03.000,1.238100,1.238400,D
174167622,EUR/USD,2005-08-05 04:32:07.000,1.238200,1.238500,D
174167631,EUR/USD,2005-08-05 04:32:10.000,1.238300,1.238600,D
174167655,EUR/USD,2005-08-05 04:32:17.000,1.238200,1.238500,D
174167715,EUR/USD,2005-08-05 04:32:37.000,1.238300,1.238600,D
174167792,EUR/USD,2005-08-05 04:33:09.000,1.238400,1.238700,D
174167844,EUR/USD,2005-08-05 04:33:22.000,1.238500,1.238800,D
174167848,EUR/USD,2005-08-05 04:33:22.000,1.238400,1.238700,D
174167873,EUR/USD,2005-08-05 04:33:37.000,1.238300,1.238600,D
174167973,EUR/USD,2005-08-05 04:34:42.000,1.238400,1.238700,D
174167977,EUR/USD,2005-08-05 04:34:42.000,1.238300,1.238600,D
174167986,EUR/USD,2005-08-05 04:34:55.000,1.238400,1.238700,D
174168086,EUR/USD,2005-08-05 04:36:08.000,1.238500,1.238800,D
174168098,EUR/USD,2005-08-05 04:36:21.000,1.238400,1.238700,D
174168116,EUR/USD,2005-08-05 04:36:27.000,1.238300,1.238600,D
174168128,EUR/USD,2005-08-05 04:36:29.000,1.238200,1.238500,D
174168176,EUR/USD,2005-08-05 04:37:15.000,1.238100,1.238400,D
174168184,EUR/USD,2005-08-05 04:37:20.000,1.238000,1.238300,D
174168205,EUR/USD,2005-08-05 04:37:28.000,1.237900,1.238200,D
174168221,EUR/USD,2005-08-05 04:37:31.000,1.238000,1.238300,D
174168243,EUR/USD,2005-08-05 04:37:38.000,1.237900,1.238200,D
174168268,EUR/USD,2005-08-05 04:37:47.000,1.238000,1.238300,D
174168275,EUR/USD,2005-08-05 04:37:49.000,1.237900,1.238200,D
174168297,EUR/USD,2005-08-05 04:37:54.000,1.237800,1.238100,D
174168304,EUR/USD,2005-08-05 04:37:55.000,1.237900,1.238200,D
174168323,EUR/USD,2005-08-05 04:38:01.000,1.237800,1.238100,D
174168365,EUR/USD,2005-08-05 04:38:30.000,1.237900,1.238200,D
174168409,EUR/USD,2005-08-05 04:38:46.000,1.237800,1.238100,D
174168430,EUR/USD,2005-08-05 04:38:56.000,1.237700,1.238000,D
174168443,EUR/USD,2005-08-05 04:39:01.000,1.237600,1.237900,D
174168445,EUR/USD,2005-08-05 04:39:03.000,1.237700,1.238000,D
174168460,EUR/USD,2005-08-05 04:39:07.000,1.237600,1.237900,D
174168496,EUR/USD,2005-08-05 04:39:23.000,1.237700,1.238000,D
174168511,EUR/USD,2005-08-05 04:39:28.000,1.237600,1.237900,D
174168515,EUR/USD,2005-08-05 04:39:29.000,1.237700,1.238000,D
174168546,EUR/USD,2005-08-05 04:39:43.000,1.237800,1.238100,D
174168550,EUR/USD,2005-08-05 04:39:44.000,1.237700,1.238000,D
174168555,EUR/USD,2005-08-05 04:39:45.000,1.237800,1.238100,D
174168560,EUR/USD,2005-08-05 04:39:48.000,1.237700,1.238000,D
174168563,EUR/USD,2005-08-05 04:39:50.000,1.237800,1.238100,D
174168582,EUR/USD,2005-08-05 04:39:57.000,1.237700,1.238000,D
174168599,EUR/USD,2005-08-05 04:40:14.000,1.237600,1.237900,D
174168609,EUR/USD,2005-08-05 04:40:20.000,1.237500,1.237800,D
174168617,EUR/USD,2005-08-05 04:40:24.000,1.237600,1.237900,D
174168632,EUR/USD,2005-08-05 04:40:29.000,1.237700,1.238000,D
174168664,EUR/USD,2005-08-05 04:40:47.000,1.237600,1.237900,D
174168668,EUR/USD,2005-08-05 04:40:48.000,1.237700,1.238000,D
174168679,EUR/USD,2005-08-05 04:40:53.000,1.237600,1.237900,D
174168696,EUR/USD,2005-08-05 04:41:10.000,1.237700,1.238000,D
174168705,EUR/USD,2005-08-05 04:41:28.000,1.237800,1.238100,D
174168719,EUR/USD,2005-08-05 04:41:36.000,1.237700,1.238000,D
174168741,EUR/USD,2005-08-05 04:42:00.000,1.237800,1.238100,D
174168748,EUR/USD,2005-08-05 04:42:02.000,1.237700,1.238000,D
174168755,EUR/USD,2005-08-05 04:42:07.000,1.237800,1.238100,D
174168776,EUR/USD,2005-08-05 04:42:25.000,1.237700,1.238000,D
174168780,EUR/USD,2005-08-05 04:42:33.000,1.237800,1.238100,D
174168790,EUR/USD,2005-08-05 04:42:39.000,1.237700,1.238000,D
174168795,EUR/USD,2005-08-05 04:42:45.000,1.237800,1.238100,D
174168828,EUR/USD,2005-08-05 04:43:10.000,1.237700,1.238000,D
174168830,EUR/USD,2005-08-05 04:43:12.000,1.237800,1.238100,D
174168894,EUR/USD,2005-08-05 04:44:05.000,1.237900,1.238200,D
174168898,EUR/USD,2005-08-05 04:44:06.000,1.238000,1.238300,D
174168914,EUR/USD,2005-08-05 04:44:08.000,1.237900,1.238200,D
174168916,EUR/USD,2005-08-05 04:44:09.000,1.238000,1.238300,D
174168929,EUR/USD,2005-08-05 04:44:10.000,1.237900,1.238200,D
174168947,EUR/USD,2005-08-05 04:44:16.000,1.237800,1.238100,D
174168955,EUR/USD,2005-08-05 04:44:19.000,1.237900,1.238200,D
174168975,EUR/USD,2005-08-05 04:44:38.000,1.238000,1.238300,D
174168979,EUR/USD,2005-08-05 04:44:39.000,1.237900,1.238200,D
174168984,EUR/USD,2005-08-05 04:44:42.000,1.238000,1.238300,D
174169012,EUR/USD,2005-08-05 04:45:05.000,1.237900,1.238200,D
174169019,EUR/USD,2005-08-05 04:45:06.000,1.238000,1.238300,D
174169030,EUR/USD,2005-08-05 04:45:08.000,1.237900,1.238200,D
174169046,EUR/USD,2005-08-05 04:45:19.000,1.237800,1.238100,D
174169092,EUR/USD,2005-08-05 04:46:01.000,1.237900,1.238200,D
174169104,EUR/USD,2005-08-05 04:46:03.000,1.237800,1.238100,D
174169113,EUR/USD,2005-08-05 04:46:10.000,1.237900,1.238200,D
174169133,EUR/USD,2005-08-05 04:46:26.000,1.238000,1.238300,D
174169161,EUR/USD,2005-08-05 04:46:50.000,1.237900,1.238200,D
174169163,EUR/USD,2005-08-05 04:46:52.000,1.238000,1.238300,D
174169183,EUR/USD,2005-08-05 04:46:57.000,1.237900,1.238200,D
174169199,EUR/USD,2005-08-05 04:47:13.000,1.238000,1.238300,D
174169229,EUR/USD,2005-08-05 04:47:24.000,1.237900,1.238200,D
174169256,EUR/USD,2005-08-05 04:48:35.000,1.238000,1.238300,D
174169306,EUR/USD,2005-08-05 04:49:09.000,1.237900,1.238200,D
174169325,EUR/USD,2005-08-05 04:49:29.000,1.238000,1.238300,D
174169334,EUR/USD,2005-08-05 04:49:32.000,1.237900,1.238200,D
174169343,EUR/USD,2005-08-05 04:49:35.000,1.238000,1.238300,D
174169348,EUR/USD,2005-08-05 04:49:37.000,1.237900,1.238200,D
174169358,EUR/USD,2005-08-05 04:49:40.000,1.237800,1.238100,D
174169362,EUR/USD,2005-08-05 04:49:42.000,1.237900,1.238200,D
174169375,EUR/USD,2005-08-05 04:49:47.000,1.237800,1.238100,D
174169381,EUR/USD,2005-08-05 04:49:48.000,1.237900,1.238200,D
174169387,EUR/USD,2005-08-05 04:49:48.000,1.237800,1.238100,D
174169396,EUR/USD,2005-08-05 04:49:49.000,1.237900,1.238200,D
174169415,EUR/USD,2005-08-05 04:50:00.000,1.237800,1.238100,D
174169427,EUR/USD,2005-08-05 04:50:06.000,1.237900,1.238200,D
174169438,EUR/USD,2005-08-05 04:50:07.000,1.237800,1.238100,D
174169458,EUR/USD,2005-08-05 04:50:17.000,1.237700,1.238000,D
174169482,EUR/USD,2005-08-05 04:50:26.000,1.237800,1.238100,D
174169493,EUR/USD,2005-08-05 04:50:31.000,1.237900,1.238200,D
174169505,EUR/USD,2005-08-05 04:50:34.000,1.237800,1.238100,D
174169538,EUR/USD,2005-08-05 04:50:50.000,1.237900,1.238200,D
174169549,EUR/USD,2005-08-05 04:50:52.000,1.238000,1.238300,D
174169564,EUR/USD,2005-08-05 04:50:54.000,1.238100,1.238400,D
174169600,EUR/USD,2005-08-05 04:51:00.000,1.238000,1.238300,D
174169610,EUR/USD,2005-08-05 04:51:05.000,1.238100,1.238400,D
174169631,EUR/USD,2005-08-05 04:51:15.000,1.238200,1.238500,D
174169643,EUR/USD,2005-08-05 04:51:21.000,1.238300,1.238600,D
174169648,EUR/USD,2005-08-05 04:51:23.000,1.238200,1.238500,D
174169651,EUR/USD,2005-08-05 04:51:23.000,1.238300,1.238600,D
174169674,EUR/USD,2005-08-05 04:51:27.000,1.238200,1.238500,D
174169696,EUR/USD,2005-08-05 04:51:31.000,1.238100,1.238400,D
174169702,EUR/USD,2005-08-05 04:51:33.000,1.238200,1.238500,D
174169711,EUR/USD,2005-08-05 04:51:35.000,1.238100,1.238400,D
174169807,EUR/USD,2005-08-05 04:52:16.000,1.237900,1.238200,D
174169817,EUR/USD,2005-08-05 04:52:17.000,1.238000,1.238300,D
174169818,EUR/USD,2005-08-05 04:52:17.000,1.238100,1.238400,D
174169831,EUR/USD,2005-08-05 04:52:21.000,1.238000,1.238300,D
174169837,EUR/USD,2005-08-05 04:52:22.000,1.237900,1.238200,D
174169844,EUR/USD,2005-08-05 04:52:25.000,1.238000,1.238300,D
174169849,EUR/USD,2005-08-05 04:52:27.000,1.237900,1.238200,D
174169869,EUR/USD,2005-08-05 04:52:32.000,1.237800,1.238100,D
174169875,EUR/USD,2005-08-05 04:52:34.000,1.237900,1.238200,D
174169882,EUR/USD,2005-08-05 04:52:36.000,1.237800,1.238100,D
174169884,EUR/USD,2005-08-05 04:52:38.000,1.237900,1.238200,D
174169899,EUR/USD,2005-08-05 04:52:44.000,1.238000,1.238300,D
174169911,EUR/USD,2005-08-05 04:52:46.000,1.237900,1.238200,D
174169932,EUR/USD,2005-08-05 04:52:56.000,1.237800,1.238100,D
174169944,EUR/USD,2005-08-05 04:53:02.000,1.237900,1.238200,D
174169955,EUR/USD,2005-08-05 04:53:08.000,1.238000,1.238300,D
174169979,EUR/USD,2005-08-05 04:53:12.000,1.238100,1.238400,D
174169986,EUR/USD,2005-08-05 04:53:14.000,1.238000,1.238300,D
174169993,EUR/USD,2005-08-05 04:53:15.000,1.238100,1.238400,D
174170056,EUR/USD,2005-08-05 04:53:28.000,1.238000,1.238300,D
174170141,EUR/USD,2005-08-05 04:53:55.000,1.238100,1.238400,D
174170145,EUR/USD,2005-08-05 04:53:57.000,1.238000,1.238300,D
174170192,EUR/USD,2005-08-05 04:54:36.000,1.238100,1.238400,D
174170212,EUR/USD,2005-08-05 04:54:46.000,1.238200,1.238500,D
174170227,EUR/USD,2005-08-05 04:54:50.000,1.238100,1.238400,D
174170237,EUR/USD,2005-08-05 04:54:55.000,1.238200,1.238500,D
174170246,EUR/USD,2005-08-05 04:54:57.000,1.238100,1.238400,D
174170247,EUR/USD,2005-08-05 04:54:57.000,1.238200,1.238500,D
174170253,EUR/USD,2005-08-05 04:54:59.000,1.238100,1.238400,D
174170290,EUR/USD,2005-08-05 04:55:16.000,1.238200,1.238500,D
174170315,EUR/USD,2005-08-05 04:55:24.000,1.238100,1.238400,D
174170342,EUR/USD,2005-08-05 04:55:54.000,1.238000,1.238300,D
174170347,EUR/USD,2005-08-05 04:55:58.000,1.238100,1.238400,D
174170358,EUR/USD,2005-08-05 04:56:07.000,1.238000,1.238300,D
174170365,EUR/USD,2005-08-05 04:56:11.000,1.238100,1.238400,D
174170379,EUR/USD,2005-08-05 04:56:19.000,1.238000,1.238300,D
174170421,EUR/USD,2005-08-05 04:57:08.000,1.238100,1.238400,D
174170448,EUR/USD,2005-08-05 04:57:29.000,1.238000,1.238300,D
174170467,EUR/USD,2005-08-05 04:57:54.000,1.237900,1.238200,D
174170473,EUR/USD,2005-08-05 04:57:55.000,1.238000,1.238300,D
174170475,EUR/USD,2005-08-05 04:57:56.000,1.237900,1.238200,D
174170481,EUR/USD,2005-08-05 04:58:01.000,1.237800,1.238100,D
174170510,EUR/USD,2005-08-05 04:58:14.000,1.237900,1.238200,D
174170534,EUR/USD,2005-08-05 04:58:32.000,1.237800,1.238100,D
174170539,EUR/USD,2005-08-05 04:58:36.000,1.237900,1.238200,D
174170546,EUR/USD,2005-08-05 04:58:39.000,1.237800,1.238100,D
174170561,EUR/USD,2005-08-05 04:58:51.000,1.237700,1.238000,D
174170566,EUR/USD,2005-08-05 04:58:51.000,1.237800,1.238100,D
174170576,EUR/USD,2005-08-05 04:58:54.000,1.237700,1.238000,D
174170583,EUR/USD,2005-08-05 04:58:57.000,1.237800,1.238100,D
174170596,EUR/USD,2005-08-05 04:59:06.000,1.237900,1.238200,D
174170655,EUR/USD,2005-08-05 04:59:38.000,1.237800,1.238100,D
174170671,EUR/USD,2005-08-05 04:59:46.000,1.237700,1.238000,D
174170712,EUR/USD,2005-08-05 05:00:04.000,1.237600,1.237900,D
174170763,EUR/USD,2005-08-05 05:00:36.000,1.237500,1.237800,D
174170769,EUR/USD,2005-08-05 05:00:41.000,1.237600,1.237900,D
174170777,EUR/USD,2005-08-05 05:00:42.000,1.237500,1.237800,D
174170778,EUR/USD,2005-08-05 05:00:43.000,1.237600,1.237900,D
174170781,EUR/USD,2005-08-05 05:00:44.000,1.237500,1.237800,D
174170811,EUR/USD,2005-08-05 05:00:55.000,1.237600,1.237900,D
174170817,EUR/USD,2005-08-05 05:00:56.000,1.237500,1.237800,D
174170825,EUR/USD,2005-08-05 05:00:58.000,1.237600,1.237900,D
174170834,EUR/USD,2005-08-05 05:00:59.000,1.237500,1.237800,D
174170843,EUR/USD,2005-08-05 05:01:02.000,1.237600,1.237900,D
174170856,EUR/USD,2005-08-05 05:01:05.000,1.237700,1.238000,D
174170890,EUR/USD,2005-08-05 05:01:14.000,1.237600,1.237900,D
174170896,EUR/USD,2005-08-05 05:01:15.000,1.237700,1.238000,D
174170931,EUR/USD,2005-08-05 05:01:30.000,1.237600,1.237900,D
174170955,EUR/USD,2005-08-05 05:01:37.000,1.237700,1.238000,D
174170973,EUR/USD,2005-08-05 05:01:41.000,1.237600,1.237900,D
174170984,EUR/USD,2005-08-05 05:01:43.000,1.237700,1.238000,D
174170998,EUR/USD,2005-08-05 05:01:48.000,1.237600,1.237900,D
174171093,EUR/USD,2005-08-05 05:02:21.000,1.237500,1.237800,D
174171096,EUR/USD,2005-08-05 05:02:21.000,1.237600,1.237900,D
174171099,EUR/USD,2005-08-05 05:02:22.000,1.237500,1.237800,D
174171184,EUR/USD,2005-08-05 05:03:04.000,1.237600,1.237900,D
174171196,EUR/USD,2005-08-05 05:03:07.000,1.237700,1.238000,D
174171200,EUR/USD,2005-08-05 05:03:08.000,1.237600,1.237900,D
174171224,EUR/USD,2005-08-05 05:03:12.000,1.237500,1.237800,D
174171225,EUR/USD,2005-08-05 05:03:13.000,1.237600,1.237900,D
174171236,EUR/USD,2005-08-05 05:03:15.000,1.237500,1.237800,D
174171287,EUR/USD,2005-08-05 05:03:31.000,1.237600,1.237900,D
174171331,EUR/USD,2005-08-05 05:04:01.000,1.237500,1.237800,D
174171342,EUR/USD,2005-08-05 05:04:05.000,1.237600,1.237900,D
174171355,EUR/USD,2005-08-05 05:04:17.000,1.237700,1.238000,D
174171386,EUR/USD,2005-08-05 05:04:31.000,1.237600,1.237900,D
174171398,EUR/USD,2005-08-05 05:04:34.000,1.237700,1.238000,D
174171402,EUR/USD,2005-08-05 05:04:36.000,1.237600,1.237900,D
174171413,EUR/USD,2005-08-05 05:04:40.000,1.237700,1.238000,D
174171422,EUR/USD,2005-08-05 05:04:42.000,1.237600,1.237900,D
174171433,EUR/USD,2005-08-05 05:04:44.000,1.237700,1.238000,D
174171439,EUR/USD,2005-08-05 05:04:45.000,1.237600,1.237900,D
174171447,EUR/USD,2005-08-05 05:04:45.000,1.237700,1.238000,D
174171453,EUR/USD,2005-08-05 05:04:48.000,1.237600,1.237900,D
174171456,EUR/USD,2005-08-05 05:04:50.000,1.237700,1.238000,D
174171458,EUR/USD,2005-08-05 05:04:51.000,1.237600,1.237900,D
174171487,EUR/USD,2005-08-05 05:05:10.000,1.237700,1.238000,D
174171496,EUR/USD,2005-08-05 05:05:14.000,1.237600,1.237900,D
174171515,EUR/USD,2005-08-05 05:05:23.000,1.237700,1.238000,D
174171612,EUR/USD,2005-08-05 05:06:02.000,1.237600,1.237900,D
174171617,EUR/USD,2005-08-05 05:06:03.000,1.237700,1.238000,D
174171630,EUR/USD,2005-08-05 05:06:04.000,1.237600,1.237900,D
174171641,EUR/USD,2005-08-05 05:06:10.000,1.237700,1.238000,D
174171662,EUR/USD,2005-08-05 05:06:17.000,1.237600,1.237900,D
174171665,EUR/USD,2005-08-05 05:06:18.000,1.237700,1.238000,D
174171728,EUR/USD,2005-08-05 05:07:20.000,1.237800,1.238100,D
174171739,EUR/USD,2005-08-05 05:07:25.000,1.237700,1.238000,D
174171777,EUR/USD,2005-08-05 05:07:37.000,1.237600,1.237900,D
174171835,EUR/USD,2005-08-05 05:08:07.000,1.237700,1.238000,D
174171848,EUR/USD,2005-08-05 05:08:11.000,1.237600,1.237900,D
174171863,EUR/USD,2005-08-05 05:08:21.000,1.237500,1.237800,D
174171887,EUR/USD,2005-08-05 05:08:30.000,1.237400,1.237700,D
174171899,EUR/USD,2005-08-05 05:08:32.000,1.237500,1.237800,D
174171945,EUR/USD,2005-08-05 05:08:58.000,1.237600,1.237900,D
174171968,EUR/USD,2005-08-05 05:09:05.000,1.237500,1.237800,D
174171999,EUR/USD,2005-08-05 05:09:16.000,1.237400,1.237700,D
174172008,EUR/USD,2005-08-05 05:09:18.000,1.237500,1.237800,D
174172016,EUR/USD,2005-08-05 05:09:20.000,1.237400,1.237700,D
174172026,EUR/USD,2005-08-05 05:09:25.000,1.237300,1.237600,D
174172035,EUR/USD,2005-08-05 05:09:32.000,1.237400,1.237700,D
174172092,EUR/USD,2005-08-05 05:10:13.000,1.237500,1.237800,D
174172106,EUR/USD,2005-08-05 05:10:23.000,1.237600,1.237900,D
174172111,EUR/USD,2005-08-05 05:10:24.000,1.237500,1.237800,D
174172113,EUR/USD,2005-08-05 05:10:26.000,1.237600,1.237900,D
174172123,EUR/USD,2005-08-05 05:10:30.000,1.237500,1.237800,D
174172128,EUR/USD,2005-08-05 05:10:31.000,1.237600,1.237900,D
174172137,EUR/USD,2005-08-05 05:10:32.000,1.237500,1.237800,D
174172145,EUR/USD,2005-08-05 05:10:32.000,1.237600,1.237900,D
174172160,EUR/USD,2005-08-05 05:10:35.000,1.237500,1.237800,D
174172182,EUR/USD,2005-08-05 05:10:47.000,1.237400,1.237700,D
174172287,EUR/USD,2005-08-05 05:12:00.000,1.237300,1.237600,D
174172292,EUR/USD,2005-08-05 05:12:00.000,1.237400,1.237700,D
174172301,EUR/USD,2005-08-05 05:12:02.000,1.237300,1.237600,D
174172322,EUR/USD,2005-08-05 05:12:26.000,1.237400,1.237700,D
174172408,EUR/USD,2005-08-05 05:13:02.000,1.237300,1.237600,D
174172417,EUR/USD,2005-08-05 05:13:02.000,1.237400,1.237700,D
174172430,EUR/USD,2005-08-05 05:13:12.000,1.237500,1.237800,D
174172435,EUR/USD,2005-08-05 05:13:16.000,1.237400,1.237700,D
174172447,EUR/USD,2005-08-05 05:13:22.000,1.237500,1.237800,D
174172493,EUR/USD,2005-08-05 05:13:37.000,1.237600,1.237900,D
174172513,EUR/USD,2005-08-05 05:13:42.000,1.237700,1.238000,D
174172522,EUR/USD,2005-08-05 05:13:43.000,1.237800,1.238100,D
174172551,EUR/USD,2005-08-05 05:13:51.000,1.237700,1.238000,D
174172602,EUR/USD,2005-08-05 05:14:02.000,1.237600,1.237900,D
174172639,EUR/USD,2005-08-05 05:14:41.000,1.237500,1.237800,D
174172643,EUR/USD,2005-08-05 05:14:44.000,1.237600,1.237900,D
174172645,EUR/USD,2005-08-05 05:14:45.000,1.237500,1.237800,D
174172662,EUR/USD,2005-08-05 05:14:50.000,1.237600,1.237900,D
174172686,EUR/USD,2005-08-05 05:14:57.000,1.237500,1.237800,D
174172692,EUR/USD,2005-08-05 05:15:01.000,1.237600,1.237900,D
174172703,EUR/USD,2005-08-05 05:15:09.000,1.237500,1.237800,D
174172722,EUR/USD,2005-08-05 05:15:33.000,1.237600,1.237900,D
174172737,EUR/USD,2005-08-05 05:15:37.000,1.237500,1.237800,D
174172751,EUR/USD,2005-08-05 05:15:52.000,1.237600,1.237900,D
174172834,EUR/USD,2005-08-05 05:16:42.000,1.237500,1.237800,D
174172849,EUR/USD,2005-08-05 05:16:44.000,1.237600,1.237900,D
174172866,EUR/USD,2005-08-05 05:16:53.000,1.237500,1.237800,D
174172873,EUR/USD,2005-08-05 05:16:55.000,1.237600,1.237900,D
174172892,EUR/USD,2005-08-05 05:17:05.000,1.237500,1.237800,D
174172904,EUR/USD,2005-08-05 05:17:13.000,1.237400,1.237700,D
174172912,EUR/USD,2005-08-05 05:17:19.000,1.237500,1.237800,D
174172919,EUR/USD,2005-08-05 05:17:22.000,1.237400,1.237700,D
174172923,EUR/USD,2005-08-05 05:17:22.000,1.237500,1.237800,D
174172974,EUR/USD,2005-08-05 05:18:37.000,1.237400,1.237700,D
174172977,EUR/USD,2005-08-05 05:18:41.000,1.237500,1.237800,D
174172988,EUR/USD,2005-08-05 05:18:43.000,1.237400,1.237700,D
174173013,EUR/USD,2005-08-05 05:19:21.000,1.237500,1.237800,D
174173045,EUR/USD,2005-08-05 05:19:44.000,1.237400,1.237700,D
174173050,EUR/USD,2005-08-05 05:19:46.000,1.237500,1.237800,D
174173118,EUR/USD,2005-08-05 05:20:09.000,1.237400,1.237700,D
174173133,EUR/USD,2005-08-05 05:20:14.000,1.237500,1.237800,D
174173179,EUR/USD,2005-08-05 05:20:44.000,1.237400,1.237700,D
174173243,EUR/USD,2005-08-05 05:21:51.000,1.237300,1.237600,D
174173246,EUR/USD,2005-08-05 05:21:52.000,1.237400,1.237700,D
174173269,EUR/USD,2005-08-05 05:22:01.000,1.237300,1.237600,D
174173277,EUR/USD,2005-08-05 05:22:06.000,1.237400,1.237700,D
174173287,EUR/USD,2005-08-05 05:22:09.000,1.237300,1.237600,D
174173304,EUR/USD,2005-08-05 05:22:42.000,1.237400,1.237700,D
174173307,EUR/USD,2005-08-05 05:22:42.000,1.237500,1.237800,D
174173316,EUR/USD,2005-08-05 05:22:45.000,1.237400,1.237700,D
174173337,EUR/USD,2005-08-05 05:22:52.000,1.237500,1.237800,D
174173341,EUR/USD,2005-08-05 05:22:55.000,1.237400,1.237700,D
174173370,EUR/USD,2005-08-05 05:23:29.000,1.237300,1.237600,D
174173377,EUR/USD,2005-08-05 05:23:32.000,1.237400,1.237700,D
174173380,EUR/USD,2005-08-05 05:23:33.000,1.237300,1.237600,D
174173385,EUR/USD,2005-08-05 05:23:58.000,1.237400,1.237700,D
174173391,EUR/USD,2005-08-05 05:24:00.000,1.237300,1.237600,D
174173402,EUR/USD,2005-08-05 05:24:04.000,1.237200,1.237500,D
174173437,EUR/USD,2005-08-05 05:24:21.000,1.237100,1.237400,D
174173458,EUR/USD,2005-08-05 05:24:34.000,1.237200,1.237500,D
174173463,EUR/USD,2005-08-05 05:24:35.000,1.237100,1.237400,D
174173477,EUR/USD,2005-08-05 05:24:47.000,1.237200,1.237500,D
174173518,EUR/USD,2005-08-05 05:25:47.000,1.237100,1.237400,D
174173536,EUR/USD,2005-08-05 05:25:52.000,1.237200,1.237500,D
174173544,EUR/USD,2005-08-05 05:25:54.000,1.237100,1.237400,D
174173615,EUR/USD,2005-08-05 05:27:25.000,1.237000,1.237300,D
174173626,EUR/USD,2005-08-05 05:27:28.000,1.237100,1.237400,D
174173630,EUR/USD,2005-08-05 05:27:32.000,1.237000,1.237300,D
174173647,EUR/USD,2005-08-05 05:27:41.000,1.237100,1.237400,D
174173661,EUR/USD,2005-08-05 05:27:47.000,1.237000,1.237300,D
174173666,EUR/USD,2005-08-05 05:27:54.000,1.237100,1.237400,D
174173671,EUR/USD,2005-08-05 05:28:00.000,1.237000,1.237300,D
174173673,EUR/USD,2005-08-05 05:28:06.000,1.237100,1.237400,D
174173685,EUR/USD,2005-08-05 05:28:13.000,1.237000,1.237300,D
174173744,EUR/USD,2005-08-05 05:30:04.000,1.236900,1.237200,D
174173753,EUR/USD,2005-08-05 05:30:14.000,1.237000,1.237300,D
174173758,EUR/USD,2005-08-05 05:30:15.000,1.236900,1.237200,D
174173766,EUR/USD,2005-08-05 05:30:26.000,1.236800,1.237100,D
174173782,EUR/USD,2005-08-05 05:30:28.000,1.236700,1.237000,D
174173793,EUR/USD,2005-08-05 05:30:30.000,1.236600,1.236900,D
174173796,EUR/USD,2005-08-05 05:30:30.000,1.236700,1.237000,D
174173798,EUR/USD,2005-08-05 05:30:30.000,1.236600,1.236900,D
174173809,EUR/USD,2005-08-05 05:30:35.000,1.236700,1.237000,D
174173823,EUR/USD,2005-08-05 05:30:40.000,1.236800,1.237100,D
174173859,EUR/USD,2005-08-05 05:31:07.000,1.236700,1.237000,D
174173864,EUR/USD,2005-08-05 05:31:11.000,1.236800,1.237100,D
174173889,EUR/USD,2005-08-05 05:31:27.000,1.236700,1.237000,D
174173891,EUR/USD,2005-08-05 05:31:29.000,1.236800,1.237100,D
174173895,EUR/USD,2005-08-05 05:31:32.000,1.236700,1.237000,D
174173897,EUR/USD,2005-08-05 05:31:33.000,1.236800,1.237100,D
174173899,EUR/USD,2005-08-05 05:31:34.000,1.236700,1.237000,D
174173902,EUR/USD,2005-08-05 05:31:34.000,1.236800,1.237100,D
174173905,EUR/USD,2005-08-05 05:31:35.000,1.236700,1.237000,D
174173908,EUR/USD,2005-08-05 05:31:35.000,1.236800,1.237100,D
174173914,EUR/USD,2005-08-05 05:31:39.000,1.236900,1.237200,D
174173928,EUR/USD,2005-08-05 05:31:46.000,1.236800,1.237100,D
174173934,EUR/USD,2005-08-05 05:31:47.000,1.236900,1.237200,D
174173944,EUR/USD,2005-08-05 05:31:59.000,1.237000,1.237300,D
174174035,EUR/USD,2005-08-05 05:32:34.000,1.236900,1.237200,D
174174051,EUR/USD,2005-08-05 05:32:47.000,1.236800,1.237100,D
174174070,EUR/USD,2005-08-05 05:32:51.000,1.236900,1.237200,D
174174077,EUR/USD,2005-08-05 05:32:52.000,1.236800,1.237100,D
174174098,EUR/USD,2005-08-05 05:33:02.000,1.236900,1.237200,D
174174114,EUR/USD,2005-08-05 05:33:04.000,1.236800,1.237100,D
174174121,EUR/USD,2005-08-05 05:33:06.000,1.236900,1.237200,D
174174135,EUR/USD,2005-08-05 05:33:16.000,1.236800,1.237100,D
174174235,EUR/USD,2005-08-05 05:34:21.000,1.236900,1.237200,D
174174239,EUR/USD,2005-08-05 05:34:22.000,1.236800,1.237100,D
174174244,EUR/USD,2005-08-05 05:34:23.000,1.236900,1.237200,D
174174253,EUR/USD,2005-08-05 05:34:24.000,1.236800,1.237100,D
174174262,EUR/USD,2005-08-05 05:34:33.000,1.236900,1.237200,D
174174282,EUR/USD,2005-08-05 05:34:41.000,1.236800,1.237100,D
174174300,EUR/USD,2005-08-05 05:34:44.000,1.236900,1.237200,D
174174319,EUR/USD,2005-08-05 05:34:59.000,1.236800,1.237100,D
174174351,EUR/USD,2005-08-05 05:35:30.000,1.236700,1.237000,D
174174367,EUR/USD,2005-08-05 05:35:37.000,1.236800,1.237100,D
174174401,EUR/USD,2005-08-05 05:36:02.000,1.236900,1.237200,D
174174413,EUR/USD,2005-08-05 05:36:07.000,1.236800,1.237100,D
174174424,EUR/USD,2005-08-05 05:36:15.000,1.236700,1.237000,D
174174425,EUR/USD,2005-08-05 05:36:16.000,1.236800,1.237100,D
174174457,EUR/USD,2005-08-05 05:36:28.000,1.236700,1.237000,D
174174462,EUR/USD,2005-08-05 05:36:30.000,1.236800,1.237100,D
174174465,EUR/USD,2005-08-05 05:36:31.000,1.236700,1.237000,D
174174472,EUR/USD,2005-08-05 05:36:35.000,1.236800,1.237100,D
174174476,EUR/USD,2005-08-05 05:36:36.000,1.236700,1.237000,D
174174485,EUR/USD,2005-08-05 05:36:44.000,1.236600,1.236900,D
174174486,EUR/USD,2005-08-05 05:36:45.000,1.236700,1.237000,D
174174487,EUR/USD,2005-08-05 05:36:45.000,1.236600,1.236900,D
174174499,EUR/USD,2005-08-05 05:36:54.000,1.236700,1.237000,D
174174506,EUR/USD,2005-08-05 05:36:56.000,1.236600,1.236900,D
174174511,EUR/USD,2005-08-05 05:36:56.000,1.236700,1.237000,D
174174515,EUR/USD,2005-08-05 05:36:59.000,1.236600,1.236900,D
174174536,EUR/USD,2005-08-05 05:37:10.000,1.236500,1.236800,D
174174541,EUR/USD,2005-08-05 05:37:10.000,1.236400,1.236700,D
174174563,EUR/USD,2005-08-05 05:37:14.000,1.236300,1.236600,D
174174599,EUR/USD,2005-08-05 05:37:23.000,1.236400,1.236700,D
174174618,EUR/USD,2005-08-05 05:37:31.000,1.236500,1.236800,D
174174629,EUR/USD,2005-08-05 05:37:32.000,1.236400,1.236700,D
174174648,EUR/USD,2005-08-05 05:37:41.000,1.236500,1.236800,D
174174667,EUR/USD,2005-08-05 05:37:52.000,1.236600,1.236900,D
174174676,EUR/USD,2005-08-05 05:37:54.000,1.236500,1.236800,D
174174686,EUR/USD,2005-08-05 05:38:04.000,1.236600,1.236900,D
174174691,EUR/USD,2005-08-05 05:38:05.000,1.236500,1.236800,D
174174700,EUR/USD,2005-08-05 05:38:07.000,1.236600,1.236900,D
174174720,EUR/USD,2005-08-05 05:38:24.000,1.236500,1.236800,D
174174740,EUR/USD,2005-08-05 05:38:29.000,1.236400,1.236700,D
174174792,EUR/USD,2005-08-05 05:38:56.000,1.236300,1.236600,D
174174801,EUR/USD,2005-08-05 05:39:05.000,1.236400,1.236700,D
174174868,EUR/USD,2005-08-05 05:39:48.000,1.236300,1.236600,D
174174875,EUR/USD,2005-08-05 05:39:48.000,1.236400,1.236700,D
174174928,EUR/USD,2005-08-05 05:40:52.000,1.236500,1.236800,D
174174989,EUR/USD,2005-08-05 05:42:12.000,1.236600,1.236900,D
174174995,EUR/USD,2005-08-05 05:42:17.000,1.236700,1.237000,D
174175051,EUR/USD,2005-08-05 05:42:51.000,1.236600,1.236900,D
174175095,EUR/USD,2005-08-05 05:43:21.000,1.236700,1.237000,D
174175104,EUR/USD,2005-08-05 05:43:24.000,1.236600,1.236900,D
174175132,EUR/USD,2005-08-05 05:43:46.000,1.236700,1.237000,D
174175140,EUR/USD,2005-08-05 05:43:50.000,1.236600,1.236900,D
174175222,EUR/USD,2005-08-05 05:44:34.000,1.236500,1.236800,D
174175261,EUR/USD,2005-08-05 05:44:48.000,1.236400,1.236700,D
174175294,EUR/USD,2005-08-05 05:45:11.000,1.236300,1.236600,D
174175302,EUR/USD,2005-08-05 05:45:15.000,1.236400,1.236700,D
174175329,EUR/USD,2005-08-05 05:45:24.000,1.236300,1.236600,D
174175334,EUR/USD,2005-08-05 05:45:25.000,1.236400,1.236700,D
174175414,EUR/USD,2005-08-05 05:46:54.000,1.236300,1.236600,D
174175419,EUR/USD,2005-08-05 05:46:55.000,1.236400,1.236700,D
174175475,EUR/USD,2005-08-05 05:47:35.000,1.236500,1.236800,D
174175476,EUR/USD,2005-08-05 05:47:36.000,1.236400,1.236700,D
174175553,EUR/USD,2005-08-05 05:48:55.000,1.236300,1.236600,D
174175556,EUR/USD,2005-08-05 05:48:56.000,1.236400,1.236700,D
174175565,EUR/USD,2005-08-05 05:49:04.000,1.236300,1.236600,D
174175576,EUR/USD,2005-08-05 05:49:11.000,1.236400,1.236700,D
174175582,EUR/USD,2005-08-05 05:49:13.000,1.236300,1.236600,D
174175590,EUR/USD,2005-08-05 05:49:19.000,1.236400,1.236700,D
174175592,EUR/USD,2005-08-05 05:49:20.000,1.236300,1.236600,D
174175608,EUR/USD,2005-08-05 05:49:30.000,1.236200,1.236500,D
174175614,EUR/USD,2005-08-05 05:49:30.000,1.236300,1.236600,D
174175621,EUR/USD,2005-08-05 05:49:35.000,1.236200,1.236500,D
174175626,EUR/USD,2005-08-05 05:49:36.000,1.236300,1.236600,D
174175640,EUR/USD,2005-08-05 05:49:55.000,1.236200,1.236500,D
174175642,EUR/USD,2005-08-05 05:49:57.000,1.236300,1.236600,D
174175740,EUR/USD,2005-08-05 05:51:13.000,1.236400,1.236700,D
174175753,EUR/USD,2005-08-05 05:51:14.000,1.236300,1.236600,D
174175779,EUR/USD,2005-08-05 05:51:32.000,1.236400,1.236700,D
174175796,EUR/USD,2005-08-05 05:51:34.000,1.236300,1.236600,D
174175816,EUR/USD,2005-08-05 05:51:52.000,1.236400,1.236700,D
174175846,EUR/USD,2005-08-05 05:52:21.000,1.236300,1.236600,D
174175849,EUR/USD,2005-08-05 05:52:22.000,1.236400,1.236700,D
174175852,EUR/USD,2005-08-05 05:52:25.000,1.236300,1.236600,D
174175857,EUR/USD,2005-08-05 05:52:34.000,1.236400,1.236700,D
174175880,EUR/USD,2005-08-05 05:52:53.000,1.236500,1.236800,D
174175896,EUR/USD,2005-08-05 05:52:57.000,1.236400,1.236700,D
174175910,EUR/USD,2005-08-05 05:53:02.000,1.236500,1.236800,D
174175926,EUR/USD,2005-08-05 05:53:07.000,1.236400,1.236700,D
174175950,EUR/USD,2005-08-05 05:53:18.000,1.236500,1.236800,D
174176038,EUR/USD,2005-08-05 05:54:11.000,1.236400,1.236700,D
174176050,EUR/USD,2005-08-05 05:54:22.000,1.236500,1.236800,D
174176100,EUR/USD,2005-08-05 05:55:35.000,1.236400,1.236700,D
174176103,EUR/USD,2005-08-05 05:55:35.000,1.236500,1.236800,D
174176150,EUR/USD,2005-08-05 05:56:06.000,1.236600,1.236900,D
174176154,EUR/USD,2005-08-05 05:56:09.000,1.236700,1.237000,D
174176155,EUR/USD,2005-08-05 05:56:10.000,1.236600,1.236900,D
174176162,EUR/USD,2005-08-05 05:56:12.000,1.236700,1.237000,D
174176163,EUR/USD,2005-08-05 05:56:13.000,1.236600,1.236900,D
174176171,EUR/USD,2005-08-05 05:56:21.000,1.236700,1.237000,D
174176175,EUR/USD,2005-08-05 05:56:22.000,1.236600,1.236900,D
174176192,EUR/USD,2005-08-05 05:56:39.000,1.236500,1.236800,D
174176195,EUR/USD,2005-08-05 05:56:39.000,1.236600,1.236900,D
174176217,EUR/USD,2005-08-05 05:56:51.000,1.236500,1.236800,D
174176235,EUR/USD,2005-08-05 05:57:30.000,1.236600,1.236900,D
174176243,EUR/USD,2005-08-05 05:57:33.000,1.236500,1.236800,D
174176244,EUR/USD,2005-08-05 05:57:35.000,1.236600,1.236900,D
174176334,EUR/USD,2005-08-05 05:59:06.000,1.236700,1.237000,D
174176344,EUR/USD,2005-08-05 05:59:08.000,1.236800,1.237100,D
174176366,EUR/USD,2005-08-05 05:59:13.000,1.236900,1.237200,D
174176405,EUR/USD,2005-08-05 05:59:21.000,1.237000,1.237300,D
174176423,EUR/USD,2005-08-05 05:59:29.000,1.237100,1.237400,D
174176427,EUR/USD,2005-08-05 05:59:31.000,1.237000,1.237300,D
174176441,EUR/USD,2005-08-05 05:59:32.000,1.236900,1.237200,D
174176478,EUR/USD,2005-08-05 05:59:46.000,1.237000,1.237300,D
174176511,EUR/USD,2005-08-05 06:00:09.000,1.237100,1.237400,D
174176518,EUR/USD,2005-08-05 06:00:11.000,1.237000,1.237300,D
174176523,EUR/USD,2005-08-05 06:00:12.000,1.237100,1.237400,D
174176531,EUR/USD,2005-08-05 06:00:13.000,1.237000,1.237300,D
174176552,EUR/USD,2005-08-05 06:00:24.000,1.236900,1.237200,D
174176561,EUR/USD,2005-08-05 06:00:29.000,1.237000,1.237300,D
174176641,EUR/USD,2005-08-05 06:01:08.000,1.237100,1.237400,D
174176648,EUR/USD,2005-08-05 06:01:10.000,1.237000,1.237300,D
174176664,EUR/USD,2005-08-05 06:01:28.000,1.236900,1.237200,D
174176699,EUR/USD,2005-08-05 06:02:33.000,1.236800,1.237100,D
174176736,EUR/USD,2005-08-05 06:02:44.000,1.236700,1.237000,D
174176748,EUR/USD,2005-08-05 06:02:51.000,1.236800,1.237100,D
174176764,EUR/USD,2005-08-05 06:02:55.000,1.236700,1.237000,D
174176773,EUR/USD,2005-08-05 06:02:58.000,1.236800,1.237100,D
174176784,EUR/USD,2005-08-05 06:03:04.000,1.236700,1.237000,D
174176844,EUR/USD,2005-08-05 06:04:03.000,1.236800,1.237100,D
174176856,EUR/USD,2005-08-05 06:04:05.000,1.236700,1.237000,D
174176878,EUR/USD,2005-08-05 06:04:12.000,1.236600,1.236900,D
174176890,EUR/USD,2005-08-05 06:04:19.000,1.236500,1.236800,D
174176896,EUR/USD,2005-08-05 06:04:20.000,1.236600,1.236900,D
174176937,EUR/USD,2005-08-05 06:04:41.000,1.236500,1.236800,D
174176969,EUR/USD,2005-08-05 06:04:51.000,1.236400,1.236700,D
174176976,EUR/USD,2005-08-05 06:04:52.000,1.236500,1.236800,D
174176991,EUR/USD,2005-08-05 06:04:57.000,1.236600,1.236900,D
174177011,EUR/USD,2005-08-05 06:05:06.000,1.236500,1.236800,D
174177018,EUR/USD,2005-08-05 06:05:10.000,1.236600,1.236900,D
174177049,EUR/USD,2005-08-05 06:05:33.000,1.236500,1.236800,D
174177053,EUR/USD,2005-08-05 06:05:34.000,1.236600,1.236900,D
174177064,EUR/USD,2005-08-05 06:05:42.000,1.236700,1.237000,D
174177079,EUR/USD,2005-08-05 06:05:44.000,1.236600,1.236900,D
174177141,EUR/USD,2005-08-05 06:06:27.000,1.236500,1.236800,D
174177151,EUR/USD,2005-08-05 06:06:29.000,1.236600,1.236900,D
174177164,EUR/USD,2005-08-05 06:06:38.000,1.236500,1.236800,D
174177219,EUR/USD,2005-08-05 06:07:17.000,1.236600,1.236900,D
174177232,EUR/USD,2005-08-05 06:07:29.000,1.236500,1.236800,D
174177243,EUR/USD,2005-08-05 06:07:50.000,1.236400,1.236700,D
174177255,EUR/USD,2005-08-05 06:07:55.000,1.236300,1.236600,D
174177266,EUR/USD,2005-08-05 06:07:57.000,1.236400,1.236700,D
174177271,EUR/USD,2005-08-05 06:07:59.000,1.236300,1.236600,D
174177285,EUR/USD,2005-08-05 06:08:03.000,1.236400,1.236700,D
174177293,EUR/USD,2005-08-05 06:08:09.000,1.236300,1.236600,D
174177304,EUR/USD,2005-08-05 06:08:10.000,1.236400,1.236700,D
174177311,EUR/USD,2005-08-05 06:08:12.000,1.236300,1.236600,D
174177318,EUR/USD,2005-08-05 06:08:14.000,1.236400,1.236700,D
174177327,EUR/USD,2005-08-05 06:08:17.000,1.236500,1.236800,D
174177341,EUR/USD,2005-08-05 06:08:21.000,1.236400,1.236700,D
174177348,EUR/USD,2005-08-05 06:08:24.000,1.236500,1.236800,D
174177423,EUR/USD,2005-08-05 06:09:36.000,1.236400,1.236700,D
174177429,EUR/USD,2005-08-05 06:09:38.000,1.236500,1.236800,D
174177439,EUR/USD,2005-08-05 06:09:41.000,1.236400,1.236700,D
174177469,EUR/USD,2005-08-05 06:09:57.000,1.236300,1.236600,D
174177475,EUR/USD,2005-08-05 06:10:06.000,1.236400,1.236700,D
174177498,EUR/USD,2005-08-05 06:10:16.000,1.236300,1.236600,D
174177505,EUR/USD,2005-08-05 06:10:21.000,1.236400,1.236700,D
174177521,EUR/USD,2005-08-05 06:10:31.000,1.236300,1.236600,D
174177530,EUR/USD,2005-08-05 06:10:33.000,1.236400,1.236700,D
174177544,EUR/USD,2005-08-05 06:10:40.000,1.236300,1.236600,D
174177551,EUR/USD,2005-08-05 06:10:41.000,1.236400,1.236700,D
174177558,EUR/USD,2005-08-05 06:10:42.000,1.236300,1.236600,D
174177566,EUR/USD,2005-08-05 06:10:43.000,1.236400,1.236700,D
174177574,EUR/USD,2005-08-05 06:10:51.000,1.236500,1.236800,D
174177587,EUR/USD,2005-08-05 06:10:54.000,1.236600,1.236900,D
174177605,EUR/USD,2005-08-05 06:10:59.000,1.236700,1.237000,D
174177621,EUR/USD,2005-08-05 06:11:04.000,1.236600,1.236900,D
174177623,EUR/USD,2005-08-05 06:11:04.000,1.236500,1.236800,D
174177631,EUR/USD,2005-08-05 06:11:05.000,1.236600,1.236900,D
174177635,EUR/USD,2005-08-05 06:11:06.000,1.236500,1.236800,D
174177651,EUR/USD,2005-08-05 06:11:17.000,1.236600,1.236900,D
174177674,EUR/USD,2005-08-05 06:11:31.000,1.236700,1.237000,D
174177683,EUR/USD,2005-08-05 06:11:33.000,1.236600,1.236900,D
174177692,EUR/USD,2005-08-05 06:11:33.000,1.236500,1.236800,D
174177702,EUR/USD,2005-08-05 06:11:35.000,1.236600,1.236900,D
174177721,EUR/USD,2005-08-05 06:11:46.000,1.236700,1.237000,D
174177725,EUR/USD,2005-08-05 06:11:47.000,1.236600,1.236900,D
174177730,EUR/USD,2005-08-05 06:11:51.000,1.236700,1.237000,D
174177734,EUR/USD,2005-08-05 06:11:55.000,1.236600,1.236900,D
174177735,EUR/USD,2005-08-05 06:11:57.000,1.236700,1.237000,D
174177745,EUR/USD,2005-08-05 06:12:01.000,1.236600,1.236900,D
174177748,EUR/USD,2005-08-05 06:12:10.000,1.236700,1.237000,D
174177752,EUR/USD,2005-08-05 06:12:11.000,1.236600,1.236900,D
174177754,EUR/USD,2005-08-05 06:12:14.000,1.236700,1.237000,D
174177788,EUR/USD,2005-08-05 06:12:45.000,1.236800,1.237100,D
174177796,EUR/USD,2005-08-05 06:12:47.000,1.236900,1.237200,D
174177828,EUR/USD,2005-08-05 06:12:53.000,1.236800,1.237100,D
174177833,EUR/USD,2005-08-05 06:12:55.000,1.236900,1.237200,D
174177847,EUR/USD,2005-08-05 06:12:58.000,1.236800,1.237100,D
174177853,EUR/USD,2005-08-05 06:12:59.000,1.236900,1.237200,D
174177894,EUR/USD,2005-08-05 06:13:11.000,1.236800,1.237100,D
174177916,EUR/USD,2005-08-05 06:13:18.000,1.236900,1.237200,D
174177923,EUR/USD,2005-08-05 06:13:19.000,1.236800,1.237100,D
174177933,EUR/USD,2005-08-05 06:13:45.000,1.236900,1.237200,D
174177949,EUR/USD,2005-08-05 06:13:49.000,1.236800,1.237100,D
174177953,EUR/USD,2005-08-05 06:13:53.000,1.236900,1.237200,D
174177967,EUR/USD,2005-08-05 06:14:02.000,1.237000,1.237300,D
174177978,EUR/USD,2005-08-05 06:14:15.000,1.236900,1.237200,D
174177983,EUR/USD,2005-08-05 06:14:16.000,1.237000,1.237300,D
174177991,EUR/USD,2005-08-05 06:14:28.000,1.237100,1.237400,D
174177994,EUR/USD,2005-08-05 06:14:28.000,1.237000,1.237300,D
174178010,EUR/USD,2005-08-05 06:14:41.000,1.236900,1.237200,D
174178049,EUR/USD,2005-08-05 06:15:13.000,1.236800,1.237100,D
174178060,EUR/USD,2005-08-05 06:15:23.000,1.236700,1.237000,D
174178087,EUR/USD,2005-08-05 06:15:29.000,1.236600,1.236900,D
174178091,EUR/USD,2005-08-05 06:15:30.000,1.236700,1.237000,D
174178098,EUR/USD,2005-08-05 06:15:32.000,1.236600,1.236900,D
174178153,EUR/USD,2005-08-05 06:16:00.000,1.236500,1.236800,D
174178157,EUR/USD,2005-08-05 06:16:01.000,1.236600,1.236900,D
174178171,EUR/USD,2005-08-05 06:16:05.000,1.236500,1.236800,D
174178199,EUR/USD,2005-08-05 06:16:26.000,1.236600,1.236900,D
174178232,EUR/USD,2005-08-05 06:16:37.000,1.236700,1.237000,D
174178240,EUR/USD,2005-08-05 06:16:38.000,1.236600,1.236900,D
174178243,EUR/USD,2005-08-05 06:16:39.000,1.236700,1.237000,D
174178281,EUR/USD,2005-08-05 06:16:57.000,1.236600,1.236900,D
174178286,EUR/USD,2005-08-05 06:16:59.000,1.236700,1.237000,D
174178335,EUR/USD,2005-08-05 06:17:30.000,1.236600,1.236900,D
174178362,EUR/USD,2005-08-05 06:17:40.000,1.236500,1.236800,D
174178377,EUR/USD,2005-08-05 06:17:42.000,1.236600,1.236900,D
174178413,EUR/USD,2005-08-05 06:17:54.000,1.236500,1.236800,D
174178475,EUR/USD,2005-08-05 06:18:39.000,1.236400,1.236700,D
174178485,EUR/USD,2005-08-05 06:18:41.000,1.236300,1.236600,D
174178490,EUR/USD,2005-08-05 06:18:41.000,1.236400,1.236700,D
174178520,EUR/USD,2005-08-05 06:18:47.000,1.236300,1.236600,D
174178533,EUR/USD,2005-08-05 06:18:49.000,1.236400,1.236700,D
174178564,EUR/USD,2005-08-05 06:19:01.000,1.236500,1.236800,D
174178574,EUR/USD,2005-08-05 06:19:05.000,1.236600,1.236900,D
174178577,EUR/USD,2005-08-05 06:19:06.000,1.236500,1.236800,D
174178581,EUR/USD,2005-08-05 06:19:07.000,1.236600,1.236900,D
174178585,EUR/USD,2005-08-05 06:19:10.000,1.236500,1.236800,D
174178612,EUR/USD,2005-08-05 06:19:25.000,1.236400,1.236700,D
174178623,EUR/USD,2005-08-05 06:19:26.000,1.236500,1.236800,D
174178722,EUR/USD,2005-08-05 06:20:39.000,1.236600,1.236900,D
174178731,EUR/USD,2005-08-05 06:20:42.000,1.236500,1.236800,D
174178734,EUR/USD,2005-08-05 06:20:43.000,1.236600,1.236900,D
174178744,EUR/USD,2005-08-05 06:21:04.000,1.236500,1.236800,D
174178794,EUR/USD,2005-08-05 06:21:43.000,1.236600,1.236900,D
174179069,EUR/USD,2005-08-05 06:25:11.000,1.236700,1.237000,D
174179129,EUR/USD,2005-08-05 06:25:45.000,1.236600,1.236900,D
174179156,EUR/USD,2005-08-05 06:26:01.000,1.236700,1.237000,D
174179260,EUR/USD,2005-08-05 06:26:49.000,1.236600,1.236900,D
174179265,EUR/USD,2005-08-05 06:26:49.000,1.236700,1.237000,D
174179280,EUR/USD,2005-08-05 06:26:54.000,1.236600,1.236900,D
174179283,EUR/USD,2005-08-05 06:26:57.000,1.236700,1.237000,D
174179292,EUR/USD,2005-08-05 06:27:00.000,1.236600,1.236900,D
174179309,EUR/USD,2005-08-05 06:27:10.000,1.236700,1.237000,D
174179321,EUR/USD,2005-08-05 06:27:19.000,1.236600,1.236900,D
174179691,EUR/USD,2005-08-05 06:33:17.000,1.236700,1.237000,D
174179700,EUR/USD,2005-08-05 06:33:18.000,1.236600,1.236900,D
174179701,EUR/USD,2005-08-05 06:33:20.000,1.236700,1.237000,D
174179716,EUR/USD,2005-08-05 06:33:32.000,1.236600,1.236900,D
174179724,EUR/USD,2005-08-05 06:33:33.000,1.236700,1.237000,D
174179727,EUR/USD,2005-08-05 06:33:35.000,1.236600,1.236900,D
174179757,EUR/USD,2005-08-05 06:34:04.000,1.236700,1.237000,D
174179761,EUR/USD,2005-08-05 06:34:07.000,1.236600,1.236900,D
174179802,EUR/USD,2005-08-05 06:34:39.000,1.236700,1.237000,D
174179818,EUR/USD,2005-08-05 06:34:55.000,1.236800,1.237100,D
174179827,EUR/USD,2005-08-05 06:34:56.000,1.236700,1.237000,D
174179836,EUR/USD,2005-08-05 06:35:04.000,1.236800,1.237100,D
174179842,EUR/USD,2005-08-05 06:35:06.000,1.236900,1.237200,D
174179904,EUR/USD,2005-08-05 06:35:53.000,1.236800,1.237100,D
174179995,EUR/USD,2005-08-05 06:37:34.000,1.236700,1.237000,D
174180029,EUR/USD,2005-08-05 06:37:53.000,1.236800,1.237100,D
174180089,EUR/USD,2005-08-05 06:38:06.000,1.236700,1.237000,D
174180091,EUR/USD,2005-08-05 06:38:07.000,1.236800,1.237100,D
174180313,EUR/USD,2005-08-05 06:40:08.000,1.236700,1.237000,D
174180325,EUR/USD,2005-08-05 06:40:18.000,1.236800,1.237100,D
174180336,EUR/USD,2005-08-05 06:40:22.000,1.236700,1.237000,D
174180337,EUR/USD,2005-08-05 06:40:23.000,1.236800,1.237100,D
174180346,EUR/USD,2005-08-05 06:40:28.000,1.236700,1.237000,D
174180358,EUR/USD,2005-08-05 06:40:33.000,1.236800,1.237100,D
174180385,EUR/USD,2005-08-05 06:40:45.000,1.236700,1.237000,D
174180488,EUR/USD,2005-08-05 06:42:10.000,1.236800,1.237100,D
174180504,EUR/USD,2005-08-05 06:42:15.000,1.236700,1.237000,D
174180511,EUR/USD,2005-08-05 06:42:17.000,1.236800,1.237100,D
174180531,EUR/USD,2005-08-05 06:42:28.000,1.236700,1.237000,D
174180543,EUR/USD,2005-08-05 06:42:31.000,1.236800,1.237100,D
174180561,EUR/USD,2005-08-05 06:42:35.000,1.236700,1.237000,D
174180567,EUR/USD,2005-08-05 06:42:37.000,1.236800,1.237100,D
174180585,EUR/USD,2005-08-05 06:42:45.000,1.236700,1.237000,D
174180590,EUR/USD,2005-08-05 06:42:47.000,1.236800,1.237100,D
174180599,EUR/USD,2005-08-05 06:42:51.000,1.236700,1.237000,D
174180603,EUR/USD,2005-08-05 06:42:51.000,1.236800,1.237100,D
174180681,EUR/USD,2005-08-05 06:43:26.000,1.236700,1.237000,D
174180786,EUR/USD,2005-08-05 06:44:43.000,1.236600,1.236900,D
174180795,EUR/USD,2005-08-05 06:44:50.000,1.236500,1.236800,D
174180813,EUR/USD,2005-08-05 06:44:53.000,1.236600,1.236900,D
174180821,EUR/USD,2005-08-05 06:44:55.000,1.236500,1.236800,D
174180844,EUR/USD,2005-08-05 06:45:00.000,1.236400,1.236700,D
174180866,EUR/USD,2005-08-05 06:45:14.000,1.236500,1.236800,D
174180871,EUR/USD,2005-08-05 06:45:15.000,1.236400,1.236700,D
174180894,EUR/USD,2005-08-05 06:45:21.000,1.236300,1.236600,D
174180902,EUR/USD,2005-08-05 06:45:22.000,1.236400,1.236700,D
174180914,EUR/USD,2005-08-05 06:45:25.000,1.236300,1.236600,D
174180933,EUR/USD,2005-08-05 06:45:32.000,1.236400,1.236700,D
174180940,EUR/USD,2005-08-05 06:45:35.000,1.236500,1.236800,D
174180952,EUR/USD,2005-08-05 06:45:37.000,1.236400,1.236700,D
174180981,EUR/USD,2005-08-05 06:46:00.000,1.236300,1.236600,D
174181007,EUR/USD,2005-08-05 06:46:22.000,1.236200,1.236500,D
174181020,EUR/USD,2005-08-05 06:46:23.000,1.236100,1.236400,D
174181035,EUR/USD,2005-08-05 06:46:25.000,1.236200,1.236500,D
174181061,EUR/USD,2005-08-05 06:46:29.000,1.236100,1.236400,D
174181085,EUR/USD,2005-08-05 06:46:33.000,1.236200,1.236500,D
174181108,EUR/USD,2005-08-05 06:46:38.000,1.236300,1.236600,D
174181117,EUR/USD,2005-08-05 06:46:40.000,1.236400,1.236700,D
174181119,EUR/USD,2005-08-05 06:46:40.000,1.236300,1.236600,D
174181132,EUR/USD,2005-08-05 06:46:44.000,1.236200,1.236500,D
174181135,EUR/USD,2005-08-05 06:46:44.000,1.236300,1.236600,D
174181158,EUR/USD,2005-08-05 06:46:56.000,1.236400,1.236700,D
174181171,EUR/USD,2005-08-05 06:46:57.000,1.236300,1.236600,D
174181210,EUR/USD,2005-08-05 06:47:24.000,1.236400,1.236700,D
174181225,EUR/USD,2005-08-05 06:47:29.000,1.236300,1.236600,D
174181235,EUR/USD,2005-08-05 06:47:31.000,1.236400,1.236700,D
174181244,EUR/USD,2005-08-05 06:47:33.000,1.236300,1.236600,D
174181263,EUR/USD,2005-08-05 06:47:48.000,1.236400,1.236700,D
174181270,EUR/USD,2005-08-05 06:47:50.000,1.236300,1.236600,D
174181271,EUR/USD,2005-08-05 06:47:50.000,1.236400,1.236700,D
174181313,EUR/USD,2005-08-05 06:48:07.000,1.236300,1.236600,D
174181326,EUR/USD,2005-08-05 06:48:15.000,1.236400,1.236700,D
174181366,EUR/USD,2005-08-05 06:48:51.000,1.236300,1.236600,D
174181373,EUR/USD,2005-08-05 06:48:53.000,1.236400,1.236700,D
174181379,EUR/USD,2005-08-05 06:48:59.000,1.236500,1.236800,D
174181389,EUR/USD,2005-08-05 06:49:01.000,1.236400,1.236700,D
174181396,EUR/USD,2005-08-05 06:49:03.000,1.236500,1.236800,D
174181398,EUR/USD,2005-08-05 06:49:04.000,1.236400,1.236700,D
174181414,EUR/USD,2005-08-05 06:49:18.000,1.236300,1.236600,D
174181421,EUR/USD,2005-08-05 06:49:20.000,1.236400,1.236700,D
174181426,EUR/USD,2005-08-05 06:49:21.000,1.236300,1.236600,D
174181444,EUR/USD,2005-08-05 06:49:33.000,1.236200,1.236500,D
174181461,EUR/USD,2005-08-05 06:49:42.000,1.236100,1.236400,D
174181503,EUR/USD,2005-08-05 06:50:00.000,1.236000,1.236300,D
174181506,EUR/USD,2005-08-05 06:50:02.000,1.236100,1.236400,D
174181513,EUR/USD,2005-08-05 06:50:05.000,1.236000,1.236300,D
174181534,EUR/USD,2005-08-05 06:50:17.000,1.235900,1.236200,D
174181545,EUR/USD,2005-08-05 06:50:19.000,1.236000,1.236300,D
174181549,EUR/USD,2005-08-05 06:50:19.000,1.235900,1.236200,D
174181558,EUR/USD,2005-08-05 06:50:24.000,1.236000,1.236300,D
174181570,EUR/USD,2005-08-05 06:50:32.000,1.235900,1.236200,D
174181571,EUR/USD,2005-08-05 06:50:33.000,1.236000,1.236300,D
174181588,EUR/USD,2005-08-05 06:50:36.000,1.235900,1.236200,D
174181604,EUR/USD,2005-08-05 06:50:40.000,1.236000,1.236300,D
174181637,EUR/USD,2005-08-05 06:51:07.000,1.236100,1.236400,D
174181660,EUR/USD,2005-08-05 06:51:20.000,1.236000,1.236300,D
174181666,EUR/USD,2005-08-05 06:51:22.000,1.236100,1.236400,D
174181710,EUR/USD,2005-08-05 06:51:50.000,1.236200,1.236500,D
174181717,EUR/USD,2005-08-05 06:51:54.000,1.236100,1.236400,D
174181722,EUR/USD,2005-08-05 06:51:55.000,1.236200,1.236500,D
174181738,EUR/USD,2005-08-05 06:52:10.000,1.236300,1.236600,D
174181756,EUR/USD,2005-08-05 06:52:28.000,1.236200,1.236500,D
174181763,EUR/USD,2005-08-05 06:52:31.000,1.236300,1.236600,D
174181783,EUR/USD,2005-08-05 06:52:45.000,1.236200,1.236500,D
174181789,EUR/USD,2005-08-05 06:52:50.000,1.236100,1.236400,D
174181802,EUR/USD,2005-08-05 06:53:01.000,1.236200,1.236500,D
174181815,EUR/USD,2005-08-05 06:53:26.000,1.236100,1.236400,D
174181822,EUR/USD,2005-08-05 06:53:33.000,1.236200,1.236500,D
174181838,EUR/USD,2005-08-05 06:53:37.000,1.236300,1.236600,D
174181845,EUR/USD,2005-08-05 06:53:46.000,1.236200,1.236500,D
174181847,EUR/USD,2005-08-05 06:53:47.000,1.236300,1.236600,D
174181865,EUR/USD,2005-08-05 06:54:11.000,1.236200,1.236500,D
174181872,EUR/USD,2005-08-05 06:54:17.000,1.236100,1.236400,D
174181880,EUR/USD,2005-08-05 06:54:17.000,1.236200,1.236500,D
174181884,EUR/USD,2005-08-05 06:54:21.000,1.236100,1.236400,D
174181891,EUR/USD,2005-08-05 06:54:23.000,1.236200,1.236500,D
174181895,EUR/USD,2005-08-05 06:54:24.000,1.236100,1.236400,D
174181897,EUR/USD,2005-08-05 06:54:27.000,1.236200,1.236500,D
174181929,EUR/USD,2005-08-05 06:55:15.000,1.236100,1.236400,D
174181936,EUR/USD,2005-08-05 06:55:18.000,1.236200,1.236500,D
174181940,EUR/USD,2005-08-05 06:55:20.000,1.236100,1.236400,D
174181942,EUR/USD,2005-08-05 06:55:24.000,1.236200,1.236500,D
174181946,EUR/USD,2005-08-05 06:55:26.000,1.236100,1.236400,D
174181953,EUR/USD,2005-08-05 06:55:32.000,1.236200,1.236500,D
174181961,EUR/USD,2005-08-05 06:55:40.000,1.236100,1.236400,D
174181968,EUR/USD,2005-08-05 06:55:45.000,1.236200,1.236500,D
174181980,EUR/USD,2005-08-05 06:55:53.000,1.236300,1.236600,D
174181996,EUR/USD,2005-08-05 06:56:01.000,1.236200,1.236500,D
174182007,EUR/USD,2005-08-05 06:56:13.000,1.236300,1.236600,D
174182033,EUR/USD,2005-08-05 06:56:42.000,1.236200,1.236500,D
174182071,EUR/USD,2005-08-05 06:57:26.000,1.236100,1.236400,D
174182098,EUR/USD,2005-08-05 06:57:44.000,1.236200,1.236500,D
174182106,EUR/USD,2005-08-05 06:57:45.000,1.236100,1.236400,D
174182138,EUR/USD,2005-08-05 06:58:13.000,1.236200,1.236500,D
174182162,EUR/USD,2005-08-05 06:58:24.000,1.236300,1.236600,D
174182175,EUR/USD,2005-08-05 06:58:28.000,1.236200,1.236500,D
174182222,EUR/USD,2005-08-05 06:59:05.000,1.236100,1.236400,D
174182230,EUR/USD,2005-08-05 06:59:06.000,1.236000,1.236300,D
174182245,EUR/USD,2005-08-05 06:59:11.000,1.235900,1.236200,D
174182271,EUR/USD,2005-08-05 06:59:16.000,1.236000,1.236300,D
174182278,EUR/USD,2005-08-05 06:59:17.000,1.236100,1.236300,D
174182283,EUR/USD,2005-08-05 06:59:18.000,1.236200,1.236500,D
174182294,EUR/USD,2005-08-05 06:59:20.000,1.236100,1.236400,D
174182345,EUR/USD,2005-08-05 06:59:38.000,1.236000,1.236300,D
174182370,EUR/USD,2005-08-05 06:59:49.000,1.236100,1.236400,D
174182378,EUR/USD,2005-08-05 06:59:52.000,1.236000,1.236300,D
174182383,EUR/USD,2005-08-05 06:59:54.000,1.235900,1.236200,D
174182411,EUR/USD,2005-08-05 07:00:01.000,1.236000,1.236300,D
174182412,EUR/USD,2005-08-05 07:00:02.000,1.235900,1.236200,D
174182414,EUR/USD,2005-08-05 07:00:03.000,1.236000,1.236300,D
174182420,EUR/USD,2005-08-05 07:00:04.000,1.235900,1.236200,D
174182427,EUR/USD,2005-08-05 07:00:04.000,1.235800,1.236100,D
174182429,EUR/USD,2005-08-05 07:00:05.000,1.235900,1.236200,D
174182433,EUR/USD,2005-08-05 07:00:05.000,1.236000,1.236300,D
174182442,EUR/USD,2005-08-05 07:00:06.000,1.236100,1.236400,D
174182460,EUR/USD,2005-08-05 07:00:08.000,1.236000,1.236300,D
174182482,EUR/USD,2005-08-05 07:00:12.000,1.236100,1.236400,D
174182487,EUR/USD,2005-08-05 07:00:13.000,1.236000,1.236300,D
174182519,EUR/USD,2005-08-05 07:00:22.000,1.236100,1.236400,D
174182528,EUR/USD,2005-08-05 07:00:25.000,1.236200,1.236500,D
174182533,EUR/USD,2005-08-05 07:00:26.000,1.236100,1.236400,D
174182558,EUR/USD,2005-08-05 07:00:32.000,1.236000,1.236300,D
174182586,EUR/USD,2005-08-05 07:01:02.000,1.236100,1.236400,D
174182594,EUR/USD,2005-08-05 07:01:03.000,1.236000,1.236300,D
174182631,EUR/USD,2005-08-05 07:01:43.000,1.235900,1.236200,D
174182711,EUR/USD,2005-08-05 07:02:16.000,1.235800,1.236100,D
174182736,EUR/USD,2005-08-05 07:02:22.000,1.235900,1.236200,D
174182748,EUR/USD,2005-08-05 07:02:24.000,1.236000,1.236300,D
174182749,EUR/USD,2005-08-05 07:02:24.000,1.235900,1.236200,D
174182772,EUR/USD,2005-08-05 07:02:28.000,1.236000,1.236300,D
174182859,EUR/USD,2005-08-05 07:03:49.000,1.235900,1.236200,D
174182862,EUR/USD,2005-08-05 07:03:51.000,1.236000,1.236300,D
174182885,EUR/USD,2005-08-05 07:04:26.000,1.235900,1.236200,D
174182897,EUR/USD,2005-08-05 07:04:31.000,1.235800,1.236100,D
174182903,EUR/USD,2005-08-05 07:04:32.000,1.235900,1.236200,D
174182922,EUR/USD,2005-08-05 07:04:42.000,1.235800,1.236100,D
174182926,EUR/USD,2005-08-05 07:04:44.000,1.235900,1.236200,D
174182930,EUR/USD,2005-08-05 07:04:45.000,1.235800,1.236100,D
174182933,EUR/USD,2005-08-05 07:04:45.000,1.235900,1.236200,D
174182947,EUR/USD,2005-08-05 07:04:48.000,1.235800,1.236100,D
174182950,EUR/USD,2005-08-05 07:04:50.000,1.235900,1.236200,D
174182954,EUR/USD,2005-08-05 07:04:51.000,1.235800,1.236100,D
174182968,EUR/USD,2005-08-05 07:05:39.000,1.235900,1.236200,D
174182985,EUR/USD,2005-08-05 07:05:57.000,1.236000,1.236300,D
174183040,EUR/USD,2005-08-05 07:06:52.000,1.236100,1.236400,D
174183068,EUR/USD,2005-08-05 07:07:04.000,1.236000,1.236300,D
174183082,EUR/USD,2005-08-05 07:07:10.000,1.236100,1.236400,D
174183125,EUR/USD,2005-08-05 07:07:46.000,1.236200,1.236500,D
174183164,EUR/USD,2005-08-05 07:08:00.000,1.236100,1.236400,D
174183181,EUR/USD,2005-08-05 07:08:05.000,1.236200,1.236500,D
174183209,EUR/USD,2005-08-05 07:08:12.000,1.236100,1.236400,D
174183216,EUR/USD,2005-08-05 07:08:16.000,1.236200,1.236500,D
174183247,EUR/USD,2005-08-05 07:08:23.000,1.236300,1.236600,D
174183296,EUR/USD,2005-08-05 07:08:39.000,1.236200,1.236500,D
174183344,EUR/USD,2005-08-05 07:08:59.000,1.236100,1.236400,D
174183353,EUR/USD,2005-08-05 07:09:01.000,1.236200,1.236500,D
174183358,EUR/USD,2005-08-05 07:09:01.000,1.236100,1.236400,D
174183368,EUR/USD,2005-08-05 07:09:13.000,1.236200,1.236500,D
174183380,EUR/USD,2005-08-05 07:09:25.000,1.236300,1.236600,D
174183396,EUR/USD,2005-08-05 07:09:29.000,1.236200,1.236500,D
174183415,EUR/USD,2005-08-05 07:09:42.000,1.236100,1.236400,D
174183418,EUR/USD,2005-08-05 07:09:42.000,1.236200,1.236500,D
174183460,EUR/USD,2005-08-05 07:10:01.000,1.236100,1.236400,D
174183475,EUR/USD,2005-08-05 07:10:06.000,1.236200,1.236500,D
174183491,EUR/USD,2005-08-05 07:10:15.000,1.236100,1.236400,D
174183493,EUR/USD,2005-08-05 07:10:15.000,1.236200,1.236500,D
174183500,EUR/USD,2005-08-05 07:10:17.000,1.236100,1.236400,D
174183508,EUR/USD,2005-08-05 07:10:19.000,1.236200,1.236500,D
174183556,EUR/USD,2005-08-05 07:10:58.000,1.236300,1.236600,D
174183631,EUR/USD,2005-08-05 07:11:20.000,1.236200,1.236500,D
174183645,EUR/USD,2005-08-05 07:11:22.000,1.236300,1.236600,D
174183661,EUR/USD,2005-08-05 07:11:25.000,1.236200,1.236500,D
174183668,EUR/USD,2005-08-05 07:11:28.000,1.236300,1.236600,D
174183679,EUR/USD,2005-08-05 07:11:30.000,1.236200,1.236500,D
174183695,EUR/USD,2005-08-05 07:11:40.000,1.236300,1.236600,D
174183704,EUR/USD,2005-08-05 07:11:44.000,1.236200,1.236500,D
174183710,EUR/USD,2005-08-05 07:11:45.000,1.236300,1.236600,D
174183729,EUR/USD,2005-08-05 07:12:02.000,1.236200,1.236500,D
174183737,EUR/USD,2005-08-05 07:12:03.000,1.236300,1.236600,D
174183754,EUR/USD,2005-08-05 07:12:29.000,1.236200,1.236500,D
174183757,EUR/USD,2005-08-05 07:12:31.000,1.236300,1.236600,D
174183799,EUR/USD,2005-08-05 07:13:06.000,1.236200,1.236500,D
174183816,EUR/USD,2005-08-05 07:13:14.000,1.236300,1.236600,D
174183822,EUR/USD,2005-08-05 07:13:16.000,1.236200,1.236500,D
174183870,EUR/USD,2005-08-05 07:13:43.000,1.236300,1.236600,D
174183905,EUR/USD,2005-08-05 07:14:25.000,1.236200,1.236500,D
174183974,EUR/USD,2005-08-05 07:15:01.000,1.236100,1.236400,D
174184044,EUR/USD,2005-08-05 07:15:42.000,1.236200,1.236500,D
174184061,EUR/USD,2005-08-05 07:15:47.000,1.236100,1.236400,D
174184072,EUR/USD,2005-08-05 07:15:56.000,1.236200,1.236500,D
174184083,EUR/USD,2005-08-05 07:16:06.000,1.236300,1.236600,D
174184090,EUR/USD,2005-08-05 07:16:09.000,1.236200,1.236500,D
174184096,EUR/USD,2005-08-05 07:16:11.000,1.236300,1.236600,D
174184250,EUR/USD,2005-08-05 07:17:28.000,1.236200,1.236500,D
174184257,EUR/USD,2005-08-05 07:17:29.000,1.236300,1.236600,D
174184274,EUR/USD,2005-08-05 07:17:40.000,1.236400,1.236700,D
174184281,EUR/USD,2005-08-05 07:17:40.000,1.236300,1.236600,D
174184325,EUR/USD,2005-08-05 07:18:24.000,1.236400,1.236700,D
174184335,EUR/USD,2005-08-05 07:18:29.000,1.236300,1.236600,D
174184345,EUR/USD,2005-08-05 07:18:35.000,1.236400,1.236700,D
174184367,EUR/USD,2005-08-05 07:18:45.000,1.236500,1.236800,D
174184377,EUR/USD,2005-08-05 07:18:46.000,1.236400,1.236700,D
174184386,EUR/USD,2005-08-05 07:18:53.000,1.236500,1.236800,D
174184400,EUR/USD,2005-08-05 07:18:58.000,1.236400,1.236700,D
174184404,EUR/USD,2005-08-05 07:18:59.000,1.236500,1.236800,D
174184421,EUR/USD,2005-08-05 07:19:12.000,1.236400,1.236700,D
174184429,EUR/USD,2005-08-05 07:19:13.000,1.236500,1.236800,D
174184453,EUR/USD,2005-08-05 07:19:22.000,1.236400,1.236700,D
174184456,EUR/USD,2005-08-05 07:19:25.000,1.236500,1.236800,D
174184472,EUR/USD,2005-08-05 07:19:37.000,1.236600,1.236900,D
174184494,EUR/USD,2005-08-05 07:19:42.000,1.236500,1.236800,D
174184498,EUR/USD,2005-08-05 07:19:43.000,1.236600,1.236900,D
174184500,EUR/USD,2005-08-05 07:19:43.000,1.236500,1.236800,D
174184511,EUR/USD,2005-08-05 07:19:49.000,1.236600,1.236900,D
174184517,EUR/USD,2005-08-05 07:19:53.000,1.236500,1.236800,D
174184518,EUR/USD,2005-08-05 07:19:53.000,1.236600,1.236900,D
174184530,EUR/USD,2005-08-05 07:20:01.000,1.236700,1.237000,D
174184562,EUR/USD,2005-08-05 07:20:21.000,1.236800,1.237100,D
174184580,EUR/USD,2005-08-05 07:20:24.000,1.236700,1.237000,D
174184587,EUR/USD,2005-08-05 07:20:27.000,1.236600,1.236900,D
174184661,EUR/USD,2005-08-05 07:21:25.000,1.236500,1.236800,D
174184681,EUR/USD,2005-08-05 07:21:40.000,1.236600,1.236900,D
174184739,EUR/USD,2005-08-05 07:22:44.000,1.236700,1.237000,D
174184743,EUR/USD,2005-08-05 07:22:45.000,1.236600,1.236900,D
174184744,EUR/USD,2005-08-05 07:22:45.000,1.236700,1.237000,D
174184757,EUR/USD,2005-08-05 07:22:49.000,1.236800,1.237100,D
174184772,EUR/USD,2005-08-05 07:22:52.000,1.236900,1.237200,D
174184825,EUR/USD,2005-08-05 07:23:04.000,1.237000,1.237300,D
174184860,EUR/USD,2005-08-05 07:23:14.000,1.236900,1.237200,D
174184885,EUR/USD,2005-08-05 07:23:19.000,1.237000,1.237300,D
174184893,EUR/USD,2005-08-05 07:23:22.000,1.237100,1.237400,D
174184919,EUR/USD,2005-08-05 07:23:29.000,1.237200,1.237500,D
174184930,EUR/USD,2005-08-05 07:23:33.000,1.237300,1.237600,D
174184942,EUR/USD,2005-08-05 07:23:35.000,1.237200,1.237500,D
174184983,EUR/USD,2005-08-05 07:23:42.000,1.237100,1.237400,D
174184984,EUR/USD,2005-08-05 07:23:42.000,1.237200,1.237500,D
174185007,EUR/USD,2005-08-05 07:23:45.000,1.237100,1.237400,D
174185011,EUR/USD,2005-08-05 07:23:46.000,1.237200,1.237500,D
174185030,EUR/USD,2005-08-05 07:23:52.000,1.237300,1.237600,D
174185040,EUR/USD,2005-08-05 07:23:56.000,1.237200,1.237500,D
174185063,EUR/USD,2005-08-05 07:24:05.000,1.237100,1.237400,D
174185105,EUR/USD,2005-08-05 07:24:22.000,1.237000,1.237300,D
174185109,EUR/USD,2005-08-05 07:24:23.000,1.237100,1.237400,D
174185116,EUR/USD,2005-08-05 07:24:24.000,1.237000,1.237300,D
174185120,EUR/USD,2005-08-05 07:24:24.000,1.237100,1.237400,D
174185129,EUR/USD,2005-08-05 07:24:26.000,1.237000,1.237300,D
174185138,EUR/USD,2005-08-05 07:24:27.000,1.237100,1.237400,D
174185142,EUR/USD,2005-08-05 07:24:28.000,1.237000,1.237300,D
174185149,EUR/USD,2005-08-05 07:24:31.000,1.237100,1.237400,D
174185189,EUR/USD,2005-08-05 07:24:41.000,1.237000,1.237300,D
174185243,EUR/USD,2005-08-05 07:25:02.000,1.236900,1.237200,D
174185270,EUR/USD,2005-08-05 07:25:11.000,1.237000,1.237300,D
174185297,EUR/USD,2005-08-05 07:25:42.000,1.236900,1.237200,D
174185323,EUR/USD,2005-08-05 07:26:00.000,1.237000,1.237300,D
174185350,EUR/USD,2005-08-05 07:26:10.000,1.236900,1.237200,D
174185354,EUR/USD,2005-08-05 07:26:11.000,1.237000,1.237300,D
174185360,EUR/USD,2005-08-05 07:26:12.000,1.237100,1.237400,D
174185386,EUR/USD,2005-08-05 07:26:17.000,1.237200,1.237500,D
174185406,EUR/USD,2005-08-05 07:26:22.000,1.237100,1.237400,D
174185413,EUR/USD,2005-08-05 07:26:25.000,1.237200,1.237500,D
174185435,EUR/USD,2005-08-05 07:26:34.000,1.237100,1.237400,D
174185442,EUR/USD,2005-08-05 07:26:34.000,1.237200,1.237500,D
174185451,EUR/USD,2005-08-05 07:26:39.000,1.237100,1.237400,D
174185458,EUR/USD,2005-08-05 07:26:41.000,1.237200,1.237500,D
174185470,EUR/USD,2005-08-05 07:26:42.000,1.237100,1.237400,D
174185473,EUR/USD,2005-08-05 07:26:43.000,1.237200,1.237500,D
174185479,EUR/USD,2005-08-05 07:26:44.000,1.237300,1.237600,D
174185485,EUR/USD,2005-08-05 07:26:45.000,1.237200,1.237500,D
174185508,EUR/USD,2005-08-05 07:26:52.000,1.237300,1.237600,D
174185520,EUR/USD,2005-08-05 07:26:59.000,1.237400,1.237700,D
174185533,EUR/USD,2005-08-05 07:27:00.000,1.237300,1.237600,D
174185548,EUR/USD,2005-08-05 07:27:03.000,1.237400,1.237700,D
174185584,EUR/USD,2005-08-05 07:27:08.000,1.237300,1.237600,D
174185617,EUR/USD,2005-08-05 07:27:28.000,1.237200,1.237500,D
174185640,EUR/USD,2005-08-05 07:27:38.000,1.237100,1.237400,D
174185641,EUR/USD,2005-08-05 07:27:38.000,1.237200,1.237500,D
174185668,EUR/USD,2005-08-05 07:27:53.000,1.237300,1.237600,D
174185719,EUR/USD,2005-08-05 07:28:35.000,1.237400,1.237700,D
174185722,EUR/USD,2005-08-05 07:28:36.000,1.237300,1.237600,D
174185729,EUR/USD,2005-08-05 07:28:39.000,1.237400,1.237700,D
174185742,EUR/USD,2005-08-05 07:28:42.000,1.237600,1.237900,D
174185775,EUR/USD,2005-08-05 07:28:45.000,1.237700,1.238000,D
174185780,EUR/USD,2005-08-05 07:28:46.000,1.237800,1.238100,D
174185837,EUR/USD,2005-08-05 07:28:53.000,1.237700,1.238000,D
174185858,EUR/USD,2005-08-05 07:28:58.000,1.237600,1.237900,D
174185862,EUR/USD,2005-08-05 07:28:59.000,1.237700,1.238000,D
174185883,EUR/USD,2005-08-05 07:29:05.000,1.237800,1.238100,D
174185903,EUR/USD,2005-08-05 07:29:09.000,1.237700,1.238000,D
174185904,EUR/USD,2005-08-05 07:29:13.000,1.237800,1.238100,D
174185906,EUR/USD,2005-08-05 07:29:13.000,1.237700,1.238000,D
174185953,EUR/USD,2005-08-05 07:29:33.000,1.237800,1.238100,D
174185956,EUR/USD,2005-08-05 07:29:33.000,1.237900,1.238200,D
174185987,EUR/USD,2005-08-05 07:29:36.000,1.238000,1.238300,D
174186006,EUR/USD,2005-08-05 07:29:40.000,1.238100,1.238400,D
174186023,EUR/USD,2005-08-05 07:29:41.000,1.238200,1.238500,D
174186037,EUR/USD,2005-08-05 07:29:43.000,1.238100,1.238400,D
174186039,EUR/USD,2005-08-05 07:29:44.000,1.238200,1.238500,D
174186081,EUR/USD,2005-08-05 07:29:53.000,1.238100,1.238400,D
174186087,EUR/USD,2005-08-05 07:29:54.000,1.238200,1.238500,D
174186092,EUR/USD,2005-08-05 07:29:54.000,1.238100,1.238400,D
174186100,EUR/USD,2005-08-05 07:29:56.000,1.238200,1.238500,D
174186110,EUR/USD,2005-08-05 07:29:59.000,1.238100,1.238400,D
174186135,EUR/USD,2005-08-05 07:30:06.000,1.238000,1.238300,D
174186156,EUR/USD,2005-08-05 07:30:08.000,1.238100,1.238400,D
174186167,EUR/USD,2005-08-05 07:30:09.000,1.238000,1.238300,D
174186187,EUR/USD,2005-08-05 07:30:20.000,1.238100,1.238400,D
174186232,EUR/USD,2005-08-05 07:30:27.000,1.238000,1.238300,D
174186238,EUR/USD,2005-08-05 07:30:27.000,1.238100,1.238400,D
174186248,EUR/USD,2005-08-05 07:30:29.000,1.238000,1.238300,D
174186266,EUR/USD,2005-08-05 07:30:32.000,1.238100,1.238400,D
174186275,EUR/USD,2005-08-05 07:30:33.000,1.238000,1.238300,D
174186306,EUR/USD,2005-08-05 07:30:39.000,1.237900,1.238200,D
174186325,EUR/USD,2005-08-05 07:30:41.000,1.238000,1.238300,D
174186356,EUR/USD,2005-08-05 07:30:46.000,1.237900,1.238200,D
174186366,EUR/USD,2005-08-05 07:30:48.000,1.238000,1.238300,D
174186405,EUR/USD,2005-08-05 07:31:00.000,1.238100,1.238400,D
174186413,EUR/USD,2005-08-05 07:31:01.000,1.238000,1.238300,D
174186430,EUR/USD,2005-08-05 07:31:04.000,1.238100,1.238400,D
174186468,EUR/USD,2005-08-05 07:31:19.000,1.238000,1.238300,D
174186550,EUR/USD,2005-08-05 07:31:46.000,1.237900,1.238200,D
174186571,EUR/USD,2005-08-05 07:31:51.000,1.238000,1.238300,D
174186583,EUR/USD,2005-08-05 07:31:52.000,1.238100,1.238300,D
174186587,EUR/USD,2005-08-05 07:31:52.000,1.238200,1.238500,D
174186606,EUR/USD,2005-08-05 07:31:54.000,1.238300,1.238600,D
174186624,EUR/USD,2005-08-05 07:31:56.000,1.238200,1.238500,D
174186632,EUR/USD,2005-08-05 07:31:57.000,1.238300,1.238600,D
174186639,EUR/USD,2005-08-05 07:31:58.000,1.238200,1.238500,D
174186648,EUR/USD,2005-08-05 07:31:59.000,1.238100,1.238400,D
174186689,EUR/USD,2005-08-05 07:32:14.000,1.238000,1.238300,D
174186699,EUR/USD,2005-08-05 07:32:19.000,1.238100,1.238400,D
174186702,EUR/USD,2005-08-05 07:32:22.000,1.238000,1.238300,D
174186719,EUR/USD,2005-08-05 07:32:31.000,1.238100,1.238400,D
174186725,EUR/USD,2005-08-05 07:32:33.000,1.238200,1.238500,D
174186754,EUR/USD,2005-08-05 07:32:39.000,1.238100,1.238400,D
174186757,EUR/USD,2005-08-05 07:32:41.000,1.238200,1.238500,D
174186778,EUR/USD,2005-08-05 07:32:43.000,1.238100,1.238400,D
174186815,EUR/USD,2005-08-05 07:32:54.000,1.238000,1.238300,D
174186819,EUR/USD,2005-08-05 07:32:54.000,1.238100,1.238400,D
174186823,EUR/USD,2005-08-05 07:32:55.000,1.238000,1.238300,D
174186853,EUR/USD,2005-08-05 07:33:05.000,1.238100,1.238400,D
174186869,EUR/USD,2005-08-05 07:33:07.000,1.238000,1.238300,D
174186885,EUR/USD,2005-08-05 07:33:18.000,1.238100,1.238400,D
174186893,EUR/USD,2005-08-05 07:33:21.000,1.238000,1.238300,D
174186896,EUR/USD,2005-08-05 07:33:24.000,1.238100,1.238400,D
174186900,EUR/USD,2005-08-05 07:33:24.000,1.238000,1.238300,D
174186908,EUR/USD,2005-08-05 07:33:27.000,1.237900,1.238200,D
174186913,EUR/USD,2005-08-05 07:33:30.000,1.238000,1.238300,D
174186923,EUR/USD,2005-08-05 07:33:31.000,1.238100,1.238400,D
174186934,EUR/USD,2005-08-05 07:33:33.000,1.238000,1.238300,D
174186938,EUR/USD,2005-08-05 07:33:34.000,1.238200,1.238500,D
174186952,EUR/USD,2005-08-05 07:33:35.000,1.238100,1.238400,D
174186964,EUR/USD,2005-08-05 07:33:38.000,1.238200,1.238500,D
174186990,EUR/USD,2005-08-05 07:33:44.000,1.238100,1.238400,D
174187001,EUR/USD,2005-08-05 07:33:45.000,1.238200,1.238500,D
174187020,EUR/USD,2005-08-05 07:33:51.000,1.238100,1.238400,D
174187027,EUR/USD,2005-08-05 07:33:52.000,1.238200,1.238500,D
174187030,EUR/USD,2005-08-05 07:33:53.000,1.238300,1.238600,D
174187037,EUR/USD,2005-08-05 07:33:53.000,1.238200,1.238500,D
174187044,EUR/USD,2005-08-05 07:33:54.000,1.238300,1.238600,D
174187054,EUR/USD,2005-08-05 07:33:56.000,1.238400,1.238700,D
174187061,EUR/USD,2005-08-05 07:33:57.000,1.238500,1.238800,D
174187075,EUR/USD,2005-08-05 07:33:59.000,1.238400,1.238700,D
174187107,EUR/USD,2005-08-05 07:34:02.000,1.238300,1.238600,D
174187113,EUR/USD,2005-08-05 07:34:03.000,1.238200,1.238500,D
174187126,EUR/USD,2005-08-05 07:34:05.000,1.238300,1.238600,D
174187154,EUR/USD,2005-08-05 07:34:10.000,1.238200,1.238500,D
174187161,EUR/USD,2005-08-05 07:34:12.000,1.238300,1.238600,D
174187168,EUR/USD,2005-08-05 07:34:15.000,1.238200,1.238500,D
174187180,EUR/USD,2005-08-05 07:34:17.000,1.238300,1.238600,D
174187185,EUR/USD,2005-08-05 07:34:17.000,1.238200,1.238500,D
174187194,EUR/USD,2005-08-05 07:34:20.000,1.238300,1.238600,D
174187206,EUR/USD,2005-08-05 07:34:22.000,1.238200,1.238500,D
174187223,EUR/USD,2005-08-05 07:34:29.000,1.238300,1.238600,D
174187234,EUR/USD,2005-08-05 07:34:32.000,1.238200,1.238500,D
174187238,EUR/USD,2005-08-05 07:34:32.000,1.238100,1.238400,D
174187243,EUR/USD,2005-08-05 07:34:33.000,1.238200,1.238500,D
174187247,EUR/USD,2005-08-05 07:34:33.000,1.238300,1.238600,D
174187252,EUR/USD,2005-08-05 07:34:34.000,1.238200,1.238500,D
174187278,EUR/USD,2005-08-05 07:34:41.000,1.238300,1.238600,D
174187292,EUR/USD,2005-08-05 07:34:43.000,1.238400,1.238700,D
174187317,EUR/USD,2005-08-05 07:34:47.000,1.238300,1.238600,D
174187331,EUR/USD,2005-08-05 07:34:53.000,1.238400,1.238700,D
174187363,EUR/USD,2005-08-05 07:35:06.000,1.238500,1.238800,D
174187382,EUR/USD,2005-08-05 07:35:09.000,1.238400,1.238700,D
174187392,EUR/USD,2005-08-05 07:35:10.000,1.238500,1.238800,D
174187395,EUR/USD,2005-08-05 07:35:11.000,1.238600,1.238900,D
174187417,EUR/USD,2005-08-05 07:35:14.000,1.238700,1.239000,D
174187462,EUR/USD,2005-08-05 07:35:20.000,1.238600,1.238900,D
174187511,EUR/USD,2005-08-05 07:35:30.000,1.238500,1.238800,D
174187539,EUR/USD,2005-08-05 07:35:36.000,1.238400,1.238700,D
174187547,EUR/USD,2005-08-05 07:35:37.000,1.238300,1.238600,D
174187561,EUR/USD,2005-08-05 07:35:40.000,1.238400,1.238700,D
174187568,EUR/USD,2005-08-05 07:35:44.000,1.238500,1.238800,D
174187577,EUR/USD,2005-08-05 07:35:46.000,1.238400,1.238700,D
174187581,EUR/USD,2005-08-05 07:35:47.000,1.238500,1.238800,D
174187611,EUR/USD,2005-08-05 07:35:53.000,1.238400,1.238700,D
174187645,EUR/USD,2005-08-05 07:36:14.000,1.238300,1.238600,D
174187649,EUR/USD,2005-08-05 07:36:15.000,1.238400,1.238700,D
174187672,EUR/USD,2005-08-05 07:36:28.000,1.238300,1.238600,D
174187680,EUR/USD,2005-08-05 07:36:29.000,1.238400,1.238700,D
174187693,EUR/USD,2005-08-05 07:36:35.000,1.238500,1.238800,D
174187706,EUR/USD,2005-08-05 07:36:37.000,1.238400,1.238700,D
174187739,EUR/USD,2005-08-05 07:37:03.000,1.238300,1.238600,D
174187746,EUR/USD,2005-08-05 07:37:03.000,1.238400,1.238700,D
174187757,EUR/USD,2005-08-05 07:37:09.000,1.238300,1.238600,D
174187803,EUR/USD,2005-08-05 07:37:57.000,1.238200,1.238500,D
174187809,EUR/USD,2005-08-05 07:38:02.000,1.238300,1.238600,D
174187847,EUR/USD,2005-08-05 07:38:28.000,1.238200,1.238500,D
174187856,EUR/USD,2005-08-05 07:38:32.000,1.238300,1.238600,D
174187863,EUR/USD,2005-08-05 07:38:34.000,1.238200,1.238500,D
174187873,EUR/USD,2005-08-05 07:38:39.000,1.238300,1.238600,D
174187879,EUR/USD,2005-08-05 07:38:42.000,1.238200,1.238500,D
174187892,EUR/USD,2005-08-05 07:38:50.000,1.238300,1.238600,D
174187901,EUR/USD,2005-08-05 07:38:54.000,1.238200,1.238500,D
174187925,EUR/USD,2005-08-05 07:38:59.000,1.238300,1.238600,D
174187930,EUR/USD,2005-08-05 07:39:00.000,1.238400,1.238700,D
174187951,EUR/USD,2005-08-05 07:39:07.000,1.238500,1.238800,D
174187984,EUR/USD,2005-08-05 07:39:11.000,1.238600,1.238900,D
174188014,EUR/USD,2005-08-05 07:39:17.000,1.238500,1.238800,D
174188040,EUR/USD,2005-08-05 07:39:21.000,1.238400,1.238700,D
174188051,EUR/USD,2005-08-05 07:39:24.000,1.238500,1.238800,D
174188065,EUR/USD,2005-08-05 07:39:27.000,1.238400,1.238700,D
174188097,EUR/USD,2005-08-05 07:39:34.000,1.238300,1.238600,D
174188101,EUR/USD,2005-08-05 07:39:35.000,1.238400,1.238700,D
174188123,EUR/USD,2005-08-05 07:39:40.000,1.238300,1.238600,D
174188142,EUR/USD,2005-08-05 07:39:50.000,1.238200,1.238500,D
174188144,EUR/USD,2005-08-05 07:39:51.000,1.238300,1.238600,D
174188158,EUR/USD,2005-08-05 07:39:57.000,1.238200,1.238500,D
174188162,EUR/USD,2005-08-05 07:39:58.000,1.238300,1.238600,D
174188174,EUR/USD,2005-08-05 07:40:04.000,1.238200,1.238500,D
174188179,EUR/USD,2005-08-05 07:40:06.000,1.238300,1.238600,D
174188185,EUR/USD,2005-08-05 07:40:08.000,1.238200,1.238500,D
174188192,EUR/USD,2005-08-05 07:40:11.000,1.238300,1.238600,D
174188203,EUR/USD,2005-08-05 07:40:13.000,1.238200,1.238500,D
174188208,EUR/USD,2005-08-05 07:40:17.000,1.238300,1.238600,D
174188238,EUR/USD,2005-08-05 07:40:58.000,1.238200,1.238500,D
174188250,EUR/USD,2005-08-05 07:41:02.000,1.238100,1.238400,D
174188262,EUR/USD,2005-08-05 07:41:06.000,1.238000,1.238300,D
174188294,EUR/USD,2005-08-05 07:41:14.000,1.237900,1.238200,D
174188344,EUR/USD,2005-08-05 07:41:31.000,1.237800,1.238100,D
174188364,EUR/USD,2005-08-05 07:41:42.000,1.237700,1.238000,D
174188373,EUR/USD,2005-08-05 07:41:45.000,1.237600,1.237900,D
174188384,EUR/USD,2005-08-05 07:41:48.000,1.237500,1.237800,D
174188388,EUR/USD,2005-08-05 07:41:50.000,1.237600,1.237900,D
174188392,EUR/USD,2005-08-05 07:41:50.000,1.237500,1.237800,D
174188397,EUR/USD,2005-08-05 07:41:51.000,1.237400,1.237700,D
174188403,EUR/USD,2005-08-05 07:41:51.000,1.237500,1.237800,D
174188418,EUR/USD,2005-08-05 07:41:53.000,1.237400,1.237700,D
174188424,EUR/USD,2005-08-05 07:41:54.000,1.237500,1.237800,D
174188464,EUR/USD,2005-08-05 07:42:11.000,1.237400,1.237700,D
174188472,EUR/USD,2005-08-05 07:42:12.000,1.237500,1.237800,D
174188475,EUR/USD,2005-08-05 07:42:12.000,1.237400,1.237700,D
174188501,EUR/USD,2005-08-05 07:42:20.000,1.237500,1.237800,D
174188517,EUR/USD,2005-08-05 07:42:22.000,1.237400,1.237700,D
174188523,EUR/USD,2005-08-05 07:42:22.000,1.237500,1.237800,D
174188543,EUR/USD,2005-08-05 07:42:31.000,1.237600,1.237900,D
174188556,EUR/USD,2005-08-05 07:42:34.000,1.237500,1.237800,D
174188566,EUR/USD,2005-08-05 07:42:35.000,1.237600,1.237900,D
174188571,EUR/USD,2005-08-05 07:42:37.000,1.237500,1.237800,D
174188575,EUR/USD,2005-08-05 07:42:39.000,1.237600,1.237900,D
174188607,EUR/USD,2005-08-05 07:42:45.000,1.237700,1.238000,D
174188628,EUR/USD,2005-08-05 07:42:47.000,1.237800,1.238100,D
174188638,EUR/USD,2005-08-05 07:42:48.000,1.237900,1.238200,D
174188646,EUR/USD,2005-08-05 07:42:49.000,1.237800,1.238100,D
174188685,EUR/USD,2005-08-05 07:43:02.000,1.237900,1.238200,D
174188693,EUR/USD,2005-08-05 07:43:05.000,1.237800,1.238100,D
174188698,EUR/USD,2005-08-05 07:43:06.000,1.237900,1.238200,D
174188719,EUR/USD,2005-08-05 07:43:28.000,1.238000,1.238300,D
174188722,EUR/USD,2005-08-05 07:43:30.000,1.237900,1.238200,D
174188730,EUR/USD,2005-08-05 07:43:31.000,1.238000,1.238300,D
174188748,EUR/USD,2005-08-05 07:43:44.000,1.237900,1.238200,D
174188754,EUR/USD,2005-08-05 07:43:47.000,1.238000,1.238300,D
174188850,EUR/USD,2005-08-05 07:44:50.000,1.238100,1.238400,D
174188860,EUR/USD,2005-08-05 07:44:52.000,1.238000,1.238300,D
174188867,EUR/USD,2005-08-05 07:44:53.000,1.238100,1.238400,D
174188875,EUR/USD,2005-08-05 07:44:56.000,1.238000,1.238300,D
174188982,EUR/USD,2005-08-05 07:45:45.000,1.238100,1.238400,D
174188991,EUR/USD,2005-08-05 07:45:49.000,1.238000,1.238300,D
174189010,EUR/USD,2005-08-05 07:45:59.000,1.237900,1.238200,D
174189039,EUR/USD,2005-08-05 07:46:17.000,1.237800,1.238100,D
174189071,EUR/USD,2005-08-05 07:46:30.000,1.237700,1.238000,D
174189086,EUR/USD,2005-08-05 07:46:48.000,1.237800,1.238100,D
174189123,EUR/USD,2005-08-05 07:47:02.000,1.237700,1.238000,D
174189130,EUR/USD,2005-08-05 07:47:05.000,1.237800,1.238100,D
174189149,EUR/USD,2005-08-05 07:47:08.000,1.237700,1.238000,D
174189166,EUR/USD,2005-08-05 07:47:21.000,1.237600,1.237900,D
174189172,EUR/USD,2005-08-05 07:47:22.000,1.237700,1.238000,D
174189307,EUR/USD,2005-08-05 07:48:14.000,1.237800,1.238100,D
174189316,EUR/USD,2005-08-05 07:48:16.000,1.237900,1.238200,D
174189375,EUR/USD,2005-08-05 07:48:30.000,1.238000,1.238300,D
174189389,EUR/USD,2005-08-05 07:48:31.000,1.238100,1.238400,D
174189399,EUR/USD,2005-08-05 07:48:32.000,1.238000,1.238300,D
174189414,EUR/USD,2005-08-05 07:48:38.000,1.238100,1.238400,D
174189430,EUR/USD,2005-08-05 07:48:41.000,1.238000,1.238300,D
174189436,EUR/USD,2005-08-05 07:48:43.000,1.238100,1.238400,D
174189454,EUR/USD,2005-08-05 07:48:46.000,1.238000,1.238300,D
174189459,EUR/USD,2005-08-05 07:48:47.000,1.238100,1.238400,D
174189489,EUR/USD,2005-08-05 07:48:53.000,1.238000,1.238300,D
174189539,EUR/USD,2005-08-05 07:49:14.000,1.238100,1.238400,D
174189571,EUR/USD,2005-08-05 07:49:24.000,1.238200,1.238500,D
174189626,EUR/USD,2005-08-05 07:49:52.000,1.238100,1.238400,D
174189650,EUR/USD,2005-08-05 07:50:01.000,1.238200,1.238500,D
174189735,EUR/USD,2005-08-05 07:50:59.000,1.238100,1.238400,D
174189742,EUR/USD,2005-08-05 07:51:01.000,1.238200,1.238500,D
174189756,EUR/USD,2005-08-05 07:51:05.000,1.238300,1.238600,D
174189763,EUR/USD,2005-08-05 07:51:09.000,1.238200,1.238500,D
174189775,EUR/USD,2005-08-05 07:51:24.000,1.238300,1.238600,D
174189778,EUR/USD,2005-08-05 07:51:27.000,1.238400,1.238700,D
174189807,EUR/USD,2005-08-05 07:51:31.000,1.238300,1.238600,D
174189831,EUR/USD,2005-08-05 07:51:38.000,1.238200,1.238500,D
174189836,EUR/USD,2005-08-05 07:51:41.000,1.238300,1.238600,D
174189837,EUR/USD,2005-08-05 07:51:42.000,1.238200,1.238500,D
174189853,EUR/USD,2005-08-05 07:51:46.000,1.238300,1.238600,D
174189865,EUR/USD,2005-08-05 07:51:49.000,1.238200,1.238500,D
174189881,EUR/USD,2005-08-05 07:51:55.000,1.238300,1.238600,D
174189890,EUR/USD,2005-08-05 07:51:56.000,1.238400,1.238700,D
174189899,EUR/USD,2005-08-05 07:51:59.000,1.238500,1.238800,D
174189923,EUR/USD,2005-08-05 07:52:04.000,1.238400,1.238700,D
174189931,EUR/USD,2005-08-05 07:52:05.000,1.238500,1.238800,D
174189959,EUR/USD,2005-08-05 07:52:16.000,1.238400,1.238700,D
174189983,EUR/USD,2005-08-05 07:52:26.000,1.238500,1.238800,D
174190023,EUR/USD,2005-08-05 07:52:34.000,1.238600,1.238900,D
174190062,EUR/USD,2005-08-05 07:52:51.000,1.238500,1.238800,D
174190099,EUR/USD,2005-08-05 07:52:59.000,1.238400,1.238700,D
174190111,EUR/USD,2005-08-05 07:53:03.000,1.238500,1.238800,D
174190117,EUR/USD,2005-08-05 07:53:04.000,1.238400,1.238700,D
174190159,EUR/USD,2005-08-05 07:53:12.000,1.238500,1.238800,D
174190212,EUR/USD,2005-08-05 07:53:29.000,1.238400,1.238700,D
174190215,EUR/USD,2005-08-05 07:53:29.000,1.238500,1.238800,D
174190223,EUR/USD,2005-08-05 07:53:32.000,1.238400,1.238700,D
174190264,EUR/USD,2005-08-05 07:53:43.000,1.238300,1.238600,D
174190280,EUR/USD,2005-08-05 07:53:49.000,1.238400,1.238700,D
174190313,EUR/USD,2005-08-05 07:53:57.000,1.238300,1.238600,D
174190317,EUR/USD,2005-08-05 07:54:00.000,1.238400,1.238700,D
174190354,EUR/USD,2005-08-05 07:54:08.000,1.238300,1.238600,D
174190361,EUR/USD,2005-08-05 07:54:09.000,1.238400,1.238700,D
174190374,EUR/USD,2005-08-05 07:54:14.000,1.238500,1.238800,D
174190387,EUR/USD,2005-08-05 07:54:18.000,1.238600,1.238900,D
174190392,EUR/USD,2005-08-05 07:54:19.000,1.238500,1.238800,D
174190400,EUR/USD,2005-08-05 07:54:20.000,1.238600,1.238900,D
174190456,EUR/USD,2005-08-05 07:54:41.000,1.238500,1.238800,D
174190476,EUR/USD,2005-08-05 07:54:59.000,1.238400,1.238700,D
174190488,EUR/USD,2005-08-05 07:55:04.000,1.238500,1.238800,D
174190505,EUR/USD,2005-08-05 07:55:35.000,1.238400,1.238700,D
174190526,EUR/USD,2005-08-05 07:55:43.000,1.238300,1.238600,D
174190557,EUR/USD,2005-08-05 07:55:51.000,1.238200,1.238500,D
174190579,EUR/USD,2005-08-05 07:55:56.000,1.238100,1.238400,D
174190618,EUR/USD,2005-08-05 07:56:06.000,1.238000,1.238300,D
174190625,EUR/USD,2005-08-05 07:56:07.000,1.238100,1.238400,D
174190639,EUR/USD,2005-08-05 07:56:08.000,1.238000,1.238300,D
174190653,EUR/USD,2005-08-05 07:56:11.000,1.237900,1.238200,D
174190664,EUR/USD,2005-08-05 07:56:13.000,1.238000,1.238300,D
174190674,EUR/USD,2005-08-05 07:56:15.000,1.237900,1.238200,D
174190688,EUR/USD,2005-08-05 07:56:17.000,1.238000,1.238300,D
174190715,EUR/USD,2005-08-05 07:56:22.000,1.237900,1.238200,D
174190733,EUR/USD,2005-08-05 07:56:30.000,1.237800,1.238100,D
174190740,EUR/USD,2005-08-05 07:56:32.000,1.237900,1.238200,D
174190747,EUR/USD,2005-08-05 07:56:33.000,1.237800,1.238100,D
174190755,EUR/USD,2005-08-05 07:56:37.000,1.237900,1.238200,D
174190766,EUR/USD,2005-08-05 07:56:39.000,1.237800,1.238100,D
174190813,EUR/USD,2005-08-05 07:57:17.000,1.237700,1.238000,D
174190826,EUR/USD,2005-08-05 07:57:22.000,1.237600,1.237900,D
174190874,EUR/USD,2005-08-05 07:57:31.000,1.237500,1.237800,D
174190906,EUR/USD,2005-08-05 07:57:43.000,1.237600,1.237900,D
174190935,EUR/USD,2005-08-05 07:57:49.000,1.237500,1.237800,D
174190943,EUR/USD,2005-08-05 07:57:49.000,1.237600,1.237900,D
174190948,EUR/USD,2005-08-05 07:57:52.000,1.237500,1.237800,D
174190978,EUR/USD,2005-08-05 07:58:05.000,1.237600,1.237900,D
174191019,EUR/USD,2005-08-05 07:58:41.000,1.237700,1.238000,D
174191044,EUR/USD,2005-08-05 07:58:46.000,1.237600,1.237900,D
174191051,EUR/USD,2005-08-05 07:58:50.000,1.237700,1.238000,D
174191066,EUR/USD,2005-08-05 07:58:59.000,1.237800,1.238100,D
174191072,EUR/USD,2005-08-05 07:59:03.000,1.237900,1.238200,D
174191086,EUR/USD,2005-08-05 07:59:04.000,1.237800,1.238100,D
174191124,EUR/USD,2005-08-05 07:59:17.000,1.237900,1.238200,D
174191145,EUR/USD,2005-08-05 07:59:27.000,1.238000,1.238300,D
174191154,EUR/USD,2005-08-05 07:59:30.000,1.237900,1.238200,D
174191160,EUR/USD,2005-08-05 07:59:31.000,1.237800,1.238100,D
174191165,EUR/USD,2005-08-05 07:59:33.000,1.237900,1.238200,D
174191183,EUR/USD,2005-08-05 07:59:36.000,1.238000,1.238300,D
174191193,EUR/USD,2005-08-05 07:59:37.000,1.237900,1.238200,D
174191203,EUR/USD,2005-08-05 07:59:40.000,1.238000,1.238300,D
174191205,EUR/USD,2005-08-05 07:59:40.000,1.238100,1.238400,D
174191230,EUR/USD,2005-08-05 07:59:42.000,1.238000,1.238300,D
174191239,EUR/USD,2005-08-05 07:59:47.000,1.238100,1.238400,D
174191251,EUR/USD,2005-08-05 07:59:49.000,1.238000,1.238300,D
174191256,EUR/USD,2005-08-05 07:59:50.000,1.238100,1.238400,D
174191266,EUR/USD,2005-08-05 07:59:53.000,1.238000,1.238300,D
174191279,EUR/USD,2005-08-05 07:59:56.000,1.238100,1.238400,D
174191309,EUR/USD,2005-08-05 08:00:18.000,1.238200,1.238500,D
174191321,EUR/USD,2005-08-05 08:00:19.000,1.238300,1.238600,D
174191328,EUR/USD,2005-08-05 08:00:20.000,1.238200,1.238500,D
174191352,EUR/USD,2005-08-05 08:00:31.000,1.238300,1.238600,D
174191356,EUR/USD,2005-08-05 08:00:31.000,1.238200,1.238500,D
174191376,EUR/USD,2005-08-05 08:00:35.000,1.238300,1.238600,D
174191392,EUR/USD,2005-08-05 08:00:37.000,1.238200,1.238500,D
174191393,EUR/USD,2005-08-05 08:00:38.000,1.238300,1.238600,D
174191402,EUR/USD,2005-08-05 08:00:40.000,1.238400,1.238700,D
174191423,EUR/USD,2005-08-05 08:00:43.000,1.238300,1.238600,D
174191434,EUR/USD,2005-08-05 08:00:45.000,1.238400,1.238700,D
174191441,EUR/USD,2005-08-05 08:00:46.000,1.238500,1.238800,D
174191445,EUR/USD,2005-08-05 08:00:47.000,1.238400,1.238700,D
174191482,EUR/USD,2005-08-05 08:01:04.000,1.238500,1.238800,D
174191492,EUR/USD,2005-08-05 08:01:06.000,1.238400,1.238700,D
174191502,EUR/USD,2005-08-05 08:01:11.000,1.238300,1.238600,D
174191506,EUR/USD,2005-08-05 08:01:12.000,1.238400,1.238700,D
174191513,EUR/USD,2005-08-05 08:01:15.000,1.238300,1.238600,D
174191524,EUR/USD,2005-08-05 08:01:17.000,1.238400,1.238700,D
174191535,EUR/USD,2005-08-05 08:01:19.000,1.238300,1.238600,D
174191542,EUR/USD,2005-08-05 08:01:21.000,1.238400,1.238700,D
174191546,EUR/USD,2005-08-05 08:01:21.000,1.238300,1.238600,D
174191550,EUR/USD,2005-08-05 08:01:23.000,1.238400,1.238700,D
174191563,EUR/USD,2005-08-05 08:01:28.000,1.238300,1.238600,D
174191574,EUR/USD,2005-08-05 08:01:31.000,1.238200,1.238500,D
174191586,EUR/USD,2005-08-05 08:01:33.000,1.238300,1.238600,D
174191590,EUR/USD,2005-08-05 08:01:33.000,1.238200,1.238500,D
174191607,EUR/USD,2005-08-05 08:01:35.000,1.238300,1.238600,D
174191608,EUR/USD,2005-08-05 08:01:35.000,1.238200,1.238500,D
174191612,EUR/USD,2005-08-05 08:01:36.000,1.238100,1.238400,D
174191622,EUR/USD,2005-08-05 08:01:37.000,1.238200,1.238500,D
174191629,EUR/USD,2005-08-05 08:01:38.000,1.238100,1.238400,D
174191645,EUR/USD,2005-08-05 08:01:41.000,1.238200,1.238500,D
174191655,EUR/USD,2005-08-05 08:01:42.000,1.238100,1.238400,D
174191666,EUR/USD,2005-08-05 08:01:57.000,1.238200,1.238500,D
174191671,EUR/USD,2005-08-05 08:01:58.000,1.238100,1.238400,D
174191686,EUR/USD,2005-08-05 08:02:04.000,1.238200,1.238500,D
174191690,EUR/USD,2005-08-05 08:02:08.000,1.238100,1.238400,D
174191698,EUR/USD,2005-08-05 08:02:10.000,1.238200,1.238500,D
174191715,EUR/USD,2005-08-05 08:02:18.000,1.238100,1.238400,D
174191726,EUR/USD,2005-08-05 08:02:28.000,1.238200,1.238500,D
174191751,EUR/USD,2005-08-05 08:02:36.000,1.238100,1.238400,D
174191754,EUR/USD,2005-08-05 08:02:37.000,1.238200,1.238500,D
174191757,EUR/USD,2005-08-05 08:02:38.000,1.238300,1.238600,D
174191763,EUR/USD,2005-08-05 08:02:40.000,1.238200,1.238500,D
174191781,EUR/USD,2005-08-05 08:02:45.000,1.238100,1.238400,D
174191783,EUR/USD,2005-08-05 08:02:47.000,1.238200,1.238500,D
174191798,EUR/USD,2005-08-05 08:02:49.000,1.238300,1.238600,D
174191807,EUR/USD,2005-08-05 08:02:51.000,1.238400,1.238700,D
174191816,EUR/USD,2005-08-05 08:02:53.000,1.238300,1.238600,D
174191823,EUR/USD,2005-08-05 08:02:55.000,1.238400,1.238700,D
174191839,EUR/USD,2005-08-05 08:02:59.000,1.238500,1.238800,D
174191841,EUR/USD,2005-08-05 08:02:59.000,1.238400,1.238700,D
174191845,EUR/USD,2005-08-05 08:03:01.000,1.238500,1.238800,D
174191875,EUR/USD,2005-08-05 08:03:06.000,1.238400,1.238700,D
174191879,EUR/USD,2005-08-05 08:03:06.000,1.238500,1.238800,D
174191883,EUR/USD,2005-08-05 08:03:09.000,1.238400,1.238700,D
174191884,EUR/USD,2005-08-05 08:03:10.000,1.238500,1.238800,D
174191887,EUR/USD,2005-08-05 08:03:11.000,1.238600,1.238900,D
174191910,EUR/USD,2005-08-05 08:03:16.000,1.238700,1.239000,D
174191931,EUR/USD,2005-08-05 08:03:19.000,1.238800,1.239100,D
174191937,EUR/USD,2005-08-05 08:03:21.000,1.238700,1.239000,D
174191945,EUR/USD,2005-08-05 08:03:24.000,1.238800,1.239100,D
174191950,EUR/USD,2005-08-05 08:03:24.000,1.238700,1.239000,D
174191956,EUR/USD,2005-08-05 08:03:26.000,1.238600,1.238900,D
174191966,EUR/USD,2005-08-05 08:03:28.000,1.238700,1.239000,D
174191973,EUR/USD,2005-08-05 08:03:29.000,1.238600,1.238900,D
174191979,EUR/USD,2005-08-05 08:03:30.000,1.238700,1.239000,D
174191993,EUR/USD,2005-08-05 08:03:33.000,1.238600,1.238900,D
174192005,EUR/USD,2005-08-05 08:03:39.000,1.238500,1.238800,D
174192021,EUR/USD,2005-08-05 08:03:45.000,1.238600,1.238900,D
174192025,EUR/USD,2005-08-05 08:03:46.000,1.238500,1.238800,D
174192031,EUR/USD,2005-08-05 08:03:48.000,1.238600,1.238900,D
174192046,EUR/USD,2005-08-05 08:03:52.000,1.238700,1.239000,D
174192065,EUR/USD,2005-08-05 08:03:54.000,1.238600,1.238900,D
174192073,EUR/USD,2005-08-05 08:04:01.000,1.238500,1.238800,D
174192089,EUR/USD,2005-08-05 08:04:11.000,1.238400,1.238700,D
174192100,EUR/USD,2005-08-05 08:04:14.000,1.238500,1.238800,D
174192110,EUR/USD,2005-08-05 08:04:14.000,1.238600,1.238900,D
174192134,EUR/USD,2005-08-05 08:04:20.000,1.238700,1.239000,D
174192170,EUR/USD,2005-08-05 08:04:31.000,1.238600,1.238900,D
174192201,EUR/USD,2005-08-05 08:04:38.000,1.238500,1.238800,D
174192205,EUR/USD,2005-08-05 08:04:39.000,1.238600,1.238900,D
174192211,EUR/USD,2005-08-05 08:04:41.000,1.238500,1.238800,D
174192230,EUR/USD,2005-08-05 08:04:45.000,1.238600,1.238900,D
174192243,EUR/USD,2005-08-05 08:04:51.000,1.238700,1.239000,D
174192272,EUR/USD,2005-08-05 08:05:09.000,1.238600,1.238900,D
174192297,EUR/USD,2005-08-05 08:05:19.000,1.238500,1.238800,D
174192322,EUR/USD,2005-08-05 08:05:31.000,1.238400,1.238700,D
174192327,EUR/USD,2005-08-05 08:05:38.000,1.238500,1.238800,D
174192352,EUR/USD,2005-08-05 08:05:49.000,1.238400,1.238700,D
174192359,EUR/USD,2005-08-05 08:05:50.000,1.238500,1.238800,D
174192367,EUR/USD,2005-08-05 08:05:52.000,1.238400,1.238700,D
174192374,EUR/USD,2005-08-05 08:05:59.000,1.238500,1.238800,D
174192406,EUR/USD,2005-08-05 08:06:22.000,1.238400,1.238700,D
174192436,EUR/USD,2005-08-05 08:06:35.000,1.238300,1.238600,D
174192443,EUR/USD,2005-08-05 08:06:36.000,1.238400,1.238700,D
174192453,EUR/USD,2005-08-05 08:06:37.000,1.238300,1.238600,D
174192463,EUR/USD,2005-08-05 08:06:43.000,1.238400,1.238700,D
174192472,EUR/USD,2005-08-05 08:06:48.000,1.238500,1.238800,D
174192476,EUR/USD,2005-08-05 08:06:49.000,1.238400,1.238700,D
174192499,EUR/USD,2005-08-05 08:06:54.000,1.238500,1.238800,D
174192551,EUR/USD,2005-08-05 08:07:14.000,1.238400,1.238700,D
174192568,EUR/USD,2005-08-05 08:07:22.000,1.238500,1.238800,D
174192576,EUR/USD,2005-08-05 08:07:28.000,1.238400,1.238700,D
174192583,EUR/USD,2005-08-05 08:07:33.000,1.238500,1.238800,D
174192587,EUR/USD,2005-08-05 08:07:34.000,1.238400,1.238700,D
174192591,EUR/USD,2005-08-05 08:07:36.000,1.238500,1.238800,D
174192632,EUR/USD,2005-08-05 08:08:00.000,1.238600,1.238900,D
174192654,EUR/USD,2005-08-05 08:08:05.000,1.238700,1.239000,D
174192660,EUR/USD,2005-08-05 08:08:05.000,1.238600,1.238900,D
174192671,EUR/USD,2005-08-05 08:08:07.000,1.238700,1.239000,D
174192679,EUR/USD,2005-08-05 08:08:10.000,1.238800,1.239100,D
174192698,EUR/USD,2005-08-05 08:08:13.000,1.238700,1.239000,D
174192705,EUR/USD,2005-08-05 08:08:14.000,1.238800,1.239100,D
174192723,EUR/USD,2005-08-05 08:08:20.000,1.238700,1.239000,D
174192731,EUR/USD,2005-08-05 08:08:22.000,1.238800,1.239100,D
174192746,EUR/USD,2005-08-05 08:08:23.000,1.238700,1.239000,D
174192763,EUR/USD,2005-08-05 08:08:24.000,1.238800,1.239100,D
174192783,EUR/USD,2005-08-05 08:08:28.000,1.238900,1.239200,D
174192800,EUR/USD,2005-08-05 08:08:31.000,1.239000,1.239300,D
174192835,EUR/USD,2005-08-05 08:08:35.000,1.238900,1.239200,D
174192875,EUR/USD,2005-08-05 08:08:44.000,1.238800,1.239100,D
174192921,EUR/USD,2005-08-05 08:08:54.000,1.238900,1.239200,D
174192942,EUR/USD,2005-08-05 08:09:02.000,1.238800,1.239100,D
174192963,EUR/USD,2005-08-05 08:09:07.000,1.238700,1.239000,D
174193025,EUR/USD,2005-08-05 08:09:27.000,1.238800,1.239100,D
174193041,EUR/USD,2005-08-05 08:09:31.000,1.238700,1.239000,D
174193049,EUR/USD,2005-08-05 08:09:33.000,1.238600,1.238900,D
174193086,EUR/USD,2005-08-05 08:09:47.000,1.238500,1.238800,D
174193088,EUR/USD,2005-08-05 08:09:48.000,1.238600,1.238900,D
174193098,EUR/USD,2005-08-05 08:09:49.000,1.238500,1.238800,D
174193126,EUR/USD,2005-08-05 08:09:58.000,1.238600,1.238900,D
174193154,EUR/USD,2005-08-05 08:10:11.000,1.238500,1.238800,D
174193164,EUR/USD,2005-08-05 08:10:12.000,1.238600,1.238900,D
174193203,EUR/USD,2005-08-05 08:10:32.000,1.238700,1.239000,D
174193225,EUR/USD,2005-08-05 08:10:37.000,1.238800,1.239100,D
174193281,EUR/USD,2005-08-05 08:10:53.000,1.238900,1.239200,D
174193312,EUR/USD,2005-08-05 08:11:05.000,1.238800,1.239100,D
174193317,EUR/USD,2005-08-05 08:11:07.000,1.238900,1.239200,D
174193330,EUR/USD,2005-08-05 08:11:16.000,1.238800,1.239100,D
174193348,EUR/USD,2005-08-05 08:11:21.000,1.238700,1.239000,D
174193354,EUR/USD,2005-08-05 08:11:22.000,1.238800,1.239100,D
174193367,EUR/USD,2005-08-05 08:11:26.000,1.238700,1.239000,D
174193373,EUR/USD,2005-08-05 08:11:31.000,1.238800,1.239100,D
174193390,EUR/USD,2005-08-05 08:11:38.000,1.238700,1.239000,D
174193391,EUR/USD,2005-08-05 08:11:38.000,1.238800,1.239100,D
174193400,EUR/USD,2005-08-05 08:11:39.000,1.238700,1.239000,D
174193406,EUR/USD,2005-08-05 08:11:41.000,1.238800,1.239100,D
174193414,EUR/USD,2005-08-05 08:11:44.000,1.238700,1.239000,D
174193419,EUR/USD,2005-08-05 08:11:45.000,1.238800,1.239100,D
174193432,EUR/USD,2005-08-05 08:11:49.000,1.238700,1.239000,D
174193439,EUR/USD,2005-08-05 08:11:52.000,1.238800,1.239100,D
174193448,EUR/USD,2005-08-05 08:11:56.000,1.238700,1.239000,D
174193460,EUR/USD,2005-08-05 08:12:05.000,1.238800,1.239100,D
174193481,EUR/USD,2005-08-05 08:12:12.000,1.238900,1.239200,D
174193498,EUR/USD,2005-08-05 08:12:15.000,1.238800,1.239100,D
174193524,EUR/USD,2005-08-05 08:12:20.000,1.238700,1.239000,D
174193541,EUR/USD,2005-08-05 08:12:23.000,1.238600,1.238900,D
174193553,EUR/USD,2005-08-05 08:12:25.000,1.238700,1.239000,D
174193556,EUR/USD,2005-08-05 08:12:26.000,1.238800,1.239100,D
174193577,EUR/USD,2005-08-05 08:12:37.000,1.238700,1.239000,D
174193579,EUR/USD,2005-08-05 08:12:38.000,1.238800,1.239100,D
174193589,EUR/USD,2005-08-05 08:12:41.000,1.238900,1.239200,D
174193596,EUR/USD,2005-08-05 08:12:42.000,1.238800,1.239100,D
174193607,EUR/USD,2005-08-05 08:12:48.000,1.238700,1.239000,D
174193609,EUR/USD,2005-08-05 08:12:49.000,1.238800,1.239100,D
174193626,EUR/USD,2005-08-05 08:13:11.000,1.238700,1.239000,D
174193658,EUR/USD,2005-08-05 08:13:33.000,1.238600,1.238900,D
174193667,EUR/USD,2005-08-05 08:13:35.000,1.238700,1.239000,D
174193699,EUR/USD,2005-08-05 08:13:55.000,1.238600,1.238900,D
174193705,EUR/USD,2005-08-05 08:13:59.000,1.238700,1.239000,D
174193725,EUR/USD,2005-08-05 08:14:08.000,1.238600,1.238900,D
174193738,EUR/USD,2005-08-05 08:14:14.000,1.238700,1.239000,D
174193760,EUR/USD,2005-08-05 08:14:24.000,1.238800,1.239100,D
174193773,EUR/USD,2005-08-05 08:14:28.000,1.238900,1.239200,D
174193788,EUR/USD,2005-08-05 08:14:32.000,1.238800,1.239100,D
174193822,EUR/USD,2005-08-05 08:14:38.000,1.238700,1.239000,D
174193836,EUR/USD,2005-08-05 08:14:39.000,1.238800,1.239100,D
174193849,EUR/USD,2005-08-05 08:14:46.000,1.238700,1.239000,D
174193882,EUR/USD,2005-08-05 08:14:53.000,1.238600,1.238900,D
174193895,EUR/USD,2005-08-05 08:14:58.000,1.238500,1.238800,D
174193914,EUR/USD,2005-08-05 08:15:00.000,1.238400,1.238700,D
174193921,EUR/USD,2005-08-05 08:15:02.000,1.238500,1.238800,D
174193924,EUR/USD,2005-08-05 08:15:02.000,1.238400,1.238700,D
174193929,EUR/USD,2005-08-05 08:15:04.000,1.238500,1.238800,D
174193937,EUR/USD,2005-08-05 08:15:05.000,1.238400,1.238700,D
174193953,EUR/USD,2005-08-05 08:15:08.000,1.238500,1.238800,D
174193972,EUR/USD,2005-08-05 08:15:12.000,1.238600,1.238900,D
174193981,EUR/USD,2005-08-05 08:15:15.000,1.238700,1.239000,D
174193995,EUR/USD,2005-08-05 08:15:16.000,1.238600,1.238900,D
174194004,EUR/USD,2005-08-05 08:15:18.000,1.238700,1.239000,D
174194013,EUR/USD,2005-08-05 08:15:20.000,1.238800,1.239100,D
174194019,EUR/USD,2005-08-05 08:15:20.000,1.238700,1.239000,D
174194032,EUR/USD,2005-08-05 08:15:23.000,1.238800,1.239100,D
174194037,EUR/USD,2005-08-05 08:15:23.000,1.238700,1.239000,D
174194050,EUR/USD,2005-08-05 08:15:27.000,1.238800,1.239100,D
174194059,EUR/USD,2005-08-05 08:15:31.000,1.238700,1.239000,D
174194067,EUR/USD,2005-08-05 08:15:33.000,1.238800,1.239100,D
174194082,EUR/USD,2005-08-05 08:15:36.000,1.238700,1.239000,D
174194093,EUR/USD,2005-08-05 08:15:37.000,1.238800,1.239100,D
174194157,EUR/USD,2005-08-05 08:15:55.000,1.238700,1.239000,D
174194167,EUR/USD,2005-08-05 08:15:57.000,1.238800,1.239100,D
174194218,EUR/USD,2005-08-05 08:16:25.000,1.238900,1.239200,D
174194229,EUR/USD,2005-08-05 08:16:29.000,1.238800,1.239100,D
174194284,EUR/USD,2005-08-05 08:16:44.000,1.238700,1.239000,D
174194287,EUR/USD,2005-08-05 08:16:45.000,1.238800,1.239100,D
174194292,EUR/USD,2005-08-05 08:16:50.000,1.238900,1.239200,D
174194340,EUR/USD,2005-08-05 08:17:13.000,1.238800,1.239100,D
174194379,EUR/USD,2005-08-05 08:17:29.000,1.238700,1.239000,D
174194397,EUR/USD,2005-08-05 08:17:36.000,1.238800,1.239100,D
174194412,EUR/USD,2005-08-05 08:17:39.000,1.238700,1.239000,D
174194430,EUR/USD,2005-08-05 08:17:47.000,1.238800,1.239100,D
174194434,EUR/USD,2005-08-05 08:17:48.000,1.238700,1.239000,D
174194491,EUR/USD,2005-08-05 08:18:22.000,1.238600,1.238900,D
174194494,EUR/USD,2005-08-05 08:18:23.000,1.238700,1.239000,D
174194506,EUR/USD,2005-08-05 08:18:25.000,1.238600,1.238900,D
174194525,EUR/USD,2005-08-05 08:18:36.000,1.238700,1.239000,D
174194547,EUR/USD,2005-08-05 08:18:42.000,1.238600,1.238900,D
174194558,EUR/USD,2005-08-05 08:18:44.000,1.238700,1.239000,D
174194598,EUR/USD,2005-08-05 08:18:59.000,1.238600,1.238900,D
174194602,EUR/USD,2005-08-05 08:19:02.000,1.238700,1.239000,D
174194644,EUR/USD,2005-08-05 08:19:08.000,1.238600,1.238900,D
174194649,EUR/USD,2005-08-05 08:19:09.000,1.238700,1.239000,D
174194669,EUR/USD,2005-08-05 08:19:14.000,1.238600,1.238900,D
174194732,EUR/USD,2005-08-05 08:19:24.000,1.238500,1.238800,D
174194757,EUR/USD,2005-08-05 08:19:26.000,1.238600,1.238900,D
174194763,EUR/USD,2005-08-05 08:19:27.000,1.238500,1.238800,D
174194786,EUR/USD,2005-08-05 08:19:34.000,1.238600,1.238900,D
174194797,EUR/USD,2005-08-05 08:19:36.000,1.238700,1.239000,D
174194807,EUR/USD,2005-08-05 08:19:37.000,1.238600,1.238900,D
174194818,EUR/USD,2005-08-05 08:19:39.000,1.238500,1.238800,D
174194825,EUR/USD,2005-08-05 08:19:39.000,1.238600,1.238900,D
174194849,EUR/USD,2005-08-05 08:19:42.000,1.238500,1.238800,D
174194869,EUR/USD,2005-08-05 08:19:47.000,1.238600,1.238900,D
174194956,EUR/USD,2005-08-05 08:20:09.000,1.238700,1.239000,D
174194984,EUR/USD,2005-08-05 08:20:12.000,1.238600,1.238900,D
174194989,EUR/USD,2005-08-05 08:20:13.000,1.238700,1.239000,D
174194995,EUR/USD,2005-08-05 08:20:13.000,1.238600,1.238900,D
174195016,EUR/USD,2005-08-05 08:20:19.000,1.238700,1.239000,D
174195038,EUR/USD,2005-08-05 08:20:22.000,1.238600,1.238900,D
174195053,EUR/USD,2005-08-05 08:20:28.000,1.238500,1.238800,D
174195058,EUR/USD,2005-08-05 08:20:29.000,1.238600,1.238900,D
174195067,EUR/USD,2005-08-05 08:20:31.000,1.238500,1.238800,D
174195070,EUR/USD,2005-08-05 08:20:31.000,1.238600,1.238900,D
174195091,EUR/USD,2005-08-05 08:20:38.000,1.238700,1.239000,D
174195116,EUR/USD,2005-08-05 08:20:42.000,1.238600,1.238900,D
174195124,EUR/USD,2005-08-05 08:20:44.000,1.238700,1.239000,D
174195147,EUR/USD,2005-08-05 08:20:52.000,1.238800,1.239100,D
174195166,EUR/USD,2005-08-05 08:20:56.000,1.238700,1.239000,D
174195172,EUR/USD,2005-08-05 08:20:58.000,1.238800,1.239100,D
174195184,EUR/USD,2005-08-05 08:21:01.000,1.238700,1.239000,D
174195194,EUR/USD,2005-08-05 08:21:03.000,1.238600,1.238900,D
174195207,EUR/USD,2005-08-05 08:21:05.000,1.238700,1.239000,D
174195228,EUR/USD,2005-08-05 08:21:09.000,1.238800,1.239100,D
174195232,EUR/USD,2005-08-05 08:21:12.000,1.238700,1.239000,D
174195242,EUR/USD,2005-08-05 08:21:13.000,1.238800,1.239100,D
174195250,EUR/USD,2005-08-05 08:21:15.000,1.238700,1.239000,D
174195259,EUR/USD,2005-08-05 08:21:17.000,1.238800,1.239100,D
174195266,EUR/USD,2005-08-05 08:21:18.000,1.238700,1.239000,D
174195276,EUR/USD,2005-08-05 08:21:22.000,1.238800,1.239100,D
174195315,EUR/USD,2005-08-05 08:21:29.000,1.238900,1.239200,D
174195357,EUR/USD,2005-08-05 08:21:40.000,1.238800,1.239100,D
174195369,EUR/USD,2005-08-05 08:21:44.000,1.238900,1.239200,D
174195377,EUR/USD,2005-08-05 08:21:46.000,1.238800,1.239100,D
174195391,EUR/USD,2005-08-05 08:21:47.000,1.238700,1.239000,D
174195398,EUR/USD,2005-08-05 08:21:48.000,1.238500,1.238800,D
174195403,EUR/USD,2005-08-05 08:21:48.000,1.238400,1.238700,D
174195411,EUR/USD,2005-08-05 08:21:49.000,1.238500,1.238800,D
174195419,EUR/USD,2005-08-05 08:21:49.000,1.238600,1.238900,D
174195431,EUR/USD,2005-08-05 08:21:50.000,1.238700,1.239000,D
174195436,EUR/USD,2005-08-05 08:21:51.000,1.238600,1.238900,D
174195497,EUR/USD,2005-08-05 08:22:08.000,1.238700,1.239000,D
174195528,EUR/USD,2005-08-05 08:22:13.000,1.238600,1.238900,D
174195535,EUR/USD,2005-08-05 08:22:14.000,1.238700,1.239000,D
174195540,EUR/USD,2005-08-05 08:22:17.000,1.238800,1.239100,D
174195564,EUR/USD,2005-08-05 08:22:29.000,1.238900,1.239200,D
174195592,EUR/USD,2005-08-05 08:22:33.000,1.238800,1.239100,D
174195595,EUR/USD,2005-08-05 08:22:34.000,1.238900,1.239200,D
174195614,EUR/USD,2005-08-05 08:22:38.000,1.238800,1.239100,D
174195636,EUR/USD,2005-08-05 08:22:44.000,1.238900,1.239200,D
174195657,EUR/USD,2005-08-05 08:22:53.000,1.238800,1.239100,D
174195674,EUR/USD,2005-08-05 08:22:58.000,1.238900,1.239200,D
174195693,EUR/USD,2005-08-05 08:23:00.000,1.238800,1.239100,D
174195708,EUR/USD,2005-08-05 08:23:02.000,1.238900,1.239200,D
174195718,EUR/USD,2005-08-05 08:23:06.000,1.238800,1.239100,D
174195754,EUR/USD,2005-08-05 08:23:21.000,1.238700,1.239000,D
174195802,EUR/USD,2005-08-05 08:23:52.000,1.238800,1.239100,D
174195807,EUR/USD,2005-08-05 08:23:54.000,1.238700,1.239000,D
174195812,EUR/USD,2005-08-05 08:23:54.000,1.238800,1.239100,D
174195832,EUR/USD,2005-08-05 08:23:58.000,1.238900,1.239200,D
174195841,EUR/USD,2005-08-05 08:24:00.000,1.239000,1.239300,D
174195855,EUR/USD,2005-08-05 08:24:02.000,1.238900,1.239200,D
174195888,EUR/USD,2005-08-05 08:24:08.000,1.238800,1.239100,D
174195900,EUR/USD,2005-08-05 08:24:10.000,1.238700,1.239000,D
174195939,EUR/USD,2005-08-05 08:24:20.000,1.238600,1.238900,D
174195953,EUR/USD,2005-08-05 08:24:23.000,1.238700,1.239000,D
174195990,EUR/USD,2005-08-05 08:24:30.000,1.238600,1.238900,D
174196006,EUR/USD,2005-08-05 08:24:33.000,1.238500,1.238800,D
174196051,EUR/USD,2005-08-05 08:24:39.000,1.238400,1.238700,D
174196083,EUR/USD,2005-08-05 08:24:46.000,1.238300,1.238600,D
174196088,EUR/USD,2005-08-05 08:24:47.000,1.238200,1.238500,D
174196097,EUR/USD,2005-08-05 08:24:50.000,1.238100,1.238400,D
174196136,EUR/USD,2005-08-05 08:24:59.000,1.238200,1.238500,D
174196145,EUR/USD,2005-08-05 08:25:01.000,1.238100,1.238400,D
174196161,EUR/USD,2005-08-05 08:25:09.000,1.238000,1.238300,D
174196175,EUR/USD,2005-08-05 08:25:11.000,1.238100,1.238400,D
174196190,EUR/USD,2005-08-05 08:25:16.000,1.238000,1.238300,D
174196193,EUR/USD,2005-08-05 08:25:17.000,1.238100,1.238400,D
174196207,EUR/USD,2005-08-05 08:25:19.000,1.238000,1.238300,D
174196214,EUR/USD,2005-08-05 08:25:21.000,1.238100,1.238400,D
174196238,EUR/USD,2005-08-05 08:25:28.000,1.238000,1.238300,D
174196244,EUR/USD,2005-08-05 08:25:30.000,1.238100,1.238400,D
174196249,EUR/USD,2005-08-05 08:25:33.000,1.238200,1.238500,D
174196252,EUR/USD,2005-08-05 08:25:34.000,1.238100,1.238400,D
174196276,EUR/USD,2005-08-05 08:25:42.000,1.238200,1.238500,D
174196286,EUR/USD,2005-08-05 08:25:44.000,1.238100,1.238400,D
174196314,EUR/USD,2005-08-05 08:25:48.000,1.238200,1.238500,D
174196342,EUR/USD,2005-08-05 08:25:52.000,1.238100,1.238400,D
174196355,EUR/USD,2005-08-05 08:25:56.000,1.238200,1.238500,D
174196378,EUR/USD,2005-08-05 08:26:03.000,1.238300,1.238600,D
174196395,EUR/USD,2005-08-05 08:26:09.000,1.238200,1.238500,D
174196405,EUR/USD,2005-08-05 08:26:12.000,1.238100,1.238400,D
174196415,EUR/USD,2005-08-05 08:26:12.000,1.238200,1.238500,D
174196417,EUR/USD,2005-08-05 08:26:13.000,1.238100,1.238400,D
174196447,EUR/USD,2005-08-05 08:26:17.000,1.238200,1.238500,D
174196456,EUR/USD,2005-08-05 08:26:27.000,1.238100,1.238400,D
174196463,EUR/USD,2005-08-05 08:26:28.000,1.238200,1.238500,D
174196485,EUR/USD,2005-08-05 08:26:32.000,1.238300,1.238600,D
174196498,EUR/USD,2005-08-05 08:26:35.000,1.238400,1.238700,D
174196525,EUR/USD,2005-08-05 08:26:42.000,1.238500,1.238800,D
174196547,EUR/USD,2005-08-05 08:26:51.000,1.238600,1.238900,D
174196554,EUR/USD,2005-08-05 08:26:52.000,1.238500,1.238800,D
174196581,EUR/USD,2005-08-05 08:26:57.000,1.238400,1.238700,D
174196590,EUR/USD,2005-08-05 08:26:58.000,1.238500,1.238800,D
174196596,EUR/USD,2005-08-05 08:26:59.000,1.238400,1.238700,D
174196598,EUR/USD,2005-08-05 08:27:00.000,1.238500,1.238800,D
174196624,EUR/USD,2005-08-05 08:27:03.000,1.238400,1.238700,D
174196638,EUR/USD,2005-08-05 08:27:08.000,1.238500,1.238800,D
174196646,EUR/USD,2005-08-05 08:27:09.000,1.238400,1.238700,D
174196665,EUR/USD,2005-08-05 08:27:13.000,1.238500,1.238800,D
174196698,EUR/USD,2005-08-05 08:27:31.000,1.238500,1.238900,D
174196700,EUR/USD,2005-08-05 08:27:32.000,1.238400,1.238800,D
174196717,EUR/USD,2005-08-05 08:27:34.000,1.238300,1.238800,D
174196731,EUR/USD,2005-08-05 08:27:38.000,1.238400,1.238800,D
174196732,EUR/USD,2005-08-05 08:27:39.000,1.238400,1.238900,D
174196743,EUR/USD,2005-08-05 08:27:40.000,1.238400,1.238800,D
174196744,EUR/USD,2005-08-05 08:27:40.000,1.238300,1.238800,D
174196769,EUR/USD,2005-08-05 08:27:44.000,1.238300,1.238700,D
174196774,EUR/USD,2005-08-05 08:27:45.000,1.238300,1.238900,D
174196775,EUR/USD,2005-08-05 08:27:45.000,1.238300,1.238800,D
174196776,EUR/USD,2005-08-05 08:27:45.000,1.238300,1.238700,D
174196779,EUR/USD,2005-08-05 08:27:45.000,1.238200,1.238700,D
174196786,EUR/USD,2005-08-05 08:27:46.000,1.238400,1.238700,D
174196792,EUR/USD,2005-08-05 08:27:47.000,1.238400,1.238900,D
174196906,EUR/USD,2005-08-05 08:28:11.000,1.238300,1.238900,D
174196915,EUR/USD,2005-08-05 08:28:12.000,1.238300,1.238800,D
174196930,EUR/USD,2005-08-05 08:28:18.000,1.238400,1.238800,D
174196932,EUR/USD,2005-08-05 08:28:18.000,1.238400,1.238900,D
174196955,EUR/USD,2005-08-05 08:28:20.000,1.238300,1.238900,D
174196961,EUR/USD,2005-08-05 08:28:22.000,1.238300,1.238800,D
174196973,EUR/USD,2005-08-05 08:28:25.000,1.238300,1.238900,D
174196985,EUR/USD,2005-08-05 08:28:27.000,1.238400,1.238900,D
174196997,EUR/USD,2005-08-05 08:28:28.000,1.238400,1.239000,D
174197001,EUR/USD,2005-08-05 08:28:29.000,1.238400,1.238900,D
174197013,EUR/USD,2005-08-05 08:28:34.000,1.238300,1.238900,D
174197017,EUR/USD,2005-08-05 08:28:35.000,1.238400,1.238900,D
174197021,EUR/USD,2005-08-05 08:28:35.000,1.238300,1.238900,D
174197033,EUR/USD,2005-08-05 08:28:36.000,1.238300,1.238800,D
174197036,EUR/USD,2005-08-05 08:28:37.000,1.238200,1.238800,D
174197067,EUR/USD,2005-08-05 08:28:40.000,1.238300,1.238800,D
174197069,EUR/USD,2005-08-05 08:28:40.000,1.238300,1.238900,D
174197080,EUR/USD,2005-08-05 08:28:41.000,1.238400,1.239000,D
174197097,EUR/USD,2005-08-05 08:28:43.000,1.238400,1.238700,D
174197101,EUR/USD,2005-08-05 08:28:43.000,1.238200,1.238700,D
174197107,EUR/USD,2005-08-05 08:28:44.000,1.238300,1.238700,D
174197111,EUR/USD,2005-08-05 08:28:45.000,1.238300,1.238900,D
174197136,EUR/USD,2005-08-05 08:28:48.000,1.238300,1.238700,D
174197141,EUR/USD,2005-08-05 08:28:48.000,1.238200,1.238700,D
174197150,EUR/USD,2005-08-05 08:28:50.000,1.238300,1.238700,D
174197153,EUR/USD,2005-08-05 08:28:50.000,1.238300,1.238800,D
174197156,EUR/USD,2005-08-05 08:28:50.000,1.238300,1.238900,D
174197162,EUR/USD,2005-08-05 08:28:51.000,1.238500,1.238900,D
174197169,EUR/USD,2005-08-05 08:28:51.000,1.238500,1.239000,D
174197218,EUR/USD,2005-08-05 08:28:58.000,1.238400,1.239000,D
174197277,EUR/USD,2005-08-05 08:29:09.000,1.238400,1.238800,D
174197280,EUR/USD,2005-08-05 08:29:09.000,1.238200,1.238800,D
174197283,EUR/USD,2005-08-05 08:29:10.000,1.238400,1.238800,D
174197287,EUR/USD,2005-08-05 08:29:10.000,1.238400,1.238900,D
174197293,EUR/USD,2005-08-05 08:29:11.000,1.238400,1.239000,D
174197313,EUR/USD,2005-08-05 08:29:14.000,1.238400,1.238900,D
174197320,EUR/USD,2005-08-05 08:29:15.000,1.238300,1.238900,D
174197339,EUR/USD,2005-08-05 08:29:18.000,1.238400,1.238900,D
174197343,EUR/USD,2005-08-05 08:29:19.000,1.238400,1.239000,D
174197346,EUR/USD,2005-08-05 08:29:19.000,1.238400,1.238900,D
174197354,EUR/USD,2005-08-05 08:29:22.000,1.238300,1.238900,D
174197358,EUR/USD,2005-08-05 08:29:23.000,1.238500,1.238900,D
174197367,EUR/USD,2005-08-05 08:29:24.000,1.238300,1.238900,D
174197376,EUR/USD,2005-08-05 08:29:25.000,1.238400,1.238900,D
174197400,EUR/USD,2005-08-05 08:29:28.000,1.238500,1.238900,D
174197404,EUR/USD,2005-08-05 08:29:28.000,1.238500,1.239100,D
174197416,EUR/USD,2005-08-05 08:29:29.000,1.238500,1.239000,D
174197424,EUR/USD,2005-08-05 08:29:29.000,1.238400,1.238900,D
174197450,EUR/USD,2005-08-05 08:29:36.000,1.238500,1.239000,D
174197464,EUR/USD,2005-08-05 08:29:38.000,1.238500,1.238900,D
174197468,EUR/USD,2005-08-05 08:29:38.000,1.238300,1.238900,D
174197475,EUR/USD,2005-08-05 08:29:38.000,1.238300,1.238800,D
174197480,EUR/USD,2005-08-05 08:29:39.000,1.238300,1.238900,D
174197481,EUR/USD,2005-08-05 08:29:40.000,1.238400,1.238900,D
174197483,EUR/USD,2005-08-05 08:29:40.000,1.238400,1.239000,D
174197495,EUR/USD,2005-08-05 08:29:42.000,1.238400,1.238700,D
174197499,EUR/USD,2005-08-05 08:29:43.000,1.238200,1.238700,D
174197512,EUR/USD,2005-08-05 08:29:44.000,1.238200,1.238800,D
174197516,EUR/USD,2005-08-05 08:29:46.000,1.238300,1.238900,D
174197523,EUR/USD,2005-08-05 08:29:46.000,1.238200,1.238800,D
174197529,EUR/USD,2005-08-05 08:29:46.000,1.238200,1.238700,D
174197541,EUR/USD,2005-08-05 08:29:50.000,1.238300,1.238900,D
174197571,EUR/USD,2005-08-05 08:29:55.000,1.238100,1.238800,D
174197582,EUR/USD,2005-08-05 08:29:56.000,1.238000,1.238700,D
174197593,EUR/USD,2005-08-05 08:29:57.000,1.237900,1.238600,D
174197611,EUR/USD,2005-08-05 08:29:59.000,1.238000,1.238700,D
174198736,EUR/USD,2005-08-05 08:30:55.000,1.238600,1.239000,D
174198757,EUR/USD,2005-08-05 08:30:56.000,1.238600,1.239100,D
174198766,EUR/USD,2005-08-05 08:30:56.000,1.238700,1.239300,D
174198779,EUR/USD,2005-08-05 08:30:57.000,1.238800,1.239300,D
174198789,EUR/USD,2005-08-05 08:30:57.000,1.238800,1.239400,D
174198810,EUR/USD,2005-08-05 08:30:58.000,1.238900,1.239400,D
174198817,EUR/USD,2005-08-05 08:30:58.000,1.239000,1.239500,D
174198829,EUR/USD,2005-08-05 08:30:58.000,1.239000,1.239600,D
174198846,EUR/USD,2005-08-05 08:30:59.000,1.239000,1.239500,D
174198854,EUR/USD,2005-08-05 08:30:59.000,1.238900,1.239500,D
174198875,EUR/USD,2005-08-05 08:31:01.000,1.239100,1.239500,D
174198883,EUR/USD,2005-08-05 08:31:01.000,1.239200,1.239600,D
174198895,EUR/USD,2005-08-05 08:31:01.000,1.239200,1.239700,D
174198900,EUR/USD,2005-08-05 08:31:02.000,1.239100,1.239700,D
174198904,EUR/USD,2005-08-05 08:31:02.000,1.239100,1.239500,D
174198914,EUR/USD,2005-08-05 08:31:02.000,1.239000,1.239500,D
174198919,EUR/USD,2005-08-05 08:31:03.000,1.238900,1.239400,D
174198925,EUR/USD,2005-08-05 08:31:03.000,1.239000,1.239400,D
174198932,EUR/USD,2005-08-05 08:31:03.000,1.238800,1.239400,D
174198936,EUR/USD,2005-08-05 08:31:04.000,1.238900,1.239500,D
174198951,EUR/USD,2005-08-05 08:31:05.000,1.238900,1.239400,D
174198960,EUR/USD,2005-08-05 08:31:06.000,1.238800,1.239300,D
174198966,EUR/USD,2005-08-05 08:31:06.000,1.238700,1.239300,D
174198972,EUR/USD,2005-08-05 08:31:06.000,1.238700,1.239200,D
174198986,EUR/USD,2005-08-05 08:31:07.000,1.238600,1.239100,D
174199004,EUR/USD,2005-08-05 08:31:07.000,1.238500,1.239000,D
174199016,EUR/USD,2005-08-05 08:31:07.000,1.238500,1.239100,D
174199021,EUR/USD,2005-08-05 08:31:08.000,1.239000,1.239100,D
174199028,EUR/USD,2005-08-05 08:31:08.000,1.239000,1.239500,D
174199040,EUR/USD,2005-08-05 08:31:08.000,1.239000,1.239400,D
174199049,EUR/USD,2005-08-05 08:31:09.000,1.239000,1.239300,D
174199059,EUR/USD,2005-08-05 08:31:09.000,1.239000,1.239200,D
174199063,EUR/USD,2005-08-05 08:31:10.000,1.238700,1.239200,D
174199069,EUR/USD,2005-08-05 08:31:10.000,1.238500,1.239100,D
174199072,EUR/USD,2005-08-05 08:31:10.000,1.238700,1.239100,D
174199078,EUR/USD,2005-08-05 08:31:10.000,1.238700,1.239300,D
174199088,EUR/USD,2005-08-05 08:31:11.000,1.238700,1.239200,D
174199099,EUR/USD,2005-08-05 08:31:12.000,1.238700,1.239100,D
174199105,EUR/USD,2005-08-05 08:31:12.000,1.238500,1.238800,D
174199110,EUR/USD,2005-08-05 08:31:12.000,1.238300,1.238800,D
174199125,EUR/USD,2005-08-05 08:31:13.000,1.238400,1.239000,D
174199140,EUR/USD,2005-08-05 08:31:14.000,1.238500,1.239000,D
174199149,EUR/USD,2005-08-05 08:31:14.000,1.238500,1.238900,D
174199155,EUR/USD,2005-08-05 08:31:15.000,1.238300,1.238800,D
174199167,EUR/USD,2005-08-05 08:31:16.000,1.238300,1.238700,D
174199189,EUR/USD,2005-08-05 08:31:17.000,1.238100,1.238600,D
174199192,EUR/USD,2005-08-05 08:31:17.000,1.238200,1.238600,D
174199201,EUR/USD,2005-08-05 08:31:18.000,1.238300,1.238900,D
174199218,EUR/USD,2005-08-05 08:31:19.000,1.238300,1.238800,D
174199232,EUR/USD,2005-08-05 08:31:19.000,1.238300,1.238700,D
174199245,EUR/USD,2005-08-05 08:31:20.000,1.238300,1.238600,D
174199255,EUR/USD,2005-08-05 08:31:20.000,1.238100,1.238600,D
174199259,EUR/USD,2005-08-05 08:31:21.000,1.238100,1.238700,D
174199274,EUR/USD,2005-08-05 08:31:22.000,1.238100,1.238600,D
174199286,EUR/USD,2005-08-05 08:31:23.000,1.238100,1.238700,D
174199293,EUR/USD,2005-08-05 08:31:23.000,1.238100,1.238600,D
174199301,EUR/USD,2005-08-05 08:31:23.000,1.238000,1.238400,D
174199318,EUR/USD,2005-08-05 08:31:24.000,1.237900,1.238400,D
174199346,EUR/USD,2005-08-05 08:31:26.000,1.237800,1.238300,D
174199359,EUR/USD,2005-08-05 08:31:27.000,1.237700,1.238300,D
174199365,EUR/USD,2005-08-05 08:31:27.000,1.237800,1.238400,D
174199397,EUR/USD,2005-08-05 08:31:30.000,1.237900,1.238400,D
174199410,EUR/USD,2005-08-05 08:31:31.000,1.238000,1.238500,D
174199416,EUR/USD,2005-08-05 08:31:32.000,1.238100,1.238500,D
174199425,EUR/USD,2005-08-05 08:31:32.000,1.238200,1.238700,D
174199430,EUR/USD,2005-08-05 08:31:32.000,1.238300,1.238700,D
174199441,EUR/USD,2005-08-05 08:31:33.000,1.238200,1.238600,D
174199444,EUR/USD,2005-08-05 08:31:33.000,1.238300,1.238700,D
174199447,EUR/USD,2005-08-05 08:31:34.000,1.238400,1.238800,D
174199463,EUR/USD,2005-08-05 08:31:34.000,1.238500,1.238900,D
174199511,EUR/USD,2005-08-05 08:31:36.000,1.238600,1.239000,D
174199581,EUR/USD,2005-08-05 08:31:40.000,1.238500,1.238900,D
174199588,EUR/USD,2005-08-05 08:31:40.000,1.238400,1.238800,D
174199610,EUR/USD,2005-08-05 08:31:42.000,1.238300,1.238700,D
174199614,EUR/USD,2005-08-05 08:31:42.000,1.238200,1.238600,D
174199629,EUR/USD,2005-08-05 08:31:43.000,1.238300,1.238700,D
174199637,EUR/USD,2005-08-05 08:31:43.000,1.238400,1.238800,D
174199648,EUR/USD,2005-08-05 08:31:44.000,1.238300,1.238700,D
174199672,EUR/USD,2005-08-05 08:31:45.000,1.238200,1.238600,D
174199690,EUR/USD,2005-08-05 08:31:47.000,1.238300,1.238700,D
174199704,EUR/USD,2005-08-05 08:31:48.000,1.238200,1.238600,D
174199718,EUR/USD,2005-08-05 08:31:49.000,1.238100,1.238400,D
174199723,EUR/USD,2005-08-05 08:31:49.000,1.238000,1.238300,D
174199728,EUR/USD,2005-08-05 08:31:49.000,1.237900,1.238300,D
174199762,EUR/USD,2005-08-05 08:31:51.000,1.237800,1.238200,D
174199781,EUR/USD,2005-08-05 08:31:52.000,1.237700,1.238100,D
174199799,EUR/USD,2005-08-05 08:31:54.000,1.237600,1.238000,D
174199818,EUR/USD,2005-08-05 08:31:55.000,1.237500,1.237900,D
174199828,EUR/USD,2005-08-05 08:31:56.000,1.237400,1.237800,D
174199834,EUR/USD,2005-08-05 08:31:56.000,1.237500,1.237900,D
174199841,EUR/USD,2005-08-05 08:31:56.000,1.237400,1.237600,D
174199852,EUR/USD,2005-08-05 08:31:57.000,1.237400,1.237700,D
174199866,EUR/USD,2005-08-05 08:31:57.000,1.237300,1.237700,D
174199883,EUR/USD,2005-08-05 08:31:58.000,1.237200,1.237600,D
174199921,EUR/USD,2005-08-05 08:32:00.000,1.237100,1.237500,D
174199926,EUR/USD,2005-08-05 08:32:00.000,1.237300,1.237500,D
174199946,EUR/USD,2005-08-05 08:32:01.000,1.237100,1.237500,D
174199954,EUR/USD,2005-08-05 08:32:01.000,1.237200,1.237600,D
174199976,EUR/USD,2005-08-05 08:32:03.000,1.237300,1.237700,D
174199984,EUR/USD,2005-08-05 08:32:03.000,1.237400,1.237800,D
174200001,EUR/USD,2005-08-05 08:32:04.000,1.237300,1.237600,D
174200006,EUR/USD,2005-08-05 08:32:04.000,1.237200,1.237600,D
174200021,EUR/USD,2005-08-05 08:32:04.000,1.237300,1.237700,D
174200031,EUR/USD,2005-08-05 08:32:05.000,1.237400,1.237800,D
174200056,EUR/USD,2005-08-05 08:32:07.000,1.237500,1.237900,D
174200095,EUR/USD,2005-08-05 08:32:09.000,1.237600,1.238000,D
174200113,EUR/USD,2005-08-05 08:32:10.000,1.237500,1.237900,D
174200121,EUR/USD,2005-08-05 08:32:11.000,1.237400,1.237800,D
174200141,EUR/USD,2005-08-05 08:32:12.000,1.237500,1.237900,D
174200147,EUR/USD,2005-08-05 08:32:12.000,1.237500,1.237800,D
174200154,EUR/USD,2005-08-05 08:32:13.000,1.237400,1.237700,D
174200181,EUR/USD,2005-08-05 08:32:15.000,1.237300,1.237600,D
174200205,EUR/USD,2005-08-05 08:32:16.000,1.237200,1.237500,D
174200215,EUR/USD,2005-08-05 08:32:16.000,1.237100,1.237400,D
174200217,EUR/USD,2005-08-05 08:32:17.000,1.237000,1.237300,D
174200229,EUR/USD,2005-08-05 08:32:18.000,1.236900,1.237200,D
174200240,EUR/USD,2005-08-05 08:32:18.000,1.236800,1.237100,D
174200291,EUR/USD,2005-08-05 08:32:21.000,1.236900,1.237200,D
174200296,EUR/USD,2005-08-05 08:32:21.000,1.236800,1.237100,D
174200332,EUR/USD,2005-08-05 08:32:24.000,1.236700,1.237000,D
174200344,EUR/USD,2005-08-05 08:32:25.000,1.236800,1.237100,D
174200359,EUR/USD,2005-08-05 08:32:27.000,1.236900,1.237200,D
174200375,EUR/USD,2005-08-05 08:32:28.000,1.237000,1.237300,D
174200395,EUR/USD,2005-08-05 08:32:29.000,1.237100,1.237400,D
174200399,EUR/USD,2005-08-05 08:32:30.000,1.237200,1.237500,D
174200424,EUR/USD,2005-08-05 08:32:31.000,1.237100,1.237400,D
174200440,EUR/USD,2005-08-05 08:32:33.000,1.237200,1.237500,D
174200447,EUR/USD,2005-08-05 08:32:34.000,1.237100,1.237400,D
174200455,EUR/USD,2005-08-05 08:32:34.000,1.237000,1.237300,D
174200480,EUR/USD,2005-08-05 08:32:36.000,1.236900,1.237200,D
174200489,EUR/USD,2005-08-05 08:32:37.000,1.236800,1.237100,D
174200527,EUR/USD,2005-08-05 08:32:39.000,1.236700,1.237000,D
174200535,EUR/USD,2005-08-05 08:32:40.000,1.236600,1.236900,D
174200584,EUR/USD,2005-08-05 08:32:42.000,1.236500,1.236800,D
174200609,EUR/USD,2005-08-05 08:32:44.000,1.236600,1.236900,D
174200623,EUR/USD,2005-08-05 08:32:45.000,1.236700,1.237000,D
174200629,EUR/USD,2005-08-05 08:32:46.000,1.236600,1.236900,D
174200641,EUR/USD,2005-08-05 08:32:46.000,1.236700,1.237000,D
174200645,EUR/USD,2005-08-05 08:32:46.000,1.236800,1.237100,D
174200658,EUR/USD,2005-08-05 08:32:47.000,1.236900,1.237200,D
174200674,EUR/USD,2005-08-05 08:32:48.000,1.237000,1.237300,D
174200699,EUR/USD,2005-08-05 08:32:49.000,1.236900,1.237200,D
174200740,EUR/USD,2005-08-05 08:32:52.000,1.236800,1.237100,D
174200752,EUR/USD,2005-08-05 08:32:53.000,1.236700,1.237000,D
174200768,EUR/USD,2005-08-05 08:32:54.000,1.236600,1.236900,D
174200822,EUR/USD,2005-08-05 08:32:58.000,1.236500,1.236800,D
174200845,EUR/USD,2005-08-05 08:33:00.000,1.236400,1.236700,D
174200863,EUR/USD,2005-08-05 08:33:02.000,1.236500,1.236800,D
174200866,EUR/USD,2005-08-05 08:33:03.000,1.236400,1.236700,D
174200884,EUR/USD,2005-08-05 08:33:04.000,1.236300,1.236600,D
174200889,EUR/USD,2005-08-05 08:33:05.000,1.236200,1.236500,D
174200899,EUR/USD,2005-08-05 08:33:06.000,1.236300,1.236600,D
174200908,EUR/USD,2005-08-05 08:33:06.000,1.236200,1.236500,D
174200914,EUR/USD,2005-08-05 08:33:07.000,1.236100,1.236400,D
174200918,EUR/USD,2005-08-05 08:33:08.000,1.236000,1.236300,D
174200922,EUR/USD,2005-08-05 08:33:08.000,1.236100,1.236400,D
174200926,EUR/USD,2005-08-05 08:33:08.000,1.236000,1.236300,D
174200950,EUR/USD,2005-08-05 08:33:10.000,1.236100,1.236400,D
174200961,EUR/USD,2005-08-05 08:33:11.000,1.236000,1.236300,D
174200964,EUR/USD,2005-08-05 08:33:12.000,1.236100,1.236400,D
174200974,EUR/USD,2005-08-05 08:33:13.000,1.236200,1.236500,D
174200991,EUR/USD,2005-08-05 08:33:14.000,1.236300,1.236600,D
174200997,EUR/USD,2005-08-05 08:33:15.000,1.236400,1.236700,D
174201014,EUR/USD,2005-08-05 08:33:17.000,1.236500,1.236800,D
174201033,EUR/USD,2005-08-05 08:33:19.000,1.236400,1.236700,D
174201040,EUR/USD,2005-08-05 08:33:20.000,1.236300,1.236600,D
174201082,EUR/USD,2005-08-05 08:33:25.000,1.236200,1.236500,D
174201106,EUR/USD,2005-08-05 08:33:28.000,1.236300,1.236600,D
174201117,EUR/USD,2005-08-05 08:33:29.000,1.236200,1.236500,D
174201147,EUR/USD,2005-08-05 08:33:32.000,1.236100,1.236400,D
174201163,EUR/USD,2005-08-05 08:33:35.000,1.236000,1.236300,D
174201199,EUR/USD,2005-08-05 08:33:42.000,1.235900,1.236200,D
174201219,EUR/USD,2005-08-05 08:33:43.000,1.236000,1.236300,D
174201237,EUR/USD,2005-08-05 08:33:45.000,1.236100,1.236400,D
174201266,EUR/USD,2005-08-05 08:33:47.000,1.236200,1.236500,D
174201271,EUR/USD,2005-08-05 08:33:48.000,1.236300,1.236600,D
174201288,EUR/USD,2005-08-05 08:33:49.000,1.236200,1.236500,D
174201295,EUR/USD,2005-08-05 08:33:50.000,1.236100,1.236400,D
174201298,EUR/USD,2005-08-05 08:33:50.000,1.236200,1.236500,D
174201306,EUR/USD,2005-08-05 08:33:50.000,1.236300,1.236600,D
174201320,EUR/USD,2005-08-05 08:33:52.000,1.236200,1.236500,D
174201331,EUR/USD,2005-08-05 08:33:53.000,1.236400,1.236700,D
174201373,EUR/USD,2005-08-05 08:33:56.000,1.236500,1.236800,D
174201381,EUR/USD,2005-08-05 08:33:57.000,1.236600,1.236900,D
174201401,EUR/USD,2005-08-05 08:34:00.000,1.236700,1.237000,D
174201405,EUR/USD,2005-08-05 08:34:00.000,1.236800,1.237100,D
174201433,EUR/USD,2005-08-05 08:34:03.000,1.236900,1.237200,D
174201441,EUR/USD,2005-08-05 08:34:04.000,1.237000,1.237300,D
174201451,EUR/USD,2005-08-05 08:34:04.000,1.237100,1.237400,D
174201517,EUR/USD,2005-08-05 08:34:10.000,1.237200,1.237500,D
174201541,EUR/USD,2005-08-05 08:34:11.000,1.237100,1.237400,D
174201553,EUR/USD,2005-08-05 08:34:12.000,1.237000,1.237300,D
174201556,EUR/USD,2005-08-05 08:34:12.000,1.237200,1.237500,D
174201569,EUR/USD,2005-08-05 08:34:13.000,1.237000,1.237300,D
174201593,EUR/USD,2005-08-05 08:34:15.000,1.237100,1.237400,D
174201598,EUR/USD,2005-08-05 08:34:15.000,1.237000,1.237300,D
174201617,EUR/USD,2005-08-05 08:34:17.000,1.237100,1.237400,D
174201709,EUR/USD,2005-08-05 08:34:27.000,1.237000,1.237300,D
174201725,EUR/USD,2005-08-05 08:34:28.000,1.236900,1.237200,D
174201743,EUR/USD,2005-08-05 08:34:30.000,1.237000,1.237300,D
174201773,EUR/USD,2005-08-05 08:34:32.000,1.236900,1.237200,D
174201788,EUR/USD,2005-08-05 08:34:33.000,1.236800,1.237100,D
174201790,EUR/USD,2005-08-05 08:34:34.000,1.236900,1.237200,D
174201801,EUR/USD,2005-08-05 08:34:35.000,1.236800,1.237100,D
174201813,EUR/USD,2005-08-05 08:34:35.000,1.236700,1.237000,D
174201844,EUR/USD,2005-08-05 08:34:38.000,1.236600,1.236900,D
174201847,EUR/USD,2005-08-05 08:34:38.000,1.236500,1.236800,D
174201856,EUR/USD,2005-08-05 08:34:39.000,1.236400,1.236700,D
174201884,EUR/USD,2005-08-05 08:34:41.000,1.236300,1.236600,D
174201910,EUR/USD,2005-08-05 08:34:44.000,1.236400,1.236700,D
174201928,EUR/USD,2005-08-05 08:34:46.000,1.236500,1.236800,D
174201950,EUR/USD,2005-08-05 08:34:48.000,1.236600,1.236900,D
174201965,EUR/USD,2005-08-05 08:34:49.000,1.236700,1.237000,D
174201990,EUR/USD,2005-08-05 08:34:52.000,1.236800,1.237100,D
174202004,EUR/USD,2005-08-05 08:34:53.000,1.236900,1.237200,D
174202035,EUR/USD,2005-08-05 08:34:55.000,1.236800,1.237100,D
174202054,EUR/USD,2005-08-05 08:34:57.000,1.236700,1.237000,D
174202064,EUR/USD,2005-08-05 08:34:58.000,1.236600,1.236900,D
174202122,EUR/USD,2005-08-05 08:35:03.000,1.236500,1.236800,D
174202158,EUR/USD,2005-08-05 08:35:06.000,1.236600,1.236900,D
174202205,EUR/USD,2005-08-05 08:35:10.000,1.236700,1.237000,D
174202227,EUR/USD,2005-08-05 08:35:12.000,1.236800,1.237100,D
174202248,EUR/USD,2005-08-05 08:35:14.000,1.236900,1.237200,D
174202264,EUR/USD,2005-08-05 08:35:15.000,1.236800,1.237100,D
174202266,EUR/USD,2005-08-05 08:35:16.000,1.236900,1.237200,D
174202272,EUR/USD,2005-08-05 08:35:16.000,1.236800,1.237100,D
174202275,EUR/USD,2005-08-05 08:35:16.000,1.236900,1.237200,D
174202289,EUR/USD,2005-08-05 08:35:17.000,1.237000,1.237300,D
174202300,EUR/USD,2005-08-05 08:35:17.000,1.237100,1.237400,D
174202315,EUR/USD,2005-08-05 08:35:19.000,1.237200,1.237500,D
174202332,EUR/USD,2005-08-05 08:35:21.000,1.237100,1.237400,D
174202340,EUR/USD,2005-08-05 08:35:21.000,1.237000,1.237300,D
174202350,EUR/USD,2005-08-05 08:35:22.000,1.237100,1.237400,D
174202352,EUR/USD,2005-08-05 08:35:22.000,1.237200,1.237500,D
174202356,EUR/USD,2005-08-05 08:35:22.000,1.237100,1.237400,D
174202367,EUR/USD,2005-08-05 08:35:23.000,1.237000,1.237300,D
174202377,EUR/USD,2005-08-05 08:35:24.000,1.236900,1.237200,D
174202385,EUR/USD,2005-08-05 08:35:25.000,1.236800,1.237100,D
174202418,EUR/USD,2005-08-05 08:35:26.000,1.236700,1.237000,D
174202434,EUR/USD,2005-08-05 08:35:27.000,1.236600,1.236900,D
174202454,EUR/USD,2005-08-05 08:35:29.000,1.236500,1.236800,D
174202461,EUR/USD,2005-08-05 08:35:29.000,1.236600,1.236900,D
174202467,EUR/USD,2005-08-05 08:35:30.000,1.236500,1.236800,D
174202468,EUR/USD,2005-08-05 08:35:30.000,1.236600,1.236900,D
174202470,EUR/USD,2005-08-05 08:35:31.000,1.236700,1.237000,D
174202480,EUR/USD,2005-08-05 08:35:32.000,1.236600,1.236900,D
174202489,EUR/USD,2005-08-05 08:35:32.000,1.236700,1.237000,D
174202502,EUR/USD,2005-08-05 08:35:33.000,1.236800,1.237100,D
174202534,EUR/USD,2005-08-05 08:35:34.000,1.236900,1.237200,D
174202538,EUR/USD,2005-08-05 08:35:34.000,1.237000,1.237300,D
174202552,EUR/USD,2005-08-05 08:35:36.000,1.237100,1.237400,D
174202564,EUR/USD,2005-08-05 08:35:36.000,1.237000,1.237300,D
174202574,EUR/USD,2005-08-05 08:35:38.000,1.237100,1.237400,D
174202582,EUR/USD,2005-08-05 08:35:38.000,1.237000,1.237300,D
174202605,EUR/USD,2005-08-05 08:35:40.000,1.236900,1.237200,D
174202623,EUR/USD,2005-08-05 08:35:43.000,1.237000,1.237300,D
174202662,EUR/USD,2005-08-05 08:35:47.000,1.236900,1.237200,D
174202680,EUR/USD,2005-08-05 08:35:49.000,1.236800,1.237100,D
174202699,EUR/USD,2005-08-05 08:35:51.000,1.236700,1.237000,D
174202731,EUR/USD,2005-08-05 08:35:54.000,1.236600,1.236900,D
174202760,EUR/USD,2005-08-05 08:35:57.000,1.236400,1.236700,D
174202772,EUR/USD,2005-08-05 08:35:58.000,1.236300,1.236600,D
174202785,EUR/USD,2005-08-05 08:35:58.000,1.236200,1.236500,D
174202804,EUR/USD,2005-08-05 08:36:01.000,1.236100,1.236400,D
174202836,EUR/USD,2005-08-05 08:36:03.000,1.236000,1.236300,D
174202845,EUR/USD,2005-08-05 08:36:03.000,1.235900,1.236200,D
174202854,EUR/USD,2005-08-05 08:36:04.000,1.236000,1.236300,D
174202857,EUR/USD,2005-08-05 08:36:04.000,1.235900,1.236200,D
174202868,EUR/USD,2005-08-05 08:36:05.000,1.236000,1.236300,D
174202888,EUR/USD,2005-08-05 08:36:07.000,1.235900,1.236200,D
174202893,EUR/USD,2005-08-05 08:36:07.000,1.236000,1.236300,D
174202907,EUR/USD,2005-08-05 08:36:09.000,1.235900,1.236200,D
174202923,EUR/USD,2005-08-05 08:36:11.000,1.236000,1.236300,D
174202958,EUR/USD,2005-08-05 08:36:14.000,1.236100,1.236400,D
174202987,EUR/USD,2005-08-05 08:36:16.000,1.236200,1.236500,D
174203007,EUR/USD,2005-08-05 08:36:17.000,1.235900,1.236200,D
174203016,EUR/USD,2005-08-05 08:36:18.000,1.236000,1.236200,D
174203019,EUR/USD,2005-08-05 08:36:18.000,1.235900,1.236200,D
174203032,EUR/USD,2005-08-05 08:36:19.000,1.236000,1.236300,D
174203037,EUR/USD,2005-08-05 08:36:19.000,1.235900,1.236200,D
174203060,EUR/USD,2005-08-05 08:36:20.000,1.236000,1.236300,D
174203079,EUR/USD,2005-08-05 08:36:22.000,1.235900,1.236200,D
174203087,EUR/USD,2005-08-05 08:36:22.000,1.236000,1.236300,D
174203096,EUR/USD,2005-08-05 08:36:22.000,1.235900,1.236200,D
174203111,EUR/USD,2005-08-05 08:36:24.000,1.235800,1.236100,D
174203125,EUR/USD,2005-08-05 08:36:25.000,1.235700,1.236000,D
174203138,EUR/USD,2005-08-05 08:36:25.000,1.235600,1.235900,D
174203147,EUR/USD,2005-08-05 08:36:26.000,1.235500,1.235800,D
174203168,EUR/USD,2005-08-05 08:36:28.000,1.235400,1.235700,D
174203177,EUR/USD,2005-08-05 08:36:29.000,1.235300,1.235600,D
174203190,EUR/USD,2005-08-05 08:36:31.000,1.235200,1.235500,D
174203201,EUR/USD,2005-08-05 08:36:32.000,1.235100,1.235400,D
174203241,EUR/USD,2005-08-05 08:36:34.000,1.235000,1.235300,D
174203259,EUR/USD,2005-08-05 08:36:35.000,1.235100,1.235400,D
174203272,EUR/USD,2005-08-05 08:36:36.000,1.235200,1.235500,D
174203290,EUR/USD,2005-08-05 08:36:38.000,1.235300,1.235600,D
174203324,EUR/USD,2005-08-05 08:36:40.000,1.235400,1.235700,D
174203342,EUR/USD,2005-08-05 08:36:40.000,1.235300,1.235600,D
174203346,EUR/USD,2005-08-05 08:36:41.000,1.235400,1.235700,D
174203369,EUR/USD,2005-08-05 08:36:42.000,1.235300,1.235600,D
174203382,EUR/USD,2005-08-05 08:36:43.000,1.235200,1.235500,D
174203391,EUR/USD,2005-08-05 08:36:44.000,1.235100,1.235400,D
174203424,EUR/USD,2005-08-05 08:36:47.000,1.235000,1.235300,D
174203471,EUR/USD,2005-08-05 08:36:51.000,1.234900,1.235200,D
174203479,EUR/USD,2005-08-05 08:36:51.000,1.235000,1.235300,D
174203483,EUR/USD,2005-08-05 08:36:52.000,1.234800,1.235100,D
174203500,EUR/USD,2005-08-05 08:36:53.000,1.234700,1.235000,D
174203508,EUR/USD,2005-08-05 08:36:54.000,1.234600,1.234900,D
174203515,EUR/USD,2005-08-05 08:36:54.000,1.234500,1.234800,D
174203530,EUR/USD,2005-08-05 08:36:55.000,1.234400,1.234700,D
174203534,EUR/USD,2005-08-05 08:36:56.000,1.234500,1.234800,D
174203540,EUR/USD,2005-08-05 08:36:56.000,1.234300,1.234600,D
174203555,EUR/USD,2005-08-05 08:36:57.000,1.234200,1.234500,D
174203567,EUR/USD,2005-08-05 08:36:58.000,1.234100,1.234400,D
174203568,EUR/USD,2005-08-05 08:36:58.000,1.234300,1.234500,D
174203591,EUR/USD,2005-08-05 08:37:00.000,1.234300,1.234600,D
174203602,EUR/USD,2005-08-05 08:37:01.000,1.234200,1.234500,D
174203608,EUR/USD,2005-08-05 08:37:02.000,1.234300,1.234500,D
174203614,EUR/USD,2005-08-05 08:37:02.000,1.234200,1.234500,D
174203636,EUR/USD,2005-08-05 08:37:03.000,1.234100,1.234400,D
174203658,EUR/USD,2005-08-05 08:37:05.000,1.234200,1.234500,D
174203666,EUR/USD,2005-08-05 08:37:06.000,1.234100,1.234400,D
174203692,EUR/USD,2005-08-05 08:37:07.000,1.234000,1.234300,D
174203706,EUR/USD,2005-08-05 08:37:09.000,1.234100,1.234400,D
174203714,EUR/USD,2005-08-05 08:37:09.000,1.234000,1.234300,D
174203721,EUR/USD,2005-08-05 08:37:10.000,1.234100,1.234400,D
174203772,EUR/USD,2005-08-05 08:37:15.000,1.234000,1.234300,D
174203791,EUR/USD,2005-08-05 08:37:17.000,1.234100,1.234400,D
174203805,EUR/USD,2005-08-05 08:37:19.000,1.234000,1.234300,D
174203821,EUR/USD,2005-08-05 08:37:20.000,1.234100,1.234400,D
174203838,EUR/USD,2005-08-05 08:37:21.000,1.234200,1.234500,D
174203843,EUR/USD,2005-08-05 08:37:22.000,1.234100,1.234400,D
174203847,EUR/USD,2005-08-05 08:37:22.000,1.234200,1.234500,D
174203853,EUR/USD,2005-08-05 08:37:23.000,1.234100,1.234400,D
174203885,EUR/USD,2005-08-05 08:37:27.000,1.234200,1.234500,D
174203902,EUR/USD,2005-08-05 08:37:29.000,1.234300,1.234600,D
174203905,EUR/USD,2005-08-05 08:37:30.000,1.234200,1.234500,D
174203913,EUR/USD,2005-08-05 08:37:31.000,1.234300,1.234500,D
174203921,EUR/USD,2005-08-05 08:37:32.000,1.234300,1.234400,D
174203934,EUR/USD,2005-08-05 08:37:32.000,1.234400,1.234700,D
174203991,EUR/USD,2005-08-05 08:37:39.000,1.234500,1.234800,D
174203996,EUR/USD,2005-08-05 08:37:40.000,1.234400,1.234700,D
174204015,EUR/USD,2005-08-05 08:37:41.000,1.234500,1.234800,D
174204021,EUR/USD,2005-08-05 08:37:41.000,1.234600,1.234900,D
174204028,EUR/USD,2005-08-05 08:37:42.000,1.234500,1.234800,D
174204037,EUR/USD,2005-08-05 08:37:43.000,1.234400,1.234700,D
174204062,EUR/USD,2005-08-05 08:37:45.000,1.234500,1.234800,D
174204069,EUR/USD,2005-08-05 08:37:46.000,1.234400,1.234700,D
174204078,EUR/USD,2005-08-05 08:37:47.000,1.234300,1.234600,D
174204096,EUR/USD,2005-08-05 08:37:50.000,1.234200,1.234500,D
174204111,EUR/USD,2005-08-05 08:37:51.000,1.234100,1.234400,D
174204135,EUR/USD,2005-08-05 08:37:54.000,1.234000,1.234300,D
174204181,EUR/USD,2005-08-05 08:37:58.000,1.233900,1.234200,D
174204190,EUR/USD,2005-08-05 08:37:58.000,1.233900,1.234100,D
174204193,EUR/USD,2005-08-05 08:37:58.000,1.233900,1.234000,D
174204196,EUR/USD,2005-08-05 08:37:59.000,1.233800,1.234000,D
174204199,EUR/USD,2005-08-05 08:37:59.000,1.233600,1.233900,D
174204201,EUR/USD,2005-08-05 08:37:59.000,1.233700,1.234000,D
174204263,EUR/USD,2005-08-05 08:38:04.000,1.233800,1.234100,D
174204264,EUR/USD,2005-08-05 08:38:04.000,1.233700,1.234000,D
174204278,EUR/USD,2005-08-05 08:38:05.000,1.233800,1.234100,D
174204284,EUR/USD,2005-08-05 08:38:05.000,1.233700,1.234000,D
174204300,EUR/USD,2005-08-05 08:38:06.000,1.233600,1.233900,D
174204315,EUR/USD,2005-08-05 08:38:07.000,1.233500,1.233800,D
174204349,EUR/USD,2005-08-05 08:38:12.000,1.233600,1.233900,D
174204365,EUR/USD,2005-08-05 08:38:13.000,1.233700,1.234000,D
174204377,EUR/USD,2005-08-05 08:38:15.000,1.233800,1.234100,D
174204389,EUR/USD,2005-08-05 08:38:15.000,1.233900,1.234200,D
174204399,EUR/USD,2005-08-05 08:38:16.000,1.234000,1.234300,D
174204415,EUR/USD,2005-08-05 08:38:17.000,1.234100,1.234400,D
174204430,EUR/USD,2005-08-05 08:38:19.000,1.234000,1.234300,D
174204454,EUR/USD,2005-08-05 08:38:22.000,1.234100,1.234400,D
174204515,EUR/USD,2005-08-05 08:38:29.000,1.234000,1.234300,D
174204529,EUR/USD,2005-08-05 08:38:33.000,1.234100,1.234400,D
174204548,EUR/USD,2005-08-05 08:38:35.000,1.234200,1.234500,D
174204581,EUR/USD,2005-08-05 08:38:38.000,1.234300,1.234600,D
174204590,EUR/USD,2005-08-05 08:38:39.000,1.234400,1.234700,D
174204622,EUR/USD,2005-08-05 08:38:42.000,1.234300,1.234600,D
174204639,EUR/USD,2005-08-05 08:38:44.000,1.234200,1.234500,D
174204657,EUR/USD,2005-08-05 08:38:46.000,1.234300,1.234600,D
174204662,EUR/USD,2005-08-05 08:38:47.000,1.234200,1.234500,D
174204666,EUR/USD,2005-08-05 08:38:47.000,1.234100,1.234400,D
174204696,EUR/USD,2005-08-05 08:38:49.000,1.234000,1.234300,D
174204700,EUR/USD,2005-08-05 08:38:49.000,1.233900,1.234200,D
174204705,EUR/USD,2005-08-05 08:38:49.000,1.234000,1.234300,D
174204711,EUR/USD,2005-08-05 08:38:50.000,1.233900,1.234200,D
174204714,EUR/USD,2005-08-05 08:38:50.000,1.233800,1.234100,D
174204748,EUR/USD,2005-08-05 08:38:52.000,1.233900,1.234200,D
174204777,EUR/USD,2005-08-05 08:38:55.000,1.234000,1.234300,D
174204792,EUR/USD,2005-08-05 08:38:57.000,1.234100,1.234400,D
174204812,EUR/USD,2005-08-05 08:38:59.000,1.234200,1.234500,D
174204845,EUR/USD,2005-08-05 08:39:01.000,1.234400,1.234700,D
174204858,EUR/USD,2005-08-05 08:39:02.000,1.234300,1.234600,D
174204877,EUR/USD,2005-08-05 08:39:04.000,1.234400,1.234700,D
174204886,EUR/USD,2005-08-05 08:39:05.000,1.234300,1.234600,D
174204908,EUR/USD,2005-08-05 08:39:09.000,1.234400,1.234700,D
174204932,EUR/USD,2005-08-05 08:39:13.000,1.234500,1.234800,D
174204980,EUR/USD,2005-08-05 08:39:18.000,1.234600,1.234900,D
174204989,EUR/USD,2005-08-05 08:39:20.000,1.234500,1.234800,D
174205026,EUR/USD,2005-08-05 08:39:23.000,1.234600,1.234900,D
174205040,EUR/USD,2005-08-05 08:39:26.000,1.234500,1.234800,D
174205068,EUR/USD,2005-08-05 08:39:28.000,1.234400,1.234700,D
174205095,EUR/USD,2005-08-05 08:39:31.000,1.234300,1.234600,D
174205101,EUR/USD,2005-08-05 08:39:31.000,1.234400,1.234700,D
174205120,EUR/USD,2005-08-05 08:39:32.000,1.234300,1.234600,D
174205128,EUR/USD,2005-08-05 08:39:33.000,1.234200,1.234500,D
174205133,EUR/USD,2005-08-05 08:39:34.000,1.234300,1.234600,D
174205166,EUR/USD,2005-08-05 08:39:37.000,1.234400,1.234700,D
174205170,EUR/USD,2005-08-05 08:39:38.000,1.234500,1.234800,D
174205186,EUR/USD,2005-08-05 08:39:40.000,1.234600,1.234900,D
174205208,EUR/USD,2005-08-05 08:39:42.000,1.234700,1.235000,D
174205223,EUR/USD,2005-08-05 08:39:43.000,1.234600,1.234900,D
174205242,EUR/USD,2005-08-05 08:39:46.000,1.234500,1.234800,D
174205262,EUR/USD,2005-08-05 08:39:49.000,1.234400,1.234700,D
174205286,EUR/USD,2005-08-05 08:39:52.000,1.234500,1.234800,D
174205290,EUR/USD,2005-08-05 08:39:53.000,1.234400,1.234700,D
174205292,EUR/USD,2005-08-05 08:39:53.000,1.234300,1.234600,D
174205330,EUR/USD,2005-08-05 08:40:00.000,1.234400,1.234700,D
174205344,EUR/USD,2005-08-05 08:40:03.000,1.234500,1.234800,D
174205376,EUR/USD,2005-08-05 08:40:07.000,1.234600,1.234900,D
174205390,EUR/USD,2005-08-05 08:40:09.000,1.234700,1.235000,D
174205427,EUR/USD,2005-08-05 08:40:13.000,1.234600,1.234900,D
174205433,EUR/USD,2005-08-05 08:40:13.000,1.234700,1.235000,D
174205450,EUR/USD,2005-08-05 08:40:14.000,1.234600,1.234900,D
174205461,EUR/USD,2005-08-05 08:40:15.000,1.234700,1.235000,D
174205467,EUR/USD,2005-08-05 08:40:15.000,1.234600,1.234900,D
174205509,EUR/USD,2005-08-05 08:40:19.000,1.234500,1.234800,D
174205515,EUR/USD,2005-08-05 08:40:19.000,1.234400,1.234700,D
174205525,EUR/USD,2005-08-05 08:40:20.000,1.234500,1.234800,D
174205536,EUR/USD,2005-08-05 08:40:21.000,1.234600,1.234900,D
174205593,EUR/USD,2005-08-05 08:40:27.000,1.234700,1.235000,D
174205611,EUR/USD,2005-08-05 08:40:31.000,1.234600,1.234900,D
174205623,EUR/USD,2005-08-05 08:40:33.000,1.234700,1.235000,D
174205640,EUR/USD,2005-08-05 08:40:34.000,1.234600,1.234900,D
174205648,EUR/USD,2005-08-05 08:40:35.000,1.234700,1.235000,D
174205659,EUR/USD,2005-08-05 08:40:37.000,1.234800,1.235100,D
174205672,EUR/USD,2005-08-05 08:40:40.000,1.234900,1.235200,D
174205689,EUR/USD,2005-08-05 08:40:42.000,1.235000,1.235300,D
174205696,EUR/USD,2005-08-05 08:40:43.000,1.235100,1.235400,D
174205710,EUR/USD,2005-08-05 08:40:44.000,1.235200,1.235500,D
174205730,EUR/USD,2005-08-05 08:40:46.000,1.235300,1.235600,D
174205734,EUR/USD,2005-08-05 08:40:46.000,1.235500,1.235800,D
174205742,EUR/USD,2005-08-05 08:40:47.000,1.235400,1.235700,D
174205747,EUR/USD,2005-08-05 08:40:47.000,1.235600,1.235900,D
174205763,EUR/USD,2005-08-05 08:40:48.000,1.235500,1.235800,D
174205775,EUR/USD,2005-08-05 08:40:49.000,1.235600,1.235900,D
174205786,EUR/USD,2005-08-05 08:40:49.000,1.235500,1.235800,D
174205790,EUR/USD,2005-08-05 08:40:49.000,1.235400,1.235700,D
174205797,EUR/USD,2005-08-05 08:40:50.000,1.235500,1.235800,D
174205833,EUR/USD,2005-08-05 08:40:53.000,1.235600,1.235900,D
174205838,EUR/USD,2005-08-05 08:40:53.000,1.235700,1.236000,D
174205853,EUR/USD,2005-08-05 08:40:54.000,1.235600,1.235900,D
174205859,EUR/USD,2005-08-05 08:40:55.000,1.235500,1.235800,D
174205865,EUR/USD,2005-08-05 08:40:56.000,1.235600,1.235900,D
174205873,EUR/USD,2005-08-05 08:40:57.000,1.235500,1.235800,D
174205885,EUR/USD,2005-08-05 08:40:58.000,1.235400,1.235700,D
174205924,EUR/USD,2005-08-05 08:41:02.000,1.235500,1.235800,D
174205934,EUR/USD,2005-08-05 08:41:03.000,1.235600,1.235900,D
174205949,EUR/USD,2005-08-05 08:41:05.000,1.235700,1.236000,D
174205963,EUR/USD,2005-08-05 08:41:07.000,1.235800,1.236100,D
174205979,EUR/USD,2005-08-05 08:41:09.000,1.235900,1.236200,D
174206000,EUR/USD,2005-08-05 08:41:11.000,1.236000,1.236300,D
174206006,EUR/USD,2005-08-05 08:41:12.000,1.235900,1.236200,D
174206022,EUR/USD,2005-08-05 08:41:14.000,1.236000,1.236300,D
174206039,EUR/USD,2005-08-05 08:41:14.000,1.235900,1.236200,D
174206047,EUR/USD,2005-08-05 08:41:15.000,1.235800,1.236100,D
174206052,EUR/USD,2005-08-05 08:41:15.000,1.235900,1.236200,D
174206088,EUR/USD,2005-08-05 08:41:18.000,1.235800,1.236100,D
174206102,EUR/USD,2005-08-05 08:41:21.000,1.235900,1.236200,D
174206187,EUR/USD,2005-08-05 08:41:30.000,1.235800,1.236100,D
174206200,EUR/USD,2005-08-05 08:41:33.000,1.235900,1.236200,D
174206215,EUR/USD,2005-08-05 08:41:36.000,1.236000,1.236300,D
174206264,EUR/USD,2005-08-05 08:41:41.000,1.236100,1.236400,D
174206284,EUR/USD,2005-08-05 08:41:43.000,1.236200,1.236500,D
174206306,EUR/USD,2005-08-05 08:41:45.000,1.236300,1.236600,D
174206324,EUR/USD,2005-08-05 08:41:48.000,1.236400,1.236700,D
174206326,EUR/USD,2005-08-05 08:41:48.000,1.236500,1.236800,D
174206331,EUR/USD,2005-08-05 08:41:49.000,1.236400,1.236700,D
174206339,EUR/USD,2005-08-05 08:41:49.000,1.236500,1.236800,D
174206383,EUR/USD,2005-08-05 08:41:54.000,1.236400,1.236700,D
174206389,EUR/USD,2005-08-05 08:41:56.000,1.236300,1.236600,D
174206393,EUR/USD,2005-08-05 08:41:56.000,1.236400,1.236700,D
174206395,EUR/USD,2005-08-05 08:41:56.000,1.236300,1.236600,D
174206403,EUR/USD,2005-08-05 08:41:58.000,1.236200,1.236500,D
174206449,EUR/USD,2005-08-05 08:42:04.000,1.236100,1.236400,D
174206463,EUR/USD,2005-08-05 08:42:06.000,1.236200,1.236500,D
174206473,EUR/USD,2005-08-05 08:42:06.000,1.236100,1.236400,D
174206510,EUR/USD,2005-08-05 08:42:09.000,1.236000,1.236300,D
174206527,EUR/USD,2005-08-05 08:42:11.000,1.235900,1.236200,D
174206560,EUR/USD,2005-08-05 08:42:14.000,1.235800,1.236100,D
174206582,EUR/USD,2005-08-05 08:42:16.000,1.235700,1.236000,D
174206605,EUR/USD,2005-08-05 08:42:18.000,1.235800,1.236100,D
174206610,EUR/USD,2005-08-05 08:42:18.000,1.235700,1.236000,D
174206629,EUR/USD,2005-08-05 08:42:20.000,1.235800,1.236100,D
174206634,EUR/USD,2005-08-05 08:42:20.000,1.235700,1.236000,D
174206669,EUR/USD,2005-08-05 08:42:23.000,1.235800,1.236100,D
174206679,EUR/USD,2005-08-05 08:42:25.000,1.235700,1.236000,D
174206722,EUR/USD,2005-08-05 08:42:31.000,1.235600,1.235900,D
174206755,EUR/USD,2005-08-05 08:42:36.000,1.235500,1.235800,D
174206776,EUR/USD,2005-08-05 08:42:39.000,1.235400,1.235700,D
174206802,EUR/USD,2005-08-05 08:42:41.000,1.235500,1.235800,D
174206812,EUR/USD,2005-08-05 08:42:42.000,1.235300,1.235600,D
174206829,EUR/USD,2005-08-05 08:42:44.000,1.235200,1.235500,D
174206858,EUR/USD,2005-08-05 08:42:46.000,1.235300,1.235600,D
174206863,EUR/USD,2005-08-05 08:42:46.000,1.235200,1.235500,D
174206869,EUR/USD,2005-08-05 08:42:47.000,1.235300,1.235600,D
174206883,EUR/USD,2005-08-05 08:42:49.000,1.235200,1.235500,D
174206923,EUR/USD,2005-08-05 08:42:54.000,1.235100,1.235400,D
174206941,EUR/USD,2005-08-05 08:42:56.000,1.235200,1.235500,D
174206959,EUR/USD,2005-08-05 08:42:58.000,1.235300,1.235600,D
174206977,EUR/USD,2005-08-05 08:43:00.000,1.235400,1.235700,D
174207015,EUR/USD,2005-08-05 08:43:04.000,1.235300,1.235600,D
174207032,EUR/USD,2005-08-05 08:43:07.000,1.235200,1.235500,D
174207049,EUR/USD,2005-08-05 08:43:09.000,1.235100,1.235400,D
174207081,EUR/USD,2005-08-05 08:43:12.000,1.235000,1.235300,D
174207098,EUR/USD,2005-08-05 08:43:14.000,1.234900,1.235200,D
174207112,EUR/USD,2005-08-05 08:43:15.000,1.234800,1.235100,D
174207129,EUR/USD,2005-08-05 08:43:17.000,1.234700,1.235000,D
174207147,EUR/USD,2005-08-05 08:43:18.000,1.234800,1.235100,D
174207170,EUR/USD,2005-08-05 08:43:21.000,1.234900,1.235200,D
174207186,EUR/USD,2005-08-05 08:43:22.000,1.234800,1.235100,D
174207194,EUR/USD,2005-08-05 08:43:22.000,1.234900,1.235200,D
174207226,EUR/USD,2005-08-05 08:43:26.000,1.234800,1.235100,D
174207239,EUR/USD,2005-08-05 08:43:27.000,1.234900,1.235200,D
174207262,EUR/USD,2005-08-05 08:43:30.000,1.235000,1.235300,D
174207265,EUR/USD,2005-08-05 08:43:30.000,1.234900,1.235200,D
174207267,EUR/USD,2005-08-05 08:43:30.000,1.235000,1.235300,D
174207275,EUR/USD,2005-08-05 08:43:31.000,1.234900,1.235200,D
174207284,EUR/USD,2005-08-05 08:43:33.000,1.234800,1.235100,D
174207304,EUR/USD,2005-08-05 08:43:34.000,1.234900,1.235200,D
174207314,EUR/USD,2005-08-05 08:43:35.000,1.234800,1.235100,D
174207329,EUR/USD,2005-08-05 08:43:37.000,1.234900,1.235200,D
174207332,EUR/USD,2005-08-05 08:43:38.000,1.234800,1.235100,D
174207348,EUR/USD,2005-08-05 08:43:40.000,1.234700,1.235000,D
174207351,EUR/USD,2005-08-05 08:43:41.000,1.234800,1.235100,D
174207446,EUR/USD,2005-08-05 08:43:55.000,1.234900,1.235200,D
174207462,EUR/USD,2005-08-05 08:43:57.000,1.234800,1.235100,D
174207477,EUR/USD,2005-08-05 08:43:59.000,1.234700,1.235000,D
174207491,EUR/USD,2005-08-05 08:44:00.000,1.234800,1.235100,D
174207514,EUR/USD,2005-08-05 08:44:02.000,1.234900,1.235200,D
174207517,EUR/USD,2005-08-05 08:44:03.000,1.234800,1.235100,D
174207518,EUR/USD,2005-08-05 08:44:03.000,1.234900,1.235200,D
174207532,EUR/USD,2005-08-05 08:44:05.000,1.235000,1.235300,D
174207565,EUR/USD,2005-08-05 08:44:09.000,1.234900,1.235200,D
174207569,EUR/USD,2005-08-05 08:44:09.000,1.235000,1.235300,D
174207573,EUR/USD,2005-08-05 08:44:10.000,1.234900,1.235200,D
174207583,EUR/USD,2005-08-05 08:44:11.000,1.235000,1.235300,D
174207591,EUR/USD,2005-08-05 08:44:13.000,1.235100,1.235400,D
174207605,EUR/USD,2005-08-05 08:44:15.000,1.235200,1.235500,D
174207614,EUR/USD,2005-08-05 08:44:16.000,1.235300,1.235600,D
174207629,EUR/USD,2005-08-05 08:44:18.000,1.235200,1.235500,D
174207656,EUR/USD,2005-08-05 08:44:20.000,1.235100,1.235400,D
174207689,EUR/USD,2005-08-05 08:44:24.000,1.235200,1.235500,D
174207699,EUR/USD,2005-08-05 08:44:25.000,1.235100,1.235400,D
174207703,EUR/USD,2005-08-05 08:44:26.000,1.235200,1.235500,D
174207715,EUR/USD,2005-08-05 08:44:27.000,1.235100,1.235400,D
174207722,EUR/USD,2005-08-05 08:44:28.000,1.235000,1.235300,D
174207744,EUR/USD,2005-08-05 08:44:31.000,1.235100,1.235400,D
174207759,EUR/USD,2005-08-05 08:44:34.000,1.235200,1.235500,D
174207766,EUR/USD,2005-08-05 08:44:35.000,1.235300,1.235600,D
174207799,EUR/USD,2005-08-05 08:44:38.000,1.235200,1.235500,D
174207813,EUR/USD,2005-08-05 08:44:40.000,1.235100,1.235400,D
174207831,EUR/USD,2005-08-05 08:44:42.000,1.235000,1.235300,D
174207851,EUR/USD,2005-08-05 08:44:44.000,1.234900,1.235200,D
174207861,EUR/USD,2005-08-05 08:44:45.000,1.234800,1.235100,D
174207882,EUR/USD,2005-08-05 08:44:48.000,1.234700,1.235000,D
174207912,EUR/USD,2005-08-05 08:44:51.000,1.234800,1.235100,D
174207920,EUR/USD,2005-08-05 08:44:52.000,1.234700,1.235000,D
174207923,EUR/USD,2005-08-05 08:44:53.000,1.234800,1.235100,D
174207931,EUR/USD,2005-08-05 08:44:54.000,1.234700,1.235000,D
174207938,EUR/USD,2005-08-05 08:44:56.000,1.234800,1.235100,D
174207944,EUR/USD,2005-08-05 08:44:57.000,1.234700,1.235000,D
174207950,EUR/USD,2005-08-05 08:44:58.000,1.234600,1.234900,D
174207961,EUR/USD,2005-08-05 08:44:59.000,1.234500,1.234800,D
174207985,EUR/USD,2005-08-05 08:45:01.000,1.234400,1.234700,D
174207995,EUR/USD,2005-08-05 08:45:02.000,1.234300,1.234600,D
174208036,EUR/USD,2005-08-05 08:45:06.000,1.234200,1.234500,D
174208088,EUR/USD,2005-08-05 08:45:11.000,1.234100,1.234400,D
174208092,EUR/USD,2005-08-05 08:45:12.000,1.234200,1.234500,D
174208100,EUR/USD,2005-08-05 08:45:13.000,1.234100,1.234400,D
174208103,EUR/USD,2005-08-05 08:45:13.000,1.234200,1.234500,D
174208124,EUR/USD,2005-08-05 08:45:16.000,1.234300,1.234600,D
174208142,EUR/USD,2005-08-05 08:45:18.000,1.234400,1.234700,D
174208153,EUR/USD,2005-08-05 08:45:20.000,1.234500,1.234800,D
174208162,EUR/USD,2005-08-05 08:45:21.000,1.234400,1.234700,D
174208168,EUR/USD,2005-08-05 08:45:21.000,1.234300,1.234600,D
174208196,EUR/USD,2005-08-05 08:45:24.000,1.234200,1.234500,D
174208251,EUR/USD,2005-08-05 08:45:31.000,1.234300,1.234600,D
174208281,EUR/USD,2005-08-05 08:45:35.000,1.234200,1.234500,D
174208293,EUR/USD,2005-08-05 08:45:37.000,1.234300,1.234600,D
174208325,EUR/USD,2005-08-05 08:45:43.000,1.234400,1.234700,D
174208346,EUR/USD,2005-08-05 08:45:45.000,1.234500,1.234800,D
174208356,EUR/USD,2005-08-05 08:45:47.000,1.234600,1.234900,D
174208391,EUR/USD,2005-08-05 08:45:53.000,1.234500,1.234800,D
174208393,EUR/USD,2005-08-05 08:45:54.000,1.234600,1.234900,D
174208401,EUR/USD,2005-08-05 08:45:56.000,1.234500,1.234800,D
174208424,EUR/USD,2005-08-05 08:46:01.000,1.234400,1.234700,D
174208426,EUR/USD,2005-08-05 08:46:02.000,1.234500,1.234800,D
174208438,EUR/USD,2005-08-05 08:46:03.000,1.234400,1.234700,D
174208453,EUR/USD,2005-08-05 08:46:05.000,1.234300,1.234600,D
174208521,EUR/USD,2005-08-05 08:46:17.000,1.234400,1.234700,D
174208526,EUR/USD,2005-08-05 08:46:18.000,1.234500,1.234800,D
174208578,EUR/USD,2005-08-05 08:46:23.000,1.234400,1.234700,D
174208585,EUR/USD,2005-08-05 08:46:23.000,1.234300,1.234600,D
174208604,EUR/USD,2005-08-05 08:46:26.000,1.234400,1.234700,D
174208607,EUR/USD,2005-08-05 08:46:27.000,1.234300,1.234600,D
174208613,EUR/USD,2005-08-05 08:46:28.000,1.234200,1.234500,D
174208624,EUR/USD,2005-08-05 08:46:30.000,1.234100,1.234400,D
174208653,EUR/USD,2005-08-05 08:46:35.000,1.234000,1.234300,D
174208662,EUR/USD,2005-08-05 08:46:37.000,1.233900,1.234200,D
174208673,EUR/USD,2005-08-05 08:46:38.000,1.233800,1.234100,D
174208690,EUR/USD,2005-08-05 08:46:39.000,1.233700,1.234000,D
174208709,EUR/USD,2005-08-05 08:46:41.000,1.233800,1.234100,D
174208711,EUR/USD,2005-08-05 08:46:41.000,1.233700,1.234000,D
174208775,EUR/USD,2005-08-05 08:46:47.000,1.233800,1.234100,D
174208808,EUR/USD,2005-08-05 08:46:50.000,1.233900,1.234200,D
174208834,EUR/USD,2005-08-05 08:46:53.000,1.234000,1.234300,D
174208853,EUR/USD,2005-08-05 08:46:55.000,1.234100,1.234400,D
174208872,EUR/USD,2005-08-05 08:46:56.000,1.234200,1.234500,D
174208884,EUR/USD,2005-08-05 08:46:57.000,1.234100,1.234400,D
174208912,EUR/USD,2005-08-05 08:47:01.000,1.234000,1.234300,D
174208925,EUR/USD,2005-08-05 08:47:02.000,1.233900,1.234200,D
174208933,EUR/USD,2005-08-05 08:47:03.000,1.234000,1.234300,D
174209004,EUR/USD,2005-08-05 08:47:17.000,1.233900,1.234200,D
174209032,EUR/USD,2005-08-05 08:47:21.000,1.233800,1.234100,D
174209046,EUR/USD,2005-08-05 08:47:22.000,1.233900,1.234200,D
174209064,EUR/USD,2005-08-05 08:47:24.000,1.233800,1.234100,D
174209094,EUR/USD,2005-08-05 08:47:26.000,1.233900,1.234200,D
174209126,EUR/USD,2005-08-05 08:47:28.000,1.234000,1.234300,D
174209147,EUR/USD,2005-08-05 08:47:30.000,1.234100,1.234400,D
174209165,EUR/USD,2005-08-05 08:47:32.000,1.234200,1.234500,D
174209182,EUR/USD,2005-08-05 08:47:34.000,1.234100,1.234400,D
174209201,EUR/USD,2005-08-05 08:47:36.000,1.234200,1.234500,D
174209225,EUR/USD,2005-08-05 08:47:45.000,1.234300,1.234600,D
174209255,EUR/USD,2005-08-05 08:47:50.000,1.234200,1.234500,D
174209281,EUR/USD,2005-08-05 08:47:52.000,1.234100,1.234400,D
174209300,EUR/USD,2005-08-05 08:47:57.000,1.234000,1.234300,D
174209317,EUR/USD,2005-08-05 08:47:58.000,1.234100,1.234400,D
174209341,EUR/USD,2005-08-05 08:48:01.000,1.234000,1.234300,D
174209357,EUR/USD,2005-08-05 08:48:03.000,1.233900,1.234200,D
174209409,EUR/USD,2005-08-05 08:48:09.000,1.234000,1.234300,D
174209419,EUR/USD,2005-08-05 08:48:10.000,1.234100,1.234400,D
174209427,EUR/USD,2005-08-05 08:48:11.000,1.234200,1.234500,D
174209440,EUR/USD,2005-08-05 08:48:13.000,1.234300,1.234600,D
174209457,EUR/USD,2005-08-05 08:48:15.000,1.234200,1.234500,D
174209491,EUR/USD,2005-08-05 08:48:21.000,1.234100,1.234400,D
174209537,EUR/USD,2005-08-05 08:48:32.000,1.234200,1.234500,D
174209549,EUR/USD,2005-08-05 08:48:34.000,1.234300,1.234600,D
174209569,EUR/USD,2005-08-05 08:48:36.000,1.234400,1.234700,D
174209583,EUR/USD,2005-08-05 08:48:39.000,1.234500,1.234800,D
174209607,EUR/USD,2005-08-05 08:48:44.000,1.234400,1.234700,D
174209613,EUR/USD,2005-08-05 08:48:44.000,1.234500,1.234800,D
174209636,EUR/USD,2005-08-05 08:48:47.000,1.234400,1.234700,D
174209674,EUR/USD,2005-08-05 08:48:55.000,1.234300,1.234600,D
174209687,EUR/USD,2005-08-05 08:48:58.000,1.234400,1.234700,D
174209727,EUR/USD,2005-08-05 08:49:04.000,1.234300,1.234600,D
174209730,EUR/USD,2005-08-05 08:49:04.000,1.234400,1.234700,D
174209742,EUR/USD,2005-08-05 08:49:06.000,1.234300,1.234600,D
174209750,EUR/USD,2005-08-05 08:49:09.000,1.234400,1.234700,D
174209790,EUR/USD,2005-08-05 08:49:13.000,1.234300,1.234600,D
174209796,EUR/USD,2005-08-05 08:49:14.000,1.234200,1.234500,D
174209821,EUR/USD,2005-08-05 08:49:17.000,1.234100,1.234400,D
174209842,EUR/USD,2005-08-05 08:49:20.000,1.234200,1.234500,D
174209854,EUR/USD,2005-08-05 08:49:20.000,1.234100,1.234400,D
174209866,EUR/USD,2005-08-05 08:49:22.000,1.234100,1.234300,D
174209876,EUR/USD,2005-08-05 08:49:23.000,1.234200,1.234500,D
174209882,EUR/USD,2005-08-05 08:49:23.000,1.234300,1.234600,D
174209889,EUR/USD,2005-08-05 08:49:24.000,1.234400,1.234700,D
174209902,EUR/USD,2005-08-05 08:49:25.000,1.234500,1.234800,D
174209916,EUR/USD,2005-08-05 08:49:26.000,1.234400,1.234700,D
174209921,EUR/USD,2005-08-05 08:49:26.000,1.234300,1.234600,D
174209943,EUR/USD,2005-08-05 08:49:29.000,1.234400,1.234700,D
174209951,EUR/USD,2005-08-05 08:49:29.000,1.234300,1.234600,D
174209955,EUR/USD,2005-08-05 08:49:30.000,1.234400,1.234700,D
174209961,EUR/USD,2005-08-05 08:49:31.000,1.234500,1.234800,D
174209964,EUR/USD,2005-08-05 08:49:31.000,1.234400,1.234700,D
174209976,EUR/USD,2005-08-05 08:49:32.000,1.234500,1.234800,D
174209984,EUR/USD,2005-08-05 08:49:33.000,1.234600,1.234900,D
174210025,EUR/USD,2005-08-05 08:49:37.000,1.234500,1.234800,D
174210039,EUR/USD,2005-08-05 08:49:39.000,1.234600,1.234900,D
174210068,EUR/USD,2005-08-05 08:49:44.000,1.234700,1.235000,D
174210098,EUR/USD,2005-08-05 08:49:47.000,1.234800,1.235100,D
174210126,EUR/USD,2005-08-05 08:49:50.000,1.234900,1.235200,D
174210130,EUR/USD,2005-08-05 08:49:50.000,1.235000,1.235300,D
174210153,EUR/USD,2005-08-05 08:49:53.000,1.235100,1.235400,D
174210168,EUR/USD,2005-08-05 08:49:55.000,1.235000,1.235300,D
174210208,EUR/USD,2005-08-05 08:49:59.000,1.234900,1.235200,D
174210220,EUR/USD,2005-08-05 08:50:00.000,1.234800,1.235100,D
174210223,EUR/USD,2005-08-05 08:50:01.000,1.234900,1.235200,D
174210230,EUR/USD,2005-08-05 08:50:01.000,1.234800,1.235100,D
174210238,EUR/USD,2005-08-05 08:50:02.000,1.234900,1.235200,D
174210244,EUR/USD,2005-08-05 08:50:03.000,1.234800,1.235100,D
174210280,EUR/USD,2005-08-05 08:50:08.000,1.234900,1.235200,D
174210291,EUR/USD,2005-08-05 08:50:10.000,1.234800,1.235100,D
174210324,EUR/USD,2005-08-05 08:50:15.000,1.234700,1.235000,D
174210338,EUR/USD,2005-08-05 08:50:17.000,1.234800,1.235100,D
174210351,EUR/USD,2005-08-05 08:50:19.000,1.234700,1.235000,D
174210357,EUR/USD,2005-08-05 08:50:20.000,1.234800,1.235100,D
174210367,EUR/USD,2005-08-05 08:50:22.000,1.234700,1.235000,D
174210379,EUR/USD,2005-08-05 08:50:23.000,1.234600,1.234900,D
174210389,EUR/USD,2005-08-05 08:50:25.000,1.234700,1.235000,D
174210397,EUR/USD,2005-08-05 08:50:26.000,1.234600,1.234900,D
174210413,EUR/USD,2005-08-05 08:50:30.000,1.234500,1.234800,D
174210417,EUR/USD,2005-08-05 08:50:31.000,1.234400,1.234700,D
174210420,EUR/USD,2005-08-05 08:50:31.000,1.234500,1.234800,D
174210439,EUR/USD,2005-08-05 08:50:34.000,1.234600,1.234900,D
174210449,EUR/USD,2005-08-05 08:50:38.000,1.234700,1.235000,D
174210463,EUR/USD,2005-08-05 08:50:39.000,1.234600,1.234900,D
174210476,EUR/USD,2005-08-05 08:50:41.000,1.234700,1.235000,D
174210484,EUR/USD,2005-08-05 08:50:42.000,1.234600,1.234900,D
174210486,EUR/USD,2005-08-05 08:50:43.000,1.234700,1.235000,D
174210488,EUR/USD,2005-08-05 08:50:43.000,1.234800,1.235100,D
174210509,EUR/USD,2005-08-05 08:50:46.000,1.234900,1.235200,D
174210532,EUR/USD,2005-08-05 08:50:49.000,1.235000,1.235300,D
174210547,EUR/USD,2005-08-05 08:50:51.000,1.235100,1.235400,D
174210579,EUR/USD,2005-08-05 08:50:56.000,1.235000,1.235300,D
174210593,EUR/USD,2005-08-05 08:50:58.000,1.234900,1.235200,D
174210600,EUR/USD,2005-08-05 08:50:59.000,1.235000,1.235300,D
174210607,EUR/USD,2005-08-05 08:50:59.000,1.234900,1.235200,D
174210609,EUR/USD,2005-08-05 08:50:59.000,1.235000,1.235300,D
174210635,EUR/USD,2005-08-05 08:51:03.000,1.235100,1.235400,D
174210652,EUR/USD,2005-08-05 08:51:05.000,1.235200,1.235500,D
174210707,EUR/USD,2005-08-05 08:51:11.000,1.235300,1.235600,D
174210715,EUR/USD,2005-08-05 08:51:11.000,1.235200,1.235500,D
174210732,EUR/USD,2005-08-05 08:51:15.000,1.235300,1.235600,D
174210733,EUR/USD,2005-08-05 08:51:15.000,1.235200,1.235500,D
174210734,EUR/USD,2005-08-05 08:51:16.000,1.235300,1.235600,D
174210752,EUR/USD,2005-08-05 08:51:19.000,1.235400,1.235700,D
174210754,EUR/USD,2005-08-05 08:51:19.000,1.235300,1.235600,D
174210774,EUR/USD,2005-08-05 08:51:24.000,1.235200,1.235500,D
174210795,EUR/USD,2005-08-05 08:51:27.000,1.235100,1.235400,D
174210827,EUR/USD,2005-08-05 08:51:30.000,1.235000,1.235300,D
174210830,EUR/USD,2005-08-05 08:51:30.000,1.234900,1.235200,D
174210864,EUR/USD,2005-08-05 08:51:33.000,1.235000,1.235300,D
174210885,EUR/USD,2005-08-05 08:51:34.000,1.234900,1.235200,D
174210918,EUR/USD,2005-08-05 08:51:37.000,1.235000,1.235300,D
174210923,EUR/USD,2005-08-05 08:51:37.000,1.234900,1.235200,D
174210935,EUR/USD,2005-08-05 08:51:39.000,1.235000,1.235300,D
174210940,EUR/USD,2005-08-05 08:51:39.000,1.234900,1.235200,D
174210944,EUR/USD,2005-08-05 08:51:43.000,1.235000,1.235300,D
174210955,EUR/USD,2005-08-05 08:51:44.000,1.234900,1.235200,D
174210973,EUR/USD,2005-08-05 08:51:48.000,1.235000,1.235300,D
174210981,EUR/USD,2005-08-05 08:51:50.000,1.234900,1.235200,D
174211026,EUR/USD,2005-08-05 08:51:58.000,1.234800,1.235100,D
174211036,EUR/USD,2005-08-05 08:51:59.000,1.234700,1.235000,D
174211048,EUR/USD,2005-08-05 08:52:01.000,1.234800,1.235100,D
174211049,EUR/USD,2005-08-05 08:52:01.000,1.234700,1.235000,D
174211078,EUR/USD,2005-08-05 08:52:04.000,1.234600,1.234900,D
174211082,EUR/USD,2005-08-05 08:52:05.000,1.234700,1.235000,D
174211093,EUR/USD,2005-08-05 08:52:07.000,1.234800,1.235100,D
174211103,EUR/USD,2005-08-05 08:52:08.000,1.234700,1.235000,D
174211107,EUR/USD,2005-08-05 08:52:10.000,1.234800,1.235100,D
174211112,EUR/USD,2005-08-05 08:52:11.000,1.234700,1.235000,D
174211131,EUR/USD,2005-08-05 08:52:14.000,1.234800,1.235100,D
174211156,EUR/USD,2005-08-05 08:52:18.000,1.234900,1.235200,D
174211176,EUR/USD,2005-08-05 08:52:21.000,1.235000,1.235300,D
174211191,EUR/USD,2005-08-05 08:52:25.000,1.235100,1.235400,D
174211209,EUR/USD,2005-08-05 08:52:27.000,1.235200,1.235500,D
174211230,EUR/USD,2005-08-05 08:52:29.000,1.235300,1.235600,D
174211271,EUR/USD,2005-08-05 08:52:33.000,1.235400,1.235700,D
174211298,EUR/USD,2005-08-05 08:52:37.000,1.235300,1.235600,D
174211316,EUR/USD,2005-08-05 08:52:39.000,1.235400,1.235700,D
174211324,EUR/USD,2005-08-05 08:52:40.000,1.235300,1.235600,D
174211341,EUR/USD,2005-08-05 08:52:45.000,1.235200,1.235500,D
174211360,EUR/USD,2005-08-05 08:52:47.000,1.235100,1.235400,D
174211377,EUR/USD,2005-08-05 08:52:48.000,1.235000,1.235300,D
174211390,EUR/USD,2005-08-05 08:52:51.000,1.234900,1.235200,D
174211445,EUR/USD,2005-08-05 08:52:58.000,1.234800,1.235100,D
174211453,EUR/USD,2005-08-05 08:52:59.000,1.234700,1.235000,D
174211496,EUR/USD,2005-08-05 08:53:05.000,1.234800,1.235100,D
174211507,EUR/USD,2005-08-05 08:53:06.000,1.234700,1.235000,D
174211519,EUR/USD,2005-08-05 08:53:08.000,1.234800,1.235100,D
174211544,EUR/USD,2005-08-05 08:53:10.000,1.234700,1.235000,D
174211564,EUR/USD,2005-08-05 08:53:12.000,1.234600,1.234900,D
174211588,EUR/USD,2005-08-05 08:53:15.000,1.234500,1.234800,D
174211624,EUR/USD,2005-08-05 08:53:19.000,1.234400,1.234700,D
174211650,EUR/USD,2005-08-05 08:53:22.000,1.234500,1.234800,D
174211671,EUR/USD,2005-08-05 08:53:25.000,1.234600,1.234900,D
174211694,EUR/USD,2005-08-05 08:53:27.000,1.234700,1.235000,D
174211726,EUR/USD,2005-08-05 08:53:31.000,1.234800,1.235100,D
174211761,EUR/USD,2005-08-05 08:53:35.000,1.234700,1.235000,D
174211775,EUR/USD,2005-08-05 08:53:37.000,1.234800,1.235100,D
174211783,EUR/USD,2005-08-05 08:53:38.000,1.234900,1.235200,D
174211791,EUR/USD,2005-08-05 08:53:39.000,1.234800,1.235100,D
174211802,EUR/USD,2005-08-05 08:53:41.000,1.234900,1.235200,D
174211819,EUR/USD,2005-08-05 08:53:42.000,1.234800,1.235100,D
174211820,EUR/USD,2005-08-05 08:53:42.000,1.234700,1.235000,D
174211830,EUR/USD,2005-08-05 08:53:43.000,1.234800,1.235100,D
174211839,EUR/USD,2005-08-05 08:53:44.000,1.234900,1.235200,D
174211843,EUR/USD,2005-08-05 08:53:44.000,1.234800,1.235100,D
174211851,EUR/USD,2005-08-05 08:53:45.000,1.234700,1.235000,D
174211855,EUR/USD,2005-08-05 08:53:46.000,1.234800,1.235100,D
174211876,EUR/USD,2005-08-05 08:53:51.000,1.234900,1.235200,D
174211899,EUR/USD,2005-08-05 08:53:56.000,1.234800,1.235100,D
174211902,EUR/USD,2005-08-05 08:53:57.000,1.234700,1.235000,D
174211911,EUR/USD,2005-08-05 08:53:58.000,1.234800,1.235100,D
174211918,EUR/USD,2005-08-05 08:54:00.000,1.234900,1.235200,D
174211924,EUR/USD,2005-08-05 08:54:01.000,1.234800,1.235100,D
174211933,EUR/USD,2005-08-05 08:54:02.000,1.234900,1.235200,D
174211952,EUR/USD,2005-08-05 08:54:04.000,1.234800,1.235100,D
174211968,EUR/USD,2005-08-05 08:54:06.000,1.234900,1.235200,D
174211970,EUR/USD,2005-08-05 08:54:06.000,1.234800,1.235100,D
174211977,EUR/USD,2005-08-05 08:54:08.000,1.234700,1.235000,D
174211983,EUR/USD,2005-08-05 08:54:09.000,1.234600,1.234900,D
174211990,EUR/USD,2005-08-05 08:54:10.000,1.234700,1.235000,D
174212004,EUR/USD,2005-08-05 08:54:11.000,1.234600,1.234900,D
174212014,EUR/USD,2005-08-05 08:54:11.000,1.234700,1.235000,D
174212062,EUR/USD,2005-08-05 08:54:15.000,1.234800,1.235100,D
174212089,EUR/USD,2005-08-05 08:54:18.000,1.234700,1.235000,D
174212099,EUR/USD,2005-08-05 08:54:19.000,1.234600,1.234900,D
174212145,EUR/USD,2005-08-05 08:54:25.000,1.234500,1.234800,D
174212153,EUR/USD,2005-08-05 08:54:25.000,1.234600,1.234900,D
174212163,EUR/USD,2005-08-05 08:54:26.000,1.234500,1.234800,D
174212177,EUR/USD,2005-08-05 08:54:28.000,1.234400,1.234700,D
174212183,EUR/USD,2005-08-05 08:54:29.000,1.234500,1.234800,D
174212185,EUR/USD,2005-08-05 08:54:29.000,1.234400,1.234700,D
174212243,EUR/USD,2005-08-05 08:54:40.000,1.234500,1.234800,D
174212268,EUR/USD,2005-08-05 08:54:42.000,1.234400,1.234700,D
174212305,EUR/USD,2005-08-05 08:54:48.000,1.234500,1.234800,D
174212332,EUR/USD,2005-08-05 08:54:51.000,1.234600,1.234900,D
174212337,EUR/USD,2005-08-05 08:54:52.000,1.234500,1.234800,D
174212339,EUR/USD,2005-08-05 08:54:52.000,1.234600,1.234900,D
174212381,EUR/USD,2005-08-05 08:54:59.000,1.234700,1.235000,D
174212412,EUR/USD,2005-08-05 08:55:01.000,1.234600,1.234900,D
174212430,EUR/USD,2005-08-05 08:55:04.000,1.234500,1.234800,D
174212448,EUR/USD,2005-08-05 08:55:06.000,1.234400,1.234700,D
174212476,EUR/USD,2005-08-05 08:55:11.000,1.234500,1.234800,D
174212487,EUR/USD,2005-08-05 08:55:14.000,1.234600,1.234900,D
174212492,EUR/USD,2005-08-05 08:55:14.000,1.234500,1.234800,D
174212496,EUR/USD,2005-08-05 08:55:15.000,1.234600,1.234900,D
174212506,EUR/USD,2005-08-05 08:55:16.000,1.234500,1.234800,D
174212510,EUR/USD,2005-08-05 08:55:17.000,1.234400,1.234700,D
174212521,EUR/USD,2005-08-05 08:55:18.000,1.234500,1.234800,D
174212536,EUR/USD,2005-08-05 08:55:20.000,1.234600,1.234900,D
174212547,EUR/USD,2005-08-05 08:55:21.000,1.234500,1.234800,D
174212551,EUR/USD,2005-08-05 08:55:21.000,1.234400,1.234700,D
174212565,EUR/USD,2005-08-05 08:55:22.000,1.234500,1.234800,D
174212581,EUR/USD,2005-08-05 08:55:26.000,1.234400,1.234700,D
174212587,EUR/USD,2005-08-05 08:55:27.000,1.234500,1.234800,D
174212607,EUR/USD,2005-08-05 08:55:29.000,1.234400,1.234700,D
174212639,EUR/USD,2005-08-05 08:55:33.000,1.234500,1.234800,D
174212671,EUR/USD,2005-08-05 08:55:38.000,1.234400,1.234700,D
174212678,EUR/USD,2005-08-05 08:55:38.000,1.234500,1.234800,D
174212681,EUR/USD,2005-08-05 08:55:39.000,1.234400,1.234700,D
174212708,EUR/USD,2005-08-05 08:55:42.000,1.234500,1.234800,D
174212712,EUR/USD,2005-08-05 08:55:42.000,1.234600,1.234900,D
174212724,EUR/USD,2005-08-05 08:55:43.000,1.234700,1.235000,D
174212741,EUR/USD,2005-08-05 08:55:45.000,1.234600,1.234900,D
174212758,EUR/USD,2005-08-05 08:55:47.000,1.234700,1.235000,D
174212763,EUR/USD,2005-08-05 08:55:47.000,1.234800,1.235100,D
174212767,EUR/USD,2005-08-05 08:55:48.000,1.234700,1.235000,D
174212771,EUR/USD,2005-08-05 08:55:48.000,1.234800,1.235100,D
174212780,EUR/USD,2005-08-05 08:55:49.000,1.234900,1.235200,D
174212800,EUR/USD,2005-08-05 08:55:52.000,1.235000,1.235300,D
174212831,EUR/USD,2005-08-05 08:55:55.000,1.235100,1.235400,D
174212833,EUR/USD,2005-08-05 08:55:55.000,1.235000,1.235300,D
174212839,EUR/USD,2005-08-05 08:55:56.000,1.234900,1.235200,D
174212885,EUR/USD,2005-08-05 08:56:02.000,1.235000,1.235300,D
174212897,EUR/USD,2005-08-05 08:56:03.000,1.234900,1.235200,D
174212911,EUR/USD,2005-08-05 08:56:05.000,1.234800,1.235100,D
174212930,EUR/USD,2005-08-05 08:56:07.000,1.234700,1.235000,D
174212965,EUR/USD,2005-08-05 08:56:10.000,1.234600,1.234900,D
174212985,EUR/USD,2005-08-05 08:56:13.000,1.234700,1.235000,D
174213010,EUR/USD,2005-08-05 08:56:15.000,1.234800,1.235100,D
174213030,EUR/USD,2005-08-05 08:56:17.000,1.234900,1.235200,D
174213044,EUR/USD,2005-08-05 08:56:19.000,1.234800,1.235100,D
174213051,EUR/USD,2005-08-05 08:56:20.000,1.234900,1.235200,D
174213059,EUR/USD,2005-08-05 08:56:20.000,1.234800,1.235100,D
174213061,EUR/USD,2005-08-05 08:56:20.000,1.234700,1.235000,D
174213105,EUR/USD,2005-08-05 08:56:25.000,1.234600,1.234900,D
174213116,EUR/USD,2005-08-05 08:56:26.000,1.234700,1.235000,D
174213149,EUR/USD,2005-08-05 08:56:28.000,1.234800,1.235100,D
174213175,EUR/USD,2005-08-05 08:56:30.000,1.234900,1.235200,D
174213192,EUR/USD,2005-08-05 08:56:32.000,1.234800,1.235100,D
174213196,EUR/USD,2005-08-05 08:56:32.000,1.234900,1.235200,D
174213216,EUR/USD,2005-08-05 08:56:36.000,1.234800,1.235100,D
174213241,EUR/USD,2005-08-05 08:56:39.000,1.234900,1.235200,D
174213267,EUR/USD,2005-08-05 08:56:42.000,1.234800,1.235100,D
174213284,EUR/USD,2005-08-05 08:56:44.000,1.234700,1.235000,D
174213324,EUR/USD,2005-08-05 08:56:48.000,1.234800,1.235100,D
174213352,EUR/USD,2005-08-05 08:56:52.000,1.234900,1.235200,D
174213391,EUR/USD,2005-08-05 08:57:00.000,1.235000,1.235300,D
174213403,EUR/USD,2005-08-05 08:57:02.000,1.235100,1.235400,D
174213418,EUR/USD,2005-08-05 08:57:04.000,1.235200,1.235500,D
174213463,EUR/USD,2005-08-05 08:57:10.000,1.235100,1.235400,D
174213487,EUR/USD,2005-08-05 08:57:16.000,1.235200,1.235500,D
174213512,EUR/USD,2005-08-05 08:57:20.000,1.235300,1.235600,D
174213535,EUR/USD,2005-08-05 08:57:23.000,1.235400,1.235700,D
174213559,EUR/USD,2005-08-05 08:57:27.000,1.235300,1.235600,D
174213585,EUR/USD,2005-08-05 08:57:30.000,1.235200,1.235500,D
174213612,EUR/USD,2005-08-05 08:57:36.000,1.235300,1.235600,D
174213620,EUR/USD,2005-08-05 08:57:37.000,1.235200,1.235500,D
174213642,EUR/USD,2005-08-05 08:57:42.000,1.235100,1.235400,D
174213682,EUR/USD,2005-08-05 08:57:46.000,1.235200,1.235500,D
174213695,EUR/USD,2005-08-05 08:57:49.000,1.235300,1.235600,D
174213707,EUR/USD,2005-08-05 08:57:49.000,1.235200,1.235500,D
174213720,EUR/USD,2005-08-05 08:57:52.000,1.235100,1.235400,D
174213731,EUR/USD,2005-08-05 08:57:54.000,1.235200,1.235500,D
174213741,EUR/USD,2005-08-05 08:57:55.000,1.235100,1.235400,D
174213750,EUR/USD,2005-08-05 08:57:57.000,1.235000,1.235300,D
174213753,EUR/USD,2005-08-05 08:57:58.000,1.235100,1.235400,D
174213756,EUR/USD,2005-08-05 08:57:58.000,1.235000,1.235300,D
174213769,EUR/USD,2005-08-05 08:57:59.000,1.234900,1.235200,D
174213902,EUR/USD,2005-08-05 08:58:25.000,1.234800,1.235100,D
174213920,EUR/USD,2005-08-05 08:58:27.000,1.234700,1.235000,D
174213923,EUR/USD,2005-08-05 08:58:28.000,1.234800,1.235100,D
174213936,EUR/USD,2005-08-05 08:58:31.000,1.234700,1.235000,D
174213975,EUR/USD,2005-08-05 08:58:35.000,1.234600,1.234900,D
174214027,EUR/USD,2005-08-05 08:58:45.000,1.234700,1.235000,D
174214059,EUR/USD,2005-08-05 08:58:51.000,1.234800,1.235100,D
174214075,EUR/USD,2005-08-05 08:58:53.000,1.234700,1.235000,D
174214098,EUR/USD,2005-08-05 08:58:55.000,1.234800,1.235100,D
174214100,EUR/USD,2005-08-05 08:58:55.000,1.234700,1.235000,D
174214160,EUR/USD,2005-08-05 08:59:03.000,1.234600,1.234900,D
174214240,EUR/USD,2005-08-05 08:59:18.000,1.234500,1.234800,D
174214274,EUR/USD,2005-08-05 08:59:25.000,1.234400,1.234700,D
174214298,EUR/USD,2005-08-05 08:59:29.000,1.234500,1.234800,D
174214307,EUR/USD,2005-08-05 08:59:30.000,1.234400,1.234700,D
174214320,EUR/USD,2005-08-05 08:59:32.000,1.234300,1.234600,D
174214334,EUR/USD,2005-08-05 08:59:33.000,1.234400,1.234700,D
174214361,EUR/USD,2005-08-05 08:59:39.000,1.234500,1.234800,D
174214375,EUR/USD,2005-08-05 08:59:41.000,1.234400,1.234700,D
174214387,EUR/USD,2005-08-05 08:59:42.000,1.234500,1.234800,D
174214416,EUR/USD,2005-08-05 08:59:49.000,1.234600,1.234900,D
174214430,EUR/USD,2005-08-05 08:59:52.000,1.234700,1.235000,D
174214466,EUR/USD,2005-08-05 08:59:58.000,1.234800,1.235100,D
174214481,EUR/USD,2005-08-05 09:00:01.000,1.234700,1.235000,D
174214498,EUR/USD,2005-08-05 09:00:04.000,1.234600,1.234900,D
174214519,EUR/USD,2005-08-05 09:00:05.000,1.234500,1.234800,D
174214524,EUR/USD,2005-08-05 09:00:06.000,1.234600,1.234900,D
174214540,EUR/USD,2005-08-05 09:00:07.000,1.234500,1.234800,D
174214573,EUR/USD,2005-08-05 09:00:10.000,1.234400,1.234700,D
174214583,EUR/USD,2005-08-05 09:00:12.000,1.234300,1.234600,D
174214592,EUR/USD,2005-08-05 09:00:12.000,1.234400,1.234700,D
174214606,EUR/USD,2005-08-05 09:00:14.000,1.234500,1.234800,D
174214614,EUR/USD,2005-08-05 09:00:15.000,1.234400,1.234700,D
174214633,EUR/USD,2005-08-05 09:00:19.000,1.234500,1.234800,D
174214639,EUR/USD,2005-08-05 09:00:20.000,1.234400,1.234700,D
174214642,EUR/USD,2005-08-05 09:00:21.000,1.234500,1.234800,D
174214657,EUR/USD,2005-08-05 09:00:23.000,1.234400,1.234700,D
174214666,EUR/USD,2005-08-05 09:00:26.000,1.234500,1.234800,D
174214676,EUR/USD,2005-08-05 09:00:27.000,1.234400,1.234700,D
174214700,EUR/USD,2005-08-05 09:00:31.000,1.234500,1.234800,D
174214711,EUR/USD,2005-08-05 09:00:32.000,1.234400,1.234700,D
174214714,EUR/USD,2005-08-05 09:00:33.000,1.234500,1.234800,D
174214719,EUR/USD,2005-08-05 09:00:33.000,1.234400,1.234700,D
174214751,EUR/USD,2005-08-05 09:00:36.000,1.234500,1.234800,D
174214766,EUR/USD,2005-08-05 09:00:37.000,1.234400,1.234700,D
174214780,EUR/USD,2005-08-05 09:00:39.000,1.234500,1.234800,D
174214799,EUR/USD,2005-08-05 09:00:42.000,1.234600,1.234900,D
174214810,EUR/USD,2005-08-05 09:00:44.000,1.234500,1.234800,D
174214814,EUR/USD,2005-08-05 09:00:44.000,1.234600,1.234900,D
174214820,EUR/USD,2005-08-05 09:00:44.000,1.234500,1.234800,D
174214841,EUR/USD,2005-08-05 09:00:49.000,1.234400,1.234700,D
174214855,EUR/USD,2005-08-05 09:00:52.000,1.234500,1.234800,D
174214858,EUR/USD,2005-08-05 09:00:52.000,1.234400,1.234700,D
174214881,EUR/USD,2005-08-05 09:00:56.000,1.234500,1.234800,D
174214921,EUR/USD,2005-08-05 09:01:08.000,1.234600,1.234900,D
174214937,EUR/USD,2005-08-05 09:01:10.000,1.234500,1.234800,D
174214942,EUR/USD,2005-08-05 09:01:10.000,1.234600,1.234900,D
174214971,EUR/USD,2005-08-05 09:01:13.000,1.234500,1.234800,D
174214997,EUR/USD,2005-08-05 09:01:16.000,1.234400,1.234700,D
174215015,EUR/USD,2005-08-05 09:01:19.000,1.234300,1.234600,D
174215031,EUR/USD,2005-08-05 09:01:23.000,1.234400,1.234700,D
174215039,EUR/USD,2005-08-05 09:01:25.000,1.234300,1.234600,D
174215051,EUR/USD,2005-08-05 09:01:27.000,1.234400,1.234700,D
174215066,EUR/USD,2005-08-05 09:01:29.000,1.234300,1.234600,D
174215073,EUR/USD,2005-08-05 09:01:32.000,1.234400,1.234700,D
174215077,EUR/USD,2005-08-05 09:01:34.000,1.234300,1.234600,D
174215123,EUR/USD,2005-08-05 09:01:47.000,1.234200,1.234500,D
174215125,EUR/USD,2005-08-05 09:01:49.000,1.234300,1.234600,D
174215178,EUR/USD,2005-08-05 09:02:02.000,1.234200,1.234500,D
174215200,EUR/USD,2005-08-05 09:02:08.000,1.234100,1.234400,D
174215219,EUR/USD,2005-08-05 09:02:11.000,1.234200,1.234500,D
174215233,EUR/USD,2005-08-05 09:02:14.000,1.234100,1.234400,D
174215249,EUR/USD,2005-08-05 09:02:16.000,1.234200,1.234500,D
174215264,EUR/USD,2005-08-05 09:02:18.000,1.234100,1.234400,D
174215286,EUR/USD,2005-08-05 09:02:23.000,1.234000,1.234300,D
174215295,EUR/USD,2005-08-05 09:02:24.000,1.233900,1.234200,D
174215334,EUR/USD,2005-08-05 09:02:30.000,1.234000,1.234300,D
174215339,EUR/USD,2005-08-05 09:02:31.000,1.233900,1.234200,D
174215361,EUR/USD,2005-08-05 09:02:35.000,1.234000,1.234300,D
174215416,EUR/USD,2005-08-05 09:02:43.000,1.233900,1.234200,D
174215435,EUR/USD,2005-08-05 09:02:47.000,1.234000,1.234300,D
174215455,EUR/USD,2005-08-05 09:02:49.000,1.233900,1.234200,D
174215463,EUR/USD,2005-08-05 09:02:51.000,1.233800,1.234100,D
174215514,EUR/USD,2005-08-05 09:02:56.000,1.233700,1.234000,D
174215525,EUR/USD,2005-08-05 09:02:57.000,1.233600,1.233900,D
174215533,EUR/USD,2005-08-05 09:02:58.000,1.233700,1.234000,D
174215552,EUR/USD,2005-08-05 09:03:02.000,1.233600,1.233900,D
174215563,EUR/USD,2005-08-05 09:03:03.000,1.233500,1.233800,D
174215571,EUR/USD,2005-08-05 09:03:04.000,1.233400,1.233700,D
174215588,EUR/USD,2005-08-05 09:03:05.000,1.233300,1.233600,D
174215592,EUR/USD,2005-08-05 09:03:05.000,1.233200,1.233500,D
174215606,EUR/USD,2005-08-05 09:03:07.000,1.233100,1.233400,D
174215628,EUR/USD,2005-08-05 09:03:08.000,1.233000,1.233300,D
174215641,EUR/USD,2005-08-05 09:03:08.000,1.232900,1.233200,D
174215648,EUR/USD,2005-08-05 09:03:09.000,1.232700,1.233000,D
174215654,EUR/USD,2005-08-05 09:03:09.000,1.232600,1.232900,D
174215663,EUR/USD,2005-08-05 09:03:10.000,1.232500,1.232800,D
174215665,EUR/USD,2005-08-05 09:03:10.000,1.232600,1.232900,D
174215667,EUR/USD,2005-08-05 09:03:10.000,1.232800,1.233100,D
174215678,EUR/USD,2005-08-05 09:03:11.000,1.232700,1.233000,D
174215688,EUR/USD,2005-08-05 09:03:12.000,1.232800,1.233100,D
174215701,EUR/USD,2005-08-05 09:03:13.000,1.232900,1.233200,D
174215726,EUR/USD,2005-08-05 09:03:15.000,1.233000,1.233300,D
174215744,EUR/USD,2005-08-05 09:03:17.000,1.233100,1.233400,D
174215753,EUR/USD,2005-08-05 09:03:17.000,1.233000,1.233300,D
174215772,EUR/USD,2005-08-05 09:03:20.000,1.232900,1.233200,D
174215780,EUR/USD,2005-08-05 09:03:20.000,1.233000,1.233300,D
174215789,EUR/USD,2005-08-05 09:03:21.000,1.232900,1.233200,D
174215851,EUR/USD,2005-08-05 09:03:28.000,1.233000,1.233300,D
174215859,EUR/USD,2005-08-05 09:03:30.000,1.233100,1.233400,D
174215863,EUR/USD,2005-08-05 09:03:30.000,1.233000,1.233300,D
174215875,EUR/USD,2005-08-05 09:03:32.000,1.233100,1.233400,D
174215920,EUR/USD,2005-08-05 09:03:39.000,1.233000,1.233300,D
174215936,EUR/USD,2005-08-05 09:03:40.000,1.233100,1.233400,D
174215947,EUR/USD,2005-08-05 09:03:42.000,1.233000,1.233300,D
174215956,EUR/USD,2005-08-05 09:03:43.000,1.233100,1.233400,D
174215984,EUR/USD,2005-08-05 09:03:48.000,1.233000,1.233300,D
174216004,EUR/USD,2005-08-05 09:03:51.000,1.232900,1.233200,D
174216052,EUR/USD,2005-08-05 09:03:59.000,1.233000,1.233300,D
174216061,EUR/USD,2005-08-05 09:04:01.000,1.232900,1.233200,D
174216063,EUR/USD,2005-08-05 09:04:01.000,1.233000,1.233300,D
174216073,EUR/USD,2005-08-05 09:04:02.000,1.232900,1.233200,D
174216091,EUR/USD,2005-08-05 09:04:05.000,1.232800,1.233100,D
174216111,EUR/USD,2005-08-05 09:04:08.000,1.232700,1.233000,D
174216129,EUR/USD,2005-08-05 09:04:10.000,1.232800,1.233100,D
174216147,EUR/USD,2005-08-05 09:04:12.000,1.232900,1.233200,D
174216162,EUR/USD,2005-08-05 09:04:16.000,1.233000,1.233300,D
174216203,EUR/USD,2005-08-05 09:04:20.000,1.233100,1.233400,D
174216234,EUR/USD,2005-08-05 09:04:23.000,1.233200,1.233500,D
174216243,EUR/USD,2005-08-05 09:04:24.000,1.233100,1.233400,D
174216250,EUR/USD,2005-08-05 09:04:25.000,1.233200,1.233500,D
174216259,EUR/USD,2005-08-05 09:04:25.000,1.233100,1.233400,D
174216305,EUR/USD,2005-08-05 09:04:32.000,1.233000,1.233300,D
174216321,EUR/USD,2005-08-05 09:04:33.000,1.232900,1.233200,D
174216323,EUR/USD,2005-08-05 09:04:33.000,1.233000,1.233300,D
174216325,EUR/USD,2005-08-05 09:04:34.000,1.233100,1.233400,D
174216339,EUR/USD,2005-08-05 09:04:35.000,1.233000,1.233300,D
174216375,EUR/USD,2005-08-05 09:04:41.000,1.233100,1.233400,D
174216405,EUR/USD,2005-08-05 09:04:44.000,1.233200,1.233500,D
174216435,EUR/USD,2005-08-05 09:04:50.000,1.233100,1.233400,D
174216458,EUR/USD,2005-08-05 09:04:53.000,1.233200,1.233500,D
174216461,EUR/USD,2005-08-05 09:04:53.000,1.233100,1.233400,D
174216476,EUR/USD,2005-08-05 09:04:57.000,1.233000,1.233300,D
174216481,EUR/USD,2005-08-05 09:04:58.000,1.233100,1.233400,D
174216485,EUR/USD,2005-08-05 09:04:58.000,1.233000,1.233300,D
174216492,EUR/USD,2005-08-05 09:04:59.000,1.232900,1.233200,D
174216541,EUR/USD,2005-08-05 09:05:04.000,1.233000,1.233300,D
174216574,EUR/USD,2005-08-05 09:05:06.000,1.233100,1.233400,D
174216607,EUR/USD,2005-08-05 09:05:09.000,1.233200,1.233500,D
174216632,EUR/USD,2005-08-05 09:05:12.000,1.233100,1.233400,D
174216634,EUR/USD,2005-08-05 09:05:12.000,1.233200,1.233500,D
174216641,EUR/USD,2005-08-05 09:05:13.000,1.233100,1.233400,D
174216679,EUR/USD,2005-08-05 09:05:18.000,1.233000,1.233300,D
174216734,EUR/USD,2005-08-05 09:05:31.000,1.232900,1.233200,D
174216742,EUR/USD,2005-08-05 09:05:31.000,1.232800,1.233100,D
174216763,EUR/USD,2005-08-05 09:05:36.000,1.232700,1.233000,D
174216775,EUR/USD,2005-08-05 09:05:37.000,1.232800,1.233100,D
174216794,EUR/USD,2005-08-05 09:05:40.000,1.232900,1.233200,D
174216810,EUR/USD,2005-08-05 09:05:42.000,1.232800,1.233100,D
174216820,EUR/USD,2005-08-05 09:05:43.000,1.232900,1.233200,D
174216840,EUR/USD,2005-08-05 09:05:46.000,1.232800,1.233100,D
174216848,EUR/USD,2005-08-05 09:05:47.000,1.232700,1.233000,D
174216858,EUR/USD,2005-08-05 09:05:48.000,1.232600,1.232900,D
174216894,EUR/USD,2005-08-05 09:05:54.000,1.232700,1.233000,D
174216915,EUR/USD,2005-08-05 09:05:57.000,1.232800,1.233100,D
174216936,EUR/USD,2005-08-05 09:06:01.000,1.232900,1.233200,D
174216959,EUR/USD,2005-08-05 09:06:03.000,1.233000,1.233300,D
174217029,EUR/USD,2005-08-05 09:06:17.000,1.232900,1.233200,D
174217035,EUR/USD,2005-08-05 09:06:18.000,1.232800,1.233100,D
174217041,EUR/USD,2005-08-05 09:06:19.000,1.232900,1.233200,D
174217054,EUR/USD,2005-08-05 09:06:22.000,1.233000,1.233300,D
174217111,EUR/USD,2005-08-05 09:06:32.000,1.232900,1.233200,D
174217126,EUR/USD,2005-08-05 09:06:35.000,1.233000,1.233300,D
174217141,EUR/USD,2005-08-05 09:06:37.000,1.232900,1.233200,D
174217157,EUR/USD,2005-08-05 09:06:40.000,1.232800,1.233100,D
174217173,EUR/USD,2005-08-05 09:06:43.000,1.232900,1.233200,D
174217186,EUR/USD,2005-08-05 09:06:48.000,1.233000,1.233300,D
174217203,EUR/USD,2005-08-05 09:06:50.000,1.233100,1.233400,D
174217222,EUR/USD,2005-08-05 09:06:53.000,1.233200,1.233500,D
174217226,EUR/USD,2005-08-05 09:06:53.000,1.233100,1.233400,D
174217245,EUR/USD,2005-08-05 09:06:57.000,1.233000,1.233300,D
174217304,EUR/USD,2005-08-05 09:07:05.000,1.233100,1.233400,D
174217310,EUR/USD,2005-08-05 09:07:06.000,1.233000,1.233300,D
174217312,EUR/USD,2005-08-05 09:07:07.000,1.233100,1.233400,D
174217317,EUR/USD,2005-08-05 09:07:08.000,1.233000,1.233300,D
174217318,EUR/USD,2005-08-05 09:07:08.000,1.233100,1.233400,D
174217341,EUR/USD,2005-08-05 09:07:11.000,1.233200,1.233500,D
174217364,EUR/USD,2005-08-05 09:07:14.000,1.233300,1.233600,D
174217375,EUR/USD,2005-08-05 09:07:18.000,1.233200,1.233500,D
174217384,EUR/USD,2005-08-05 09:07:19.000,1.233300,1.233600,D
174217422,EUR/USD,2005-08-05 09:07:28.000,1.233200,1.233500,D
174217443,EUR/USD,2005-08-05 09:07:30.000,1.233100,1.233400,D
174217456,EUR/USD,2005-08-05 09:07:32.000,1.233000,1.233300,D
174217474,EUR/USD,2005-08-05 09:07:33.000,1.232900,1.233200,D
174217512,EUR/USD,2005-08-05 09:07:40.000,1.232800,1.233100,D
174217534,EUR/USD,2005-08-05 09:07:43.000,1.232700,1.233000,D
174217537,EUR/USD,2005-08-05 09:07:43.000,1.232600,1.232900,D
174217546,EUR/USD,2005-08-05 09:07:44.000,1.232500,1.232800,D
174217551,EUR/USD,2005-08-05 09:07:45.000,1.232400,1.232700,D
174217570,EUR/USD,2005-08-05 09:07:46.000,1.232300,1.232600,D
174217587,EUR/USD,2005-08-05 09:07:47.000,1.232200,1.232500,D
174217610,EUR/USD,2005-08-05 09:07:50.000,1.232100,1.232400,D
174217617,EUR/USD,2005-08-05 09:07:51.000,1.232200,1.232500,D
174217637,EUR/USD,2005-08-05 09:07:53.000,1.232300,1.232600,D
174217652,EUR/USD,2005-08-05 09:07:54.000,1.232400,1.232700,D
174217686,EUR/USD,2005-08-05 09:07:57.000,1.232500,1.232800,D
174217692,EUR/USD,2005-08-05 09:07:58.000,1.232400,1.232700,D
174217733,EUR/USD,2005-08-05 09:08:01.000,1.232500,1.232800,D
174217756,EUR/USD,2005-08-05 09:08:09.000,1.232600,1.232900,D
174217766,EUR/USD,2005-08-05 09:08:11.000,1.232700,1.233000,D
174217787,EUR/USD,2005-08-05 09:08:13.000,1.232800,1.233100,D
174217799,EUR/USD,2005-08-05 09:08:15.000,1.232900,1.233200,D
174217807,EUR/USD,2005-08-05 09:08:15.000,1.232800,1.233100,D
174217815,EUR/USD,2005-08-05 09:08:16.000,1.232900,1.233200,D
174217841,EUR/USD,2005-08-05 09:08:19.000,1.232800,1.233100,D
174217850,EUR/USD,2005-08-05 09:08:22.000,1.232700,1.233000,D
174217863,EUR/USD,2005-08-05 09:08:25.000,1.232800,1.233100,D
174217882,EUR/USD,2005-08-05 09:08:28.000,1.232900,1.233200,D
174217909,EUR/USD,2005-08-05 09:08:31.000,1.233000,1.233300,D
174217917,EUR/USD,2005-08-05 09:08:32.000,1.233100,1.233400,D
174217943,EUR/USD,2005-08-05 09:08:35.000,1.233000,1.233300,D
174217976,EUR/USD,2005-08-05 09:08:41.000,1.233100,1.233400,D
174217999,EUR/USD,2005-08-05 09:08:43.000,1.233000,1.233300,D
174218009,EUR/USD,2005-08-05 09:08:43.000,1.232900,1.233200,D
174218016,EUR/USD,2005-08-05 09:08:44.000,1.233000,1.233300,D
174218037,EUR/USD,2005-08-05 09:08:47.000,1.233100,1.233400,D
174218049,EUR/USD,2005-08-05 09:08:50.000,1.233000,1.233300,D
174218063,EUR/USD,2005-08-05 09:08:51.000,1.233100,1.233400,D
174218086,EUR/USD,2005-08-05 09:08:54.000,1.233000,1.233300,D
174218107,EUR/USD,2005-08-05 09:08:56.000,1.232900,1.233200,D
174218157,EUR/USD,2005-08-05 09:09:02.000,1.232800,1.233100,D
174218166,EUR/USD,2005-08-05 09:09:03.000,1.232700,1.233000,D
174218174,EUR/USD,2005-08-05 09:09:05.000,1.232600,1.232900,D
174218203,EUR/USD,2005-08-05 09:09:13.000,1.232700,1.233000,D
174218259,EUR/USD,2005-08-05 09:09:22.000,1.232600,1.232900,D
174218303,EUR/USD,2005-08-05 09:09:32.000,1.232500,1.232800,D
174218309,EUR/USD,2005-08-05 09:09:33.000,1.232600,1.232900,D
174218346,EUR/USD,2005-08-05 09:09:39.000,1.232500,1.232800,D
174218363,EUR/USD,2005-08-05 09:09:41.000,1.232600,1.232900,D
174218386,EUR/USD,2005-08-05 09:09:44.000,1.232500,1.232800,D
174218393,EUR/USD,2005-08-05 09:09:45.000,1.232600,1.232900,D
174218404,EUR/USD,2005-08-05 09:09:46.000,1.232500,1.232800,D
174218457,EUR/USD,2005-08-05 09:09:59.000,1.232600,1.232900,D
174218474,EUR/USD,2005-08-05 09:10:01.000,1.232500,1.232800,D
174218484,EUR/USD,2005-08-05 09:10:03.000,1.232600,1.232900,D
174218493,EUR/USD,2005-08-05 09:10:04.000,1.232500,1.232800,D
174218507,EUR/USD,2005-08-05 09:10:06.000,1.232600,1.232900,D
174218511,EUR/USD,2005-08-05 09:10:07.000,1.232500,1.232800,D
174218516,EUR/USD,2005-08-05 09:10:12.000,1.232600,1.232900,D
174218529,EUR/USD,2005-08-05 09:10:17.000,1.232700,1.233000,D
174218549,EUR/USD,2005-08-05 09:10:19.000,1.232600,1.232900,D
174218585,EUR/USD,2005-08-05 09:10:28.000,1.232700,1.233000,D
174218635,EUR/USD,2005-08-05 09:10:35.000,1.232600,1.232900,D
174218653,EUR/USD,2005-08-05 09:10:37.000,1.232500,1.232800,D
174218657,EUR/USD,2005-08-05 09:10:38.000,1.232400,1.232700,D
174218666,EUR/USD,2005-08-05 09:10:40.000,1.232300,1.232600,D
174218676,EUR/USD,2005-08-05 09:10:41.000,1.232400,1.232700,D
174218687,EUR/USD,2005-08-05 09:10:42.000,1.232300,1.232600,D
174218695,EUR/USD,2005-08-05 09:10:43.000,1.232200,1.232500,D
174218698,EUR/USD,2005-08-05 09:10:43.000,1.232300,1.232600,D
174218705,EUR/USD,2005-08-05 09:10:44.000,1.232200,1.232500,D
174218720,EUR/USD,2005-08-05 09:10:47.000,1.232300,1.232600,D
174218762,EUR/USD,2005-08-05 09:10:51.000,1.232200,1.232500,D
174218765,EUR/USD,2005-08-05 09:10:51.000,1.232300,1.232600,D
174218782,EUR/USD,2005-08-05 09:10:54.000,1.232200,1.232500,D
174218795,EUR/USD,2005-08-05 09:10:56.000,1.232100,1.232400,D
174218812,EUR/USD,2005-08-05 09:11:00.000,1.232000,1.232300,D
174218833,EUR/USD,2005-08-05 09:11:01.000,1.232100,1.232400,D
174218858,EUR/USD,2005-08-05 09:11:04.000,1.232000,1.232200,D
174218861,EUR/USD,2005-08-05 09:11:05.000,1.231900,1.232200,D
174218874,EUR/USD,2005-08-05 09:11:05.000,1.232000,1.232300,D
174218892,EUR/USD,2005-08-05 09:11:06.000,1.231800,1.232100,D
174218914,EUR/USD,2005-08-05 09:11:08.000,1.231900,1.232200,D
174218928,EUR/USD,2005-08-05 09:11:09.000,1.232000,1.232300,D
174218946,EUR/USD,2005-08-05 09:11:11.000,1.232100,1.232400,D
174218995,EUR/USD,2005-08-05 09:11:18.000,1.232200,1.232500,D
174219000,EUR/USD,2005-08-05 09:11:18.000,1.232100,1.232400,D
174219023,EUR/USD,2005-08-05 09:11:21.000,1.232000,1.232300,D
174219038,EUR/USD,2005-08-05 09:11:23.000,1.232100,1.232400,D
174219046,EUR/USD,2005-08-05 09:11:24.000,1.232000,1.232300,D
174219052,EUR/USD,2005-08-05 09:11:24.000,1.232100,1.232400,D
174219080,EUR/USD,2005-08-05 09:11:28.000,1.232000,1.232300,D
174219084,EUR/USD,2005-08-05 09:11:28.000,1.232100,1.232400,D
174219111,EUR/USD,2005-08-05 09:11:33.000,1.232200,1.232500,D
174219134,EUR/USD,2005-08-05 09:11:37.000,1.232300,1.232600,D
174219159,EUR/USD,2005-08-05 09:11:41.000,1.232200,1.232500,D
174219199,EUR/USD,2005-08-05 09:11:48.000,1.232100,1.232400,D
174219224,EUR/USD,2005-08-05 09:11:51.000,1.232000,1.232300,D
174219233,EUR/USD,2005-08-05 09:11:52.000,1.231900,1.232200,D
174219254,EUR/USD,2005-08-05 09:11:54.000,1.231800,1.232100,D
174219274,EUR/USD,2005-08-05 09:11:57.000,1.231700,1.232000,D
174219282,EUR/USD,2005-08-05 09:11:58.000,1.231600,1.231900,D
174219310,EUR/USD,2005-08-05 09:12:01.000,1.231500,1.231800,D
174219322,EUR/USD,2005-08-05 09:12:02.000,1.231600,1.231900,D
174219339,EUR/USD,2005-08-05 09:12:04.000,1.231700,1.232000,D
174219353,EUR/USD,2005-08-05 09:12:07.000,1.231800,1.232100,D
174219366,EUR/USD,2005-08-05 09:12:08.000,1.231900,1.232200,D
174219376,EUR/USD,2005-08-05 09:12:09.000,1.231800,1.232100,D
174219382,EUR/USD,2005-08-05 09:12:10.000,1.231900,1.232200,D
174219406,EUR/USD,2005-08-05 09:12:16.000,1.231800,1.232100,D
174219431,EUR/USD,2005-08-05 09:12:20.000,1.231700,1.232000,D
174219434,EUR/USD,2005-08-05 09:12:20.000,1.231800,1.232100,D
174219443,EUR/USD,2005-08-05 09:12:22.000,1.231900,1.232200,D
174219456,EUR/USD,2005-08-05 09:12:24.000,1.232000,1.232300,D
174219464,EUR/USD,2005-08-05 09:12:26.000,1.232100,1.232400,D
174219509,EUR/USD,2005-08-05 09:12:31.000,1.232200,1.232500,D
174219521,EUR/USD,2005-08-05 09:12:32.000,1.232100,1.232400,D
174219531,EUR/USD,2005-08-05 09:12:33.000,1.232200,1.232500,D
174219544,EUR/USD,2005-08-05 09:12:35.000,1.232300,1.232600,D
174219551,EUR/USD,2005-08-05 09:12:37.000,1.232200,1.232500,D
174219556,EUR/USD,2005-08-05 09:12:38.000,1.232300,1.232600,D
174219565,EUR/USD,2005-08-05 09:12:39.000,1.232200,1.232500,D
174219579,EUR/USD,2005-08-05 09:12:42.000,1.232300,1.232600,D
174219603,EUR/USD,2005-08-05 09:12:48.000,1.232200,1.232500,D
174219610,EUR/USD,2005-08-05 09:12:49.000,1.232300,1.232600,D
174219621,EUR/USD,2005-08-05 09:12:52.000,1.232200,1.232500,D
174219626,EUR/USD,2005-08-05 09:12:53.000,1.232100,1.232400,D
174219633,EUR/USD,2005-08-05 09:12:53.000,1.232200,1.232500,D
174219659,EUR/USD,2005-08-05 09:12:58.000,1.232100,1.232400,D
174219661,EUR/USD,2005-08-05 09:12:59.000,1.232200,1.232500,D
174219670,EUR/USD,2005-08-05 09:13:01.000,1.232300,1.232600,D
174219717,EUR/USD,2005-08-05 09:13:12.000,1.232200,1.232500,D
174219736,EUR/USD,2005-08-05 09:13:14.000,1.232100,1.232400,D
174219749,EUR/USD,2005-08-05 09:13:18.000,1.232200,1.232500,D
174219764,EUR/USD,2005-08-05 09:13:19.000,1.232100,1.232400,D
174219773,EUR/USD,2005-08-05 09:13:22.000,1.232200,1.232500,D
174219788,EUR/USD,2005-08-05 09:13:26.000,1.232100,1.232400,D
174219794,EUR/USD,2005-08-05 09:13:27.000,1.232000,1.232300,D
174219812,EUR/USD,2005-08-05 09:13:29.000,1.231900,1.232200,D
174219844,EUR/USD,2005-08-05 09:13:34.000,1.232000,1.232300,D
174219869,EUR/USD,2005-08-05 09:13:37.000,1.231900,1.232200,D
174219909,EUR/USD,2005-08-05 09:13:42.000,1.231800,1.232100,D
174219911,EUR/USD,2005-08-05 09:13:43.000,1.231900,1.232200,D
174219940,EUR/USD,2005-08-05 09:13:53.000,1.232000,1.232300,D
174219955,EUR/USD,2005-08-05 09:13:55.000,1.232100,1.232400,D
174219964,EUR/USD,2005-08-05 09:13:57.000,1.232000,1.232300,D
174219998,EUR/USD,2005-08-05 09:14:08.000,1.232100,1.232400,D
174220019,EUR/USD,2005-08-05 09:14:12.000,1.232000,1.232300,D
174220021,EUR/USD,2005-08-05 09:14:12.000,1.232100,1.232400,D
174220043,EUR/USD,2005-08-05 09:14:18.000,1.232000,1.232300,D
174220047,EUR/USD,2005-08-05 09:14:18.000,1.232100,1.232400,D
174220055,EUR/USD,2005-08-05 09:14:19.000,1.232000,1.232300,D
174220070,EUR/USD,2005-08-05 09:14:21.000,1.231900,1.232200,D
174220071,EUR/USD,2005-08-05 09:14:21.000,1.232000,1.232300,D
174220110,EUR/USD,2005-08-05 09:14:37.000,1.231900,1.232200,D
174220133,EUR/USD,2005-08-05 09:14:43.000,1.231800,1.232100,D
174220140,EUR/USD,2005-08-05 09:14:44.000,1.231900,1.232200,D
174220152,EUR/USD,2005-08-05 09:14:46.000,1.232000,1.232300,D
174220181,EUR/USD,2005-08-05 09:14:50.000,1.232100,1.232400,D
174220248,EUR/USD,2005-08-05 09:15:07.000,1.232000,1.232300,D
174220257,EUR/USD,2005-08-05 09:15:09.000,1.232100,1.232400,D
174220267,EUR/USD,2005-08-05 09:15:10.000,1.232200,1.232500,D
174220278,EUR/USD,2005-08-05 09:15:12.000,1.232100,1.232400,D
174220282,EUR/USD,2005-08-05 09:15:12.000,1.232200,1.232500,D
174220305,EUR/USD,2005-08-05 09:15:15.000,1.232100,1.232400,D
174220377,EUR/USD,2005-08-05 09:15:28.000,1.232200,1.232500,D
174220428,EUR/USD,2005-08-05 09:15:41.000,1.232300,1.232600,D
174220465,EUR/USD,2005-08-05 09:15:50.000,1.232400,1.232700,D
174220488,EUR/USD,2005-08-05 09:15:54.000,1.232500,1.232800,D
174220491,EUR/USD,2005-08-05 09:15:55.000,1.232600,1.232900,D
174220523,EUR/USD,2005-08-05 09:15:58.000,1.232500,1.232800,D
174220532,EUR/USD,2005-08-05 09:15:59.000,1.232600,1.232900,D
174220575,EUR/USD,2005-08-05 09:16:08.000,1.232500,1.232800,D
174220579,EUR/USD,2005-08-05 09:16:09.000,1.232600,1.232900,D
174220601,EUR/USD,2005-08-05 09:16:14.000,1.232700,1.233000,D
174220610,EUR/USD,2005-08-05 09:16:15.000,1.232800,1.233100,D
174220615,EUR/USD,2005-08-05 09:16:16.000,1.232700,1.233000,D
174220619,EUR/USD,2005-08-05 09:16:18.000,1.232800,1.233100,D
174220642,EUR/USD,2005-08-05 09:16:22.000,1.232900,1.233200,D
174220662,EUR/USD,2005-08-05 09:16:25.000,1.232800,1.233100,D
174220674,EUR/USD,2005-08-05 09:16:28.000,1.232700,1.233000,D
174220683,EUR/USD,2005-08-05 09:16:30.000,1.232800,1.233100,D
174220694,EUR/USD,2005-08-05 09:16:33.000,1.232900,1.233200,D
174220704,EUR/USD,2005-08-05 09:16:34.000,1.232800,1.233100,D
174220707,EUR/USD,2005-08-05 09:16:35.000,1.232900,1.233200,D
174220714,EUR/USD,2005-08-05 09:16:36.000,1.232800,1.233100,D
174220734,EUR/USD,2005-08-05 09:16:39.000,1.232700,1.233000,D
174220755,EUR/USD,2005-08-05 09:16:40.000,1.232800,1.233100,D
174220776,EUR/USD,2005-08-05 09:16:44.000,1.232900,1.233200,D
174220789,EUR/USD,2005-08-05 09:16:47.000,1.232800,1.233100,D
174220792,EUR/USD,2005-08-05 09:16:47.000,1.232900,1.233200,D
174220803,EUR/USD,2005-08-05 09:16:48.000,1.232800,1.233100,D
174220814,EUR/USD,2005-08-05 09:16:51.000,1.232700,1.233000,D
174220830,EUR/USD,2005-08-05 09:16:54.000,1.232800,1.233100,D
174220865,EUR/USD,2005-08-05 09:16:59.000,1.232900,1.233200,D
174220872,EUR/USD,2005-08-05 09:17:01.000,1.232800,1.233100,D
174220904,EUR/USD,2005-08-05 09:17:07.000,1.232700,1.233000,D
174220916,EUR/USD,2005-08-05 09:17:10.000,1.232800,1.233100,D
174220917,EUR/USD,2005-08-05 09:17:10.000,1.232700,1.233000,D
174220936,EUR/USD,2005-08-05 09:17:13.000,1.232600,1.232900,D
174220940,EUR/USD,2005-08-05 09:17:13.000,1.232700,1.233000,D
174220944,EUR/USD,2005-08-05 09:17:14.000,1.232800,1.233100,D
174220968,EUR/USD,2005-08-05 09:17:18.000,1.232700,1.233000,D
174220984,EUR/USD,2005-08-05 09:17:22.000,1.232600,1.232900,D
174221010,EUR/USD,2005-08-05 09:17:25.000,1.232500,1.232800,D
174221096,EUR/USD,2005-08-05 09:17:35.000,1.232400,1.232700,D
174221106,EUR/USD,2005-08-05 09:17:36.000,1.232500,1.232800,D
174221109,EUR/USD,2005-08-05 09:17:36.000,1.232600,1.232900,D
174221117,EUR/USD,2005-08-05 09:17:39.000,1.232700,1.233000,D
174221125,EUR/USD,2005-08-05 09:17:40.000,1.232800,1.233100,D
174221127,EUR/USD,2005-08-05 09:17:41.000,1.232700,1.233000,D
174221143,EUR/USD,2005-08-05 09:17:42.000,1.232800,1.233100,D
174221148,EUR/USD,2005-08-05 09:17:43.000,1.232700,1.233000,D
174221164,EUR/USD,2005-08-05 09:17:45.000,1.232800,1.233100,D
174221176,EUR/USD,2005-08-05 09:17:46.000,1.232700,1.233000,D
174221182,EUR/USD,2005-08-05 09:17:47.000,1.232600,1.232900,D
174221194,EUR/USD,2005-08-05 09:17:49.000,1.232700,1.233000,D
174221196,EUR/USD,2005-08-05 09:17:49.000,1.232600,1.232900,D
174221205,EUR/USD,2005-08-05 09:17:51.000,1.232500,1.232800,D
174221215,EUR/USD,2005-08-05 09:17:52.000,1.232600,1.232900,D
174221246,EUR/USD,2005-08-05 09:17:59.000,1.232700,1.233000,D
174221268,EUR/USD,2005-08-05 09:18:04.000,1.232800,1.233100,D
174221283,EUR/USD,2005-08-05 09:18:05.000,1.232700,1.233000,D
174221288,EUR/USD,2005-08-05 09:18:06.000,1.232800,1.233100,D
174221305,EUR/USD,2005-08-05 09:18:09.000,1.232700,1.233000,D
174221312,EUR/USD,2005-08-05 09:18:10.000,1.232800,1.233100,D
174221327,EUR/USD,2005-08-05 09:18:12.000,1.232700,1.233000,D
174221408,EUR/USD,2005-08-05 09:18:36.000,1.232600,1.232900,D
174221439,EUR/USD,2005-08-05 09:18:43.000,1.232500,1.232800,D
174221451,EUR/USD,2005-08-05 09:18:46.000,1.232600,1.232900,D
174221468,EUR/USD,2005-08-05 09:18:49.000,1.232500,1.232800,D
174221470,EUR/USD,2005-08-05 09:18:49.000,1.232600,1.232900,D
174221474,EUR/USD,2005-08-05 09:18:50.000,1.232500,1.232800,D
174221511,EUR/USD,2005-08-05 09:18:57.000,1.232600,1.232900,D
174221525,EUR/USD,2005-08-05 09:18:59.000,1.232500,1.232800,D
174221531,EUR/USD,2005-08-05 09:19:02.000,1.232600,1.232900,D
174221540,EUR/USD,2005-08-05 09:19:03.000,1.232700,1.233000,D
174221549,EUR/USD,2005-08-05 09:19:04.000,1.232600,1.232900,D
174221562,EUR/USD,2005-08-05 09:19:05.000,1.232700,1.233000,D
174221565,EUR/USD,2005-08-05 09:19:05.000,1.232600,1.232900,D
174221572,EUR/USD,2005-08-05 09:19:06.000,1.232700,1.233000,D
174221584,EUR/USD,2005-08-05 09:19:10.000,1.232800,1.233100,D
174221593,EUR/USD,2005-08-05 09:19:11.000,1.232700,1.233000,D
174221596,EUR/USD,2005-08-05 09:19:12.000,1.232800,1.233100,D
174221606,EUR/USD,2005-08-05 09:19:14.000,1.232900,1.233200,D
174221625,EUR/USD,2005-08-05 09:19:16.000,1.232800,1.233100,D
174221636,EUR/USD,2005-08-05 09:19:17.000,1.232900,1.233200,D
174221658,EUR/USD,2005-08-05 09:19:19.000,1.233000,1.233300,D
174221666,EUR/USD,2005-08-05 09:19:21.000,1.233100,1.233400,D
174221689,EUR/USD,2005-08-05 09:19:23.000,1.233000,1.233300,D
174221710,EUR/USD,2005-08-05 09:19:27.000,1.233100,1.233400,D
174221737,EUR/USD,2005-08-05 09:19:30.000,1.233000,1.233300,D
174221740,EUR/USD,2005-08-05 09:19:31.000,1.233100,1.233400,D
174221752,EUR/USD,2005-08-05 09:19:33.000,1.233200,1.233500,D
174221764,EUR/USD,2005-08-05 09:19:34.000,1.233300,1.233600,D
174221794,EUR/USD,2005-08-05 09:19:37.000,1.233200,1.233500,D
174221797,EUR/USD,2005-08-05 09:19:38.000,1.233300,1.233600,D
174221819,EUR/USD,2005-08-05 09:19:41.000,1.233200,1.233500,D
174221853,EUR/USD,2005-08-05 09:19:46.000,1.233100,1.233400,D
174221865,EUR/USD,2005-08-05 09:19:48.000,1.233200,1.233500,D
174221878,EUR/USD,2005-08-05 09:19:52.000,1.233100,1.233400,D
174221915,EUR/USD,2005-08-05 09:20:01.000,1.233000,1.233300,D
174221919,EUR/USD,2005-08-05 09:20:03.000,1.232900,1.233200,D
174221929,EUR/USD,2005-08-05 09:20:06.000,1.233000,1.233300,D
174221949,EUR/USD,2005-08-05 09:20:15.000,1.233100,1.233400,D
174221958,EUR/USD,2005-08-05 09:20:17.000,1.233000,1.233300,D
174221968,EUR/USD,2005-08-05 09:20:20.000,1.233100,1.233400,D
174221974,EUR/USD,2005-08-05 09:20:21.000,1.233000,1.233300,D
174222016,EUR/USD,2005-08-05 09:20:30.000,1.233100,1.233400,D
174222063,EUR/USD,2005-08-05 09:20:38.000,1.233200,1.233500,D
174222108,EUR/USD,2005-08-05 09:20:44.000,1.233100,1.233400,D
174222120,EUR/USD,2005-08-05 09:20:45.000,1.233200,1.233500,D
174222142,EUR/USD,2005-08-05 09:20:49.000,1.233100,1.233400,D
174222148,EUR/USD,2005-08-05 09:20:49.000,1.233000,1.233300,D
174222162,EUR/USD,2005-08-05 09:20:51.000,1.233100,1.233400,D
174222175,EUR/USD,2005-08-05 09:20:53.000,1.233000,1.233300,D
174222185,EUR/USD,2005-08-05 09:20:54.000,1.233100,1.233400,D
174222195,EUR/USD,2005-08-05 09:20:55.000,1.233200,1.233500,D
174222211,EUR/USD,2005-08-05 09:20:58.000,1.233100,1.233400,D
174222259,EUR/USD,2005-08-05 09:21:08.000,1.233000,1.233300,D
174222292,EUR/USD,2005-08-05 09:21:18.000,1.233100,1.233400,D
174222308,EUR/USD,2005-08-05 09:21:21.000,1.233000,1.233300,D
174222323,EUR/USD,2005-08-05 09:21:33.000,1.233100,1.233400,D
174222327,EUR/USD,2005-08-05 09:21:33.000,1.233000,1.233300,D
174222336,EUR/USD,2005-08-05 09:21:35.000,1.233100,1.233400,D
174222353,EUR/USD,2005-08-05 09:21:38.000,1.233000,1.233300,D
174222356,EUR/USD,2005-08-05 09:21:38.000,1.233100,1.233400,D
174222376,EUR/USD,2005-08-05 09:21:42.000,1.233000,1.233300,D
174222403,EUR/USD,2005-08-05 09:21:49.000,1.232900,1.233200,D
174222421,EUR/USD,2005-08-05 09:21:56.000,1.232800,1.233100,D
174222430,EUR/USD,2005-08-05 09:21:56.000,1.232900,1.233200,D
174222467,EUR/USD,2005-08-05 09:22:01.000,1.232800,1.233100,D
174222482,EUR/USD,2005-08-05 09:22:06.000,1.232900,1.233200,D
174222487,EUR/USD,2005-08-05 09:22:07.000,1.232800,1.233100,D
174222545,EUR/USD,2005-08-05 09:22:26.000,1.232900,1.233200,D
174222560,EUR/USD,2005-08-05 09:22:29.000,1.233000,1.233300,D
174222591,EUR/USD,2005-08-05 09:22:34.000,1.233100,1.233400,D
174222607,EUR/USD,2005-08-05 09:22:35.000,1.233200,1.233500,D
174222619,EUR/USD,2005-08-05 09:22:36.000,1.233100,1.233400,D
174222660,EUR/USD,2005-08-05 09:22:44.000,1.233200,1.233500,D
174222673,EUR/USD,2005-08-05 09:22:52.000,1.233300,1.233600,D
174222685,EUR/USD,2005-08-05 09:22:54.000,1.233200,1.233500,D
174222722,EUR/USD,2005-08-05 09:23:04.000,1.233300,1.233600,D
174222730,EUR/USD,2005-08-05 09:23:05.000,1.233200,1.233500,D
174222757,EUR/USD,2005-08-05 09:23:13.000,1.233300,1.233600,D
174222766,EUR/USD,2005-08-05 09:23:18.000,1.233400,1.233700,D
174222833,EUR/USD,2005-08-05 09:23:37.000,1.233300,1.233600,D
174222861,EUR/USD,2005-08-05 09:23:44.000,1.233200,1.233500,D
174222865,EUR/USD,2005-08-05 09:23:45.000,1.233300,1.233600,D
174222868,EUR/USD,2005-08-05 09:23:46.000,1.233200,1.233500,D
174222883,EUR/USD,2005-08-05 09:23:59.000,1.233300,1.233600,D
174222887,EUR/USD,2005-08-05 09:24:00.000,1.233200,1.233500,D
174222891,EUR/USD,2005-08-05 09:24:00.000,1.233300,1.233600,D
174222908,EUR/USD,2005-08-05 09:24:02.000,1.233200,1.233500,D
174222912,EUR/USD,2005-08-05 09:24:02.000,1.233300,1.233600,D
174222922,EUR/USD,2005-08-05 09:24:03.000,1.233400,1.233700,D
174222936,EUR/USD,2005-08-05 09:24:05.000,1.233300,1.233600,D
174223015,EUR/USD,2005-08-05 09:24:29.000,1.233200,1.233500,D
174223038,EUR/USD,2005-08-05 09:24:35.000,1.233100,1.233400,D
174223047,EUR/USD,2005-08-05 09:24:37.000,1.233200,1.233500,D
174223060,EUR/USD,2005-08-05 09:24:38.000,1.233100,1.233400,D
174223066,EUR/USD,2005-08-05 09:24:39.000,1.233200,1.233500,D
174223085,EUR/USD,2005-08-05 09:24:43.000,1.233100,1.233400,D
174223156,EUR/USD,2005-08-05 09:25:05.000,1.233000,1.233300,D
174223170,EUR/USD,2005-08-05 09:25:10.000,1.233100,1.233400,D
174223174,EUR/USD,2005-08-05 09:25:10.000,1.233000,1.233300,D
174223206,EUR/USD,2005-08-05 09:25:15.000,1.233100,1.233400,D
174223236,EUR/USD,2005-08-05 09:25:20.000,1.233000,1.233300,D
174223264,EUR/USD,2005-08-05 09:25:26.000,1.233100,1.233400,D
174223275,EUR/USD,2005-08-05 09:25:32.000,1.233200,1.233500,D
174223278,EUR/USD,2005-08-05 09:25:33.000,1.233100,1.233400,D
174223283,EUR/USD,2005-08-05 09:25:34.000,1.233200,1.233500,D
174223310,EUR/USD,2005-08-05 09:25:40.000,1.233300,1.233600,D
174223319,EUR/USD,2005-08-05 09:25:42.000,1.233400,1.233700,D
174223327,EUR/USD,2005-08-05 09:25:45.000,1.233300,1.233600,D
174223358,EUR/USD,2005-08-05 09:25:53.000,1.233400,1.233700,D
174223388,EUR/USD,2005-08-05 09:26:00.000,1.233300,1.233600,D
174223396,EUR/USD,2005-08-05 09:26:01.000,1.233400,1.233700,D
174223412,EUR/USD,2005-08-05 09:26:05.000,1.233300,1.233600,D
174223414,EUR/USD,2005-08-05 09:26:06.000,1.233400,1.233700,D
174223465,EUR/USD,2005-08-05 09:26:17.000,1.233500,1.233800,D
174223475,EUR/USD,2005-08-05 09:26:19.000,1.233600,1.233900,D
174223483,EUR/USD,2005-08-05 09:26:20.000,1.233500,1.233800,D
174223496,EUR/USD,2005-08-05 09:26:23.000,1.233600,1.233900,D
174223501,EUR/USD,2005-08-05 09:26:25.000,1.233500,1.233800,D
174223522,EUR/USD,2005-08-05 09:26:29.000,1.233600,1.233900,D
174223538,EUR/USD,2005-08-05 09:26:36.000,1.233500,1.233800,D
174223557,EUR/USD,2005-08-05 09:26:42.000,1.233400,1.233700,D
174223567,EUR/USD,2005-08-05 09:26:45.000,1.233300,1.233600,D
174223593,EUR/USD,2005-08-05 09:26:50.000,1.233200,1.233500,D
174223642,EUR/USD,2005-08-05 09:27:02.000,1.233300,1.233600,D
174223663,EUR/USD,2005-08-05 09:27:05.000,1.233400,1.233700,D
174223679,EUR/USD,2005-08-05 09:27:09.000,1.233500,1.233800,D
174223708,EUR/USD,2005-08-05 09:27:13.000,1.233600,1.233900,D
174223723,EUR/USD,2005-08-05 09:27:16.000,1.233700,1.234000,D
174223731,EUR/USD,2005-08-05 09:27:18.000,1.233800,1.234100,D
174223793,EUR/USD,2005-08-05 09:27:33.000,1.233900,1.234200,D
174223802,EUR/USD,2005-08-05 09:27:34.000,1.234000,1.234300,D
174223852,EUR/USD,2005-08-05 09:27:40.000,1.234100,1.234400,D
174223875,EUR/USD,2005-08-05 09:27:43.000,1.234200,1.234500,D
174223966,EUR/USD,2005-08-05 09:27:57.000,1.234100,1.234400,D
174223985,EUR/USD,2005-08-05 09:28:02.000,1.234200,1.234500,D
174223997,EUR/USD,2005-08-05 09:28:04.000,1.234100,1.234400,D
174224001,EUR/USD,2005-08-05 09:28:05.000,1.234200,1.234500,D
174224027,EUR/USD,2005-08-05 09:28:09.000,1.234300,1.234600,D
174224041,EUR/USD,2005-08-05 09:28:12.000,1.234400,1.234700,D
174224052,EUR/USD,2005-08-05 09:28:13.000,1.234300,1.234600,D
174224081,EUR/USD,2005-08-05 09:28:17.000,1.234500,1.234800,D
174224095,EUR/USD,2005-08-05 09:28:20.000,1.234600,1.234900,D
174224111,EUR/USD,2005-08-05 09:28:22.000,1.234700,1.235000,D
174224120,EUR/USD,2005-08-05 09:28:23.000,1.234800,1.235100,D
174224133,EUR/USD,2005-08-05 09:28:24.000,1.234900,1.235200,D
174224142,EUR/USD,2005-08-05 09:28:25.000,1.235000,1.235300,D
174224177,EUR/USD,2005-08-05 09:28:30.000,1.234900,1.235200,D
174224207,EUR/USD,2005-08-05 09:28:33.000,1.234800,1.235100,D
174224211,EUR/USD,2005-08-05 09:28:34.000,1.234900,1.235200,D
174224212,EUR/USD,2005-08-05 09:28:34.000,1.234800,1.235100,D
174224215,EUR/USD,2005-08-05 09:28:35.000,1.234900,1.235200,D
174224220,EUR/USD,2005-08-05 09:28:36.000,1.234800,1.235100,D
174224238,EUR/USD,2005-08-05 09:28:38.000,1.234900,1.235200,D
174224241,EUR/USD,2005-08-05 09:28:38.000,1.234800,1.235100,D
174224253,EUR/USD,2005-08-05 09:28:40.000,1.234900,1.235200,D
174224262,EUR/USD,2005-08-05 09:28:41.000,1.235000,1.235300,D
174224268,EUR/USD,2005-08-05 09:28:41.000,1.234900,1.235200,D
174224305,EUR/USD,2005-08-05 09:28:46.000,1.234800,1.235100,D
174224308,EUR/USD,2005-08-05 09:28:47.000,1.234900,1.235200,D
174224318,EUR/USD,2005-08-05 09:28:49.000,1.234800,1.235100,D
174224325,EUR/USD,2005-08-05 09:28:50.000,1.234700,1.235000,D
174224342,EUR/USD,2005-08-05 09:28:53.000,1.234800,1.235100,D
174224358,EUR/USD,2005-08-05 09:28:57.000,1.234900,1.235200,D
174224364,EUR/USD,2005-08-05 09:28:57.000,1.234800,1.235100,D
174224418,EUR/USD,2005-08-05 09:29:07.000,1.234900,1.235200,D
174224430,EUR/USD,2005-08-05 09:29:08.000,1.235000,1.235300,D
174224445,EUR/USD,2005-08-05 09:29:10.000,1.235100,1.235400,D
174224467,EUR/USD,2005-08-05 09:29:11.000,1.235200,1.235400,D
174224471,EUR/USD,2005-08-05 09:29:12.000,1.235100,1.235400,D
174224485,EUR/USD,2005-08-05 09:29:13.000,1.235200,1.235400,D
174224493,EUR/USD,2005-08-05 09:29:14.000,1.235100,1.235400,D
174224504,EUR/USD,2005-08-05 09:29:15.000,1.235300,1.235400,D
174224514,EUR/USD,2005-08-05 09:29:16.000,1.235300,1.235500,D
174224533,EUR/USD,2005-08-05 09:29:18.000,1.235500,1.235800,D
174224593,EUR/USD,2005-08-05 09:29:25.000,1.235400,1.235700,D
174224605,EUR/USD,2005-08-05 09:29:27.000,1.235300,1.235600,D
174224620,EUR/USD,2005-08-05 09:29:28.000,1.235400,1.235700,D
174224624,EUR/USD,2005-08-05 09:29:29.000,1.235500,1.235800,D
174224643,EUR/USD,2005-08-05 09:29:30.000,1.235700,1.236000,D
174224646,EUR/USD,2005-08-05 09:29:31.000,1.235600,1.235900,D
174224649,EUR/USD,2005-08-05 09:29:32.000,1.235500,1.235800,D
174224662,EUR/USD,2005-08-05 09:29:33.000,1.235600,1.235900,D
174224698,EUR/USD,2005-08-05 09:29:39.000,1.235500,1.235800,D
174224718,EUR/USD,2005-08-05 09:29:41.000,1.235400,1.235700,D
174224726,EUR/USD,2005-08-05 09:29:42.000,1.235300,1.235600,D
174224732,EUR/USD,2005-08-05 09:29:42.000,1.235400,1.235700,D
174224775,EUR/USD,2005-08-05 09:29:46.000,1.235300,1.235600,D
174224790,EUR/USD,2005-08-05 09:29:48.000,1.235400,1.235700,D
174224796,EUR/USD,2005-08-05 09:29:48.000,1.235300,1.235600,D
174224872,EUR/USD,2005-08-05 09:30:00.000,1.235400,1.235700,D
174224882,EUR/USD,2005-08-05 09:30:02.000,1.235300,1.235600,D
174224887,EUR/USD,2005-08-05 09:30:02.000,1.235400,1.235700,D
174224907,EUR/USD,2005-08-05 09:30:05.000,1.235500,1.235800,D
174224936,EUR/USD,2005-08-05 09:30:09.000,1.235600,1.235900,D
174224937,EUR/USD,2005-08-05 09:30:10.000,1.235500,1.235800,D
174224939,EUR/USD,2005-08-05 09:30:10.000,1.235600,1.235900,D
174224951,EUR/USD,2005-08-05 09:30:12.000,1.235700,1.236000,D
174224979,EUR/USD,2005-08-05 09:30:14.000,1.235800,1.236100,D
174224999,EUR/USD,2005-08-05 09:30:16.000,1.235700,1.236000,D
174225006,EUR/USD,2005-08-05 09:30:17.000,1.235800,1.236100,D
174225016,EUR/USD,2005-08-05 09:30:17.000,1.235700,1.236000,D
174225023,EUR/USD,2005-08-05 09:30:18.000,1.235800,1.236100,D
174225036,EUR/USD,2005-08-05 09:30:19.000,1.235900,1.236200,D
174225047,EUR/USD,2005-08-05 09:30:19.000,1.236000,1.236300,D
174225052,EUR/USD,2005-08-05 09:30:20.000,1.236100,1.236400,D
174225072,EUR/USD,2005-08-05 09:30:21.000,1.236000,1.236300,D
174225089,EUR/USD,2005-08-05 09:30:22.000,1.235900,1.236200,D
174225104,EUR/USD,2005-08-05 09:30:25.000,1.235800,1.236100,D
174225111,EUR/USD,2005-08-05 09:30:26.000,1.235900,1.236200,D
174225112,EUR/USD,2005-08-05 09:30:26.000,1.235800,1.236100,D
174225138,EUR/USD,2005-08-05 09:30:29.000,1.235700,1.236000,D
174225161,EUR/USD,2005-08-05 09:30:31.000,1.235600,1.235900,D
174225166,EUR/USD,2005-08-05 09:30:32.000,1.235500,1.235800,D
174225174,EUR/USD,2005-08-05 09:30:33.000,1.235600,1.235900,D
174225204,EUR/USD,2005-08-05 09:30:37.000,1.235500,1.235800,D
174225217,EUR/USD,2005-08-05 09:30:38.000,1.235600,1.235900,D
174225237,EUR/USD,2005-08-05 09:30:40.000,1.235500,1.235800,D
174225267,EUR/USD,2005-08-05 09:30:46.000,1.235400,1.235700,D
174225272,EUR/USD,2005-08-05 09:30:46.000,1.235500,1.235800,D
174225277,EUR/USD,2005-08-05 09:30:47.000,1.235400,1.235700,D
174225288,EUR/USD,2005-08-05 09:30:49.000,1.235500,1.235800,D
174225319,EUR/USD,2005-08-05 09:30:54.000,1.235400,1.235700,D
174225331,EUR/USD,2005-08-05 09:30:56.000,1.235300,1.235600,D
174225364,EUR/USD,2005-08-05 09:31:07.000,1.235400,1.235700,D
174225373,EUR/USD,2005-08-05 09:31:09.000,1.235300,1.235600,D
174225393,EUR/USD,2005-08-05 09:31:11.000,1.235200,1.235500,D
174225451,EUR/USD,2005-08-05 09:31:27.000,1.235300,1.235600,D
174225467,EUR/USD,2005-08-05 09:31:30.000,1.235400,1.235700,D
174225481,EUR/USD,2005-08-05 09:31:36.000,1.235500,1.235800,D
174225489,EUR/USD,2005-08-05 09:31:37.000,1.235400,1.235700,D
174225533,EUR/USD,2005-08-05 09:31:46.000,1.235300,1.235600,D
174225542,EUR/USD,2005-08-05 09:31:50.000,1.235400,1.235700,D
174225566,EUR/USD,2005-08-05 09:31:56.000,1.235300,1.235600,D
174225576,EUR/USD,2005-08-05 09:31:58.000,1.235400,1.235700,D
174225588,EUR/USD,2005-08-05 09:32:02.000,1.235300,1.235600,D
174225601,EUR/USD,2005-08-05 09:32:06.000,1.235200,1.235500,D
174225635,EUR/USD,2005-08-05 09:32:13.000,1.235300,1.235600,D
174225646,EUR/USD,2005-08-05 09:32:17.000,1.235400,1.235700,D
174225664,EUR/USD,2005-08-05 09:32:20.000,1.235300,1.235600,D
174225681,EUR/USD,2005-08-05 09:32:32.000,1.235200,1.235500,D
174225693,EUR/USD,2005-08-05 09:32:36.000,1.235100,1.235400,D
174225727,EUR/USD,2005-08-05 09:32:44.000,1.235000,1.235300,D
174225743,EUR/USD,2005-08-05 09:32:46.000,1.234900,1.235200,D
174225756,EUR/USD,2005-08-05 09:32:48.000,1.234800,1.235100,D
174225763,EUR/USD,2005-08-05 09:32:49.000,1.234900,1.235200,D
174225783,EUR/USD,2005-08-05 09:32:50.000,1.235000,1.235300,D
174225817,EUR/USD,2005-08-05 09:32:55.000,1.234900,1.235200,D
174225838,EUR/USD,2005-08-05 09:32:57.000,1.234800,1.235100,D
174225853,EUR/USD,2005-08-05 09:32:58.000,1.234900,1.235200,D
174225855,EUR/USD,2005-08-05 09:32:59.000,1.234800,1.235100,D
174225868,EUR/USD,2005-08-05 09:32:59.000,1.234900,1.235200,D
174225907,EUR/USD,2005-08-05 09:33:03.000,1.235000,1.235300,D
174225918,EUR/USD,2005-08-05 09:33:04.000,1.235100,1.235400,D
174225937,EUR/USD,2005-08-05 09:33:06.000,1.235200,1.235500,D
174225944,EUR/USD,2005-08-05 09:33:07.000,1.235300,1.235600,D
174225963,EUR/USD,2005-08-05 09:33:10.000,1.235200,1.235500,D
174225974,EUR/USD,2005-08-05 09:33:11.000,1.235100,1.235400,D
174226003,EUR/USD,2005-08-05 09:33:14.000,1.235000,1.235300,D
174226020,EUR/USD,2005-08-05 09:33:16.000,1.234900,1.235200,D
174226031,EUR/USD,2005-08-05 09:33:17.000,1.235000,1.235300,D
174226039,EUR/USD,2005-08-05 09:33:19.000,1.235100,1.235400,D
174226064,EUR/USD,2005-08-05 09:33:24.000,1.235200,1.235500,D
174226089,EUR/USD,2005-08-05 09:33:33.000,1.235100,1.235400,D
174226110,EUR/USD,2005-08-05 09:33:38.000,1.235000,1.235300,D
174226135,EUR/USD,2005-08-05 09:33:41.000,1.235100,1.235400,D
174226151,EUR/USD,2005-08-05 09:33:45.000,1.235200,1.235500,D
174226162,EUR/USD,2005-08-05 09:33:47.000,1.235100,1.235400,D
174226167,EUR/USD,2005-08-05 09:33:47.000,1.235200,1.235500,D
174226192,EUR/USD,2005-08-05 09:33:53.000,1.235300,1.235600,D
174226223,EUR/USD,2005-08-05 09:34:03.000,1.235200,1.235500,D
174226263,EUR/USD,2005-08-05 09:34:10.000,1.235100,1.235400,D
174226296,EUR/USD,2005-08-05 09:34:18.000,1.235000,1.235300,D
174226345,EUR/USD,2005-08-05 09:34:27.000,1.234900,1.235200,D
174226361,EUR/USD,2005-08-05 09:34:30.000,1.234800,1.235100,D
174226368,EUR/USD,2005-08-05 09:34:30.000,1.235000,1.235300,D
174226406,EUR/USD,2005-08-05 09:34:35.000,1.235100,1.235400,D
174226445,EUR/USD,2005-08-05 09:34:41.000,1.235000,1.235300,D
174226471,EUR/USD,2005-08-05 09:34:48.000,1.234900,1.235200,D
174226473,EUR/USD,2005-08-05 09:34:48.000,1.235000,1.235300,D
174226511,EUR/USD,2005-08-05 09:34:55.000,1.235100,1.235400,D
174226534,EUR/USD,2005-08-05 09:34:59.000,1.235200,1.235500,D
174226548,EUR/USD,2005-08-05 09:35:01.000,1.235100,1.235400,D
174226557,EUR/USD,2005-08-05 09:35:02.000,1.235200,1.235500,D
174226612,EUR/USD,2005-08-05 09:35:17.000,1.235300,1.235600,D
174226620,EUR/USD,2005-08-05 09:35:19.000,1.235400,1.235700,D
174226634,EUR/USD,2005-08-05 09:35:20.000,1.235500,1.235800,D
174226657,EUR/USD,2005-08-05 09:35:26.000,1.235400,1.235700,D
174226661,EUR/USD,2005-08-05 09:35:27.000,1.235500,1.235800,D
174226666,EUR/USD,2005-08-05 09:35:27.000,1.235400,1.235700,D
174226677,EUR/USD,2005-08-05 09:35:29.000,1.235500,1.235800,D
174226711,EUR/USD,2005-08-05 09:35:37.000,1.235600,1.235900,D
174226734,EUR/USD,2005-08-05 09:35:42.000,1.235500,1.235800,D
174226743,EUR/USD,2005-08-05 09:35:43.000,1.235600,1.235900,D
174226762,EUR/USD,2005-08-05 09:35:46.000,1.235500,1.235800,D
174226775,EUR/USD,2005-08-05 09:35:48.000,1.235400,1.235700,D
174226779,EUR/USD,2005-08-05 09:35:49.000,1.235500,1.235800,D
174226784,EUR/USD,2005-08-05 09:35:50.000,1.235600,1.235900,D
174226787,EUR/USD,2005-08-05 09:35:50.000,1.235500,1.235800,D
174226789,EUR/USD,2005-08-05 09:35:51.000,1.235600,1.235900,D
174226792,EUR/USD,2005-08-05 09:35:51.000,1.235500,1.235800,D
174226803,EUR/USD,2005-08-05 09:35:52.000,1.235400,1.235700,D
174226811,EUR/USD,2005-08-05 09:35:53.000,1.235500,1.235800,D
174226816,EUR/USD,2005-08-05 09:35:54.000,1.235600,1.235900,D
174226820,EUR/USD,2005-08-05 09:35:55.000,1.235500,1.235800,D
174226823,EUR/USD,2005-08-05 09:35:55.000,1.235400,1.235700,D
174226831,EUR/USD,2005-08-05 09:35:56.000,1.235500,1.235800,D
174226846,EUR/USD,2005-08-05 09:35:58.000,1.235600,1.235900,D
174226851,EUR/USD,2005-08-05 09:35:58.000,1.235500,1.235800,D
174226874,EUR/USD,2005-08-05 09:36:00.000,1.235600,1.235900,D
174226880,EUR/USD,2005-08-05 09:36:01.000,1.235500,1.235800,D
174226889,EUR/USD,2005-08-05 09:36:04.000,1.235600,1.235900,D
174226893,EUR/USD,2005-08-05 09:36:06.000,1.235500,1.235800,D
174226922,EUR/USD,2005-08-05 09:36:14.000,1.235600,1.235900,D
174226935,EUR/USD,2005-08-05 09:36:17.000,1.235700,1.236000,D
174226937,EUR/USD,2005-08-05 09:36:17.000,1.235600,1.235900,D
174226944,EUR/USD,2005-08-05 09:36:18.000,1.235500,1.235800,D
174226967,EUR/USD,2005-08-05 09:36:29.000,1.235400,1.235700,D
174227006,EUR/USD,2005-08-05 09:36:40.000,1.235500,1.235800,D
174227031,EUR/USD,2005-08-05 09:36:44.000,1.235400,1.235700,D
174227042,EUR/USD,2005-08-05 09:36:49.000,1.235500,1.235800,D
174227044,EUR/USD,2005-08-05 09:36:49.000,1.235400,1.235700,D
174227084,EUR/USD,2005-08-05 09:37:10.000,1.235300,1.235600,D
174227090,EUR/USD,2005-08-05 09:37:11.000,1.235400,1.235700,D
174227117,EUR/USD,2005-08-05 09:37:20.000,1.235500,1.235800,D
174227135,EUR/USD,2005-08-05 09:37:23.000,1.235400,1.235700,D
174227139,EUR/USD,2005-08-05 09:37:24.000,1.235500,1.235800,D
174227145,EUR/USD,2005-08-05 09:37:25.000,1.235600,1.235900,D
174227156,EUR/USD,2005-08-05 09:37:28.000,1.235700,1.236000,D
174227182,EUR/USD,2005-08-05 09:37:30.000,1.235800,1.236100,D
174227192,EUR/USD,2005-08-05 09:37:32.000,1.235700,1.236000,D
174227211,EUR/USD,2005-08-05 09:37:34.000,1.235800,1.236100,D
174227218,EUR/USD,2005-08-05 09:37:34.000,1.235700,1.236000,D
174227228,EUR/USD,2005-08-05 09:37:36.000,1.235800,1.236100,D
174227231,EUR/USD,2005-08-05 09:37:36.000,1.235700,1.236000,D
174227243,EUR/USD,2005-08-05 09:37:37.000,1.235600,1.235900,D
174227264,EUR/USD,2005-08-05 09:37:41.000,1.235700,1.236000,D
174227305,EUR/USD,2005-08-05 09:37:58.000,1.235600,1.235900,D
174227308,EUR/USD,2005-08-05 09:37:58.000,1.235700,1.236000,D
174227318,EUR/USD,2005-08-05 09:38:00.000,1.235800,1.236100,D
174227319,EUR/USD,2005-08-05 09:38:00.000,1.235700,1.236000,D
174227322,EUR/USD,2005-08-05 09:38:01.000,1.235800,1.236100,D
174227338,EUR/USD,2005-08-05 09:38:03.000,1.235900,1.236200,D
174227351,EUR/USD,2005-08-05 09:38:05.000,1.236000,1.236300,D
174227376,EUR/USD,2005-08-05 09:38:08.000,1.235900,1.236200,D
174227394,EUR/USD,2005-08-05 09:38:10.000,1.235800,1.236100,D
174227420,EUR/USD,2005-08-05 09:38:13.000,1.235700,1.236000,D
174227436,EUR/USD,2005-08-05 09:38:16.000,1.235800,1.236100,D
174227449,EUR/USD,2005-08-05 09:38:18.000,1.235900,1.236200,D
174227464,EUR/USD,2005-08-05 09:38:24.000,1.236000,1.236300,D
174227488,EUR/USD,2005-08-05 09:38:27.000,1.235900,1.236200,D
174227499,EUR/USD,2005-08-05 09:38:28.000,1.236000,1.236300,D
174227517,EUR/USD,2005-08-05 09:38:30.000,1.235900,1.236200,D
174227536,EUR/USD,2005-08-05 09:38:34.000,1.235800,1.236100,D
174227557,EUR/USD,2005-08-05 09:38:37.000,1.235900,1.236200,D
174227586,EUR/USD,2005-08-05 09:38:42.000,1.236000,1.236300,D
174227599,EUR/USD,2005-08-05 09:38:45.000,1.236100,1.236400,D
174227629,EUR/USD,2005-08-05 09:38:50.000,1.236200,1.236500,D
174227667,EUR/USD,2005-08-05 09:38:56.000,1.236100,1.236400,D
174227692,EUR/USD,2005-08-05 09:39:03.000,1.236000,1.236300,D
174227717,EUR/USD,2005-08-05 09:39:08.000,1.236100,1.236400,D
174227722,EUR/USD,2005-08-05 09:39:09.000,1.236200,1.236500,D
174227732,EUR/USD,2005-08-05 09:39:12.000,1.236100,1.236400,D
174227738,EUR/USD,2005-08-05 09:39:13.000,1.236000,1.236300,D
174227753,EUR/USD,2005-08-05 09:39:17.000,1.236100,1.236400,D
174227756,EUR/USD,2005-08-05 09:39:18.000,1.236000,1.236300,D
174227776,EUR/USD,2005-08-05 09:39:25.000,1.235900,1.236200,D
174227797,EUR/USD,2005-08-05 09:39:28.000,1.236000,1.236300,D
174227816,EUR/USD,2005-08-05 09:39:31.000,1.236100,1.236400,D
174227827,EUR/USD,2005-08-05 09:39:34.000,1.236000,1.236300,D
174227850,EUR/USD,2005-08-05 09:39:36.000,1.235900,1.236200,D
174227880,EUR/USD,2005-08-05 09:39:45.000,1.236000,1.236300,D
174227889,EUR/USD,2005-08-05 09:39:47.000,1.235900,1.236200,D
174227901,EUR/USD,2005-08-05 09:39:50.000,1.236000,1.236300,D
174227904,EUR/USD,2005-08-05 09:39:51.000,1.235900,1.236200,D
174227930,EUR/USD,2005-08-05 09:39:56.000,1.235800,1.236100,D
174227964,EUR/USD,2005-08-05 09:40:05.000,1.235700,1.236000,D
174227975,EUR/USD,2005-08-05 09:40:06.000,1.235600,1.235900,D
174227980,EUR/USD,2005-08-05 09:40:07.000,1.235700,1.236000,D
174227995,EUR/USD,2005-08-05 09:40:10.000,1.235600,1.235900,D
174228011,EUR/USD,2005-08-05 09:40:12.000,1.235700,1.236000,D
174228018,EUR/USD,2005-08-05 09:40:13.000,1.235600,1.235900,D
174228030,EUR/USD,2005-08-05 09:40:15.000,1.235700,1.236000,D
174228056,EUR/USD,2005-08-05 09:40:20.000,1.235600,1.235900,D
174228063,EUR/USD,2005-08-05 09:40:22.000,1.235700,1.236000,D
174228068,EUR/USD,2005-08-05 09:40:25.000,1.235600,1.235900,D
174228096,EUR/USD,2005-08-05 09:40:30.000,1.235700,1.236000,D
174228099,EUR/USD,2005-08-05 09:40:30.000,1.235600,1.235900,D
174228111,EUR/USD,2005-08-05 09:40:35.000,1.235700,1.236000,D
174228114,EUR/USD,2005-08-05 09:40:35.000,1.235600,1.235900,D
174228142,EUR/USD,2005-08-05 09:40:43.000,1.235700,1.236000,D
174228144,EUR/USD,2005-08-05 09:40:43.000,1.235600,1.235900,D
174228171,EUR/USD,2005-08-05 09:40:47.000,1.235500,1.235800,D
174228185,EUR/USD,2005-08-05 09:40:49.000,1.235600,1.235900,D
174228193,EUR/USD,2005-08-05 09:40:50.000,1.235500,1.235800,D
174228206,EUR/USD,2005-08-05 09:40:51.000,1.235600,1.235900,D
174228222,EUR/USD,2005-08-05 09:40:53.000,1.235500,1.235800,D
174228245,EUR/USD,2005-08-05 09:41:04.000,1.235600,1.235900,D
174228259,EUR/USD,2005-08-05 09:41:09.000,1.235500,1.235800,D
174228283,EUR/USD,2005-08-05 09:41:17.000,1.235600,1.235900,D
174228306,EUR/USD,2005-08-05 09:41:21.000,1.235500,1.235800,D
174228335,EUR/USD,2005-08-05 09:41:30.000,1.235600,1.235900,D
174228346,EUR/USD,2005-08-05 09:41:34.000,1.235700,1.236000,D
174228364,EUR/USD,2005-08-05 09:41:40.000,1.235800,1.236100,D
174228392,EUR/USD,2005-08-05 09:41:43.000,1.235900,1.236200,D
174228413,EUR/USD,2005-08-05 09:41:48.000,1.235800,1.236100,D
174228419,EUR/USD,2005-08-05 09:41:50.000,1.235700,1.236000,D
174228445,EUR/USD,2005-08-05 09:41:54.000,1.235600,1.235900,D
174228468,EUR/USD,2005-08-05 09:41:57.000,1.235700,1.236000,D
174228480,EUR/USD,2005-08-05 09:41:58.000,1.235600,1.235900,D
174228502,EUR/USD,2005-08-05 09:42:04.000,1.235500,1.235800,D
174228529,EUR/USD,2005-08-05 09:42:15.000,1.235400,1.235700,D
174228580,EUR/USD,2005-08-05 09:42:24.000,1.235500,1.235800,D
174228605,EUR/USD,2005-08-05 09:42:30.000,1.235600,1.235900,D
174228617,EUR/USD,2005-08-05 09:42:32.000,1.235700,1.236000,D
174228666,EUR/USD,2005-08-05 09:42:39.000,1.235600,1.235900,D
174228671,EUR/USD,2005-08-05 09:42:40.000,1.235700,1.236000,D
174228691,EUR/USD,2005-08-05 09:42:42.000,1.235600,1.235900,D
174228705,EUR/USD,2005-08-05 09:42:46.000,1.235500,1.235800,D
174228734,EUR/USD,2005-08-05 09:42:50.000,1.235600,1.235900,D
174228749,EUR/USD,2005-08-05 09:42:55.000,1.235500,1.235800,D
174228760,EUR/USD,2005-08-05 09:42:57.000,1.235400,1.235700,D
174228777,EUR/USD,2005-08-05 09:42:59.000,1.235500,1.235800,D
174228800,EUR/USD,2005-08-05 09:43:02.000,1.235600,1.235900,D
174228830,EUR/USD,2005-08-05 09:43:06.000,1.235700,1.236000,D
174228836,EUR/USD,2005-08-05 09:43:07.000,1.235600,1.235900,D
174228863,EUR/USD,2005-08-05 09:43:16.000,1.235500,1.235800,D
174228877,EUR/USD,2005-08-05 09:43:18.000,1.235600,1.235900,D
174228886,EUR/USD,2005-08-05 09:43:19.000,1.235500,1.235800,D
174228901,EUR/USD,2005-08-05 09:43:21.000,1.235600,1.235900,D
174228916,EUR/USD,2005-08-05 09:43:27.000,1.235500,1.235800,D
174228923,EUR/USD,2005-08-05 09:43:29.000,1.235600,1.235900,D
174228955,EUR/USD,2005-08-05 09:43:41.000,1.235700,1.236000,D
174229029,EUR/USD,2005-08-05 09:44:00.000,1.235600,1.235900,D
174229047,EUR/USD,2005-08-05 09:44:05.000,1.235500,1.235800,D
174229058,EUR/USD,2005-08-05 09:44:07.000,1.235600,1.235900,D
174229063,EUR/USD,2005-08-05 09:44:08.000,1.235500,1.235800,D
174229080,EUR/USD,2005-08-05 09:44:13.000,1.235600,1.235900,D
174229111,EUR/USD,2005-08-05 09:44:33.000,1.235500,1.235800,D
174229138,EUR/USD,2005-08-05 09:44:45.000,1.235400,1.235700,D
174229154,EUR/USD,2005-08-05 09:44:48.000,1.235500,1.235800,D
174229164,EUR/USD,2005-08-05 09:44:50.000,1.235400,1.235700,D
174229171,EUR/USD,2005-08-05 09:44:51.000,1.235500,1.235800,D
174229187,EUR/USD,2005-08-05 09:44:55.000,1.235400,1.235700,D
174229191,EUR/USD,2005-08-05 09:44:56.000,1.235500,1.235800,D
174229196,EUR/USD,2005-08-05 09:44:56.000,1.235400,1.235700,D
174229239,EUR/USD,2005-08-05 09:45:08.000,1.235500,1.235800,D
174229261,EUR/USD,2005-08-05 09:45:11.000,1.235400,1.235700,D
174229267,EUR/USD,2005-08-05 09:45:13.000,1.235500,1.235800,D
174229268,EUR/USD,2005-08-05 09:45:15.000,1.235400,1.235700,D
174229290,EUR/USD,2005-08-05 09:45:25.000,1.235500,1.235800,D
174229300,EUR/USD,2005-08-05 09:45:26.000,1.235400,1.235700,D
174229346,EUR/USD,2005-08-05 09:45:40.000,1.235300,1.235600,D
174229366,EUR/USD,2005-08-05 09:45:44.000,1.235200,1.235500,D
174229378,EUR/USD,2005-08-05 09:45:45.000,1.235300,1.235600,D
174229386,EUR/USD,2005-08-05 09:45:47.000,1.235200,1.235500,D
174229390,EUR/USD,2005-08-05 09:45:47.000,1.235100,1.235400,D
174229411,EUR/USD,2005-08-05 09:45:50.000,1.235000,1.235300,D
174229420,EUR/USD,2005-08-05 09:45:51.000,1.235100,1.235400,D
174229426,EUR/USD,2005-08-05 09:45:51.000,1.235000,1.235300,D
174229448,EUR/USD,2005-08-05 09:45:54.000,1.234900,1.235200,D
174229537,EUR/USD,2005-08-05 09:46:10.000,1.235000,1.235300,D
174229580,EUR/USD,2005-08-05 09:46:28.000,1.234900,1.235200,D
174229588,EUR/USD,2005-08-05 09:46:30.000,1.234800,1.235100,D
174229601,EUR/USD,2005-08-05 09:46:31.000,1.234700,1.235000,D
174229606,EUR/USD,2005-08-05 09:46:32.000,1.234800,1.235100,D
174229614,EUR/USD,2005-08-05 09:46:33.000,1.234700,1.235000,D
174229629,EUR/USD,2005-08-05 09:46:35.000,1.234600,1.234900,D
174229639,EUR/USD,2005-08-05 09:46:37.000,1.234700,1.235000,D
174229644,EUR/USD,2005-08-05 09:46:38.000,1.234800,1.235100,D
174229675,EUR/USD,2005-08-05 09:46:42.000,1.234700,1.235000,D
174229695,EUR/USD,2005-08-05 09:46:46.000,1.234800,1.235100,D
174229721,EUR/USD,2005-08-05 09:46:52.000,1.234900,1.235200,D
174229742,EUR/USD,2005-08-05 09:46:54.000,1.234800,1.235100,D
174229762,EUR/USD,2005-08-05 09:47:01.000,1.234900,1.235200,D
174229778,EUR/USD,2005-08-05 09:47:05.000,1.234800,1.235100,D
174229826,EUR/USD,2005-08-05 09:47:21.000,1.234900,1.235200,D
174229829,EUR/USD,2005-08-05 09:47:22.000,1.234800,1.235100,D
174229835,EUR/USD,2005-08-05 09:47:25.000,1.234900,1.235200,D
174229839,EUR/USD,2005-08-05 09:47:25.000,1.235000,1.235300,D
174229846,EUR/USD,2005-08-05 09:47:28.000,1.234900,1.235200,D
174229849,EUR/USD,2005-08-05 09:47:29.000,1.234800,1.235100,D
174229860,EUR/USD,2005-08-05 09:47:32.000,1.234700,1.235000,D
174229867,EUR/USD,2005-08-05 09:47:33.000,1.234600,1.234900,D
174229891,EUR/USD,2005-08-05 09:47:36.000,1.234500,1.234800,D
174229898,EUR/USD,2005-08-05 09:47:39.000,1.234600,1.234900,D
174229903,EUR/USD,2005-08-05 09:47:40.000,1.234500,1.234800,D
174229905,EUR/USD,2005-08-05 09:47:40.000,1.234600,1.234900,D
174229940,EUR/USD,2005-08-05 09:47:48.000,1.234500,1.234800,D
174229962,EUR/USD,2005-08-05 09:47:54.000,1.234600,1.234900,D
174229963,EUR/USD,2005-08-05 09:47:57.000,1.234500,1.234800,D
174229990,EUR/USD,2005-08-05 09:48:07.000,1.234600,1.234900,D
174229996,EUR/USD,2005-08-05 09:48:09.000,1.234500,1.234800,D
174230007,EUR/USD,2005-08-05 09:48:11.000,1.234400,1.234700,D
174230011,EUR/USD,2005-08-05 09:48:11.000,1.234300,1.234600,D
174230048,EUR/USD,2005-08-05 09:48:16.000,1.234400,1.234700,D
174230055,EUR/USD,2005-08-05 09:48:17.000,1.234300,1.234600,D
174230076,EUR/USD,2005-08-05 09:48:19.000,1.234200,1.234500,D
174230106,EUR/USD,2005-08-05 09:48:26.000,1.234100,1.234400,D
174230130,EUR/USD,2005-08-05 09:48:31.000,1.234200,1.234500,D
174230142,EUR/USD,2005-08-05 09:48:32.000,1.234100,1.234400,D
174230174,EUR/USD,2005-08-05 09:48:36.000,1.234000,1.234300,D
174230209,EUR/USD,2005-08-05 09:48:42.000,1.233900,1.234200,D
174230212,EUR/USD,2005-08-05 09:48:43.000,1.234000,1.234300,D
174230240,EUR/USD,2005-08-05 09:48:47.000,1.233900,1.234200,D
174230258,EUR/USD,2005-08-05 09:48:50.000,1.234000,1.234300,D
174230278,EUR/USD,2005-08-05 09:48:53.000,1.234100,1.234400,D
174230305,EUR/USD,2005-08-05 09:48:57.000,1.234000,1.234300,D
174230327,EUR/USD,2005-08-05 09:49:02.000,1.234100,1.234400,D
174230330,EUR/USD,2005-08-05 09:49:02.000,1.234200,1.234500,D
174230336,EUR/USD,2005-08-05 09:49:03.000,1.234100,1.234400,D
174230345,EUR/USD,2005-08-05 09:49:06.000,1.234000,1.234300,D
174230360,EUR/USD,2005-08-05 09:49:12.000,1.234100,1.234400,D
174230362,EUR/USD,2005-08-05 09:49:13.000,1.234000,1.234300,D
174230367,EUR/USD,2005-08-05 09:49:13.000,1.233900,1.234200,D
174230404,EUR/USD,2005-08-05 09:49:22.000,1.234000,1.234300,D
174230407,EUR/USD,2005-08-05 09:49:23.000,1.233900,1.234200,D
174230449,EUR/USD,2005-08-05 09:49:30.000,1.234000,1.234300,D
174230450,EUR/USD,2005-08-05 09:49:30.000,1.233900,1.234200,D
174230453,EUR/USD,2005-08-05 09:49:31.000,1.234000,1.234300,D
174230468,EUR/USD,2005-08-05 09:49:33.000,1.233900,1.234200,D
174230473,EUR/USD,2005-08-05 09:49:33.000,1.233800,1.234100,D
174230476,EUR/USD,2005-08-05 09:49:35.000,1.233900,1.234200,D
174230509,EUR/USD,2005-08-05 09:49:42.000,1.234000,1.234300,D
174230516,EUR/USD,2005-08-05 09:49:44.000,1.233900,1.234200,D
174230527,EUR/USD,2005-08-05 09:49:48.000,1.234000,1.234300,D
174230540,EUR/USD,2005-08-05 09:49:50.000,1.233900,1.234200,D
174230553,EUR/USD,2005-08-05 09:49:52.000,1.234000,1.234300,D
174230588,EUR/USD,2005-08-05 09:50:01.000,1.233900,1.234200,D
174230608,EUR/USD,2005-08-05 09:50:06.000,1.234000,1.234300,D
174230618,EUR/USD,2005-08-05 09:50:06.000,1.233900,1.234200,D
174230642,EUR/USD,2005-08-05 09:50:10.000,1.233800,1.234100,D
174230650,EUR/USD,2005-08-05 09:50:11.000,1.233700,1.234000,D
174230670,EUR/USD,2005-08-05 09:50:13.000,1.233600,1.233900,D
174230689,EUR/USD,2005-08-05 09:50:16.000,1.233700,1.234000,D
174230692,EUR/USD,2005-08-05 09:50:16.000,1.233600,1.233900,D
174230729,EUR/USD,2005-08-05 09:50:20.000,1.233700,1.234000,D
174230747,EUR/USD,2005-08-05 09:50:22.000,1.233600,1.233900,D
174230755,EUR/USD,2005-08-05 09:50:23.000,1.233700,1.234000,D
174230774,EUR/USD,2005-08-05 09:50:26.000,1.233800,1.234100,D
174230779,EUR/USD,2005-08-05 09:50:28.000,1.233700,1.234000,D
174230782,EUR/USD,2005-08-05 09:50:29.000,1.233600,1.233900,D
174230790,EUR/USD,2005-08-05 09:50:30.000,1.233700,1.234000,D
174230801,EUR/USD,2005-08-05 09:50:32.000,1.233600,1.233900,D
174230811,EUR/USD,2005-08-05 09:50:33.000,1.233700,1.234000,D
174230839,EUR/USD,2005-08-05 09:50:43.000,1.233800,1.234100,D
174230874,EUR/USD,2005-08-05 09:50:47.000,1.233700,1.234000,D
174230900,EUR/USD,2005-08-05 09:50:56.000,1.233800,1.234100,D
174230901,EUR/USD,2005-08-05 09:50:57.000,1.233900,1.234200,D
174230919,EUR/USD,2005-08-05 09:50:59.000,1.233800,1.234100,D
174230932,EUR/USD,2005-08-05 09:51:01.000,1.233900,1.234200,D
174230936,EUR/USD,2005-08-05 09:51:01.000,1.233800,1.234100,D
174230942,EUR/USD,2005-08-05 09:51:02.000,1.233900,1.234200,D
174230950,EUR/USD,2005-08-05 09:51:03.000,1.233800,1.234100,D
174230953,EUR/USD,2005-08-05 09:51:04.000,1.233700,1.234000,D
174230987,EUR/USD,2005-08-05 09:51:10.000,1.233600,1.233900,D
174230990,EUR/USD,2005-08-05 09:51:11.000,1.233700,1.234000,D
174231002,EUR/USD,2005-08-05 09:51:12.000,1.233600,1.233900,D
174231008,EUR/USD,2005-08-05 09:51:12.000,1.233500,1.233800,D
174231048,EUR/USD,2005-08-05 09:51:16.000,1.233400,1.233700,D
174231074,EUR/USD,2005-08-05 09:51:18.000,1.233500,1.233800,D
174231082,EUR/USD,2005-08-05 09:51:20.000,1.233400,1.233700,D
174231084,EUR/USD,2005-08-05 09:51:21.000,1.233500,1.233800,D
174231087,EUR/USD,2005-08-05 09:51:21.000,1.233400,1.233700,D
174231114,EUR/USD,2005-08-05 09:51:29.000,1.233300,1.233600,D
174231127,EUR/USD,2005-08-05 09:51:31.000,1.233200,1.233500,D
174231135,EUR/USD,2005-08-05 09:51:32.000,1.233100,1.233400,D
174231147,EUR/USD,2005-08-05 09:51:33.000,1.233200,1.233500,D
174231158,EUR/USD,2005-08-05 09:51:34.000,1.233100,1.233400,D
174231190,EUR/USD,2005-08-05 09:51:41.000,1.233200,1.233500,D
174231200,EUR/USD,2005-08-05 09:51:42.000,1.233100,1.233400,D
174231206,EUR/USD,2005-08-05 09:51:42.000,1.233200,1.233500,D
174231234,EUR/USD,2005-08-05 09:51:47.000,1.233100,1.233400,D
174231235,EUR/USD,2005-08-05 09:51:48.000,1.233200,1.233500,D
174231238,EUR/USD,2005-08-05 09:51:48.000,1.233100,1.233400,D
174231247,EUR/USD,2005-08-05 09:51:51.000,1.233200,1.233500,D
174231273,EUR/USD,2005-08-05 09:51:55.000,1.233300,1.233600,D
174231297,EUR/USD,2005-08-05 09:51:58.000,1.233400,1.233700,D
174231312,EUR/USD,2005-08-05 09:51:59.000,1.233300,1.233600,D
174231317,EUR/USD,2005-08-05 09:52:00.000,1.233400,1.233700,D
174231328,EUR/USD,2005-08-05 09:52:03.000,1.233500,1.233800,D
174231359,EUR/USD,2005-08-05 09:52:06.000,1.233400,1.233700,D
174231373,EUR/USD,2005-08-05 09:52:07.000,1.233300,1.233600,D
174231398,EUR/USD,2005-08-05 09:52:12.000,1.233200,1.233500,D
174231419,EUR/USD,2005-08-05 09:52:14.000,1.233100,1.233400,D
174231447,EUR/USD,2005-08-05 09:52:17.000,1.233200,1.233500,D
174231460,EUR/USD,2005-08-05 09:52:19.000,1.233100,1.233400,D
174231480,EUR/USD,2005-08-05 09:52:24.000,1.233200,1.233500,D
174231507,EUR/USD,2005-08-05 09:52:29.000,1.233300,1.233600,D
174231530,EUR/USD,2005-08-05 09:52:36.000,1.233200,1.233500,D
174231535,EUR/USD,2005-08-05 09:52:37.000,1.233300,1.233600,D
174231584,EUR/USD,2005-08-05 09:52:50.000,1.233400,1.233700,D
174231642,EUR/USD,2005-08-05 09:53:00.000,1.233300,1.233600,D
174231647,EUR/USD,2005-08-05 09:53:00.000,1.233400,1.233700,D
174231669,EUR/USD,2005-08-05 09:53:11.000,1.233300,1.233600,D
174231696,EUR/USD,2005-08-05 09:53:17.000,1.233200,1.233500,D
174231699,EUR/USD,2005-08-05 09:53:18.000,1.233300,1.233600,D
174231702,EUR/USD,2005-08-05 09:53:18.000,1.233200,1.233500,D
174231707,EUR/USD,2005-08-05 09:53:19.000,1.233100,1.233400,D
174231723,EUR/USD,2005-08-05 09:53:21.000,1.233200,1.233500,D
174231729,EUR/USD,2005-08-05 09:53:22.000,1.233100,1.233400,D
174231743,EUR/USD,2005-08-05 09:53:25.000,1.233200,1.233500,D
174231752,EUR/USD,2005-08-05 09:53:26.000,1.233100,1.233400,D
174231754,EUR/USD,2005-08-05 09:53:26.000,1.233200,1.233500,D
174231769,EUR/USD,2005-08-05 09:53:28.000,1.233100,1.233400,D
174231770,EUR/USD,2005-08-05 09:53:29.000,1.233200,1.233500,D
174231777,EUR/USD,2005-08-05 09:53:30.000,1.233100,1.233400,D
174231819,EUR/USD,2005-08-05 09:53:38.000,1.233200,1.233500,D
174231847,EUR/USD,2005-08-05 09:53:44.000,1.233300,1.233600,D
174231855,EUR/USD,2005-08-05 09:53:46.000,1.233200,1.233500,D
174231857,EUR/USD,2005-08-05 09:53:46.000,1.233300,1.233600,D
174231870,EUR/USD,2005-08-05 09:53:47.000,1.233400,1.233700,D
174231873,EUR/USD,2005-08-05 09:53:48.000,1.233300,1.233600,D
174231884,EUR/USD,2005-08-05 09:53:51.000,1.233400,1.233700,D
174231887,EUR/USD,2005-08-05 09:53:52.000,1.233300,1.233600,D
174231892,EUR/USD,2005-08-05 09:53:53.000,1.233400,1.233700,D
174231914,EUR/USD,2005-08-05 09:54:03.000,1.233500,1.233800,D
174231962,EUR/USD,2005-08-05 09:54:15.000,1.233600,1.233900,D
174231971,EUR/USD,2005-08-05 09:54:17.000,1.233500,1.233800,D
174232030,EUR/USD,2005-08-05 09:54:35.000,1.233400,1.233700,D
174232036,EUR/USD,2005-08-05 09:54:37.000,1.233500,1.233800,D
174232058,EUR/USD,2005-08-05 09:54:42.000,1.233400,1.233700,D
174232064,EUR/USD,2005-08-05 09:54:43.000,1.233300,1.233600,D
174232084,EUR/USD,2005-08-05 09:54:47.000,1.233200,1.233500,D
174232143,EUR/USD,2005-08-05 09:55:01.000,1.233100,1.233400,D
174232247,EUR/USD,2005-08-05 09:55:30.000,1.233000,1.233300,D
174232263,EUR/USD,2005-08-05 09:55:35.000,1.232900,1.233200,D
174232288,EUR/USD,2005-08-05 09:55:39.000,1.232800,1.233100,D
174232290,EUR/USD,2005-08-05 09:55:39.000,1.232900,1.233200,D
174232297,EUR/USD,2005-08-05 09:55:40.000,1.232800,1.233100,D
174232322,EUR/USD,2005-08-05 09:55:42.000,1.232700,1.233000,D
174232343,EUR/USD,2005-08-05 09:55:46.000,1.232800,1.233100,D
174232377,EUR/USD,2005-08-05 09:55:51.000,1.232900,1.233200,D
174232398,EUR/USD,2005-08-05 09:55:54.000,1.232800,1.233100,D
174232401,EUR/USD,2005-08-05 09:55:54.000,1.232900,1.233200,D
174232435,EUR/USD,2005-08-05 09:55:58.000,1.232800,1.233100,D
174232436,EUR/USD,2005-08-05 09:55:58.000,1.232900,1.233200,D
174232441,EUR/USD,2005-08-05 09:55:59.000,1.232800,1.233100,D
174232454,EUR/USD,2005-08-05 09:56:01.000,1.232700,1.233000,D
174232479,EUR/USD,2005-08-05 09:56:06.000,1.232800,1.233100,D
174232491,EUR/USD,2005-08-05 09:56:08.000,1.232700,1.233000,D
174232543,EUR/USD,2005-08-05 09:56:27.000,1.232800,1.233100,D
174232552,EUR/USD,2005-08-05 09:56:32.000,1.232900,1.233200,D
174232590,EUR/USD,2005-08-05 09:56:37.000,1.233000,1.233300,D
174232598,EUR/USD,2005-08-05 09:56:38.000,1.232900,1.233200,D
174232603,EUR/USD,2005-08-05 09:56:38.000,1.233000,1.233300,D
174232622,EUR/USD,2005-08-05 09:56:41.000,1.233100,1.233400,D
174232656,EUR/USD,2005-08-05 09:56:45.000,1.233200,1.233500,D
174232681,EUR/USD,2005-08-05 09:56:52.000,1.233300,1.233600,D
174232732,EUR/USD,2005-08-05 09:57:04.000,1.233400,1.233700,D
174232769,EUR/USD,2005-08-05 09:57:12.000,1.233500,1.233800,D
174232779,EUR/USD,2005-08-05 09:57:14.000,1.233400,1.233700,D
174232894,EUR/USD,2005-08-05 09:57:49.000,1.233300,1.233600,D
174232909,EUR/USD,2005-08-05 09:57:50.000,1.233200,1.233500,D
174232916,EUR/USD,2005-08-05 09:57:51.000,1.233300,1.233600,D
174232957,EUR/USD,2005-08-05 09:58:06.000,1.233400,1.233700,D
174232969,EUR/USD,2005-08-05 09:58:08.000,1.233500,1.233800,D
174232979,EUR/USD,2005-08-05 09:58:10.000,1.233400,1.233700,D
174232994,EUR/USD,2005-08-05 09:58:12.000,1.233500,1.233800,D
174233026,EUR/USD,2005-08-05 09:58:19.000,1.233600,1.233900,D
174233100,EUR/USD,2005-08-05 09:58:34.000,1.233500,1.233800,D
174233108,EUR/USD,2005-08-05 09:58:35.000,1.233600,1.233900,D
174233127,EUR/USD,2005-08-05 09:58:36.000,1.233500,1.233800,D
174233137,EUR/USD,2005-08-05 09:58:39.000,1.233600,1.233900,D
174233209,EUR/USD,2005-08-05 09:58:57.000,1.233700,1.234000,D
174233222,EUR/USD,2005-08-05 09:59:00.000,1.233600,1.233900,D
174233246,EUR/USD,2005-08-05 09:59:06.000,1.233500,1.233800,D
174233267,EUR/USD,2005-08-05 09:59:15.000,1.233600,1.233900,D
174233274,EUR/USD,2005-08-05 09:59:16.000,1.233500,1.233800,D
174233284,EUR/USD,2005-08-05 09:59:21.000,1.233600,1.233900,D
174233331,EUR/USD,2005-08-05 09:59:38.000,1.233700,1.234000,D
174233333,EUR/USD,2005-08-05 09:59:38.000,1.233600,1.233900,D
174233335,EUR/USD,2005-08-05 09:59:39.000,1.233700,1.234000,D
174233350,EUR/USD,2005-08-05 09:59:42.000,1.233600,1.233900,D
174233380,EUR/USD,2005-08-05 09:59:47.000,1.233700,1.234000,D
174233391,EUR/USD,2005-08-05 09:59:51.000,1.233600,1.233900,D
174233393,EUR/USD,2005-08-05 09:59:51.000,1.233700,1.234000,D
174233421,EUR/USD,2005-08-05 09:59:58.000,1.233600,1.233900,D
174233423,EUR/USD,2005-08-05 09:59:59.000,1.233700,1.234000,D
174233443,EUR/USD,2005-08-05 10:00:02.000,1.233600,1.233900,D
174233490,EUR/USD,2005-08-05 10:00:10.000,1.233700,1.234000,D
174233515,EUR/USD,2005-08-05 10:00:13.000,1.233800,1.234100,D
174233522,EUR/USD,2005-08-05 10:00:14.000,1.233900,1.234200,D
174233539,EUR/USD,2005-08-05 10:00:16.000,1.234000,1.234300,D
174233560,EUR/USD,2005-08-05 10:00:17.000,1.233900,1.234200,D
174233579,EUR/USD,2005-08-05 10:00:20.000,1.234000,1.234300,D
174233626,EUR/USD,2005-08-05 10:00:25.000,1.234100,1.234400,D
174233651,EUR/USD,2005-08-05 10:00:29.000,1.234000,1.234300,D
174233656,EUR/USD,2005-08-05 10:00:30.000,1.234100,1.234400,D
174233706,EUR/USD,2005-08-05 10:00:38.000,1.234200,1.234500,D
174233718,EUR/USD,2005-08-05 10:00:39.000,1.234100,1.234400,D
174233729,EUR/USD,2005-08-05 10:00:41.000,1.234200,1.234500,D
174233745,EUR/USD,2005-08-05 10:00:43.000,1.234300,1.234600,D
174233754,EUR/USD,2005-08-05 10:00:45.000,1.234200,1.234500,D
174233760,EUR/USD,2005-08-05 10:00:47.000,1.234300,1.234600,D
174233775,EUR/USD,2005-08-05 10:00:49.000,1.234200,1.234500,D
174233780,EUR/USD,2005-08-05 10:00:49.000,1.234300,1.234600,D
174233790,EUR/USD,2005-08-05 10:00:51.000,1.234200,1.234500,D
174233800,EUR/USD,2005-08-05 10:00:53.000,1.234300,1.234600,D
174233808,EUR/USD,2005-08-05 10:00:53.000,1.234400,1.234700,D
174233851,EUR/USD,2005-08-05 10:01:00.000,1.234300,1.234600,D
174233886,EUR/USD,2005-08-05 10:01:05.000,1.234200,1.234500,D
174233897,EUR/USD,2005-08-05 10:01:07.000,1.234300,1.234600,D
174233906,EUR/USD,2005-08-05 10:01:08.000,1.234400,1.234700,D
174233926,EUR/USD,2005-08-05 10:01:11.000,1.234500,1.234800,D
174233938,EUR/USD,2005-08-05 10:01:12.000,1.234600,1.234900,D
174233955,EUR/USD,2005-08-05 10:01:14.000,1.234700,1.235000,D
174233967,EUR/USD,2005-08-05 10:01:17.000,1.234800,1.235100,D
174233999,EUR/USD,2005-08-05 10:01:19.000,1.234700,1.235000,D
174234009,EUR/USD,2005-08-05 10:01:22.000,1.234600,1.234900,D
174234020,EUR/USD,2005-08-05 10:01:24.000,1.234700,1.235000,D
174234037,EUR/USD,2005-08-05 10:01:26.000,1.234800,1.235100,D
174234051,EUR/USD,2005-08-05 10:01:29.000,1.234900,1.235200,D
174234091,EUR/USD,2005-08-05 10:01:32.000,1.235000,1.235300,D
174234103,EUR/USD,2005-08-05 10:01:34.000,1.234900,1.235200,D
174234113,EUR/USD,2005-08-05 10:01:36.000,1.235000,1.235300,D
174234116,EUR/USD,2005-08-05 10:01:37.000,1.234900,1.235200,D
174234132,EUR/USD,2005-08-05 10:01:40.000,1.234800,1.235100,D
174234195,EUR/USD,2005-08-05 10:01:53.000,1.234900,1.235200,D
174234210,EUR/USD,2005-08-05 10:01:55.000,1.235000,1.235300,D
174234214,EUR/USD,2005-08-05 10:01:56.000,1.234900,1.235200,D
174234225,EUR/USD,2005-08-05 10:01:59.000,1.234800,1.235100,D
174234228,EUR/USD,2005-08-05 10:01:59.000,1.234900,1.235200,D
174234243,EUR/USD,2005-08-05 10:02:02.000,1.235000,1.235300,D
174234264,EUR/USD,2005-08-05 10:02:08.000,1.235100,1.235400,D
174234282,EUR/USD,2005-08-05 10:02:12.000,1.235000,1.235300,D
174234288,EUR/USD,2005-08-05 10:02:13.000,1.235100,1.235400,D
174234291,EUR/USD,2005-08-05 10:02:14.000,1.235000,1.235300,D
174234295,EUR/USD,2005-08-05 10:02:14.000,1.235100,1.235400,D
174234303,EUR/USD,2005-08-05 10:02:18.000,1.235200,1.235500,D
174234334,EUR/USD,2005-08-05 10:02:21.000,1.235100,1.235400,D
174234342,EUR/USD,2005-08-05 10:02:22.000,1.235200,1.235500,D
174234355,EUR/USD,2005-08-05 10:02:23.000,1.235100,1.235400,D
174234392,EUR/USD,2005-08-05 10:02:28.000,1.235000,1.235300,D
174234419,EUR/USD,2005-08-05 10:02:32.000,1.234900,1.235200,D
174234453,EUR/USD,2005-08-05 10:02:45.000,1.234800,1.235100,D
174234500,EUR/USD,2005-08-05 10:02:55.000,1.234700,1.235000,D
174234514,EUR/USD,2005-08-05 10:02:57.000,1.234800,1.235100,D
174234522,EUR/USD,2005-08-05 10:02:59.000,1.234900,1.235200,D
174234539,EUR/USD,2005-08-05 10:03:00.000,1.234800,1.235100,D
174234555,EUR/USD,2005-08-05 10:03:03.000,1.234900,1.235200,D
174234562,EUR/USD,2005-08-05 10:03:04.000,1.234800,1.235100,D
174234583,EUR/USD,2005-08-05 10:03:08.000,1.234700,1.235000,D
174234596,EUR/USD,2005-08-05 10:03:09.000,1.234800,1.235100,D
174234618,EUR/USD,2005-08-05 10:03:14.000,1.234700,1.235000,D
174234646,EUR/USD,2005-08-05 10:03:17.000,1.234600,1.234900,D
174234681,EUR/USD,2005-08-05 10:03:21.000,1.234500,1.234800,D
174234695,EUR/USD,2005-08-05 10:03:23.000,1.234400,1.234700,D
174234702,EUR/USD,2005-08-05 10:03:24.000,1.234500,1.234800,D
174234704,EUR/USD,2005-08-05 10:03:25.000,1.234400,1.234700,D
174234721,EUR/USD,2005-08-05 10:03:30.000,1.234300,1.234600,D
174234737,EUR/USD,2005-08-05 10:03:32.000,1.234400,1.234700,D
174234750,EUR/USD,2005-08-05 10:03:34.000,1.234300,1.234600,D
174234767,EUR/USD,2005-08-05 10:03:43.000,1.234400,1.234700,D
174234772,EUR/USD,2005-08-05 10:03:43.000,1.234300,1.234600,D
174234779,EUR/USD,2005-08-05 10:03:45.000,1.234400,1.234700,D
174234810,EUR/USD,2005-08-05 10:03:54.000,1.234500,1.234800,D
174234825,EUR/USD,2005-08-05 10:03:58.000,1.234600,1.234900,D
174234846,EUR/USD,2005-08-05 10:04:02.000,1.234700,1.235000,D
174234861,EUR/USD,2005-08-05 10:04:05.000,1.234600,1.234900,D
174234893,EUR/USD,2005-08-05 10:04:11.000,1.234500,1.234800,D
174234908,EUR/USD,2005-08-05 10:04:13.000,1.234600,1.234900,D
174234925,EUR/USD,2005-08-05 10:04:17.000,1.234500,1.234800,D
174234955,EUR/USD,2005-08-05 10:04:24.000,1.234600,1.234900,D
174234979,EUR/USD,2005-08-05 10:04:28.000,1.234700,1.235000,D
174234997,EUR/USD,2005-08-05 10:04:33.000,1.234600,1.234900,D
174235047,EUR/USD,2005-08-05 10:05:03.000,1.234700,1.235000,D
174235054,EUR/USD,2005-08-05 10:05:04.000,1.234600,1.234900,D
174235057,EUR/USD,2005-08-05 10:05:04.000,1.234700,1.235000,D
174235075,EUR/USD,2005-08-05 10:05:09.000,1.234800,1.235100,D
174235085,EUR/USD,2005-08-05 10:05:10.000,1.234900,1.235200,D
174235093,EUR/USD,2005-08-05 10:05:11.000,1.234800,1.235100,D
174235102,EUR/USD,2005-08-05 10:05:11.000,1.234900,1.235200,D
174235107,EUR/USD,2005-08-05 10:05:12.000,1.234800,1.235100,D
174235124,EUR/USD,2005-08-05 10:05:16.000,1.234700,1.235000,D
174235133,EUR/USD,2005-08-05 10:05:18.000,1.234600,1.234900,D
174235156,EUR/USD,2005-08-05 10:05:23.000,1.234700,1.235000,D
174235174,EUR/USD,2005-08-05 10:05:34.000,1.234600,1.234900,D
174235188,EUR/USD,2005-08-05 10:05:37.000,1.234700,1.235000,D
174235223,EUR/USD,2005-08-05 10:05:56.000,1.234800,1.235100,D
174235228,EUR/USD,2005-08-05 10:05:57.000,1.234900,1.235200,D
174235246,EUR/USD,2005-08-05 10:05:58.000,1.234800,1.235100,D
174235278,EUR/USD,2005-08-05 10:06:06.000,1.234900,1.235200,D
174235290,EUR/USD,2005-08-05 10:06:08.000,1.234800,1.235100,D
174235307,EUR/USD,2005-08-05 10:06:11.000,1.234900,1.235200,D
174235309,EUR/USD,2005-08-05 10:06:12.000,1.234800,1.235100,D
174235322,EUR/USD,2005-08-05 10:06:14.000,1.234700,1.235000,D
174235335,EUR/USD,2005-08-05 10:06:18.000,1.234800,1.235100,D
174235346,EUR/USD,2005-08-05 10:06:20.000,1.234700,1.235000,D
174235348,EUR/USD,2005-08-05 10:06:21.000,1.234800,1.235100,D
174235354,EUR/USD,2005-08-05 10:06:21.000,1.234700,1.235000,D
174235364,EUR/USD,2005-08-05 10:06:27.000,1.234800,1.235100,D
174235388,EUR/USD,2005-08-05 10:06:36.000,1.234700,1.235000,D
174235402,EUR/USD,2005-08-05 10:06:44.000,1.234800,1.235100,D
174235403,EUR/USD,2005-08-05 10:06:46.000,1.234700,1.235000,D
174235467,EUR/USD,2005-08-05 10:07:12.000,1.234600,1.234900,D
174235496,EUR/USD,2005-08-05 10:07:15.000,1.234500,1.234800,D
174235506,EUR/USD,2005-08-05 10:07:18.000,1.234400,1.234700,D
174235510,EUR/USD,2005-08-05 10:07:19.000,1.234500,1.234800,D
174235536,EUR/USD,2005-08-05 10:07:23.000,1.234400,1.234700,D
174235591,EUR/USD,2005-08-05 10:07:35.000,1.234300,1.234600,D
174235666,EUR/USD,2005-08-05 10:07:53.000,1.234400,1.234700,D
174235742,EUR/USD,2005-08-05 10:08:35.000,1.234500,1.234800,D
174235784,EUR/USD,2005-08-05 10:09:04.000,1.234600,1.234900,D
174235796,EUR/USD,2005-08-05 10:09:11.000,1.234700,1.235000,D
174235802,EUR/USD,2005-08-05 10:09:13.000,1.234800,1.235100,D
174235825,EUR/USD,2005-08-05 10:09:16.000,1.234900,1.235200,D
174235839,EUR/USD,2005-08-05 10:09:19.000,1.235000,1.235300,D
174235860,EUR/USD,2005-08-05 10:09:23.000,1.235100,1.235400,D
174235918,EUR/USD,2005-08-05 10:09:33.000,1.235000,1.235300,D
174235923,EUR/USD,2005-08-05 10:09:34.000,1.234900,1.235200,D
174235930,EUR/USD,2005-08-05 10:09:36.000,1.235000,1.235300,D
174235943,EUR/USD,2005-08-05 10:09:38.000,1.234900,1.235200,D
174235948,EUR/USD,2005-08-05 10:09:39.000,1.235000,1.235300,D
174235953,EUR/USD,2005-08-05 10:09:40.000,1.234900,1.235200,D
174235962,EUR/USD,2005-08-05 10:09:41.000,1.235000,1.235300,D
174235971,EUR/USD,2005-08-05 10:09:43.000,1.235100,1.235400,D
174235982,EUR/USD,2005-08-05 10:09:44.000,1.235000,1.235300,D
174235986,EUR/USD,2005-08-05 10:09:45.000,1.235100,1.235400,D
174235993,EUR/USD,2005-08-05 10:09:46.000,1.235000,1.235300,D
174235999,EUR/USD,2005-08-05 10:09:48.000,1.235100,1.235400,D
174236034,EUR/USD,2005-08-05 10:09:54.000,1.235000,1.235300,D
174236054,EUR/USD,2005-08-05 10:09:57.000,1.234900,1.235200,D
174236102,EUR/USD,2005-08-05 10:10:16.000,1.234800,1.235100,D
174236115,EUR/USD,2005-08-05 10:10:20.000,1.234900,1.235200,D
174236117,EUR/USD,2005-08-05 10:10:21.000,1.234800,1.235100,D
174236161,EUR/USD,2005-08-05 10:10:39.000,1.234700,1.235000,D
174236167,EUR/USD,2005-08-05 10:10:42.000,1.234800,1.235100,D
174236193,EUR/USD,2005-08-05 10:10:50.000,1.234900,1.235200,D
174236250,EUR/USD,2005-08-05 10:10:59.000,1.235000,1.235300,D
174236264,EUR/USD,2005-08-05 10:11:01.000,1.235100,1.235400,D
174236307,EUR/USD,2005-08-05 10:11:06.000,1.235200,1.235500,D
174236369,EUR/USD,2005-08-05 10:11:15.000,1.235300,1.235600,D
174236375,EUR/USD,2005-08-05 10:11:16.000,1.235200,1.235500,D
174236394,EUR/USD,2005-08-05 10:11:21.000,1.235300,1.235600,D
174236437,EUR/USD,2005-08-05 10:11:26.000,1.235400,1.235700,D
174236465,EUR/USD,2005-08-05 10:11:33.000,1.235300,1.235600,D
174236478,EUR/USD,2005-08-05 10:11:35.000,1.235200,1.235500,D
174236502,EUR/USD,2005-08-05 10:11:39.000,1.235300,1.235600,D
174236605,EUR/USD,2005-08-05 10:11:58.000,1.235200,1.235500,D
174236625,EUR/USD,2005-08-05 10:12:02.000,1.235100,1.235400,D
174236633,EUR/USD,2005-08-05 10:12:04.000,1.235000,1.235300,D
174236658,EUR/USD,2005-08-05 10:12:13.000,1.235100,1.235400,D
174236670,EUR/USD,2005-08-05 10:12:15.000,1.235000,1.235300,D
174236752,EUR/USD,2005-08-05 10:12:42.000,1.235100,1.235400,D
174236762,EUR/USD,2005-08-05 10:12:46.000,1.235200,1.235500,D
174236797,EUR/USD,2005-08-05 10:13:08.000,1.235100,1.235400,D
174236804,EUR/USD,2005-08-05 10:13:12.000,1.235000,1.235300,D
174236812,EUR/USD,2005-08-05 10:13:14.000,1.234900,1.235200,D
174236828,EUR/USD,2005-08-05 10:13:18.000,1.235000,1.235300,D
174236839,EUR/USD,2005-08-05 10:13:20.000,1.234900,1.235200,D
174236848,EUR/USD,2005-08-05 10:13:21.000,1.235000,1.235300,D
174236861,EUR/USD,2005-08-05 10:13:23.000,1.234900,1.235200,D
174236874,EUR/USD,2005-08-05 10:13:25.000,1.235000,1.235300,D
174236881,EUR/USD,2005-08-05 10:13:26.000,1.235100,1.235400,D
174236890,EUR/USD,2005-08-05 10:13:27.000,1.235000,1.235300,D
174236904,EUR/USD,2005-08-05 10:13:30.000,1.234900,1.235200,D
174236909,EUR/USD,2005-08-05 10:13:30.000,1.234800,1.235100,D
174236915,EUR/USD,2005-08-05 10:13:32.000,1.234900,1.235200,D
174236926,EUR/USD,2005-08-05 10:13:33.000,1.234800,1.235100,D
174236941,EUR/USD,2005-08-05 10:13:36.000,1.234700,1.235000,D
174236991,EUR/USD,2005-08-05 10:13:44.000,1.234800,1.235100,D
174237001,EUR/USD,2005-08-05 10:13:45.000,1.234900,1.235200,D
174237005,EUR/USD,2005-08-05 10:13:46.000,1.234800,1.235100,D
174237006,EUR/USD,2005-08-05 10:13:46.000,1.234900,1.235200,D
174237024,EUR/USD,2005-08-05 10:13:48.000,1.234800,1.235100,D
174237029,EUR/USD,2005-08-05 10:13:48.000,1.234700,1.235000,D
174237047,EUR/USD,2005-08-05 10:13:53.000,1.234800,1.235100,D
174237059,EUR/USD,2005-08-05 10:13:54.000,1.234700,1.235000,D
174237075,EUR/USD,2005-08-05 10:13:57.000,1.234600,1.234900,D
174237079,EUR/USD,2005-08-05 10:13:59.000,1.234500,1.234800,D
174237086,EUR/USD,2005-08-05 10:14:00.000,1.234600,1.234900,D
174237088,EUR/USD,2005-08-05 10:14:00.000,1.234500,1.234800,D
174237111,EUR/USD,2005-08-05 10:14:03.000,1.234600,1.234900,D
174237120,EUR/USD,2005-08-05 10:14:04.000,1.234500,1.234800,D
174237126,EUR/USD,2005-08-05 10:14:04.000,1.234600,1.234900,D
174237155,EUR/USD,2005-08-05 10:14:09.000,1.234500,1.234800,D
174237160,EUR/USD,2005-08-05 10:14:10.000,1.234600,1.234900,D
174237161,EUR/USD,2005-08-05 10:14:10.000,1.234500,1.234800,D
174237190,EUR/USD,2005-08-05 10:14:19.000,1.234400,1.234700,D
174237195,EUR/USD,2005-08-05 10:14:20.000,1.234500,1.234800,D
174237219,EUR/USD,2005-08-05 10:14:29.000,1.234400,1.234700,D
174237237,EUR/USD,2005-08-05 10:14:31.000,1.234300,1.234600,D
174237241,EUR/USD,2005-08-05 10:14:32.000,1.234400,1.234700,D
174237252,EUR/USD,2005-08-05 10:14:33.000,1.234300,1.234600,D
174237261,EUR/USD,2005-08-05 10:14:35.000,1.234200,1.234500,D
174237300,EUR/USD,2005-08-05 10:14:50.000,1.234300,1.234600,D
174237305,EUR/USD,2005-08-05 10:14:50.000,1.234200,1.234500,D
174237322,EUR/USD,2005-08-05 10:14:55.000,1.234100,1.234400,D
174237338,EUR/USD,2005-08-05 10:14:58.000,1.234000,1.234300,D
174237364,EUR/USD,2005-08-05 10:15:04.000,1.234100,1.234400,D
174237395,EUR/USD,2005-08-05 10:15:15.000,1.234200,1.234500,D
174237440,EUR/USD,2005-08-05 10:15:29.000,1.234100,1.234400,D
174237447,EUR/USD,2005-08-05 10:15:30.000,1.234200,1.234500,D
174237449,EUR/USD,2005-08-05 10:15:31.000,1.234100,1.234400,D
174237462,EUR/USD,2005-08-05 10:15:33.000,1.234000,1.234300,D
174237464,EUR/USD,2005-08-05 10:15:33.000,1.234100,1.234400,D
174237484,EUR/USD,2005-08-05 10:15:40.000,1.234200,1.234500,D
174237495,EUR/USD,2005-08-05 10:15:41.000,1.234300,1.234600,D
174237508,EUR/USD,2005-08-05 10:15:42.000,1.234200,1.234500,D
174237514,EUR/USD,2005-08-05 10:15:43.000,1.234300,1.234600,D
174237516,EUR/USD,2005-08-05 10:15:43.000,1.234200,1.234500,D
174237520,EUR/USD,2005-08-05 10:15:43.000,1.234100,1.234400,D
174237532,EUR/USD,2005-08-05 10:15:46.000,1.234000,1.234300,D
174237536,EUR/USD,2005-08-05 10:15:46.000,1.234100,1.234400,D
174237592,EUR/USD,2005-08-05 10:15:56.000,1.234000,1.234300,D
174237645,EUR/USD,2005-08-05 10:16:14.000,1.233900,1.234200,D
174237660,EUR/USD,2005-08-05 10:16:16.000,1.233800,1.234100,D
174237678,EUR/USD,2005-08-05 10:16:18.000,1.233700,1.234000,D
174237705,EUR/USD,2005-08-05 10:16:20.000,1.233600,1.233900,D
174237713,EUR/USD,2005-08-05 10:16:21.000,1.233700,1.234000,D
174237740,EUR/USD,2005-08-05 10:16:27.000,1.233600,1.233900,D
174237750,EUR/USD,2005-08-05 10:16:29.000,1.233500,1.233800,D
174237788,EUR/USD,2005-08-05 10:16:36.000,1.233600,1.233900,D
174237830,EUR/USD,2005-08-05 10:16:42.000,1.233500,1.233800,D
174237858,EUR/USD,2005-08-05 10:16:48.000,1.233600,1.233900,D
174237871,EUR/USD,2005-08-05 10:16:50.000,1.233500,1.233800,D
174237898,EUR/USD,2005-08-05 10:17:02.000,1.233600,1.233900,D
174237991,EUR/USD,2005-08-05 10:17:39.000,1.233500,1.233800,D
174238000,EUR/USD,2005-08-05 10:17:41.000,1.233400,1.233700,D
174238023,EUR/USD,2005-08-05 10:17:46.000,1.233500,1.233800,D
174238029,EUR/USD,2005-08-05 10:17:47.000,1.233600,1.233900,D
174238046,EUR/USD,2005-08-05 10:17:49.000,1.233500,1.233800,D
174238051,EUR/USD,2005-08-05 10:17:50.000,1.233600,1.233900,D
174238068,EUR/USD,2005-08-05 10:17:52.000,1.233500,1.233800,D
174238083,EUR/USD,2005-08-05 10:17:55.000,1.233400,1.233700,D
174238088,EUR/USD,2005-08-05 10:17:56.000,1.233500,1.233800,D
174238116,EUR/USD,2005-08-05 10:18:02.000,1.233600,1.233900,D
174238132,EUR/USD,2005-08-05 10:18:06.000,1.233700,1.234000,D
174238138,EUR/USD,2005-08-05 10:18:07.000,1.233600,1.233900,D
174238147,EUR/USD,2005-08-05 10:18:09.000,1.233700,1.234000,D
174238154,EUR/USD,2005-08-05 10:18:11.000,1.233600,1.233900,D
174238160,EUR/USD,2005-08-05 10:18:12.000,1.233700,1.234000,D
174238175,EUR/USD,2005-08-05 10:18:15.000,1.233800,1.234100,D
174238186,EUR/USD,2005-08-05 10:18:17.000,1.233900,1.234200,D
174238210,EUR/USD,2005-08-05 10:18:22.000,1.234000,1.234300,D
174238246,EUR/USD,2005-08-05 10:18:29.000,1.234100,1.234400,D
174238268,EUR/USD,2005-08-05 10:18:35.000,1.234200,1.234500,D
174238276,EUR/USD,2005-08-05 10:18:35.000,1.234100,1.234400,D
174238281,EUR/USD,2005-08-05 10:18:36.000,1.234200,1.234500,D
174238294,EUR/USD,2005-08-05 10:18:38.000,1.234100,1.234400,D
174238300,EUR/USD,2005-08-05 10:18:39.000,1.234200,1.234500,D
174238309,EUR/USD,2005-08-05 10:18:41.000,1.234100,1.234400,D
174238318,EUR/USD,2005-08-05 10:18:42.000,1.234200,1.234500,D
174238322,EUR/USD,2005-08-05 10:18:43.000,1.234100,1.234400,D
174238331,EUR/USD,2005-08-05 10:18:44.000,1.234200,1.234500,D
174238346,EUR/USD,2005-08-05 10:18:51.000,1.234300,1.234600,D
174238348,EUR/USD,2005-08-05 10:18:51.000,1.234200,1.234500,D
174238382,EUR/USD,2005-08-05 10:19:04.000,1.234100,1.234400,D
174238403,EUR/USD,2005-08-05 10:19:15.000,1.234000,1.234300,D
174238405,EUR/USD,2005-08-05 10:19:16.000,1.234100,1.234400,D
174238422,EUR/USD,2005-08-05 10:19:19.000,1.234000,1.234300,D
174238430,EUR/USD,2005-08-05 10:19:19.000,1.234100,1.234400,D
174238441,EUR/USD,2005-08-05 10:19:20.000,1.234000,1.234300,D
174238493,EUR/USD,2005-08-05 10:19:40.000,1.233900,1.234200,D
174238519,EUR/USD,2005-08-05 10:19:53.000,1.233800,1.234100,D
174238548,EUR/USD,2005-08-05 10:20:00.000,1.233700,1.234000,D
174238552,EUR/USD,2005-08-05 10:20:01.000,1.233800,1.234100,D
174238560,EUR/USD,2005-08-05 10:20:02.000,1.233700,1.234000,D
174238571,EUR/USD,2005-08-05 10:20:03.000,1.233600,1.233900,D
174238573,EUR/USD,2005-08-05 10:20:04.000,1.233700,1.234000,D
174238593,EUR/USD,2005-08-05 10:20:07.000,1.233600,1.233900,D
174238597,EUR/USD,2005-08-05 10:20:07.000,1.233700,1.234000,D
174238600,EUR/USD,2005-08-05 10:20:07.000,1.233600,1.233900,D
174238604,EUR/USD,2005-08-05 10:20:08.000,1.233700,1.234000,D
174238613,EUR/USD,2005-08-05 10:20:09.000,1.233600,1.233900,D
174238621,EUR/USD,2005-08-05 10:20:10.000,1.233500,1.233800,D
174238639,EUR/USD,2005-08-05 10:20:15.000,1.233400,1.233700,D
174238641,EUR/USD,2005-08-05 10:20:15.000,1.233500,1.233800,D
174238650,EUR/USD,2005-08-05 10:20:16.000,1.233400,1.233700,D
174238660,EUR/USD,2005-08-05 10:20:17.000,1.233500,1.233800,D
174238667,EUR/USD,2005-08-05 10:20:18.000,1.233600,1.233900,D
174238694,EUR/USD,2005-08-05 10:20:23.000,1.233700,1.234000,D
174238700,EUR/USD,2005-08-05 10:20:24.000,1.233600,1.233900,D
174238710,EUR/USD,2005-08-05 10:20:28.000,1.233500,1.233800,D
174238719,EUR/USD,2005-08-05 10:20:29.000,1.233600,1.233900,D
174238732,EUR/USD,2005-08-05 10:20:30.000,1.233500,1.233800,D
174238739,EUR/USD,2005-08-05 10:20:31.000,1.233600,1.233900,D
174238751,EUR/USD,2005-08-05 10:20:34.000,1.233500,1.233800,D
174238755,EUR/USD,2005-08-05 10:20:37.000,1.233600,1.233900,D
174238760,EUR/USD,2005-08-05 10:20:40.000,1.233500,1.233800,D
174238786,EUR/USD,2005-08-05 10:20:54.000,1.233600,1.233900,D
174238791,EUR/USD,2005-08-05 10:20:56.000,1.233500,1.233800,D
174238796,EUR/USD,2005-08-05 10:20:57.000,1.233600,1.233900,D
174238809,EUR/USD,2005-08-05 10:21:00.000,1.233700,1.234000,D
174238824,EUR/USD,2005-08-05 10:21:03.000,1.233800,1.234100,D
174238840,EUR/USD,2005-08-05 10:21:07.000,1.233900,1.234200,D
174238851,EUR/USD,2005-08-05 10:21:08.000,1.233800,1.234100,D
174238898,EUR/USD,2005-08-05 10:21:16.000,1.233700,1.234000,D
174238936,EUR/USD,2005-08-05 10:21:31.000,1.233800,1.234100,D
174238970,EUR/USD,2005-08-05 10:21:43.000,1.233700,1.234000,D
174239006,EUR/USD,2005-08-05 10:21:55.000,1.233800,1.234100,D
174239090,EUR/USD,2005-08-05 10:22:24.000,1.233900,1.234200,D
174239091,EUR/USD,2005-08-05 10:22:24.000,1.233800,1.234100,D
174239097,EUR/USD,2005-08-05 10:22:25.000,1.233900,1.234200,D
174239122,EUR/USD,2005-08-05 10:22:31.000,1.234000,1.234300,D
174239155,EUR/USD,2005-08-05 10:22:44.000,1.234100,1.234400,D
174239188,EUR/USD,2005-08-05 10:22:52.000,1.234000,1.234300,D
174239211,EUR/USD,2005-08-05 10:23:04.000,1.233900,1.234200,D
174239226,EUR/USD,2005-08-05 10:23:09.000,1.234000,1.234300,D
174239236,EUR/USD,2005-08-05 10:23:10.000,1.233900,1.234200,D
174239240,EUR/USD,2005-08-05 10:23:11.000,1.234000,1.234300,D
174239266,EUR/USD,2005-08-05 10:23:15.000,1.233900,1.234200,D
174239313,EUR/USD,2005-08-05 10:23:23.000,1.233800,1.234100,D
174239318,EUR/USD,2005-08-05 10:23:24.000,1.233900,1.234200,D
174239323,EUR/USD,2005-08-05 10:23:25.000,1.233800,1.234100,D
174239338,EUR/USD,2005-08-05 10:23:32.000,1.233700,1.234000,D
174239343,EUR/USD,2005-08-05 10:23:33.000,1.233800,1.234100,D
174239391,EUR/USD,2005-08-05 10:23:44.000,1.233700,1.234000,D
174239442,EUR/USD,2005-08-05 10:24:00.000,1.233600,1.233900,D
174239487,EUR/USD,2005-08-05 10:24:19.000,1.233700,1.234000,D
174239495,EUR/USD,2005-08-05 10:24:20.000,1.233800,1.234100,D
174239507,EUR/USD,2005-08-05 10:24:21.000,1.233700,1.234000,D
174239514,EUR/USD,2005-08-05 10:24:22.000,1.233800,1.234100,D
174239548,EUR/USD,2005-08-05 10:24:32.000,1.233700,1.234000,D
174239619,EUR/USD,2005-08-05 10:25:11.000,1.233600,1.233900,D
174239631,EUR/USD,2005-08-05 10:25:15.000,1.233700,1.234000,D
174239664,EUR/USD,2005-08-05 10:25:23.000,1.233800,1.234100,D
174239674,EUR/USD,2005-08-05 10:25:27.000,1.233900,1.234200,D
174239700,EUR/USD,2005-08-05 10:25:37.000,1.234000,1.234300,D
174239718,EUR/USD,2005-08-05 10:25:40.000,1.234100,1.234400,D
174239726,EUR/USD,2005-08-05 10:25:42.000,1.234000,1.234300,D
174239752,EUR/USD,2005-08-05 10:25:50.000,1.233900,1.234200,D
174239759,EUR/USD,2005-08-05 10:25:50.000,1.234000,1.234300,D
174239765,EUR/USD,2005-08-05 10:25:55.000,1.233900,1.234200,D
174239777,EUR/USD,2005-08-05 10:25:58.000,1.233800,1.234100,D
174239811,EUR/USD,2005-08-05 10:26:07.000,1.233700,1.234000,D
174239814,EUR/USD,2005-08-05 10:26:07.000,1.233800,1.234100,D
174239817,EUR/USD,2005-08-05 10:26:08.000,1.233900,1.234200,D
174239837,EUR/USD,2005-08-05 10:26:15.000,1.233800,1.234100,D
174239846,EUR/USD,2005-08-05 10:26:16.000,1.233900,1.234200,D
174239854,EUR/USD,2005-08-05 10:26:17.000,1.233800,1.234100,D
174239880,EUR/USD,2005-08-05 10:26:23.000,1.233700,1.234000,D
174239926,EUR/USD,2005-08-05 10:26:33.000,1.233800,1.234100,D
174239935,EUR/USD,2005-08-05 10:26:35.000,1.233900,1.234200,D
174239941,EUR/USD,2005-08-05 10:26:37.000,1.233800,1.234100,D
174239947,EUR/USD,2005-08-05 10:26:39.000,1.233700,1.234000,D
174239989,EUR/USD,2005-08-05 10:26:48.000,1.233800,1.234100,D
174240005,EUR/USD,2005-08-05 10:26:52.000,1.233900,1.234200,D
174240021,EUR/USD,2005-08-05 10:26:54.000,1.233800,1.234100,D
174240027,EUR/USD,2005-08-05 10:26:55.000,1.233900,1.234200,D
174240037,EUR/USD,2005-08-05 10:26:58.000,1.233800,1.234100,D
174240053,EUR/USD,2005-08-05 10:27:02.000,1.233600,1.233900,D
174240059,EUR/USD,2005-08-05 10:27:04.000,1.233700,1.234000,D
174240062,EUR/USD,2005-08-05 10:27:05.000,1.233600,1.233900,D
174240065,EUR/USD,2005-08-05 10:27:07.000,1.233700,1.234000,D
174240073,EUR/USD,2005-08-05 10:27:15.000,1.233800,1.234100,D
174240083,EUR/USD,2005-08-05 10:27:18.000,1.233900,1.234200,D
174240085,EUR/USD,2005-08-05 10:27:19.000,1.233800,1.234100,D
174240089,EUR/USD,2005-08-05 10:27:20.000,1.233900,1.234200,D
174240102,EUR/USD,2005-08-05 10:27:24.000,1.233800,1.234100,D
174240115,EUR/USD,2005-08-05 10:27:27.000,1.233900,1.234200,D
174240123,EUR/USD,2005-08-05 10:27:29.000,1.234000,1.234300,D
174240127,EUR/USD,2005-08-05 10:27:31.000,1.233900,1.234200,D
174240166,EUR/USD,2005-08-05 10:27:41.000,1.233800,1.234100,D
174240188,EUR/USD,2005-08-05 10:27:46.000,1.233900,1.234200,D
174240192,EUR/USD,2005-08-05 10:27:47.000,1.233800,1.234100,D
174240203,EUR/USD,2005-08-05 10:27:48.000,1.233900,1.234200,D
174240236,EUR/USD,2005-08-05 10:27:59.000,1.234000,1.234300,D
174240291,EUR/USD,2005-08-05 10:28:16.000,1.233900,1.234200,D
174240298,EUR/USD,2005-08-05 10:28:17.000,1.234000,1.234300,D
174240299,EUR/USD,2005-08-05 10:28:18.000,1.233900,1.234200,D
174240301,EUR/USD,2005-08-05 10:28:18.000,1.233800,1.234100,D
174240304,EUR/USD,2005-08-05 10:28:19.000,1.233900,1.234200,D
174240340,EUR/USD,2005-08-05 10:28:38.000,1.234000,1.234300,D
174240350,EUR/USD,2005-08-05 10:28:41.000,1.233900,1.234200,D
174240366,EUR/USD,2005-08-05 10:28:44.000,1.233800,1.234100,D
174240367,EUR/USD,2005-08-05 10:28:45.000,1.233900,1.234200,D
174240387,EUR/USD,2005-08-05 10:28:47.000,1.234000,1.234300,D
174240390,EUR/USD,2005-08-05 10:28:47.000,1.233900,1.234200,D
174240407,EUR/USD,2005-08-05 10:28:49.000,1.234000,1.234300,D
174240433,EUR/USD,2005-08-05 10:28:57.000,1.233900,1.234200,D
174240460,EUR/USD,2005-08-05 10:29:03.000,1.233800,1.234100,D
174240466,EUR/USD,2005-08-05 10:29:03.000,1.233900,1.234200,D
174240470,EUR/USD,2005-08-05 10:29:04.000,1.233800,1.234100,D
174240474,EUR/USD,2005-08-05 10:29:05.000,1.233900,1.234200,D
174240508,EUR/USD,2005-08-05 10:29:12.000,1.233800,1.234100,D
174240540,EUR/USD,2005-08-05 10:29:21.000,1.233900,1.234200,D
174240562,EUR/USD,2005-08-05 10:29:36.000,1.234000,1.234300,D
174240569,EUR/USD,2005-08-05 10:29:37.000,1.233900,1.234200,D
174240575,EUR/USD,2005-08-05 10:29:39.000,1.234000,1.234300,D
174240597,EUR/USD,2005-08-05 10:29:46.000,1.233900,1.234200,D
174240627,EUR/USD,2005-08-05 10:29:59.000,1.234000,1.234300,D
174240645,EUR/USD,2005-08-05 10:30:01.000,1.233900,1.234200,D
174240682,EUR/USD,2005-08-05 10:30:10.000,1.234000,1.234300,D
174240685,EUR/USD,2005-08-05 10:30:10.000,1.233900,1.234200,D
174240690,EUR/USD,2005-08-05 10:30:11.000,1.234000,1.234300,D
174240702,EUR/USD,2005-08-05 10:30:12.000,1.233900,1.234200,D
174240707,EUR/USD,2005-08-05 10:30:14.000,1.234000,1.234300,D
174240709,EUR/USD,2005-08-05 10:30:14.000,1.233900,1.234200,D
174240713,EUR/USD,2005-08-05 10:30:15.000,1.234000,1.234300,D
174240785,EUR/USD,2005-08-05 10:31:10.000,1.234100,1.234400,D
174240810,EUR/USD,2005-08-05 10:31:16.000,1.234200,1.234500,D
174240866,EUR/USD,2005-08-05 10:31:26.000,1.234100,1.234400,D
174240871,EUR/USD,2005-08-05 10:31:27.000,1.234200,1.234500,D
174240882,EUR/USD,2005-08-05 10:31:28.000,1.234100,1.234400,D
174240887,EUR/USD,2005-08-05 10:31:30.000,1.234000,1.234300,D
174240893,EUR/USD,2005-08-05 10:31:30.000,1.234100,1.234400,D
174240931,EUR/USD,2005-08-05 10:31:40.000,1.234200,1.234500,D
174240959,EUR/USD,2005-08-05 10:31:49.000,1.234100,1.234400,D
174240996,EUR/USD,2005-08-05 10:32:01.000,1.234000,1.234300,D
174241006,EUR/USD,2005-08-05 10:32:04.000,1.234100,1.234400,D
174241014,EUR/USD,2005-08-05 10:32:08.000,1.234200,1.234500,D
174241024,EUR/USD,2005-08-05 10:32:11.000,1.234100,1.234400,D
174241092,EUR/USD,2005-08-05 10:32:23.000,1.234000,1.234300,D
174241105,EUR/USD,2005-08-05 10:32:26.000,1.234100,1.234400,D
174241118,EUR/USD,2005-08-05 10:32:28.000,1.234000,1.234300,D
174241166,EUR/USD,2005-08-05 10:32:35.000,1.234100,1.234400,D
174241214,EUR/USD,2005-08-05 10:32:47.000,1.234200,1.234500,D
174241251,EUR/USD,2005-08-05 10:33:07.000,1.234100,1.234400,D
174241278,EUR/USD,2005-08-05 10:33:23.000,1.234200,1.234500,D
174241287,EUR/USD,2005-08-05 10:33:24.000,1.234100,1.234400,D
174241297,EUR/USD,2005-08-05 10:33:28.000,1.234000,1.234300,D
174241308,EUR/USD,2005-08-05 10:33:30.000,1.234100,1.234400,D
174241312,EUR/USD,2005-08-05 10:33:30.000,1.234000,1.234300,D
174241319,EUR/USD,2005-08-05 10:33:33.000,1.234100,1.234400,D
174241325,EUR/USD,2005-08-05 10:33:33.000,1.234200,1.234500,D
174241333,EUR/USD,2005-08-05 10:33:35.000,1.234100,1.234400,D
174241339,EUR/USD,2005-08-05 10:33:36.000,1.234200,1.234500,D
174241341,EUR/USD,2005-08-05 10:33:36.000,1.234300,1.234600,D
174241349,EUR/USD,2005-08-05 10:33:37.000,1.234200,1.234500,D
174241357,EUR/USD,2005-08-05 10:33:37.000,1.234300,1.234600,D
174241367,EUR/USD,2005-08-05 10:33:39.000,1.234400,1.234700,D
174241369,EUR/USD,2005-08-05 10:33:40.000,1.234500,1.234800,D
174241381,EUR/USD,2005-08-05 10:33:41.000,1.234600,1.234900,D
174241397,EUR/USD,2005-08-05 10:33:42.000,1.234700,1.235000,D
174241399,EUR/USD,2005-08-05 10:33:42.000,1.234600,1.234900,D
174241436,EUR/USD,2005-08-05 10:33:47.000,1.234500,1.234800,D
174241506,EUR/USD,2005-08-05 10:34:00.000,1.234600,1.234900,D
174241550,EUR/USD,2005-08-05 10:34:07.000,1.234500,1.234800,D
174241564,EUR/USD,2005-08-05 10:34:08.000,1.234600,1.234900,D
174241587,EUR/USD,2005-08-05 10:34:13.000,1.234700,1.235000,D
174241600,EUR/USD,2005-08-05 10:34:15.000,1.234600,1.234900,D
174241647,EUR/USD,2005-08-05 10:34:23.000,1.234700,1.235000,D
174241657,EUR/USD,2005-08-05 10:34:24.000,1.234600,1.234900,D
174241662,EUR/USD,2005-08-05 10:34:25.000,1.234700,1.235000,D
174241684,EUR/USD,2005-08-05 10:34:32.000,1.234600,1.234900,D
174241738,EUR/USD,2005-08-05 10:34:46.000,1.234700,1.235000,D
174241743,EUR/USD,2005-08-05 10:34:47.000,1.234600,1.234900,D
174241750,EUR/USD,2005-08-05 10:34:48.000,1.234700,1.235000,D
174241770,EUR/USD,2005-08-05 10:34:51.000,1.234800,1.235100,D
174241777,EUR/USD,2005-08-05 10:34:52.000,1.234700,1.235000,D
174241781,EUR/USD,2005-08-05 10:34:53.000,1.234800,1.235100,D
174241787,EUR/USD,2005-08-05 10:34:54.000,1.234700,1.235000,D
174241792,EUR/USD,2005-08-05 10:34:55.000,1.234800,1.235100,D
174241804,EUR/USD,2005-08-05 10:34:55.000,1.234700,1.235000,D
174241875,EUR/USD,2005-08-05 10:35:20.000,1.234600,1.234900,D
174241879,EUR/USD,2005-08-05 10:35:22.000,1.234700,1.235000,D
174241887,EUR/USD,2005-08-05 10:35:32.000,1.234800,1.235100,D
174241917,EUR/USD,2005-08-05 10:35:40.000,1.234700,1.235000,D
174241923,EUR/USD,2005-08-05 10:35:41.000,1.234800,1.235100,D
174241935,EUR/USD,2005-08-05 10:35:42.000,1.234700,1.235000,D
174241956,EUR/USD,2005-08-05 10:35:46.000,1.234800,1.235100,D
174241964,EUR/USD,2005-08-05 10:35:47.000,1.234900,1.235200,D
174241991,EUR/USD,2005-08-05 10:35:52.000,1.235000,1.235300,D
174242011,EUR/USD,2005-08-05 10:35:55.000,1.234900,1.235200,D
174242023,EUR/USD,2005-08-05 10:35:56.000,1.235000,1.235300,D
174242071,EUR/USD,2005-08-05 10:36:03.000,1.235100,1.235400,D
174242098,EUR/USD,2005-08-05 10:36:06.000,1.235200,1.235500,D
174242117,EUR/USD,2005-08-05 10:36:09.000,1.235300,1.235600,D
174242147,EUR/USD,2005-08-05 10:36:15.000,1.235200,1.235500,D
174242160,EUR/USD,2005-08-05 10:36:17.000,1.235100,1.235400,D
174242188,EUR/USD,2005-08-05 10:36:25.000,1.235000,1.235300,D
174242209,EUR/USD,2005-08-05 10:36:28.000,1.234900,1.235200,D
174242245,EUR/USD,2005-08-05 10:36:35.000,1.235000,1.235300,D
174242253,EUR/USD,2005-08-05 10:36:38.000,1.235100,1.235400,D
174242281,EUR/USD,2005-08-05 10:36:41.000,1.235200,1.235500,D
174242315,EUR/USD,2005-08-05 10:36:54.000,1.235300,1.235600,D
174242325,EUR/USD,2005-08-05 10:36:57.000,1.235400,1.235700,D
174242363,EUR/USD,2005-08-05 10:37:02.000,1.235300,1.235600,D
174242367,EUR/USD,2005-08-05 10:37:03.000,1.235200,1.235500,D
174242386,EUR/USD,2005-08-05 10:37:06.000,1.235100,1.235400,D
174242419,EUR/USD,2005-08-05 10:37:10.000,1.235000,1.235300,D
174242440,EUR/USD,2005-08-05 10:37:13.000,1.235100,1.235400,D
174242446,EUR/USD,2005-08-05 10:37:14.000,1.235000,1.235300,D
174242454,EUR/USD,2005-08-05 10:37:16.000,1.234900,1.235200,D
174242459,EUR/USD,2005-08-05 10:37:16.000,1.234800,1.235100,D
174242465,EUR/USD,2005-08-05 10:37:17.000,1.234900,1.235200,D
174242475,EUR/USD,2005-08-05 10:37:18.000,1.234800,1.235100,D
174242494,EUR/USD,2005-08-05 10:37:21.000,1.234700,1.235000,D
174242507,EUR/USD,2005-08-05 10:37:24.000,1.234600,1.234900,D
174242524,EUR/USD,2005-08-05 10:37:26.000,1.234700,1.235000,D
174242541,EUR/USD,2005-08-05 10:37:29.000,1.234800,1.235100,D
174242565,EUR/USD,2005-08-05 10:37:33.000,1.234900,1.235200,D
174242595,EUR/USD,2005-08-05 10:37:39.000,1.235000,1.235300,D
174242608,EUR/USD,2005-08-05 10:37:42.000,1.235100,1.235400,D
174242638,EUR/USD,2005-08-05 10:37:49.000,1.235000,1.235300,D
174242650,EUR/USD,2005-08-05 10:37:52.000,1.235100,1.235400,D
174242655,EUR/USD,2005-08-05 10:37:53.000,1.235000,1.235300,D
174242664,EUR/USD,2005-08-05 10:37:56.000,1.235100,1.235400,D
174242672,EUR/USD,2005-08-05 10:37:58.000,1.235000,1.235300,D
174242675,EUR/USD,2005-08-05 10:37:59.000,1.235100,1.235400,D
174242684,EUR/USD,2005-08-05 10:38:01.000,1.235000,1.235300,D
174242697,EUR/USD,2005-08-05 10:38:06.000,1.235100,1.235400,D
174242716,EUR/USD,2005-08-05 10:38:12.000,1.235000,1.235300,D
174242739,EUR/USD,2005-08-05 10:38:17.000,1.234900,1.235200,D
174242750,EUR/USD,2005-08-05 10:38:19.000,1.235000,1.235300,D
174242769,EUR/USD,2005-08-05 10:38:22.000,1.234900,1.235200,D
174242792,EUR/USD,2005-08-05 10:38:30.000,1.235000,1.235300,D
174242804,EUR/USD,2005-08-05 10:38:36.000,1.234900,1.235200,D
174242820,EUR/USD,2005-08-05 10:38:41.000,1.235000,1.235300,D
174242827,EUR/USD,2005-08-05 10:38:43.000,1.234900,1.235200,D
174242841,EUR/USD,2005-08-05 10:38:47.000,1.234800,1.235100,D
174242847,EUR/USD,2005-08-05 10:38:49.000,1.234700,1.235000,D
174242857,EUR/USD,2005-08-05 10:38:50.000,1.234600,1.234900,D
174242872,EUR/USD,2005-08-05 10:38:52.000,1.234700,1.235000,D
174242913,EUR/USD,2005-08-05 10:39:05.000,1.234600,1.234900,D
174242921,EUR/USD,2005-08-05 10:39:07.000,1.234700,1.235000,D
174242935,EUR/USD,2005-08-05 10:39:13.000,1.234800,1.235100,D
174242985,EUR/USD,2005-08-05 10:39:23.000,1.234900,1.235200,D
174242990,EUR/USD,2005-08-05 10:39:24.000,1.234800,1.235100,D
174243000,EUR/USD,2005-08-05 10:39:25.000,1.234700,1.235000,D
174243037,EUR/USD,2005-08-05 10:39:31.000,1.234600,1.234900,D
174243076,EUR/USD,2005-08-05 10:39:44.000,1.234700,1.235000,D
174243097,EUR/USD,2005-08-05 10:39:48.000,1.234800,1.235100,D
174243155,EUR/USD,2005-08-05 10:40:39.000,1.234700,1.235000,D
174243166,EUR/USD,2005-08-05 10:40:40.000,1.234600,1.234900,D
174243188,EUR/USD,2005-08-05 10:40:46.000,1.234500,1.234800,D
174243226,EUR/USD,2005-08-05 10:40:51.000,1.234600,1.234900,D
174243242,EUR/USD,2005-08-05 10:40:53.000,1.234700,1.235000,D
174243272,EUR/USD,2005-08-05 10:40:55.000,1.234600,1.234900,D
174243275,EUR/USD,2005-08-05 10:40:55.000,1.234700,1.235000,D
174243294,EUR/USD,2005-08-05 10:40:57.000,1.234600,1.234900,D
174243353,EUR/USD,2005-08-05 10:41:15.000,1.234700,1.235000,D
174243388,EUR/USD,2005-08-05 10:41:31.000,1.234800,1.235100,D
174243389,EUR/USD,2005-08-05 10:41:31.000,1.234900,1.235200,D
174243411,EUR/USD,2005-08-05 10:41:35.000,1.234800,1.235100,D
174243429,EUR/USD,2005-08-05 10:41:37.000,1.234900,1.235200,D
174243438,EUR/USD,2005-08-05 10:41:37.000,1.234800,1.235100,D
174243465,EUR/USD,2005-08-05 10:41:43.000,1.234700,1.235000,D
174243549,EUR/USD,2005-08-05 10:42:42.000,1.234800,1.235100,D
174243572,EUR/USD,2005-08-05 10:42:53.000,1.234900,1.235200,D
174243606,EUR/USD,2005-08-05 10:43:13.000,1.234800,1.235100,D
174243671,EUR/USD,2005-08-05 10:43:34.000,1.234700,1.235000,D
174243711,EUR/USD,2005-08-05 10:43:44.000,1.234800,1.235100,D
174243743,EUR/USD,2005-08-05 10:44:13.000,1.234900,1.235200,D
174243790,EUR/USD,2005-08-05 10:44:37.000,1.234800,1.235100,D
174243828,EUR/USD,2005-08-05 10:44:53.000,1.234900,1.235200,D
174243842,EUR/USD,2005-08-05 10:44:54.000,1.234800,1.235100,D
174243876,EUR/USD,2005-08-05 10:45:07.000,1.234700,1.235000,D
174243882,EUR/USD,2005-08-05 10:45:08.000,1.234800,1.235100,D
174243927,EUR/USD,2005-08-05 10:45:21.000,1.234700,1.235000,D
174243962,EUR/USD,2005-08-05 10:45:38.000,1.234600,1.234900,D
174244051,EUR/USD,2005-08-05 10:46:15.000,1.234500,1.234800,D
174244058,EUR/USD,2005-08-05 10:46:15.000,1.234400,1.234700,D
174244068,EUR/USD,2005-08-05 10:46:16.000,1.234500,1.234800,D
174244082,EUR/USD,2005-08-05 10:46:17.000,1.234600,1.234900,D
174244093,EUR/USD,2005-08-05 10:46:19.000,1.234500,1.234800,D
174244100,EUR/USD,2005-08-05 10:46:23.000,1.234400,1.234700,D
174244108,EUR/USD,2005-08-05 10:46:29.000,1.234500,1.234800,D
174244169,EUR/USD,2005-08-05 10:46:50.000,1.234400,1.234700,D
174244240,EUR/USD,2005-08-05 10:47:06.000,1.234300,1.234600,D
174244312,EUR/USD,2005-08-05 10:47:49.000,1.234200,1.234500,D
174244340,EUR/USD,2005-08-05 10:48:07.000,1.234300,1.234600,D
174244365,EUR/USD,2005-08-05 10:48:20.000,1.234200,1.234500,D
174244411,EUR/USD,2005-08-05 10:48:41.000,1.234300,1.234600,D
174244420,EUR/USD,2005-08-05 10:48:42.000,1.234200,1.234500,D
174244435,EUR/USD,2005-08-05 10:48:46.000,1.234300,1.234600,D
174244466,EUR/USD,2005-08-05 10:49:19.000,1.234400,1.234700,D
174244475,EUR/USD,2005-08-05 10:49:20.000,1.234300,1.234600,D
174244486,EUR/USD,2005-08-05 10:49:21.000,1.234400,1.234700,D
174244498,EUR/USD,2005-08-05 10:49:26.000,1.234500,1.234800,D
174244519,EUR/USD,2005-08-05 10:49:31.000,1.234400,1.234700,D
174244523,EUR/USD,2005-08-05 10:49:36.000,1.234300,1.234600,D
174244525,EUR/USD,2005-08-05 10:49:36.000,1.234400,1.234700,D
174244538,EUR/USD,2005-08-05 10:49:48.000,1.234300,1.234600,D
174244552,EUR/USD,2005-08-05 10:49:52.000,1.234200,1.234500,D
174244622,EUR/USD,2005-08-05 10:50:12.000,1.234100,1.234400,D
174244642,EUR/USD,2005-08-05 10:50:21.000,1.234200,1.234500,D
174244650,EUR/USD,2005-08-05 10:50:22.000,1.234100,1.234400,D
174244660,EUR/USD,2005-08-05 10:50:26.000,1.234200,1.234500,D
174244667,EUR/USD,2005-08-05 10:50:27.000,1.234300,1.234600,D
174244678,EUR/USD,2005-08-05 10:50:29.000,1.234400,1.234700,D
174244704,EUR/USD,2005-08-05 10:50:34.000,1.234500,1.234800,D
174244720,EUR/USD,2005-08-05 10:50:38.000,1.234600,1.234900,D
174244745,EUR/USD,2005-08-05 10:50:44.000,1.234500,1.234800,D
174244751,EUR/USD,2005-08-05 10:50:48.000,1.234600,1.234900,D
174244756,EUR/USD,2005-08-05 10:50:49.000,1.234500,1.234800,D
174244788,EUR/USD,2005-08-05 10:50:55.000,1.234600,1.234900,D
174244810,EUR/USD,2005-08-05 10:50:58.000,1.234500,1.234800,D
174244820,EUR/USD,2005-08-05 10:51:06.000,1.234400,1.234700,D
174244860,EUR/USD,2005-08-05 10:51:28.000,1.234300,1.234600,D
174244878,EUR/USD,2005-08-05 10:51:32.000,1.234400,1.234700,D
174244886,EUR/USD,2005-08-05 10:51:33.000,1.234500,1.234800,D
174244919,EUR/USD,2005-08-05 10:51:40.000,1.234400,1.234700,D
174244952,EUR/USD,2005-08-05 10:51:45.000,1.234300,1.234600,D
174244966,EUR/USD,2005-08-05 10:51:50.000,1.234400,1.234700,D
174245001,EUR/USD,2005-08-05 10:52:06.000,1.234500,1.234800,D
174245136,EUR/USD,2005-08-05 10:53:03.000,1.234400,1.234700,D
174245175,EUR/USD,2005-08-05 10:53:11.000,1.234300,1.234600,D
174245212,EUR/USD,2005-08-05 10:53:17.000,1.234400,1.234700,D
174245222,EUR/USD,2005-08-05 10:53:21.000,1.234300,1.234600,D
174245294,EUR/USD,2005-08-05 10:54:05.000,1.234200,1.234500,D
174245303,EUR/USD,2005-08-05 10:54:07.000,1.234300,1.234600,D
174245306,EUR/USD,2005-08-05 10:54:07.000,1.234200,1.234500,D
174245312,EUR/USD,2005-08-05 10:54:07.000,1.234100,1.234400,D
174245321,EUR/USD,2005-08-05 10:54:10.000,1.234200,1.234500,D
174245330,EUR/USD,2005-08-05 10:54:10.000,1.234100,1.234400,D
174245335,EUR/USD,2005-08-05 10:54:13.000,1.234000,1.234300,D
174245356,EUR/USD,2005-08-05 10:54:15.000,1.233900,1.234200,D
174245369,EUR/USD,2005-08-05 10:54:18.000,1.233800,1.234100,D
174245374,EUR/USD,2005-08-05 10:54:19.000,1.233900,1.234200,D
174245400,EUR/USD,2005-08-05 10:54:24.000,1.234000,1.234300,D
174245414,EUR/USD,2005-08-05 10:54:26.000,1.233900,1.234200,D
174245451,EUR/USD,2005-08-05 10:54:35.000,1.233800,1.234100,D
174245485,EUR/USD,2005-08-05 10:54:43.000,1.233900,1.234200,D
174245510,EUR/USD,2005-08-05 10:54:52.000,1.234000,1.234300,D
174245513,EUR/USD,2005-08-05 10:54:53.000,1.233900,1.234200,D
174245514,EUR/USD,2005-08-05 10:54:53.000,1.234000,1.234300,D
174245538,EUR/USD,2005-08-05 10:54:59.000,1.234100,1.234400,D
174245557,EUR/USD,2005-08-05 10:55:02.000,1.234000,1.234300,D
174245570,EUR/USD,2005-08-05 10:55:05.000,1.234100,1.234400,D
174245595,EUR/USD,2005-08-05 10:55:10.000,1.234200,1.234500,D
174245606,EUR/USD,2005-08-05 10:55:13.000,1.234100,1.234400,D
174245634,EUR/USD,2005-08-05 10:55:32.000,1.234200,1.234500,D
174245637,EUR/USD,2005-08-05 10:55:34.000,1.234100,1.234400,D
174245642,EUR/USD,2005-08-05 10:55:35.000,1.234200,1.234500,D
174245679,EUR/USD,2005-08-05 10:55:51.000,1.234100,1.234400,D
174245696,EUR/USD,2005-08-05 10:55:57.000,1.234200,1.234500,D
174245701,EUR/USD,2005-08-05 10:56:01.000,1.234100,1.234400,D
174245719,EUR/USD,2005-08-05 10:56:07.000,1.233900,1.234200,D
174245780,EUR/USD,2005-08-05 10:56:21.000,1.234000,1.234300,D
174245807,EUR/USD,2005-08-05 10:56:26.000,1.234100,1.234400,D
174245820,EUR/USD,2005-08-05 10:56:31.000,1.234000,1.234300,D
174245833,EUR/USD,2005-08-05 10:56:38.000,1.234100,1.234400,D
174245836,EUR/USD,2005-08-05 10:56:39.000,1.234000,1.234300,D
174245850,EUR/USD,2005-08-05 10:56:48.000,1.234100,1.234400,D
174245863,EUR/USD,2005-08-05 10:56:50.000,1.234000,1.234300,D
174245918,EUR/USD,2005-08-05 10:57:13.000,1.234100,1.234400,D
174245921,EUR/USD,2005-08-05 10:57:14.000,1.234000,1.234300,D
174245949,EUR/USD,2005-08-05 10:57:39.000,1.233900,1.234200,D
174245973,EUR/USD,2005-08-05 10:57:51.000,1.234000,1.234300,D
174245978,EUR/USD,2005-08-05 10:57:52.000,1.234100,1.234400,D
174245984,EUR/USD,2005-08-05 10:57:54.000,1.234000,1.234300,D
174245990,EUR/USD,2005-08-05 10:57:57.000,1.233900,1.234200,D
174246020,EUR/USD,2005-08-05 10:58:12.000,1.233800,1.234100,D
174246074,EUR/USD,2005-08-05 10:58:25.000,1.233900,1.234200,D
174246082,EUR/USD,2005-08-05 10:58:28.000,1.233800,1.234100,D
174246090,EUR/USD,2005-08-05 10:58:32.000,1.233700,1.234000,D
174246096,EUR/USD,2005-08-05 10:58:33.000,1.233800,1.234100,D
174246104,EUR/USD,2005-08-05 10:58:37.000,1.233700,1.234000,D
174246121,EUR/USD,2005-08-05 10:58:49.000,1.233800,1.234100,D
174246131,EUR/USD,2005-08-05 10:58:51.000,1.233700,1.234000,D
174246147,EUR/USD,2005-08-05 10:58:57.000,1.233800,1.234100,D
174246194,EUR/USD,2005-08-05 10:59:12.000,1.233900,1.234200,D
174246223,EUR/USD,2005-08-05 10:59:16.000,1.233800,1.234100,D
174246231,EUR/USD,2005-08-05 10:59:17.000,1.233900,1.234200,D
174246259,EUR/USD,2005-08-05 10:59:21.000,1.233800,1.234100,D
174246275,EUR/USD,2005-08-05 10:59:26.000,1.233900,1.234200,D
174246290,EUR/USD,2005-08-05 10:59:28.000,1.233800,1.234100,D
174246323,EUR/USD,2005-08-05 10:59:32.000,1.233700,1.234000,D
174246335,EUR/USD,2005-08-05 10:59:33.000,1.233600,1.233900,D
174246365,EUR/USD,2005-08-05 10:59:36.000,1.233800,1.234100,D
174246372,EUR/USD,2005-08-05 10:59:37.000,1.233700,1.234000,D
174246377,EUR/USD,2005-08-05 10:59:38.000,1.233800,1.234100,D
174246383,EUR/USD,2005-08-05 10:59:38.000,1.233700,1.234000,D
174246433,EUR/USD,2005-08-05 10:59:45.000,1.233600,1.233900,D
174246447,EUR/USD,2005-08-05 10:59:49.000,1.233700,1.234000,D
174246453,EUR/USD,2005-08-05 10:59:50.000,1.233600,1.233900,D
174246479,EUR/USD,2005-08-05 10:59:55.000,1.233700,1.234000,D
174246525,EUR/USD,2005-08-05 11:00:05.000,1.233800,1.234100,D
174246541,EUR/USD,2005-08-05 11:00:07.000,1.233900,1.234200,D
174246568,EUR/USD,2005-08-05 11:00:09.000,1.233800,1.234100,D
174246597,EUR/USD,2005-08-05 11:00:15.000,1.233700,1.234000,D
174246642,EUR/USD,2005-08-05 11:00:23.000,1.233800,1.234100,D
174246669,EUR/USD,2005-08-05 11:00:30.000,1.233700,1.234000,D
174246677,EUR/USD,2005-08-05 11:00:32.000,1.233800,1.234100,D
174246710,EUR/USD,2005-08-05 11:00:35.000,1.233900,1.234200,D
174246766,EUR/USD,2005-08-05 11:00:41.000,1.233800,1.234100,D
174246770,EUR/USD,2005-08-05 11:00:42.000,1.233900,1.234200,D
174246814,EUR/USD,2005-08-05 11:00:52.000,1.233800,1.234100,D
174246826,EUR/USD,2005-08-05 11:00:54.000,1.233900,1.234200,D
174246837,EUR/USD,2005-08-05 11:00:59.000,1.234000,1.234300,D
174246866,EUR/USD,2005-08-05 11:01:08.000,1.234100,1.234400,D
174246906,EUR/USD,2005-08-05 11:01:20.000,1.234000,1.234300,D
174246963,EUR/USD,2005-08-05 11:01:46.000,1.234100,1.234400,D
174246989,EUR/USD,2005-08-05 11:01:52.000,1.234000,1.234300,D
174247016,EUR/USD,2005-08-05 11:02:03.000,1.234100,1.234400,D
174247024,EUR/USD,2005-08-05 11:02:04.000,1.234000,1.234300,D
174247066,EUR/USD,2005-08-05 11:02:13.000,1.234100,1.234400,D
174247071,EUR/USD,2005-08-05 11:02:14.000,1.234000,1.234300,D
174247079,EUR/USD,2005-08-05 11:02:16.000,1.234100,1.234400,D
174247136,EUR/USD,2005-08-05 11:02:30.000,1.234200,1.234500,D
174247172,EUR/USD,2005-08-05 11:02:46.000,1.234300,1.234600,D
174247173,EUR/USD,2005-08-05 11:02:46.000,1.234200,1.234500,D
174247176,EUR/USD,2005-08-05 11:02:46.000,1.234300,1.234600,D
174247185,EUR/USD,2005-08-05 11:02:47.000,1.234200,1.234500,D
174247206,EUR/USD,2005-08-05 11:02:50.000,1.234300,1.234600,D
174247237,EUR/USD,2005-08-05 11:02:56.000,1.234400,1.234700,D
174247252,EUR/USD,2005-08-05 11:03:05.000,1.234500,1.234800,D
174247254,EUR/USD,2005-08-05 11:03:06.000,1.234400,1.234700,D
174247272,EUR/USD,2005-08-05 11:03:08.000,1.234500,1.234800,D
174247288,EUR/USD,2005-08-05 11:03:10.000,1.234600,1.234900,D
174247327,EUR/USD,2005-08-05 11:03:15.000,1.234500,1.234800,D
174247335,EUR/USD,2005-08-05 11:03:15.000,1.234600,1.234900,D
174247346,EUR/USD,2005-08-05 11:03:17.000,1.234500,1.234800,D
174247356,EUR/USD,2005-08-05 11:03:19.000,1.234600,1.234900,D
174247389,EUR/USD,2005-08-05 11:03:26.000,1.234500,1.234800,D
174247400,EUR/USD,2005-08-05 11:03:27.000,1.234400,1.234700,D
174247408,EUR/USD,2005-08-05 11:03:28.000,1.234500,1.234800,D
174247423,EUR/USD,2005-08-05 11:03:30.000,1.234400,1.234700,D
174247442,EUR/USD,2005-08-05 11:03:36.000,1.234300,1.234600,D
174247448,EUR/USD,2005-08-05 11:03:38.000,1.234200,1.234500,D
174247487,EUR/USD,2005-08-05 11:03:40.000,1.234100,1.234400,D
174247510,EUR/USD,2005-08-05 11:03:42.000,1.234000,1.234300,D
174247559,EUR/USD,2005-08-05 11:03:50.000,1.234100,1.234400,D
174247571,EUR/USD,2005-08-05 11:03:51.000,1.233900,1.234200,D
174247600,EUR/USD,2005-08-05 11:03:57.000,1.233800,1.234100,D
174247610,EUR/USD,2005-08-05 11:04:00.000,1.233900,1.234200,D
174247653,EUR/USD,2005-08-05 11:04:07.000,1.233800,1.234100,D
174247661,EUR/USD,2005-08-05 11:04:08.000,1.233900,1.234200,D
174247672,EUR/USD,2005-08-05 11:04:09.000,1.233800,1.234100,D
174247740,EUR/USD,2005-08-05 11:04:26.000,1.233700,1.234000,D
174247747,EUR/USD,2005-08-05 11:04:26.000,1.233800,1.234100,D
174247788,EUR/USD,2005-08-05 11:04:36.000,1.233900,1.234200,D
174247799,EUR/USD,2005-08-05 11:04:37.000,1.233800,1.234100,D
174247811,EUR/USD,2005-08-05 11:04:38.000,1.233900,1.234200,D
174247862,EUR/USD,2005-08-05 11:04:50.000,1.234000,1.234300,D
174247874,EUR/USD,2005-08-05 11:04:51.000,1.233900,1.234200,D
174247889,EUR/USD,2005-08-05 11:04:55.000,1.234000,1.234300,D
174247891,EUR/USD,2005-08-05 11:04:56.000,1.233900,1.234200,D
174247895,EUR/USD,2005-08-05 11:04:57.000,1.234000,1.234300,D
174247906,EUR/USD,2005-08-05 11:05:00.000,1.233900,1.234200,D
174248023,EUR/USD,2005-08-05 11:05:33.000,1.233800,1.234100,D
174248032,EUR/USD,2005-08-05 11:05:36.000,1.233900,1.234200,D
174248049,EUR/USD,2005-08-05 11:05:39.000,1.233800,1.234100,D
174248090,EUR/USD,2005-08-05 11:05:50.000,1.233900,1.234200,D
174248101,EUR/USD,2005-08-05 11:05:53.000,1.233800,1.234100,D
174248117,EUR/USD,2005-08-05 11:05:57.000,1.233700,1.234000,D
174248148,EUR/USD,2005-08-05 11:06:05.000,1.233800,1.234100,D
174248151,EUR/USD,2005-08-05 11:06:06.000,1.233700,1.234000,D
174248179,EUR/USD,2005-08-05 11:06:17.000,1.233800,1.234100,D
174248185,EUR/USD,2005-08-05 11:06:18.000,1.233900,1.234200,D
174248190,EUR/USD,2005-08-05 11:06:19.000,1.233800,1.234100,D
174248225,EUR/USD,2005-08-05 11:06:27.000,1.233700,1.234000,D
174248294,EUR/USD,2005-08-05 11:06:48.000,1.233600,1.233900,D
174248309,EUR/USD,2005-08-05 11:06:53.000,1.233700,1.234000,D
174248334,EUR/USD,2005-08-05 11:07:01.000,1.233800,1.234100,D
174248336,EUR/USD,2005-08-05 11:07:02.000,1.233700,1.234000,D
174248340,EUR/USD,2005-08-05 11:07:03.000,1.233800,1.234100,D
174248407,EUR/USD,2005-08-05 11:07:26.000,1.233700,1.234000,D
174248427,EUR/USD,2005-08-05 11:07:36.000,1.233800,1.234100,D
174248460,EUR/USD,2005-08-05 11:07:53.000,1.233700,1.234000,D
174248463,EUR/USD,2005-08-05 11:07:54.000,1.233800,1.234100,D
174248468,EUR/USD,2005-08-05 11:07:54.000,1.233700,1.234000,D
174248470,EUR/USD,2005-08-05 11:07:56.000,1.233800,1.234100,D
174248524,EUR/USD,2005-08-05 11:08:09.000,1.233700,1.234000,D
174248531,EUR/USD,2005-08-05 11:08:11.000,1.233800,1.234100,D
174248558,EUR/USD,2005-08-05 11:08:19.000,1.233700,1.234000,D
174248563,EUR/USD,2005-08-05 11:08:20.000,1.233800,1.234100,D
174248580,EUR/USD,2005-08-05 11:08:22.000,1.233700,1.234000,D
174248617,EUR/USD,2005-08-05 11:08:43.000,1.233800,1.234100,D
174248636,EUR/USD,2005-08-05 11:08:49.000,1.233700,1.234000,D
174248639,EUR/USD,2005-08-05 11:08:50.000,1.233800,1.234100,D
174248642,EUR/USD,2005-08-05 11:08:51.000,1.233700,1.234000,D
174248720,EUR/USD,2005-08-05 11:09:09.000,1.233600,1.233900,D
174248739,EUR/USD,2005-08-05 11:09:16.000,1.233500,1.233800,D
174248763,EUR/USD,2005-08-05 11:09:23.000,1.233400,1.233700,D
174248772,EUR/USD,2005-08-05 11:09:25.000,1.233300,1.233600,D
174248778,EUR/USD,2005-08-05 11:09:26.000,1.233200,1.233500,D
174248791,EUR/USD,2005-08-05 11:09:28.000,1.233100,1.233400,D
174248828,EUR/USD,2005-08-05 11:09:34.000,1.233200,1.233500,D
174248834,EUR/USD,2005-08-05 11:09:35.000,1.233100,1.233400,D
174248846,EUR/USD,2005-08-05 11:09:38.000,1.233200,1.233500,D
174248857,EUR/USD,2005-08-05 11:09:40.000,1.233100,1.233400,D
174248871,EUR/USD,2005-08-05 11:09:44.000,1.233200,1.233500,D
174248881,EUR/USD,2005-08-05 11:09:45.000,1.233100,1.233400,D
174248890,EUR/USD,2005-08-05 11:09:49.000,1.233200,1.233500,D
174248902,EUR/USD,2005-08-05 11:09:51.000,1.233100,1.233400,D
174248917,EUR/USD,2005-08-05 11:09:53.000,1.233200,1.233500,D
174248944,EUR/USD,2005-08-05 11:09:59.000,1.233100,1.233400,D
174248967,EUR/USD,2005-08-05 11:10:05.000,1.233000,1.233300,D
174248975,EUR/USD,2005-08-05 11:10:06.000,1.232900,1.233200,D
174249008,EUR/USD,2005-08-05 11:10:10.000,1.232800,1.233100,D
174249012,EUR/USD,2005-08-05 11:10:10.000,1.232900,1.233200,D
174249024,EUR/USD,2005-08-05 11:10:12.000,1.232800,1.233100,D
174249042,EUR/USD,2005-08-05 11:10:14.000,1.232700,1.233000,D
174249062,EUR/USD,2005-08-05 11:10:17.000,1.232800,1.233100,D
174249074,EUR/USD,2005-08-05 11:10:19.000,1.232700,1.233000,D
174249078,EUR/USD,2005-08-05 11:10:20.000,1.232800,1.233100,D
174249083,EUR/USD,2005-08-05 11:10:20.000,1.232700,1.233000,D
174249093,EUR/USD,2005-08-05 11:10:22.000,1.232800,1.233100,D
174249106,EUR/USD,2005-08-05 11:10:24.000,1.232900,1.233200,D
174249114,EUR/USD,2005-08-05 11:10:25.000,1.232800,1.233100,D
174249128,EUR/USD,2005-08-05 11:10:26.000,1.232700,1.233000,D
174249148,EUR/USD,2005-08-05 11:10:28.000,1.232600,1.232900,D
174249184,EUR/USD,2005-08-05 11:10:32.000,1.232500,1.232800,D
174249193,EUR/USD,2005-08-05 11:10:34.000,1.232400,1.232700,D
174249204,EUR/USD,2005-08-05 11:10:35.000,1.232300,1.232600,D
174249219,EUR/USD,2005-08-05 11:10:37.000,1.232200,1.232500,D
174249225,EUR/USD,2005-08-05 11:10:38.000,1.232300,1.232600,D
174249239,EUR/USD,2005-08-05 11:10:40.000,1.232200,1.232500,D
174249249,EUR/USD,2005-08-05 11:10:41.000,1.232300,1.232600,D
174249270,EUR/USD,2005-08-05 11:10:43.000,1.232400,1.232700,D
174249286,EUR/USD,2005-08-05 11:10:46.000,1.232500,1.232800,D
174249301,EUR/USD,2005-08-05 11:10:50.000,1.232600,1.232900,D
174249307,EUR/USD,2005-08-05 11:10:51.000,1.232500,1.232800,D
174249334,EUR/USD,2005-08-05 11:10:57.000,1.232600,1.232900,D
174249347,EUR/USD,2005-08-05 11:11:00.000,1.232700,1.233000,D
174249352,EUR/USD,2005-08-05 11:11:00.000,1.232600,1.232900,D
174249356,EUR/USD,2005-08-05 11:11:01.000,1.232700,1.233000,D
174249370,EUR/USD,2005-08-05 11:11:02.000,1.232600,1.232900,D
174249385,EUR/USD,2005-08-05 11:11:03.000,1.232700,1.233000,D
174249421,EUR/USD,2005-08-05 11:11:09.000,1.232800,1.233100,D
174249424,EUR/USD,2005-08-05 11:11:10.000,1.232700,1.233000,D
174249437,EUR/USD,2005-08-05 11:11:10.000,1.232800,1.233100,D
174249453,EUR/USD,2005-08-05 11:11:11.000,1.232700,1.233000,D
174249481,EUR/USD,2005-08-05 11:11:16.000,1.232600,1.232900,D
174249495,EUR/USD,2005-08-05 11:11:20.000,1.232500,1.232800,D
174249504,EUR/USD,2005-08-05 11:11:21.000,1.232600,1.232900,D
174249521,EUR/USD,2005-08-05 11:11:25.000,1.232700,1.233000,D
174249540,EUR/USD,2005-08-05 11:11:28.000,1.232600,1.232900,D
174249571,EUR/USD,2005-08-05 11:11:33.000,1.232500,1.232800,D
174249591,EUR/USD,2005-08-05 11:11:36.000,1.232400,1.232700,D
174249599,EUR/USD,2005-08-05 11:11:38.000,1.232500,1.232800,D
174249632,EUR/USD,2005-08-05 11:11:43.000,1.232600,1.232900,D
174249644,EUR/USD,2005-08-05 11:11:49.000,1.232700,1.233000,D
174249664,EUR/USD,2005-08-05 11:11:51.000,1.232800,1.233100,D
174249666,EUR/USD,2005-08-05 11:11:51.000,1.232700,1.233000,D
174249678,EUR/USD,2005-08-05 11:11:54.000,1.232600,1.232900,D
174249706,EUR/USD,2005-08-05 11:12:00.000,1.232500,1.232800,D
174249718,EUR/USD,2005-08-05 11:12:02.000,1.232600,1.232900,D
174249759,EUR/USD,2005-08-05 11:12:08.000,1.232500,1.232800,D
174249769,EUR/USD,2005-08-05 11:12:12.000,1.232600,1.232900,D
174249783,EUR/USD,2005-08-05 11:12:14.000,1.232700,1.233000,D
174249819,EUR/USD,2005-08-05 11:12:19.000,1.232800,1.233100,D
174249854,EUR/USD,2005-08-05 11:12:25.000,1.232900,1.233200,D
174249876,EUR/USD,2005-08-05 11:12:28.000,1.232800,1.233100,D
174249902,EUR/USD,2005-08-05 11:12:33.000,1.232700,1.233000,D
174249976,EUR/USD,2005-08-05 11:12:49.000,1.232800,1.233100,D
174249993,EUR/USD,2005-08-05 11:12:52.000,1.232700,1.233000,D
174249997,EUR/USD,2005-08-05 11:12:53.000,1.232800,1.233100,D
174250016,EUR/USD,2005-08-05 11:13:01.000,1.232900,1.233200,D
174250021,EUR/USD,2005-08-05 11:13:02.000,1.232800,1.233100,D
174250033,EUR/USD,2005-08-05 11:13:03.000,1.232900,1.233200,D
174250058,EUR/USD,2005-08-05 11:13:08.000,1.233000,1.233300,D
174250086,EUR/USD,2005-08-05 11:13:13.000,1.233100,1.233400,D
174250141,EUR/USD,2005-08-05 11:13:21.000,1.233000,1.233300,D
174250149,EUR/USD,2005-08-05 11:13:23.000,1.233100,1.233400,D
174250196,EUR/USD,2005-08-05 11:13:33.000,1.233200,1.233500,D
174250222,EUR/USD,2005-08-05 11:13:36.000,1.233300,1.233600,D
174250276,EUR/USD,2005-08-05 11:13:43.000,1.233400,1.233700,D
174250300,EUR/USD,2005-08-05 11:13:46.000,1.233300,1.233600,D
174250334,EUR/USD,2005-08-05 11:13:49.000,1.233200,1.233500,D
174250348,EUR/USD,2005-08-05 11:13:49.000,1.233300,1.233600,D
174250364,EUR/USD,2005-08-05 11:13:52.000,1.233200,1.233500,D
174250390,EUR/USD,2005-08-05 11:13:58.000,1.233100,1.233400,D
174250400,EUR/USD,2005-08-05 11:14:01.000,1.233000,1.233300,D
174250417,EUR/USD,2005-08-05 11:14:05.000,1.232900,1.233200,D
174250433,EUR/USD,2005-08-05 11:14:08.000,1.232800,1.233100,D
174250439,EUR/USD,2005-08-05 11:14:08.000,1.232900,1.233200,D
174250444,EUR/USD,2005-08-05 11:14:09.000,1.232800,1.233100,D
174250450,EUR/USD,2005-08-05 11:14:09.000,1.232900,1.233200,D
174250462,EUR/USD,2005-08-05 11:14:11.000,1.232800,1.233100,D
174250467,EUR/USD,2005-08-05 11:14:13.000,1.232900,1.233200,D
174250489,EUR/USD,2005-08-05 11:14:16.000,1.232800,1.233100,D
174250492,EUR/USD,2005-08-05 11:14:17.000,1.232900,1.233200,D
174250532,EUR/USD,2005-08-05 11:14:23.000,1.232800,1.233100,D
174250594,EUR/USD,2005-08-05 11:14:43.000,1.232900,1.233200,D
174250600,EUR/USD,2005-08-05 11:14:44.000,1.232800,1.233100,D
174250609,EUR/USD,2005-08-05 11:14:45.000,1.232900,1.233200,D
174250621,EUR/USD,2005-08-05 11:14:47.000,1.232800,1.233100,D
174250635,EUR/USD,2005-08-05 11:14:53.000,1.232900,1.233200,D
174250659,EUR/USD,2005-08-05 11:15:03.000,1.232800,1.233100,D
174250719,EUR/USD,2005-08-05 11:15:16.000,1.232900,1.233200,D
174250735,EUR/USD,2005-08-05 11:15:18.000,1.232800,1.233100,D
174250746,EUR/USD,2005-08-05 11:15:25.000,1.232700,1.233000,D
174250763,EUR/USD,2005-08-05 11:15:29.000,1.232600,1.232900,D
174250772,EUR/USD,2005-08-05 11:15:31.000,1.232500,1.232800,D
174250818,EUR/USD,2005-08-05 11:15:36.000,1.232600,1.232900,D
174250821,EUR/USD,2005-08-05 11:15:37.000,1.232500,1.232800,D
174250822,EUR/USD,2005-08-05 11:15:38.000,1.232600,1.232900,D
174250830,EUR/USD,2005-08-05 11:15:39.000,1.232500,1.232800,D
174250834,EUR/USD,2005-08-05 11:15:39.000,1.232600,1.232900,D
174250870,EUR/USD,2005-08-05 11:15:44.000,1.232500,1.232800,D
174250906,EUR/USD,2005-08-05 11:15:48.000,1.232400,1.232700,D
174250936,EUR/USD,2005-08-05 11:15:56.000,1.232300,1.232600,D
174250976,EUR/USD,2005-08-05 11:16:06.000,1.232400,1.232700,D
174250989,EUR/USD,2005-08-05 11:16:08.000,1.232300,1.232600,D
174251009,EUR/USD,2005-08-05 11:16:11.000,1.232200,1.232500,D
174251012,EUR/USD,2005-08-05 11:16:11.000,1.232300,1.232600,D
174251018,EUR/USD,2005-08-05 11:16:13.000,1.232200,1.232500,D
174251022,EUR/USD,2005-08-05 11:16:15.000,1.232300,1.232600,D
174251039,EUR/USD,2005-08-05 11:16:16.000,1.232400,1.232700,D
174251083,EUR/USD,2005-08-05 11:16:21.000,1.232300,1.232600,D
174251094,EUR/USD,2005-08-05 11:16:22.000,1.232400,1.232700,D
174251098,EUR/USD,2005-08-05 11:16:23.000,1.232300,1.232600,D
174251106,EUR/USD,2005-08-05 11:16:25.000,1.232200,1.232500,D
174251114,EUR/USD,2005-08-05 11:16:26.000,1.232300,1.232600,D
174251128,EUR/USD,2005-08-05 11:16:28.000,1.232200,1.232500,D
174251134,EUR/USD,2005-08-05 11:16:29.000,1.232300,1.232600,D
174251140,EUR/USD,2005-08-05 11:16:30.000,1.232200,1.232500,D
174251147,EUR/USD,2005-08-05 11:16:30.000,1.232100,1.232400,D
174251158,EUR/USD,2005-08-05 11:16:33.000,1.232200,1.232500,D
174251165,EUR/USD,2005-08-05 11:16:36.000,1.232300,1.232600,D
174251177,EUR/USD,2005-08-05 11:16:37.000,1.232200,1.232500,D
174251205,EUR/USD,2005-08-05 11:16:43.000,1.232300,1.232600,D
174251214,EUR/USD,2005-08-05 11:16:45.000,1.232200,1.232500,D
174251218,EUR/USD,2005-08-05 11:16:45.000,1.232300,1.232600,D
174251230,EUR/USD,2005-08-05 11:16:48.000,1.232200,1.232500,D
174251234,EUR/USD,2005-08-05 11:16:49.000,1.232300,1.232600,D
174251281,EUR/USD,2005-08-05 11:17:02.000,1.232400,1.232700,D
174251304,EUR/USD,2005-08-05 11:17:07.000,1.232500,1.232800,D
174251322,EUR/USD,2005-08-05 11:17:09.000,1.232400,1.232700,D
174251329,EUR/USD,2005-08-05 11:17:11.000,1.232500,1.232800,D
174251331,EUR/USD,2005-08-05 11:17:13.000,1.232400,1.232700,D
174251354,EUR/USD,2005-08-05 11:17:19.000,1.232300,1.232600,D
174251372,EUR/USD,2005-08-05 11:17:21.000,1.232200,1.232500,D
174251392,EUR/USD,2005-08-05 11:17:25.000,1.232100,1.232400,D
174251407,EUR/USD,2005-08-05 11:17:27.000,1.232200,1.232500,D
174251435,EUR/USD,2005-08-05 11:17:32.000,1.232300,1.232600,D
174251445,EUR/USD,2005-08-05 11:17:33.000,1.232400,1.232700,D
174251459,EUR/USD,2005-08-05 11:17:37.000,1.232300,1.232600,D
174251482,EUR/USD,2005-08-05 11:17:44.000,1.232400,1.232700,D
174251511,EUR/USD,2005-08-05 11:17:54.000,1.232500,1.232800,D
174251582,EUR/USD,2005-08-05 11:18:23.000,1.232600,1.232900,D
174251589,EUR/USD,2005-08-05 11:18:26.000,1.232500,1.232800,D
174251593,EUR/USD,2005-08-05 11:18:29.000,1.232600,1.232900,D
174251595,EUR/USD,2005-08-05 11:18:30.000,1.232500,1.232800,D
174251619,EUR/USD,2005-08-05 11:18:41.000,1.232400,1.232700,D
174251654,EUR/USD,2005-08-05 11:18:49.000,1.232500,1.232800,D
174251663,EUR/USD,2005-08-05 11:18:54.000,1.232400,1.232700,D
174251675,EUR/USD,2005-08-05 11:18:56.000,1.232300,1.232600,D
174251703,EUR/USD,2005-08-05 11:19:06.000,1.232200,1.232500,D
174251707,EUR/USD,2005-08-05 11:19:07.000,1.232300,1.232600,D
174251729,EUR/USD,2005-08-05 11:19:10.000,1.232200,1.232500,D
174251743,EUR/USD,2005-08-05 11:19:11.000,1.232100,1.232400,D
174251764,EUR/USD,2005-08-05 11:19:16.000,1.232200,1.232500,D
174251784,EUR/USD,2005-08-05 11:19:20.000,1.232300,1.232600,D
174251792,EUR/USD,2005-08-05 11:19:21.000,1.232200,1.232500,D
174251804,EUR/USD,2005-08-05 11:19:23.000,1.232100,1.232400,D
174251813,EUR/USD,2005-08-05 11:19:25.000,1.232200,1.232500,D
174251837,EUR/USD,2005-08-05 11:19:36.000,1.232300,1.232600,D
174251868,EUR/USD,2005-08-05 11:19:48.000,1.232400,1.232700,D
174251907,EUR/USD,2005-08-05 11:19:56.000,1.232300,1.232600,D
174251917,EUR/USD,2005-08-05 11:19:58.000,1.232400,1.232700,D
174251924,EUR/USD,2005-08-05 11:19:59.000,1.232300,1.232600,D
174251971,EUR/USD,2005-08-05 11:20:11.000,1.232200,1.232500,D
174251984,EUR/USD,2005-08-05 11:20:14.000,1.232300,1.232600,D
174251995,EUR/USD,2005-08-05 11:20:20.000,1.232400,1.232700,D
174251998,EUR/USD,2005-08-05 11:20:21.000,1.232300,1.232600,D
174252017,EUR/USD,2005-08-05 11:20:27.000,1.232400,1.232700,D
174252068,EUR/USD,2005-08-05 11:20:37.000,1.232500,1.232800,D
174252092,EUR/USD,2005-08-05 11:20:40.000,1.232600,1.232900,D
174252094,EUR/USD,2005-08-05 11:20:41.000,1.232500,1.232800,D
174252118,EUR/USD,2005-08-05 11:20:50.000,1.232400,1.232700,D
174252171,EUR/USD,2005-08-05 11:21:13.000,1.232500,1.232800,D
174252179,EUR/USD,2005-08-05 11:21:16.000,1.232400,1.232700,D
174252190,EUR/USD,2005-08-05 11:21:18.000,1.232500,1.232800,D
174252193,EUR/USD,2005-08-05 11:21:19.000,1.232400,1.232700,D
174252207,EUR/USD,2005-08-05 11:21:27.000,1.232300,1.232600,D
174252227,EUR/USD,2005-08-05 11:21:34.000,1.232400,1.232700,D
174252258,EUR/USD,2005-08-05 11:21:42.000,1.232300,1.232600,D
174252271,EUR/USD,2005-08-05 11:21:43.000,1.232400,1.232700,D
174252283,EUR/USD,2005-08-05 11:21:44.000,1.232500,1.232800,D
174252310,EUR/USD,2005-08-05 11:21:46.000,1.232400,1.232700,D
174252333,EUR/USD,2005-08-05 11:21:51.000,1.232500,1.232800,D
174252346,EUR/USD,2005-08-05 11:21:54.000,1.232400,1.232700,D
174252355,EUR/USD,2005-08-05 11:21:57.000,1.232300,1.232600,D
174252368,EUR/USD,2005-08-05 11:22:01.000,1.232200,1.232500,D
174252409,EUR/USD,2005-08-05 11:22:08.000,1.232300,1.232600,D
174252446,EUR/USD,2005-08-05 11:22:23.000,1.232400,1.232700,D
174252455,EUR/USD,2005-08-05 11:22:25.000,1.232300,1.232600,D
174252490,EUR/USD,2005-08-05 11:22:32.000,1.232400,1.232700,D
174252531,EUR/USD,2005-08-05 11:22:45.000,1.232500,1.232800,D
174252595,EUR/USD,2005-08-05 11:23:10.000,1.232600,1.232900,D
174252615,EUR/USD,2005-08-05 11:23:15.000,1.232500,1.232800,D
174252624,EUR/USD,2005-08-05 11:23:20.000,1.232600,1.232900,D
174252632,EUR/USD,2005-08-05 11:23:20.000,1.232500,1.232800,D
174252667,EUR/USD,2005-08-05 11:23:31.000,1.232600,1.232900,D
174252672,EUR/USD,2005-08-05 11:23:33.000,1.232500,1.232800,D
174252698,EUR/USD,2005-08-05 11:23:37.000,1.232400,1.232700,D
174252715,EUR/USD,2005-08-05 11:23:41.000,1.232300,1.232600,D
174252720,EUR/USD,2005-08-05 11:23:42.000,1.232400,1.232700,D
174252737,EUR/USD,2005-08-05 11:23:44.000,1.232300,1.232600,D
174252740,EUR/USD,2005-08-05 11:23:45.000,1.232400,1.232700,D
174252741,EUR/USD,2005-08-05 11:23:45.000,1.232300,1.232600,D
174252742,EUR/USD,2005-08-05 11:23:45.000,1.232400,1.232700,D
174252775,EUR/USD,2005-08-05 11:23:52.000,1.232300,1.232600,D
174252807,EUR/USD,2005-08-05 11:24:00.000,1.232400,1.232700,D
174252817,EUR/USD,2005-08-05 11:24:01.000,1.232300,1.232600,D
174252822,EUR/USD,2005-08-05 11:24:06.000,1.232400,1.232700,D
174252825,EUR/USD,2005-08-05 11:24:06.000,1.232500,1.232800,D
174252834,EUR/USD,2005-08-05 11:24:10.000,1.232400,1.232700,D
174252902,EUR/USD,2005-08-05 11:24:22.000,1.232500,1.232800,D
174252958,EUR/USD,2005-08-05 11:24:33.000,1.232600,1.232900,D
174252978,EUR/USD,2005-08-05 11:24:39.000,1.232700,1.233000,D
174253005,EUR/USD,2005-08-05 11:24:42.000,1.232800,1.233100,D
174253033,EUR/USD,2005-08-05 11:24:46.000,1.232900,1.233200,D
174253042,EUR/USD,2005-08-05 11:24:47.000,1.233000,1.233300,D
174253062,EUR/USD,2005-08-05 11:24:48.000,1.232900,1.233200,D
174253071,EUR/USD,2005-08-05 11:24:49.000,1.233000,1.233300,D
174253091,EUR/USD,2005-08-05 11:24:53.000,1.233100,1.233400,D
174253111,EUR/USD,2005-08-05 11:24:54.000,1.233000,1.233300,D
174253114,EUR/USD,2005-08-05 11:24:54.000,1.233100,1.233400,D
174253142,EUR/USD,2005-08-05 11:24:58.000,1.233200,1.233500,D
174253167,EUR/USD,2005-08-05 11:24:59.000,1.233100,1.233400,D
174253214,EUR/USD,2005-08-05 11:25:07.000,1.233200,1.233500,D
174253243,EUR/USD,2005-08-05 11:25:17.000,1.233100,1.233400,D
174253259,EUR/USD,2005-08-05 11:25:20.000,1.233000,1.233300,D
174253263,EUR/USD,2005-08-05 11:25:21.000,1.232900,1.233200,D
174253269,EUR/USD,2005-08-05 11:25:21.000,1.233000,1.233300,D
174253286,EUR/USD,2005-08-05 11:25:23.000,1.233100,1.233400,D
174253296,EUR/USD,2005-08-05 11:25:25.000,1.233200,1.233500,D
174253306,EUR/USD,2005-08-05 11:25:26.000,1.233100,1.233400,D
174253311,EUR/USD,2005-08-05 11:25:27.000,1.233200,1.233500,D
174253335,EUR/USD,2005-08-05 11:25:30.000,1.233100,1.233400,D
174253364,EUR/USD,2005-08-05 11:25:38.000,1.233000,1.233300,D
174253384,EUR/USD,2005-08-05 11:25:43.000,1.233100,1.233400,D
174253401,EUR/USD,2005-08-05 11:26:00.000,1.233200,1.233500,D
174253408,EUR/USD,2005-08-05 11:26:02.000,1.233100,1.233400,D
174253422,EUR/USD,2005-08-05 11:26:14.000,1.233200,1.233500,D
174253456,EUR/USD,2005-08-05 11:26:19.000,1.233300,1.233600,D
174253474,EUR/USD,2005-08-05 11:26:22.000,1.233400,1.233700,D
174253484,EUR/USD,2005-08-05 11:26:23.000,1.233500,1.233800,D
174253503,EUR/USD,2005-08-05 11:26:24.000,1.233600,1.233900,D
174253512,EUR/USD,2005-08-05 11:26:25.000,1.233700,1.234000,D
174253519,EUR/USD,2005-08-05 11:26:25.000,1.233600,1.233900,D
174253585,EUR/USD,2005-08-05 11:26:35.000,1.233700,1.234000,D
174253633,EUR/USD,2005-08-05 11:26:47.000,1.233600,1.233900,D
174253642,EUR/USD,2005-08-05 11:26:48.000,1.233700,1.234000,D
174253646,EUR/USD,2005-08-05 11:26:49.000,1.233600,1.233900,D
174253672,EUR/USD,2005-08-05 11:27:00.000,1.233700,1.234000,D
174253688,EUR/USD,2005-08-05 11:27:03.000,1.233800,1.234100,D
174253702,EUR/USD,2005-08-05 11:27:05.000,1.233700,1.234000,D
174253743,EUR/USD,2005-08-05 11:27:13.000,1.233600,1.233900,D
174253775,EUR/USD,2005-08-05 11:27:23.000,1.233700,1.234000,D
174253815,EUR/USD,2005-08-05 11:27:35.000,1.233800,1.234100,D
174253829,EUR/USD,2005-08-05 11:27:37.000,1.233700,1.234000,D
174253833,EUR/USD,2005-08-05 11:27:37.000,1.233800,1.234100,D
174253838,EUR/USD,2005-08-05 11:27:38.000,1.233700,1.234000,D
174253855,EUR/USD,2005-08-05 11:27:41.000,1.233600,1.233900,D
174253867,EUR/USD,2005-08-05 11:27:44.000,1.233500,1.233800,D
174253885,EUR/USD,2005-08-05 11:27:51.000,1.233600,1.233900,D
174253892,EUR/USD,2005-08-05 11:27:54.000,1.233700,1.234000,D
174253901,EUR/USD,2005-08-05 11:27:55.000,1.233800,1.234100,D
174253914,EUR/USD,2005-08-05 11:27:57.000,1.233700,1.234000,D
174253962,EUR/USD,2005-08-05 11:28:06.000,1.233600,1.233900,D
174253983,EUR/USD,2005-08-05 11:28:16.000,1.233700,1.234000,D
174253993,EUR/USD,2005-08-05 11:28:19.000,1.233600,1.233900,D
174254038,EUR/USD,2005-08-05 11:28:28.000,1.233500,1.233800,D
174254112,EUR/USD,2005-08-05 11:28:55.000,1.233400,1.233700,D
174254139,EUR/USD,2005-08-05 11:28:59.000,1.233300,1.233600,D
174254143,EUR/USD,2005-08-05 11:29:00.000,1.233400,1.233700,D
174254174,EUR/USD,2005-08-05 11:29:06.000,1.233300,1.233600,D
174254179,EUR/USD,2005-08-05 11:29:07.000,1.233200,1.233500,D
174254184,EUR/USD,2005-08-05 11:29:08.000,1.233300,1.233600,D
174254213,EUR/USD,2005-08-05 11:29:15.000,1.233200,1.233500,D
174254217,EUR/USD,2005-08-05 11:29:16.000,1.233300,1.233600,D
174254225,EUR/USD,2005-08-05 11:29:17.000,1.233400,1.233700,D
174254237,EUR/USD,2005-08-05 11:29:18.000,1.233300,1.233600,D
174254256,EUR/USD,2005-08-05 11:29:26.000,1.233200,1.233500,D
174254264,EUR/USD,2005-08-05 11:29:33.000,1.233300,1.233600,D
174254275,EUR/USD,2005-08-05 11:29:35.000,1.233200,1.233500,D
174254279,EUR/USD,2005-08-05 11:29:36.000,1.233300,1.233600,D
174254296,EUR/USD,2005-08-05 11:29:44.000,1.233400,1.233700,D
174254312,EUR/USD,2005-08-05 11:29:48.000,1.233500,1.233800,D
174254363,EUR/USD,2005-08-05 11:30:12.000,1.233600,1.233900,D
174254390,EUR/USD,2005-08-05 11:30:18.000,1.233700,1.234000,D
174254400,EUR/USD,2005-08-05 11:30:20.000,1.233800,1.234100,D
174254415,EUR/USD,2005-08-05 11:30:23.000,1.233700,1.234000,D
174254500,EUR/USD,2005-08-05 11:30:38.000,1.233600,1.233900,D
174254513,EUR/USD,2005-08-05 11:30:40.000,1.233500,1.233800,D
174254543,EUR/USD,2005-08-05 11:30:42.000,1.233400,1.233700,D
174254554,EUR/USD,2005-08-05 11:30:44.000,1.233500,1.233800,D
174254616,EUR/USD,2005-08-05 11:30:58.000,1.233600,1.233900,D
174254636,EUR/USD,2005-08-05 11:31:03.000,1.233700,1.234000,D
174254704,EUR/USD,2005-08-05 11:31:15.000,1.233600,1.233900,D
174254715,EUR/USD,2005-08-05 11:31:17.000,1.233700,1.234000,D
174254751,EUR/USD,2005-08-05 11:31:27.000,1.233600,1.233900,D
174254784,EUR/USD,2005-08-05 11:31:35.000,1.233400,1.233700,D
174254820,EUR/USD,2005-08-05 11:31:40.000,1.233300,1.233600,D
174254825,EUR/USD,2005-08-05 11:31:41.000,1.233400,1.233700,D
174254841,EUR/USD,2005-08-05 11:31:43.000,1.233300,1.233600,D
174254842,EUR/USD,2005-08-05 11:31:43.000,1.233400,1.233700,D
174254853,EUR/USD,2005-08-05 11:31:45.000,1.233300,1.233600,D
174254858,EUR/USD,2005-08-05 11:31:46.000,1.233400,1.233700,D
174254880,EUR/USD,2005-08-05 11:31:55.000,1.233300,1.233600,D
174254890,EUR/USD,2005-08-05 11:31:59.000,1.233400,1.233700,D
174254904,EUR/USD,2005-08-05 11:32:02.000,1.233300,1.233600,D
174254911,EUR/USD,2005-08-05 11:32:04.000,1.233400,1.233700,D
174254938,EUR/USD,2005-08-05 11:32:14.000,1.233300,1.233600,D
174254943,EUR/USD,2005-08-05 11:32:15.000,1.233400,1.233700,D
174254969,EUR/USD,2005-08-05 11:32:28.000,1.233300,1.233600,D
174254986,EUR/USD,2005-08-05 11:32:38.000,1.233400,1.233700,D
174255015,EUR/USD,2005-08-05 11:32:55.000,1.233300,1.233600,D
174255037,EUR/USD,2005-08-05 11:33:09.000,1.233200,1.233500,D
174255059,EUR/USD,2005-08-05 11:33:15.000,1.233100,1.233400,D
174255074,EUR/USD,2005-08-05 11:33:17.000,1.233000,1.233300,D
174255127,EUR/USD,2005-08-05 11:33:31.000,1.233100,1.233400,D
174255135,EUR/USD,2005-08-05 11:33:34.000,1.233000,1.233300,D
174255144,EUR/USD,2005-08-05 11:33:35.000,1.233100,1.233400,D
174255165,EUR/USD,2005-08-05 11:33:37.000,1.233000,1.233300,D
174255169,EUR/USD,2005-08-05 11:33:38.000,1.233100,1.233400,D
174255186,EUR/USD,2005-08-05 11:33:41.000,1.233000,1.233300,D
174255226,EUR/USD,2005-08-05 11:33:50.000,1.233100,1.233400,D
174255228,EUR/USD,2005-08-05 11:33:52.000,1.233000,1.233300,D
174255249,EUR/USD,2005-08-05 11:33:58.000,1.232900,1.233200,D
174255259,EUR/USD,2005-08-05 11:34:00.000,1.232800,1.233100,D
174255261,EUR/USD,2005-08-05 11:34:00.000,1.232900,1.233200,D
174255276,EUR/USD,2005-08-05 11:34:02.000,1.232800,1.233100,D
174255281,EUR/USD,2005-08-05 11:34:02.000,1.232900,1.233200,D
174255285,EUR/USD,2005-08-05 11:34:03.000,1.232800,1.233100,D
174255304,EUR/USD,2005-08-05 11:34:05.000,1.232900,1.233200,D
174255310,EUR/USD,2005-08-05 11:34:07.000,1.232800,1.233100,D
174255342,EUR/USD,2005-08-05 11:34:20.000,1.232900,1.233200,D
174255346,EUR/USD,2005-08-05 11:34:21.000,1.232800,1.233100,D
174255356,EUR/USD,2005-08-05 11:34:22.000,1.232900,1.233200,D
174255361,EUR/USD,2005-08-05 11:34:25.000,1.233000,1.233300,D
174255454,EUR/USD,2005-08-05 11:34:58.000,1.232900,1.233200,D
174255458,EUR/USD,2005-08-05 11:35:00.000,1.233000,1.233300,D
174255461,EUR/USD,2005-08-05 11:35:01.000,1.233100,1.233400,D
174255474,EUR/USD,2005-08-05 11:35:02.000,1.233000,1.233300,D
174255487,EUR/USD,2005-08-05 11:35:04.000,1.232900,1.233200,D
174255492,EUR/USD,2005-08-05 11:35:05.000,1.233000,1.233300,D
174255507,EUR/USD,2005-08-05 11:35:08.000,1.232900,1.233200,D
174255509,EUR/USD,2005-08-05 11:35:09.000,1.233000,1.233300,D
174255513,EUR/USD,2005-08-05 11:35:09.000,1.232900,1.233200,D
174255520,EUR/USD,2005-08-05 11:35:12.000,1.232800,1.233100,D
174255541,EUR/USD,2005-08-05 11:35:17.000,1.232900,1.233200,D
174255558,EUR/USD,2005-08-05 11:35:22.000,1.232800,1.233100,D
174255563,EUR/USD,2005-08-05 11:35:25.000,1.232900,1.233200,D
174255570,EUR/USD,2005-08-05 11:35:26.000,1.232800,1.233100,D
174255611,EUR/USD,2005-08-05 11:35:41.000,1.232700,1.233000,D
174255612,EUR/USD,2005-08-05 11:35:41.000,1.232800,1.233100,D
174255623,EUR/USD,2005-08-05 11:35:45.000,1.232700,1.233000,D
174255628,EUR/USD,2005-08-05 11:35:47.000,1.232800,1.233100,D
174255651,EUR/USD,2005-08-05 11:35:55.000,1.232700,1.233000,D
174255659,EUR/USD,2005-08-05 11:35:56.000,1.232800,1.233100,D
174255667,EUR/USD,2005-08-05 11:36:02.000,1.232700,1.233000,D
174255692,EUR/USD,2005-08-05 11:36:08.000,1.232800,1.233100,D
174255731,EUR/USD,2005-08-05 11:36:31.000,1.232700,1.233000,D
174255771,EUR/USD,2005-08-05 11:36:52.000,1.232800,1.233100,D
174255853,EUR/USD,2005-08-05 11:37:31.000,1.232900,1.233200,D
174255864,EUR/USD,2005-08-05 11:37:33.000,1.232800,1.233100,D
174255903,EUR/USD,2005-08-05 11:38:01.000,1.232900,1.233200,D
174255944,EUR/USD,2005-08-05 11:38:56.000,1.233000,1.233300,D
174255968,EUR/USD,2005-08-05 11:39:10.000,1.233100,1.233400,D
174255975,EUR/USD,2005-08-05 11:39:12.000,1.233000,1.233300,D
174255998,EUR/USD,2005-08-05 11:39:29.000,1.233100,1.233400,D
174256004,EUR/USD,2005-08-05 11:39:31.000,1.233200,1.233500,D
174256016,EUR/USD,2005-08-05 11:39:32.000,1.233100,1.233400,D
174256070,EUR/USD,2005-08-05 11:39:55.000,1.233000,1.233300,D
174256081,EUR/USD,2005-08-05 11:39:57.000,1.233100,1.233400,D
174256086,EUR/USD,2005-08-05 11:39:59.000,1.233000,1.233300,D
174256092,EUR/USD,2005-08-05 11:40:00.000,1.232900,1.233200,D
174256097,EUR/USD,2005-08-05 11:40:00.000,1.233000,1.233300,D
174256124,EUR/USD,2005-08-05 11:40:34.000,1.233100,1.233400,D
174256138,EUR/USD,2005-08-05 11:40:36.000,1.233000,1.233300,D
174256150,EUR/USD,2005-08-05 11:40:50.000,1.232900,1.233200,D
174256151,EUR/USD,2005-08-05 11:40:50.000,1.233000,1.233300,D
174256157,EUR/USD,2005-08-05 11:40:51.000,1.232900,1.233200,D
174256163,EUR/USD,2005-08-05 11:40:55.000,1.233000,1.233300,D
174256180,EUR/USD,2005-08-05 11:41:01.000,1.232900,1.233200,D
174256237,EUR/USD,2005-08-05 11:41:18.000,1.232800,1.233100,D
174256253,EUR/USD,2005-08-05 11:41:41.000,1.232700,1.233000,D
174256296,EUR/USD,2005-08-05 11:41:52.000,1.232800,1.233100,D
174256353,EUR/USD,2005-08-05 11:42:01.000,1.232700,1.233000,D
174256365,EUR/USD,2005-08-05 11:42:09.000,1.232600,1.232900,D
174256378,EUR/USD,2005-08-05 11:42:14.000,1.232700,1.233000,D
174256501,EUR/USD,2005-08-05 11:43:47.000,1.232600,1.232900,D
174256517,EUR/USD,2005-08-05 11:43:54.000,1.232500,1.232800,D
174256525,EUR/USD,2005-08-05 11:43:57.000,1.232600,1.232900,D
174256558,EUR/USD,2005-08-05 11:44:04.000,1.232500,1.232800,D
174256586,EUR/USD,2005-08-05 11:44:15.000,1.232600,1.232900,D
174256612,EUR/USD,2005-08-05 11:44:19.000,1.232700,1.233000,D
174256617,EUR/USD,2005-08-05 11:44:20.000,1.232600,1.232900,D
174256630,EUR/USD,2005-08-05 11:44:22.000,1.232500,1.232800,D
174256637,EUR/USD,2005-08-05 11:44:23.000,1.232600,1.232900,D
174256653,EUR/USD,2005-08-05 11:44:25.000,1.232700,1.233000,D
174256681,EUR/USD,2005-08-05 11:44:31.000,1.232600,1.232900,D
174256710,EUR/USD,2005-08-05 11:44:39.000,1.232500,1.232800,D
174256718,EUR/USD,2005-08-05 11:44:40.000,1.232600,1.232900,D
174256753,EUR/USD,2005-08-05 11:44:44.000,1.232500,1.232800,D
174256790,EUR/USD,2005-08-05 11:45:02.000,1.232400,1.232700,D
174256794,EUR/USD,2005-08-05 11:45:03.000,1.232300,1.232600,D
174256818,EUR/USD,2005-08-05 11:45:09.000,1.232400,1.232700,D
174256823,EUR/USD,2005-08-05 11:45:10.000,1.232300,1.232600,D
174256886,EUR/USD,2005-08-05 11:45:38.000,1.232200,1.232500,D
174256898,EUR/USD,2005-08-05 11:45:45.000,1.232300,1.232600,D
174256935,EUR/USD,2005-08-05 11:46:19.000,1.232200,1.232500,D
174256943,EUR/USD,2005-08-05 11:46:21.000,1.232100,1.232400,D
174256956,EUR/USD,2005-08-05 11:46:27.000,1.232200,1.232500,D
174256975,EUR/USD,2005-08-05 11:46:32.000,1.232300,1.232600,D
174257025,EUR/USD,2005-08-05 11:47:00.000,1.232200,1.232500,D
174257035,EUR/USD,2005-08-05 11:47:07.000,1.232100,1.232400,D
174257049,EUR/USD,2005-08-05 11:47:11.000,1.232000,1.232300,D
174257057,EUR/USD,2005-08-05 11:47:11.000,1.231900,1.232200,D
174257069,EUR/USD,2005-08-05 11:47:14.000,1.232000,1.232300,D
174257100,EUR/USD,2005-08-05 11:47:24.000,1.232100,1.232400,D
174257123,EUR/USD,2005-08-05 11:47:30.000,1.232000,1.232300,D
174257129,EUR/USD,2005-08-05 11:47:34.000,1.232100,1.232400,D
174257131,EUR/USD,2005-08-05 11:47:35.000,1.232200,1.232500,D
174257149,EUR/USD,2005-08-05 11:47:39.000,1.232100,1.232400,D
174257163,EUR/USD,2005-08-05 11:47:41.000,1.232000,1.232300,D
174257176,EUR/USD,2005-08-05 11:47:46.000,1.231900,1.232200,D
174257200,EUR/USD,2005-08-05 11:47:51.000,1.231800,1.232100,D
174257218,EUR/USD,2005-08-05 11:47:53.000,1.231900,1.232200,D
174257233,EUR/USD,2005-08-05 11:47:54.000,1.231800,1.232100,D
174257239,EUR/USD,2005-08-05 11:47:55.000,1.231900,1.232200,D
174257255,EUR/USD,2005-08-05 11:47:57.000,1.232000,1.232300,D
174257264,EUR/USD,2005-08-05 11:47:58.000,1.232100,1.232400,D
174257289,EUR/USD,2005-08-05 11:48:03.000,1.232000,1.232300,D
174257306,EUR/USD,2005-08-05 11:48:05.000,1.232100,1.232400,D
174257331,EUR/USD,2005-08-05 11:48:08.000,1.232200,1.232500,D
174257374,EUR/USD,2005-08-05 11:48:14.000,1.232100,1.232400,D
174257380,EUR/USD,2005-08-05 11:48:15.000,1.232200,1.232500,D
174257389,EUR/USD,2005-08-05 11:48:18.000,1.232300,1.232600,D
174257396,EUR/USD,2005-08-05 11:48:20.000,1.232400,1.232700,D
174257401,EUR/USD,2005-08-05 11:48:22.000,1.232300,1.232600,D
174257405,EUR/USD,2005-08-05 11:48:22.000,1.232400,1.232700,D
174257423,EUR/USD,2005-08-05 11:48:26.000,1.232500,1.232800,D
174257434,EUR/USD,2005-08-05 11:48:28.000,1.232400,1.232700,D
174257445,EUR/USD,2005-08-05 11:48:30.000,1.232300,1.232600,D
174257484,EUR/USD,2005-08-05 11:48:36.000,1.232400,1.232700,D
174257498,EUR/USD,2005-08-05 11:48:42.000,1.232500,1.232800,D
174257528,EUR/USD,2005-08-05 11:48:52.000,1.232400,1.232700,D
174257565,EUR/USD,2005-08-05 11:49:08.000,1.232300,1.232600,D
174257580,EUR/USD,2005-08-05 11:49:13.000,1.232200,1.232500,D
174257597,EUR/USD,2005-08-05 11:49:19.000,1.232100,1.232400,D
174257605,EUR/USD,2005-08-05 11:49:21.000,1.232000,1.232300,D
174257632,EUR/USD,2005-08-05 11:49:23.000,1.231900,1.232200,D
174257641,EUR/USD,2005-08-05 11:49:24.000,1.232000,1.232300,D
174257658,EUR/USD,2005-08-05 11:49:30.000,1.231900,1.232200,D
174257680,EUR/USD,2005-08-05 11:49:35.000,1.232000,1.232300,D
174257697,EUR/USD,2005-08-05 11:49:38.000,1.232100,1.232400,D
174257713,EUR/USD,2005-08-05 11:49:40.000,1.232200,1.232500,D
174257727,EUR/USD,2005-08-05 11:49:41.000,1.232300,1.232600,D
174257735,EUR/USD,2005-08-05 11:49:42.000,1.232400,1.232700,D
174257740,EUR/USD,2005-08-05 11:49:43.000,1.232300,1.232600,D
174257749,EUR/USD,2005-08-05 11:49:43.000,1.232200,1.232500,D
174257788,EUR/USD,2005-08-05 11:49:49.000,1.232100,1.232400,D
174257797,EUR/USD,2005-08-05 11:49:51.000,1.232200,1.232500,D
174257815,EUR/USD,2005-08-05 11:50:01.000,1.232100,1.232400,D
174257831,EUR/USD,2005-08-05 11:50:05.000,1.232000,1.232300,D
174257853,EUR/USD,2005-08-05 11:50:10.000,1.231900,1.232200,D
174257855,EUR/USD,2005-08-05 11:50:12.000,1.232000,1.232300,D
174257866,EUR/USD,2005-08-05 11:50:18.000,1.232100,1.232400,D
174257876,EUR/USD,2005-08-05 11:50:22.000,1.232200,1.232500,D
174257885,EUR/USD,2005-08-05 11:50:27.000,1.232300,1.232600,D
174257889,EUR/USD,2005-08-05 11:50:27.000,1.232400,1.232700,D
174257940,EUR/USD,2005-08-05 11:50:46.000,1.232300,1.232600,D
174257957,EUR/USD,2005-08-05 11:50:50.000,1.232400,1.232700,D
174257980,EUR/USD,2005-08-05 11:51:09.000,1.232300,1.232600,D
174258004,EUR/USD,2005-08-05 11:51:30.000,1.232200,1.232500,D
174258011,EUR/USD,2005-08-05 11:51:33.000,1.232100,1.232400,D
174258029,EUR/USD,2005-08-05 11:51:37.000,1.232000,1.232300,D
174258037,EUR/USD,2005-08-05 11:51:39.000,1.231900,1.232200,D
174258058,EUR/USD,2005-08-05 11:51:44.000,1.231800,1.232100,D
174258071,EUR/USD,2005-08-05 11:51:49.000,1.231900,1.232200,D
174258074,EUR/USD,2005-08-05 11:51:50.000,1.232000,1.232300,D
174258091,EUR/USD,2005-08-05 11:51:51.000,1.232100,1.232400,D
174258108,EUR/USD,2005-08-05 11:51:54.000,1.232200,1.232500,D
174258123,EUR/USD,2005-08-05 11:51:58.000,1.232300,1.232600,D
174258151,EUR/USD,2005-08-05 11:52:06.000,1.232200,1.232500,D
174258172,EUR/USD,2005-08-05 11:52:14.000,1.232100,1.232400,D
174258180,EUR/USD,2005-08-05 11:52:16.000,1.232200,1.232500,D
174258190,EUR/USD,2005-08-05 11:52:17.000,1.232100,1.232400,D
174258197,EUR/USD,2005-08-05 11:52:27.000,1.232200,1.232500,D
174258210,EUR/USD,2005-08-05 11:52:33.000,1.232300,1.232600,D
174258245,EUR/USD,2005-08-05 11:52:44.000,1.232200,1.232500,D
174258265,EUR/USD,2005-08-05 11:52:51.000,1.232300,1.232600,D
174258284,EUR/USD,2005-08-05 11:53:01.000,1.232200,1.232500,D
174258313,EUR/USD,2005-08-05 11:53:09.000,1.232100,1.232400,D
174258327,EUR/USD,2005-08-05 11:53:14.000,1.232200,1.232500,D
174258345,EUR/USD,2005-08-05 11:53:28.000,1.232300,1.232600,D
174258386,EUR/USD,2005-08-05 11:53:37.000,1.232400,1.232700,D
174258403,EUR/USD,2005-08-05 11:53:40.000,1.232300,1.232600,D
174258413,EUR/USD,2005-08-05 11:53:45.000,1.232400,1.232700,D
174258465,EUR/USD,2005-08-05 11:54:07.000,1.232300,1.232600,D
174258483,EUR/USD,2005-08-05 11:54:22.000,1.232400,1.232700,D
174258497,EUR/USD,2005-08-05 11:54:27.000,1.232300,1.232600,D
174258508,EUR/USD,2005-08-05 11:54:29.000,1.232400,1.232700,D
174258512,EUR/USD,2005-08-05 11:54:32.000,1.232300,1.232600,D
174258517,EUR/USD,2005-08-05 11:54:54.000,1.232400,1.232700,D
174258524,EUR/USD,2005-08-05 11:55:01.000,1.232300,1.232600,D
174258529,EUR/USD,2005-08-05 11:55:04.000,1.232400,1.232700,D
174258556,EUR/USD,2005-08-05 11:55:26.000,1.232300,1.232600,D
174258577,EUR/USD,2005-08-05 11:55:42.000,1.232400,1.232700,D
174258587,EUR/USD,2005-08-05 11:55:44.000,1.232300,1.232600,D
174258589,EUR/USD,2005-08-05 11:55:45.000,1.232400,1.232700,D
174258601,EUR/USD,2005-08-05 11:56:00.000,1.232300,1.232600,D
174258603,EUR/USD,2005-08-05 11:56:13.000,1.232400,1.232700,D
174258625,EUR/USD,2005-08-05 11:56:29.000,1.232500,1.232800,D
174258637,EUR/USD,2005-08-05 11:56:33.000,1.232600,1.232900,D
174258666,EUR/USD,2005-08-05 11:56:43.000,1.232500,1.232800,D
174258685,EUR/USD,2005-08-05 11:56:53.000,1.232600,1.232900,D
174258709,EUR/USD,2005-08-05 11:57:04.000,1.232500,1.232800,D
174258738,EUR/USD,2005-08-05 11:57:24.000,1.232400,1.232700,D
174258751,EUR/USD,2005-08-05 11:57:28.000,1.232500,1.232800,D
174258810,EUR/USD,2005-08-05 11:58:13.000,1.232400,1.232700,D
174258826,EUR/USD,2005-08-05 11:58:17.000,1.232300,1.232600,D
174258835,EUR/USD,2005-08-05 11:58:19.000,1.232400,1.232700,D
174258854,EUR/USD,2005-08-05 11:58:28.000,1.232300,1.232600,D
174258862,EUR/USD,2005-08-05 11:58:31.000,1.232400,1.232700,D
174258919,EUR/USD,2005-08-05 11:59:21.000,1.232500,1.232800,D
174258946,EUR/USD,2005-08-05 11:59:31.000,1.232600,1.232900,D
174258965,EUR/USD,2005-08-05 11:59:42.000,1.232500,1.232800,D
174258980,EUR/USD,2005-08-05 11:59:48.000,1.232600,1.232900,D
174259000,EUR/USD,2005-08-05 12:00:04.000,1.232500,1.232800,D
174259035,EUR/USD,2005-08-05 12:00:27.000,1.232400,1.232700,D
174259065,EUR/USD,2005-08-05 12:00:32.000,1.232300,1.232600,D
174259069,EUR/USD,2005-08-05 12:00:33.000,1.232400,1.232700,D
174259111,EUR/USD,2005-08-05 12:00:44.000,1.232500,1.232800,D
174259113,EUR/USD,2005-08-05 12:00:44.000,1.232400,1.232700,D
174259135,EUR/USD,2005-08-05 12:00:50.000,1.232500,1.232800,D
174259140,EUR/USD,2005-08-05 12:00:51.000,1.232600,1.232900,D
174259144,EUR/USD,2005-08-05 12:00:51.000,1.232500,1.232800,D
174259181,EUR/USD,2005-08-05 12:01:12.000,1.232400,1.232700,D
174259212,EUR/USD,2005-08-05 12:01:26.000,1.232500,1.232800,D
174259215,EUR/USD,2005-08-05 12:01:28.000,1.232400,1.232700,D
174259224,EUR/USD,2005-08-05 12:01:36.000,1.232500,1.232800,D
174259226,EUR/USD,2005-08-05 12:01:39.000,1.232400,1.232700,D
174259272,EUR/USD,2005-08-05 12:02:02.000,1.232300,1.232600,D
174259296,EUR/USD,2005-08-05 12:02:06.000,1.232200,1.232500,D
174259331,EUR/USD,2005-08-05 12:02:11.000,1.232100,1.232400,D
174259358,EUR/USD,2005-08-05 12:02:18.000,1.232000,1.232300,D
174259395,EUR/USD,2005-08-05 12:02:26.000,1.232100,1.232400,D
174259398,EUR/USD,2005-08-05 12:02:26.000,1.232000,1.232300,D
174259417,EUR/USD,2005-08-05 12:02:31.000,1.232100,1.232400,D
174259424,EUR/USD,2005-08-05 12:02:34.000,1.232000,1.232300,D
174259425,EUR/USD,2005-08-05 12:02:37.000,1.232100,1.232400,D
174259452,EUR/USD,2005-08-05 12:03:02.000,1.232200,1.232500,D
174259478,EUR/USD,2005-08-05 12:03:19.000,1.232100,1.232400,D
174259499,EUR/USD,2005-08-05 12:03:32.000,1.232200,1.232500,D
174259504,EUR/USD,2005-08-05 12:03:34.000,1.232100,1.232400,D
174259526,EUR/USD,2005-08-05 12:03:51.000,1.232200,1.232500,D
174259532,EUR/USD,2005-08-05 12:03:53.000,1.232100,1.232400,D
174259545,EUR/USD,2005-08-05 12:03:56.000,1.232200,1.232500,D
174259555,EUR/USD,2005-08-05 12:04:05.000,1.232300,1.232600,D
174259568,EUR/USD,2005-08-05 12:04:08.000,1.232200,1.232500,D
174259570,EUR/USD,2005-08-05 12:04:12.000,1.232300,1.232600,D
174259581,EUR/USD,2005-08-05 12:04:15.000,1.232200,1.232500,D
174259588,EUR/USD,2005-08-05 12:04:16.000,1.232300,1.232600,D
174259632,EUR/USD,2005-08-05 12:04:29.000,1.232200,1.232500,D
174259646,EUR/USD,2005-08-05 12:04:38.000,1.232300,1.232600,D
174259658,EUR/USD,2005-08-05 12:04:50.000,1.232400,1.232700,D
174259672,EUR/USD,2005-08-05 12:04:58.000,1.232500,1.232800,D
174259673,EUR/USD,2005-08-05 12:04:58.000,1.232400,1.232700,D
174259691,EUR/USD,2005-08-05 12:05:03.000,1.232500,1.232800,D
174259721,EUR/USD,2005-08-05 12:05:10.000,1.232600,1.232900,D
174259729,EUR/USD,2005-08-05 12:05:12.000,1.232500,1.232800,D
174259734,EUR/USD,2005-08-05 12:05:13.000,1.232600,1.232900,D
174259756,EUR/USD,2005-08-05 12:05:21.000,1.232500,1.232800,D
174259758,EUR/USD,2005-08-05 12:05:21.000,1.232600,1.232900,D
174259791,EUR/USD,2005-08-05 12:05:31.000,1.232500,1.232800,D
174259810,EUR/USD,2005-08-05 12:06:06.000,1.232400,1.232700,D
174259816,EUR/USD,2005-08-05 12:06:06.000,1.232500,1.232800,D
174259859,EUR/USD,2005-08-05 12:06:49.000,1.232600,1.232900,D
174259864,EUR/USD,2005-08-05 12:06:52.000,1.232500,1.232800,D
174259874,EUR/USD,2005-08-05 12:06:57.000,1.232400,1.232700,D
174259878,EUR/USD,2005-08-05 12:06:58.000,1.232500,1.232800,D
174259893,EUR/USD,2005-08-05 12:07:01.000,1.232400,1.232700,D
174259903,EUR/USD,2005-08-05 12:07:05.000,1.232500,1.232800,D
174259910,EUR/USD,2005-08-05 12:07:07.000,1.232600,1.232900,D
174259913,EUR/USD,2005-08-05 12:07:09.000,1.232500,1.232800,D
174259919,EUR/USD,2005-08-05 12:07:26.000,1.232600,1.232900,D
174259939,EUR/USD,2005-08-05 12:07:45.000,1.232500,1.232800,D
174259963,EUR/USD,2005-08-05 12:08:02.000,1.232400,1.232700,D
174259978,EUR/USD,2005-08-05 12:08:20.000,1.232500,1.232800,D
174259982,EUR/USD,2005-08-05 12:08:23.000,1.232400,1.232700,D
174259991,EUR/USD,2005-08-05 12:08:28.000,1.232500,1.232800,D
174259999,EUR/USD,2005-08-05 12:08:30.000,1.232400,1.232700,D
174260013,EUR/USD,2005-08-05 12:08:58.000,1.232500,1.232800,D
174260017,EUR/USD,2005-08-05 12:08:59.000,1.232400,1.232700,D
174260044,EUR/USD,2005-08-05 12:09:39.000,1.232300,1.232600,D
174260071,EUR/USD,2005-08-05 12:09:45.000,1.232400,1.232700,D
174260082,EUR/USD,2005-08-05 12:09:49.000,1.232300,1.232600,D
174260094,EUR/USD,2005-08-05 12:09:56.000,1.232400,1.232700,D
174260097,EUR/USD,2005-08-05 12:09:57.000,1.232300,1.232600,D
174260106,EUR/USD,2005-08-05 12:10:02.000,1.232400,1.232700,D
174260125,EUR/USD,2005-08-05 12:10:10.000,1.232300,1.232600,D
174260136,EUR/USD,2005-08-05 12:10:16.000,1.232200,1.232500,D
174260173,EUR/USD,2005-08-05 12:10:33.000,1.232300,1.232600,D
174260199,EUR/USD,2005-08-05 12:10:46.000,1.232200,1.232500,D
174260205,EUR/USD,2005-08-05 12:11:00.000,1.232300,1.232600,D
174260209,EUR/USD,2005-08-05 12:11:04.000,1.232200,1.232500,D
174260217,EUR/USD,2005-08-05 12:11:09.000,1.232300,1.232600,D
174260221,EUR/USD,2005-08-05 12:11:11.000,1.232200,1.232500,D
174260258,EUR/USD,2005-08-05 12:12:05.000,1.232100,1.232400,D
174260264,EUR/USD,2005-08-05 12:12:08.000,1.232200,1.232500,D
174260267,EUR/USD,2005-08-05 12:12:09.000,1.232100,1.232400,D
174260272,EUR/USD,2005-08-05 12:12:09.000,1.232000,1.232300,D
174260308,EUR/USD,2005-08-05 12:12:17.000,1.231900,1.232200,D
174260329,EUR/USD,2005-08-05 12:12:22.000,1.231800,1.232100,D
174260357,EUR/USD,2005-08-05 12:12:30.000,1.231700,1.232000,D
174260408,EUR/USD,2005-08-05 12:12:46.000,1.231800,1.232100,D
174260419,EUR/USD,2005-08-05 12:12:47.000,1.231900,1.232200,D
174260440,EUR/USD,2005-08-05 12:12:56.000,1.232000,1.232300,D
174260453,EUR/USD,2005-08-05 12:12:58.000,1.231900,1.232200,D
174260464,EUR/USD,2005-08-05 12:13:00.000,1.232000,1.232300,D
174260469,EUR/USD,2005-08-05 12:13:01.000,1.231900,1.232200,D
174260472,EUR/USD,2005-08-05 12:13:09.000,1.232000,1.232300,D
174260518,EUR/USD,2005-08-05 12:13:27.000,1.232100,1.232400,D
174260538,EUR/USD,2005-08-05 12:13:29.000,1.232000,1.232300,D
174260548,EUR/USD,2005-08-05 12:13:33.000,1.231900,1.232200,D
174260572,EUR/USD,2005-08-05 12:13:44.000,1.231800,1.232100,D
174260577,EUR/USD,2005-08-05 12:13:45.000,1.231900,1.232200,D
174260586,EUR/USD,2005-08-05 12:13:56.000,1.231800,1.232100,D
174260591,EUR/USD,2005-08-05 12:14:11.000,1.231900,1.232200,D
174260596,EUR/USD,2005-08-05 12:14:11.000,1.232000,1.232300,D
174260607,EUR/USD,2005-08-05 12:14:13.000,1.231900,1.232200,D
174260627,EUR/USD,2005-08-05 12:14:37.000,1.231800,1.232100,D
174260652,EUR/USD,2005-08-05 12:14:44.000,1.231700,1.232000,D
174260659,EUR/USD,2005-08-05 12:14:46.000,1.231800,1.232100,D
174260691,EUR/USD,2005-08-05 12:15:00.000,1.231700,1.232000,D
174260700,EUR/USD,2005-08-05 12:15:06.000,1.231800,1.232100,D
174260705,EUR/USD,2005-08-05 12:15:07.000,1.231700,1.232000,D
174260706,EUR/USD,2005-08-05 12:15:08.000,1.231800,1.232100,D
174260717,EUR/USD,2005-08-05 12:15:11.000,1.231700,1.232000,D
174260734,EUR/USD,2005-08-05 12:15:21.000,1.231800,1.232100,D
174260748,EUR/USD,2005-08-05 12:15:28.000,1.231700,1.232000,D
174260786,EUR/USD,2005-08-05 12:15:33.000,1.231800,1.232100,D
174260789,EUR/USD,2005-08-05 12:15:34.000,1.231700,1.232000,D
174260815,EUR/USD,2005-08-05 12:15:39.000,1.231600,1.231900,D
174260824,EUR/USD,2005-08-05 12:15:42.000,1.231500,1.231800,D
174260829,EUR/USD,2005-08-05 12:15:42.000,1.231400,1.231700,D
174260888,EUR/USD,2005-08-05 12:15:46.000,1.231300,1.231600,D
174260933,EUR/USD,2005-08-05 12:15:52.000,1.231200,1.231500,D
174260974,EUR/USD,2005-08-05 12:15:57.000,1.231300,1.231600,D
174260983,EUR/USD,2005-08-05 12:15:59.000,1.231200,1.231500,D
174260992,EUR/USD,2005-08-05 12:16:00.000,1.231300,1.231600,D
174261001,EUR/USD,2005-08-05 12:16:02.000,1.231200,1.231500,D
174261003,EUR/USD,2005-08-05 12:16:02.000,1.231300,1.231600,D
174261005,EUR/USD,2005-08-05 12:16:04.000,1.231200,1.231500,D
174261014,EUR/USD,2005-08-05 12:16:06.000,1.231300,1.231600,D
174261019,EUR/USD,2005-08-05 12:16:07.000,1.231400,1.231700,D
174261021,EUR/USD,2005-08-05 12:16:07.000,1.231300,1.231600,D
174261024,EUR/USD,2005-08-05 12:16:08.000,1.231200,1.231500,D
174261030,EUR/USD,2005-08-05 12:16:09.000,1.231300,1.231600,D
174261037,EUR/USD,2005-08-05 12:16:09.000,1.231400,1.231700,D
174261042,EUR/USD,2005-08-05 12:16:10.000,1.231300,1.231600,D
174261065,EUR/USD,2005-08-05 12:16:15.000,1.231400,1.231700,D
174261090,EUR/USD,2005-08-05 12:16:19.000,1.231300,1.231600,D
174261103,EUR/USD,2005-08-05 12:16:21.000,1.231400,1.231700,D
174261131,EUR/USD,2005-08-05 12:16:31.000,1.231300,1.231600,D
174261141,EUR/USD,2005-08-05 12:16:35.000,1.231400,1.231700,D
174261245,EUR/USD,2005-08-05 12:17:05.000,1.231300,1.231600,D
174261311,EUR/USD,2005-08-05 12:17:37.000,1.231400,1.231700,D
174261358,EUR/USD,2005-08-05 12:17:46.000,1.231300,1.231600,D
174261386,EUR/USD,2005-08-05 12:17:56.000,1.231400,1.231700,D
174261393,EUR/USD,2005-08-05 12:18:00.000,1.231500,1.231800,D
174261423,EUR/USD,2005-08-05 12:18:08.000,1.231600,1.231900,D
174261433,EUR/USD,2005-08-05 12:18:11.000,1.231800,1.232100,D
174261456,EUR/USD,2005-08-05 12:18:12.000,1.231700,1.232000,D
174261457,EUR/USD,2005-08-05 12:18:12.000,1.231800,1.232100,D
174261458,EUR/USD,2005-08-05 12:18:13.000,1.231900,1.232200,D
174261465,EUR/USD,2005-08-05 12:18:14.000,1.231800,1.232100,D
174261495,EUR/USD,2005-08-05 12:18:20.000,1.231700,1.232000,D
174261528,EUR/USD,2005-08-05 12:18:29.000,1.231600,1.231900,D
174261531,EUR/USD,2005-08-05 12:18:37.000,1.231700,1.232000,D
174261556,EUR/USD,2005-08-05 12:18:46.000,1.231600,1.231900,D
174261560,EUR/USD,2005-08-05 12:18:46.000,1.231700,1.232000,D
174261570,EUR/USD,2005-08-05 12:18:49.000,1.231600,1.231900,D
174261571,EUR/USD,2005-08-05 12:18:53.000,1.231700,1.232000,D
174261573,EUR/USD,2005-08-05 12:18:53.000,1.231600,1.231900,D
174261593,EUR/USD,2005-08-05 12:18:56.000,1.231500,1.231800,D
174261609,EUR/USD,2005-08-05 12:19:02.000,1.231400,1.231700,D
174261616,EUR/USD,2005-08-05 12:19:04.000,1.231500,1.231800,D
174261632,EUR/USD,2005-08-05 12:19:08.000,1.231400,1.231700,D
174261673,EUR/USD,2005-08-05 12:19:26.000,1.231500,1.231800,D
174261695,EUR/USD,2005-08-05 12:19:34.000,1.231400,1.231700,D
174261698,EUR/USD,2005-08-05 12:19:36.000,1.231500,1.231800,D
174261724,EUR/USD,2005-08-05 12:19:46.000,1.231400,1.231700,D
174261727,EUR/USD,2005-08-05 12:19:46.000,1.231500,1.231800,D
174261744,EUR/USD,2005-08-05 12:19:55.000,1.231600,1.231900,D
174261764,EUR/USD,2005-08-05 12:19:59.000,1.231500,1.231800,D
174261776,EUR/USD,2005-08-05 12:20:01.000,1.231600,1.231900,D
174261790,EUR/USD,2005-08-05 12:20:07.000,1.231700,1.232000,D
174261799,EUR/USD,2005-08-05 12:20:10.000,1.231600,1.231900,D
174261830,EUR/USD,2005-08-05 12:20:23.000,1.231700,1.232000,D
174261850,EUR/USD,2005-08-05 12:20:32.000,1.231600,1.231900,D
174261860,EUR/USD,2005-08-05 12:20:34.000,1.231700,1.232000,D
174261889,EUR/USD,2005-08-05 12:20:50.000,1.231600,1.231900,D
174261900,EUR/USD,2005-08-05 12:20:58.000,1.231700,1.232000,D
174261901,EUR/USD,2005-08-05 12:20:59.000,1.231600,1.231900,D
174261909,EUR/USD,2005-08-05 12:21:02.000,1.231500,1.231800,D
174261918,EUR/USD,2005-08-05 12:21:04.000,1.231400,1.231700,D
174261981,EUR/USD,2005-08-05 12:21:40.000,1.231500,1.231800,D
174261987,EUR/USD,2005-08-05 12:21:42.000,1.231600,1.231900,D
174262020,EUR/USD,2005-08-05 12:22:03.000,1.231700,1.232000,D
174262037,EUR/USD,2005-08-05 12:22:17.000,1.231800,1.232100,D
174262054,EUR/USD,2005-08-05 12:22:20.000,1.231700,1.232000,D
174262060,EUR/USD,2005-08-05 12:22:21.000,1.231800,1.232100,D
174262068,EUR/USD,2005-08-05 12:22:24.000,1.231700,1.232000,D
174262087,EUR/USD,2005-08-05 12:22:30.000,1.231800,1.232100,D
174262090,EUR/USD,2005-08-05 12:22:31.000,1.231700,1.232000,D
174262102,EUR/USD,2005-08-05 12:22:35.000,1.231800,1.232100,D
174262111,EUR/USD,2005-08-05 12:22:37.000,1.231700,1.232000,D
174262123,EUR/USD,2005-08-05 12:22:39.000,1.231800,1.232100,D
174262127,EUR/USD,2005-08-05 12:22:41.000,1.231700,1.232000,D
174262131,EUR/USD,2005-08-05 12:22:43.000,1.231800,1.232100,D
174262149,EUR/USD,2005-08-05 12:22:49.000,1.231900,1.232200,D
174262170,EUR/USD,2005-08-05 12:22:53.000,1.232000,1.232300,D
174262178,EUR/USD,2005-08-05 12:22:54.000,1.232100,1.232400,D
174262183,EUR/USD,2005-08-05 12:22:54.000,1.232000,1.232300,D
174262196,EUR/USD,2005-08-05 12:22:56.000,1.232100,1.232400,D
174262200,EUR/USD,2005-08-05 12:22:58.000,1.232000,1.232300,D
174262202,EUR/USD,2005-08-05 12:23:01.000,1.232100,1.232400,D
174262210,EUR/USD,2005-08-05 12:23:04.000,1.232000,1.232300,D
174262219,EUR/USD,2005-08-05 12:23:08.000,1.231900,1.232200,D
174262232,EUR/USD,2005-08-05 12:23:12.000,1.231800,1.232100,D
174262238,EUR/USD,2005-08-05 12:23:15.000,1.231900,1.232200,D
174262259,EUR/USD,2005-08-05 12:23:26.000,1.232000,1.232300,D
174262305,EUR/USD,2005-08-05 12:23:48.000,1.232100,1.232400,D
174262317,EUR/USD,2005-08-05 12:23:51.000,1.232000,1.232300,D
174262319,EUR/USD,2005-08-05 12:23:52.000,1.232100,1.232400,D
174262343,EUR/USD,2005-08-05 12:24:01.000,1.232000,1.232300,D
174262351,EUR/USD,2005-08-05 12:24:07.000,1.231900,1.232200,D
174262370,EUR/USD,2005-08-05 12:24:20.000,1.231800,1.232100,D
174262373,EUR/USD,2005-08-05 12:24:23.000,1.231900,1.232200,D
174262388,EUR/USD,2005-08-05 12:24:32.000,1.231800,1.232100,D
174262414,EUR/USD,2005-08-05 12:24:52.000,1.231700,1.232000,D
174262425,EUR/USD,2005-08-05 12:24:56.000,1.231800,1.232100,D
174262434,EUR/USD,2005-08-05 12:25:02.000,1.231700,1.232000,D
174262441,EUR/USD,2005-08-05 12:25:11.000,1.231800,1.232100,D
174262446,EUR/USD,2005-08-05 12:25:18.000,1.231900,1.232200,D
174262448,EUR/USD,2005-08-05 12:25:19.000,1.232000,1.232300,D
174262480,EUR/USD,2005-08-05 12:25:26.000,1.231900,1.232200,D
174262488,EUR/USD,2005-08-05 12:25:27.000,1.232000,1.232300,D
174262513,EUR/USD,2005-08-05 12:25:51.000,1.232100,1.232400,D
174262531,EUR/USD,2005-08-05 12:26:15.000,1.232000,1.232300,D
174262546,EUR/USD,2005-08-05 12:26:26.000,1.232100,1.232400,D
174262549,EUR/USD,2005-08-05 12:26:48.000,1.232000,1.232300,D
174262560,EUR/USD,2005-08-05 12:26:53.000,1.231900,1.232200,D
174262578,EUR/USD,2005-08-05 12:27:03.000,1.232000,1.232300,D
174262610,EUR/USD,2005-08-05 12:27:26.000,1.232100,1.232400,D
174262621,EUR/USD,2005-08-05 12:27:30.000,1.232000,1.232300,D
174262627,EUR/USD,2005-08-05 12:27:39.000,1.232100,1.232400,D
174262637,EUR/USD,2005-08-05 12:27:50.000,1.232200,1.232500,D
174262642,EUR/USD,2005-08-05 12:27:54.000,1.232100,1.232400,D
174262668,EUR/USD,2005-08-05 12:28:08.000,1.232200,1.232500,D
174262699,EUR/USD,2005-08-05 12:28:19.000,1.232100,1.232400,D
174262701,EUR/USD,2005-08-05 12:28:20.000,1.232000,1.232300,D
174262724,EUR/USD,2005-08-05 12:28:38.000,1.232100,1.232400,D
174262731,EUR/USD,2005-08-05 12:28:48.000,1.232200,1.232500,D
174262732,EUR/USD,2005-08-05 12:28:49.000,1.232100,1.232400,D
174262761,EUR/USD,2005-08-05 12:29:02.000,1.232200,1.232500,D
174262765,EUR/USD,2005-08-05 12:29:03.000,1.232100,1.232400,D
174262767,EUR/USD,2005-08-05 12:29:04.000,1.232000,1.232300,D
174262794,EUR/USD,2005-08-05 12:29:14.000,1.232100,1.232400,D
174262846,EUR/USD,2005-08-05 12:29:24.000,1.232000,1.232300,D
174262851,EUR/USD,2005-08-05 12:29:25.000,1.232100,1.232400,D
174262882,EUR/USD,2005-08-05 12:29:38.000,1.232200,1.232500,D
174262886,EUR/USD,2005-08-05 12:29:42.000,1.232100,1.232400,D
174262889,EUR/USD,2005-08-05 12:29:43.000,1.232000,1.232300,D
174262894,EUR/USD,2005-08-05 12:29:44.000,1.232100,1.232400,D
174262912,EUR/USD,2005-08-05 12:29:57.000,1.232200,1.232500,D
174262928,EUR/USD,2005-08-05 12:30:03.000,1.232100,1.232400,D
174262940,EUR/USD,2005-08-05 12:30:13.000,1.232200,1.232500,D
174262953,EUR/USD,2005-08-05 12:30:22.000,1.232100,1.232400,D
174263001,EUR/USD,2005-08-05 12:30:49.000,1.232000,1.232300,D
174263031,EUR/USD,2005-08-05 12:31:16.000,1.231900,1.232200,D
174263083,EUR/USD,2005-08-05 12:31:44.000,1.231800,1.232100,D
174263106,EUR/USD,2005-08-05 12:32:12.000,1.231900,1.232200,D
174263113,EUR/USD,2005-08-05 12:32:13.000,1.231800,1.232100,D
174263120,EUR/USD,2005-08-05 12:32:27.000,1.231900,1.232200,D
174263152,EUR/USD,2005-08-05 12:32:43.000,1.231800,1.232100,D
174263166,EUR/USD,2005-08-05 12:32:53.000,1.231700,1.232000,D
174263182,EUR/USD,2005-08-05 12:32:57.000,1.231600,1.231900,D
174263188,EUR/USD,2005-08-05 12:32:59.000,1.231700,1.232000,D
174263197,EUR/USD,2005-08-05 12:33:04.000,1.231600,1.231900,D
174263220,EUR/USD,2005-08-05 12:33:16.000,1.231700,1.232000,D
174263227,EUR/USD,2005-08-05 12:33:22.000,1.231600,1.231900,D
174263236,EUR/USD,2005-08-05 12:33:25.000,1.231700,1.232000,D
174263265,EUR/USD,2005-08-05 12:33:35.000,1.231600,1.231900,D
174263273,EUR/USD,2005-08-05 12:33:38.000,1.231700,1.232000,D
174263293,EUR/USD,2005-08-05 12:33:41.000,1.231600,1.231900,D
174263309,EUR/USD,2005-08-05 12:33:45.000,1.231700,1.232000,D
174263324,EUR/USD,2005-08-05 12:33:51.000,1.231800,1.232100,D
174263424,EUR/USD,2005-08-05 12:35:12.000,1.231700,1.232000,D
174263434,EUR/USD,2005-08-05 12:35:15.000,1.231800,1.232100,D
174263442,EUR/USD,2005-08-05 12:35:18.000,1.231700,1.232000,D
174263446,EUR/USD,2005-08-05 12:35:23.000,1.231800,1.232100,D
174263449,EUR/USD,2005-08-05 12:35:26.000,1.231700,1.232000,D
174263539,EUR/USD,2005-08-05 12:38:07.000,1.231800,1.232100,D
174263565,EUR/USD,2005-08-05 12:38:17.000,1.231900,1.232200,D
174263671,EUR/USD,2005-08-05 12:39:23.000,1.231800,1.232100,D
174263690,EUR/USD,2005-08-05 12:39:46.000,1.231900,1.232200,D
174263703,EUR/USD,2005-08-05 12:40:04.000,1.231800,1.232100,D
174263774,EUR/USD,2005-08-05 12:42:01.000,1.231700,1.232000,D
174263791,EUR/USD,2005-08-05 12:42:11.000,1.231800,1.232100,D
174263808,EUR/USD,2005-08-05 12:42:30.000,1.231900,1.232200,D
174263818,EUR/USD,2005-08-05 12:42:32.000,1.231800,1.232100,D
174263831,EUR/USD,2005-08-05 12:42:54.000,1.231900,1.232200,D
174263855,EUR/USD,2005-08-05 12:43:21.000,1.232000,1.232300,D
174263918,EUR/USD,2005-08-05 12:43:51.000,1.231900,1.232200,D
174263924,EUR/USD,2005-08-05 12:43:55.000,1.232000,1.232300,D
174263965,EUR/USD,2005-08-05 12:44:42.000,1.232100,1.232400,D
174263968,EUR/USD,2005-08-05 12:44:43.000,1.232200,1.232500,D
174263977,EUR/USD,2005-08-05 12:44:46.000,1.232100,1.232400,D
174263982,EUR/USD,2005-08-05 12:44:48.000,1.232200,1.232500,D
174264006,EUR/USD,2005-08-05 12:45:07.000,1.232100,1.232400,D
174264010,EUR/USD,2005-08-05 12:45:12.000,1.232200,1.232500,D
174264035,EUR/USD,2005-08-05 12:45:21.000,1.232300,1.232600,D
174264064,EUR/USD,2005-08-05 12:45:30.000,1.232200,1.232500,D
174264091,EUR/USD,2005-08-05 12:45:49.000,1.232300,1.232600,D
174264113,EUR/USD,2005-08-05 12:46:00.000,1.232200,1.232500,D
174264117,EUR/USD,2005-08-05 12:46:19.000,1.232300,1.232600,D
174264124,EUR/USD,2005-08-05 12:46:26.000,1.232200,1.232500,D
174264131,EUR/USD,2005-08-05 12:46:35.000,1.232300,1.232600,D
174264145,EUR/USD,2005-08-05 12:46:47.000,1.232200,1.232500,D
174264164,EUR/USD,2005-08-05 12:47:04.000,1.232300,1.232600,D
174264205,EUR/USD,2005-08-05 12:47:32.000,1.232400,1.232700,D
174264242,EUR/USD,2005-08-05 12:48:03.000,1.232300,1.232600,D
174264268,EUR/USD,2005-08-05 12:48:13.000,1.232400,1.232700,D
174264310,EUR/USD,2005-08-05 12:48:38.000,1.232300,1.232600,D
174264319,EUR/USD,2005-08-05 12:48:44.000,1.232400,1.232700,D
174264341,EUR/USD,2005-08-05 12:49:18.000,1.232500,1.232800,D
174264372,EUR/USD,2005-08-05 12:49:36.000,1.232400,1.232700,D
174264387,EUR/USD,2005-08-05 12:49:52.000,1.232300,1.232600,D
174264398,EUR/USD,2005-08-05 12:50:05.000,1.232400,1.232700,D
174264409,EUR/USD,2005-08-05 12:50:20.000,1.232300,1.232600,D
174264418,EUR/USD,2005-08-05 12:50:57.000,1.232400,1.232700,D
174264424,EUR/USD,2005-08-05 12:51:03.000,1.232500,1.232800,D
174264427,EUR/USD,2005-08-05 12:51:04.000,1.232400,1.232700,D
174264440,EUR/USD,2005-08-05 12:51:09.000,1.232500,1.232800,D
174264460,EUR/USD,2005-08-05 12:51:16.000,1.232400,1.232700,D
174264482,EUR/USD,2005-08-05 12:52:00.000,1.232500,1.232800,D
174264501,EUR/USD,2005-08-05 12:52:08.000,1.232400,1.232700,D
174264504,EUR/USD,2005-08-05 12:52:36.000,1.232500,1.232800,D
174264518,EUR/USD,2005-08-05 12:52:40.000,1.232400,1.232700,D
174264524,EUR/USD,2005-08-05 12:52:44.000,1.232500,1.232800,D
174264552,EUR/USD,2005-08-05 12:53:11.000,1.232600,1.232900,D
174264569,EUR/USD,2005-08-05 12:53:15.000,1.232700,1.233000,D
174264578,EUR/USD,2005-08-05 12:53:17.000,1.232600,1.232900,D
174264584,EUR/USD,2005-08-05 12:53:27.000,1.232500,1.232800,D
174264586,EUR/USD,2005-08-05 12:53:28.000,1.232400,1.232700,D
174264591,EUR/USD,2005-08-05 12:53:30.000,1.232500,1.232800,D
174264594,EUR/USD,2005-08-05 12:53:31.000,1.232400,1.232700,D
174264607,EUR/USD,2005-08-05 12:53:32.000,1.232300,1.232600,D
174264618,EUR/USD,2005-08-05 12:53:33.000,1.232400,1.232700,D
174264629,EUR/USD,2005-08-05 12:53:35.000,1.232500,1.232800,D
174264641,EUR/USD,2005-08-05 12:53:38.000,1.232600,1.232900,D
174264652,EUR/USD,2005-08-05 12:53:40.000,1.232500,1.232800,D
174264654,EUR/USD,2005-08-05 12:53:40.000,1.232600,1.232900,D
174264669,EUR/USD,2005-08-05 12:53:46.000,1.232500,1.232800,D
174264682,EUR/USD,2005-08-05 12:54:05.000,1.232600,1.232900,D
174264684,EUR/USD,2005-08-05 12:54:06.000,1.232500,1.232800,D
174264708,EUR/USD,2005-08-05 12:54:22.000,1.232400,1.232700,D
174264725,EUR/USD,2005-08-05 12:54:38.000,1.232500,1.232800,D
174264738,EUR/USD,2005-08-05 12:54:43.000,1.232400,1.232700,D
174264744,EUR/USD,2005-08-05 12:54:47.000,1.232500,1.232800,D
174264777,EUR/USD,2005-08-05 12:55:51.000,1.232600,1.232900,D
174264780,EUR/USD,2005-08-05 12:55:51.000,1.232500,1.232800,D
174264781,EUR/USD,2005-08-05 12:55:52.000,1.232600,1.232900,D
174264790,EUR/USD,2005-08-05 12:55:57.000,1.232500,1.232800,D
174264800,EUR/USD,2005-08-05 12:56:01.000,1.232600,1.232900,D
174264822,EUR/USD,2005-08-05 12:56:03.000,1.232500,1.232800,D
174264831,EUR/USD,2005-08-05 12:56:04.000,1.232600,1.232900,D
174264835,EUR/USD,2005-08-05 12:56:05.000,1.232500,1.232800,D
174264845,EUR/USD,2005-08-05 12:56:11.000,1.232600,1.232900,D
174264851,EUR/USD,2005-08-05 12:56:19.000,1.232500,1.232800,D
174264860,EUR/USD,2005-08-05 12:56:28.000,1.232600,1.232900,D
174264863,EUR/USD,2005-08-05 12:56:29.000,1.232500,1.232800,D
174264876,EUR/USD,2005-08-05 12:56:40.000,1.232600,1.232900,D
174264878,EUR/USD,2005-08-05 12:56:43.000,1.232500,1.232800,D
174264882,EUR/USD,2005-08-05 12:56:46.000,1.232400,1.232700,D
174264889,EUR/USD,2005-08-05 12:56:56.000,1.232300,1.232600,D
174264895,EUR/USD,2005-08-05 12:57:00.000,1.232400,1.232700,D
174264933,EUR/USD,2005-08-05 12:57:30.000,1.232500,1.232800,D
174264956,EUR/USD,2005-08-05 12:57:58.000,1.232600,1.232900,D
174264961,EUR/USD,2005-08-05 12:58:08.000,1.232500,1.232800,D
174264991,EUR/USD,2005-08-05 12:58:23.000,1.232600,1.232900,D
174264992,EUR/USD,2005-08-05 12:58:24.000,1.232500,1.232800,D
174264998,EUR/USD,2005-08-05 12:58:27.000,1.232600,1.232900,D
174265215,EUR/USD,2005-08-05 13:00:15.000,1.232500,1.232800,D
174265232,EUR/USD,2005-08-05 13:00:37.000,1.232400,1.232700,D
174265261,EUR/USD,2005-08-05 13:00:50.000,1.232500,1.232800,D
174265269,EUR/USD,2005-08-05 13:00:52.000,1.232400,1.232700,D
174265300,EUR/USD,2005-08-05 13:01:13.000,1.232500,1.232800,D
174265310,EUR/USD,2005-08-05 13:01:19.000,1.232400,1.232700,D
174265312,EUR/USD,2005-08-05 13:01:20.000,1.232500,1.232800,D
174265314,EUR/USD,2005-08-05 13:01:22.000,1.232400,1.232700,D
174265316,EUR/USD,2005-08-05 13:01:23.000,1.232500,1.232800,D
174265323,EUR/USD,2005-08-05 13:01:25.000,1.232400,1.232700,D
174265330,EUR/USD,2005-08-05 13:01:27.000,1.232500,1.232800,D
174265343,EUR/USD,2005-08-05 13:01:31.000,1.232400,1.232700,D
174265374,EUR/USD,2005-08-05 13:01:58.000,1.232500,1.232800,D
174265379,EUR/USD,2005-08-05 13:02:04.000,1.232600,1.232900,D
174265381,EUR/USD,2005-08-05 13:02:06.000,1.232500,1.232800,D
174265389,EUR/USD,2005-08-05 13:02:15.000,1.232600,1.232900,D
174265394,EUR/USD,2005-08-05 13:02:20.000,1.232500,1.232800,D
174265402,EUR/USD,2005-08-05 13:02:33.000,1.232600,1.232900,D
174265424,EUR/USD,2005-08-05 13:03:00.000,1.232500,1.232800,D
174265444,EUR/USD,2005-08-05 13:03:15.000,1.232400,1.232700,D
174265475,EUR/USD,2005-08-05 13:03:54.000,1.232300,1.232600,D
174265564,EUR/USD,2005-08-05 13:05:28.000,1.232200,1.232500,D
174265585,EUR/USD,2005-08-05 13:05:38.000,1.232100,1.232400,D
174265598,EUR/USD,2005-08-05 13:05:47.000,1.232200,1.232500,D
174265601,EUR/USD,2005-08-05 13:05:48.000,1.232100,1.232400,D
174265630,EUR/USD,2005-08-05 13:06:04.000,1.232000,1.232300,D
174265668,EUR/USD,2005-08-05 13:06:29.000,1.232100,1.232400,D
174265673,EUR/USD,2005-08-05 13:06:31.000,1.232200,1.232500,D
174265707,EUR/USD,2005-08-05 13:06:50.000,1.232300,1.232600,D
174265716,EUR/USD,2005-08-05 13:06:55.000,1.232400,1.232700,D
174265719,EUR/USD,2005-08-05 13:06:55.000,1.232500,1.232800,D
174265737,EUR/USD,2005-08-05 13:06:59.000,1.232400,1.232700,D
174265748,EUR/USD,2005-08-05 13:07:03.000,1.232300,1.232600,D
174265779,EUR/USD,2005-08-05 13:07:24.000,1.232200,1.232500,D
174265791,EUR/USD,2005-08-05 13:07:27.000,1.232100,1.232400,D
174265794,EUR/USD,2005-08-05 13:07:28.000,1.232200,1.232500,D
174265812,EUR/USD,2005-08-05 13:07:44.000,1.232100,1.232400,D
174265818,EUR/USD,2005-08-05 13:07:56.000,1.232000,1.232300,D
174265839,EUR/USD,2005-08-05 13:07:59.000,1.232100,1.232400,D
174265855,EUR/USD,2005-08-05 13:08:09.000,1.232000,1.232300,D
174265869,EUR/USD,2005-08-05 13:08:12.000,1.232100,1.232400,D
174265897,EUR/USD,2005-08-05 13:08:19.000,1.232000,1.232300,D
174265906,EUR/USD,2005-08-05 13:08:21.000,1.232100,1.232400,D
174265907,EUR/USD,2005-08-05 13:08:21.000,1.232200,1.232500,D
174265936,EUR/USD,2005-08-05 13:09:13.000,1.232100,1.232400,D
174265962,EUR/USD,2005-08-05 13:09:23.000,1.232000,1.232300,D
174265994,EUR/USD,2005-08-05 13:09:32.000,1.232200,1.232500,D
174266020,EUR/USD,2005-08-05 13:09:41.000,1.232300,1.232600,D
174266022,EUR/USD,2005-08-05 13:09:45.000,1.232200,1.232500,D
174266033,EUR/USD,2005-08-05 13:09:47.000,1.232100,1.232400,D
174266107,EUR/USD,2005-08-05 13:10:59.000,1.232200,1.232500,D
174266164,EUR/USD,2005-08-05 13:12:00.000,1.232100,1.232400,D
174266169,EUR/USD,2005-08-05 13:12:05.000,1.232200,1.232500,D
174266244,EUR/USD,2005-08-05 13:14:03.000,1.232300,1.232600,D
174266260,EUR/USD,2005-08-05 13:14:29.000,1.232400,1.232700,D
174266265,EUR/USD,2005-08-05 13:14:32.000,1.232500,1.232800,D
174266282,EUR/USD,2005-08-05 13:14:35.000,1.232600,1.232900,D
174266304,EUR/USD,2005-08-05 13:14:43.000,1.232700,1.233000,D
174266319,EUR/USD,2005-08-05 13:14:47.000,1.232800,1.233100,D
174266361,EUR/USD,2005-08-05 13:14:54.000,1.232700,1.233000,D
174266371,EUR/USD,2005-08-05 13:14:56.000,1.232800,1.233100,D
174266403,EUR/USD,2005-08-05 13:15:06.000,1.232700,1.233000,D
174266410,EUR/USD,2005-08-05 13:15:07.000,1.232600,1.232900,D
174266414,EUR/USD,2005-08-05 13:15:07.000,1.232700,1.233000,D
174266417,EUR/USD,2005-08-05 13:15:08.000,1.232600,1.232900,D
174266436,EUR/USD,2005-08-05 13:15:11.000,1.232500,1.232800,D
174266472,EUR/USD,2005-08-05 13:15:17.000,1.232600,1.232900,D
174266482,EUR/USD,2005-08-05 13:15:20.000,1.232500,1.232800,D
174266511,EUR/USD,2005-08-05 13:15:27.000,1.232400,1.232700,D
174266523,EUR/USD,2005-08-05 13:15:32.000,1.232300,1.232600,D
174266524,EUR/USD,2005-08-05 13:15:32.000,1.232400,1.232700,D
174266539,EUR/USD,2005-08-05 13:15:41.000,1.232500,1.232800,D
174266559,EUR/USD,2005-08-05 13:15:54.000,1.232400,1.232700,D
174266593,EUR/USD,2005-08-05 13:16:12.000,1.232500,1.232800,D
174266604,EUR/USD,2005-08-05 13:16:13.000,1.232400,1.232700,D
174266608,EUR/USD,2005-08-05 13:16:14.000,1.232500,1.232800,D
174266625,EUR/USD,2005-08-05 13:16:15.000,1.232400,1.232700,D
174266661,EUR/USD,2005-08-05 13:16:49.000,1.232500,1.232800,D
174266679,EUR/USD,2005-08-05 13:16:52.000,1.232600,1.232900,D
174266690,EUR/USD,2005-08-05 13:16:55.000,1.232500,1.232800,D
174266698,EUR/USD,2005-08-05 13:17:05.000,1.232400,1.232700,D
174266705,EUR/USD,2005-08-05 13:17:05.000,1.232500,1.232800,D
174266726,EUR/USD,2005-08-05 13:17:16.000,1.232400,1.232700,D
174266730,EUR/USD,2005-08-05 13:17:17.000,1.232500,1.232800,D
174266749,EUR/USD,2005-08-05 13:17:45.000,1.232400,1.232700,D
174266756,EUR/USD,2005-08-05 13:17:52.000,1.232500,1.232800,D
174266840,EUR/USD,2005-08-05 13:19:38.000,1.232400,1.232700,D
174266842,EUR/USD,2005-08-05 13:19:51.000,1.232500,1.232800,D
174266846,EUR/USD,2005-08-05 13:19:53.000,1.232400,1.232700,D
174266848,EUR/USD,2005-08-05 13:19:54.000,1.232500,1.232800,D
174266852,EUR/USD,2005-08-05 13:20:00.000,1.232400,1.232700,D
174266855,EUR/USD,2005-08-05 13:20:15.000,1.232500,1.232800,D
174266859,EUR/USD,2005-08-05 13:20:18.000,1.232400,1.232700,D
174266866,EUR/USD,2005-08-05 13:20:22.000,1.232500,1.232800,D
174266876,EUR/USD,2005-08-05 13:20:42.000,1.232600,1.232900,D
174266880,EUR/USD,2005-08-05 13:20:44.000,1.232700,1.233000,D
174266911,EUR/USD,2005-08-05 13:21:32.000,1.232600,1.232900,D
174266915,EUR/USD,2005-08-05 13:21:46.000,1.232700,1.233000,D
174266919,EUR/USD,2005-08-05 13:21:58.000,1.232600,1.232900,D
174266923,EUR/USD,2005-08-05 13:21:59.000,1.232700,1.233000,D
174266931,EUR/USD,2005-08-05 13:22:08.000,1.232800,1.233100,D
174266948,EUR/USD,2005-08-05 13:22:43.000,1.232700,1.233000,D
174266949,EUR/USD,2005-08-05 13:22:45.000,1.232800,1.233100,D
174266951,EUR/USD,2005-08-05 13:22:46.000,1.232900,1.233200,D
174266967,EUR/USD,2005-08-05 13:22:47.000,1.232700,1.233000,D
174266975,EUR/USD,2005-08-05 13:22:48.000,1.232900,1.233200,D
174266987,EUR/USD,2005-08-05 13:22:49.000,1.233000,1.233300,D
174266997,EUR/USD,2005-08-05 13:22:53.000,1.233100,1.233400,D
174267006,EUR/USD,2005-08-05 13:22:54.000,1.233000,1.233300,D
174267022,EUR/USD,2005-08-05 13:22:56.000,1.233100,1.233400,D
174267062,EUR/USD,2005-08-05 13:23:07.000,1.233200,1.233500,D
174267086,EUR/USD,2005-08-05 13:23:09.000,1.233100,1.233400,D
174267107,EUR/USD,2005-08-05 13:23:18.000,1.233200,1.233500,D
174267112,EUR/USD,2005-08-05 13:23:19.000,1.233100,1.233400,D
174267118,EUR/USD,2005-08-05 13:23:23.000,1.233000,1.233300,D
174267132,EUR/USD,2005-08-05 13:23:31.000,1.233100,1.233400,D
174267166,EUR/USD,2005-08-05 13:23:40.000,1.233000,1.233300,D
174267195,EUR/USD,2005-08-05 13:23:54.000,1.232900,1.233200,D
174267210,EUR/USD,2005-08-05 13:24:10.000,1.233000,1.233300,D
174267229,EUR/USD,2005-08-05 13:24:20.000,1.232900,1.233200,D
174267244,EUR/USD,2005-08-05 13:24:21.000,1.233000,1.233300,D
174267268,EUR/USD,2005-08-05 13:24:48.000,1.232900,1.233200,D
174267286,EUR/USD,2005-08-05 13:25:09.000,1.233000,1.233300,D
174267298,EUR/USD,2005-08-05 13:25:15.000,1.233100,1.233400,D
174267309,EUR/USD,2005-08-05 13:25:22.000,1.233000,1.233300,D
174267315,EUR/USD,2005-08-05 13:25:34.000,1.233100,1.233400,D
174267325,EUR/USD,2005-08-05 13:25:37.000,1.233200,1.233500,D
174267329,EUR/USD,2005-08-05 13:25:46.000,1.233300,1.233600,D
174267331,EUR/USD,2005-08-05 13:25:48.000,1.233200,1.233500,D
174267336,EUR/USD,2005-08-05 13:25:55.000,1.233100,1.233400,D
174267367,EUR/USD,2005-08-05 13:26:24.000,1.233200,1.233500,D
174267370,EUR/USD,2005-08-05 13:26:46.000,1.233100,1.233400,D
174267391,EUR/USD,2005-08-05 13:27:13.000,1.233000,1.233300,D
174267395,EUR/USD,2005-08-05 13:27:17.000,1.233100,1.233400,D
174267427,EUR/USD,2005-08-05 13:28:13.000,1.233000,1.233300,D
174267440,EUR/USD,2005-08-05 13:28:21.000,1.233100,1.233400,D
174267445,EUR/USD,2005-08-05 13:28:21.000,1.233000,1.233300,D
174267455,EUR/USD,2005-08-05 13:28:27.000,1.233100,1.233400,D
174267461,EUR/USD,2005-08-05 13:28:29.000,1.233000,1.233300,D
174267462,EUR/USD,2005-08-05 13:28:30.000,1.233100,1.233400,D
174267540,EUR/USD,2005-08-05 13:29:44.000,1.233000,1.233300,D
174267555,EUR/USD,2005-08-05 13:30:33.000,1.233100,1.233400,D
174267587,EUR/USD,2005-08-05 13:31:41.000,1.233000,1.233300,D
174267593,EUR/USD,2005-08-05 13:32:04.000,1.232900,1.233200,D
174267630,EUR/USD,2005-08-05 13:32:37.000,1.232800,1.233100,D
174267713,EUR/USD,2005-08-05 13:33:55.000,1.232900,1.233200,D
174267720,EUR/USD,2005-08-05 13:34:17.000,1.232800,1.233100,D
174267727,EUR/USD,2005-08-05 13:34:38.000,1.232900,1.233200,D
174267728,EUR/USD,2005-08-05 13:34:38.000,1.232800,1.233100,D
174267734,EUR/USD,2005-08-05 13:34:40.000,1.232900,1.233200,D
174267753,EUR/USD,2005-08-05 13:35:37.000,1.233000,1.233300,D
174267755,EUR/USD,2005-08-05 13:35:43.000,1.233100,1.233400,D
174267760,EUR/USD,2005-08-05 13:35:52.000,1.233000,1.233300,D
174267765,EUR/USD,2005-08-05 13:35:55.000,1.233100,1.233400,D
174267798,EUR/USD,2005-08-05 13:37:00.000,1.233200,1.233500,D
174267823,EUR/USD,2005-08-05 13:37:19.000,1.233300,1.233600,D
174267833,EUR/USD,2005-08-05 13:37:21.000,1.233400,1.233700,D
174267856,EUR/USD,2005-08-05 13:37:27.000,1.233500,1.233800,D
174267863,EUR/USD,2005-08-05 13:37:30.000,1.233600,1.233900,D
174267868,EUR/USD,2005-08-05 13:37:37.000,1.233500,1.233800,D
174267870,EUR/USD,2005-08-05 13:37:38.000,1.233600,1.233900,D
174267888,EUR/USD,2005-08-05 13:37:42.000,1.233500,1.233800,D
174267895,EUR/USD,2005-08-05 13:37:44.000,1.233600,1.233900,D
174267908,EUR/USD,2005-08-05 13:37:54.000,1.233500,1.233800,D
174267909,EUR/USD,2005-08-05 13:37:54.000,1.233600,1.233900,D
174267914,EUR/USD,2005-08-05 13:37:55.000,1.233700,1.234000,D
174267935,EUR/USD,2005-08-05 13:37:56.000,1.233600,1.233900,D
174267947,EUR/USD,2005-08-05 13:38:01.000,1.233700,1.234000,D
174267965,EUR/USD,2005-08-05 13:38:04.000,1.233600,1.233900,D
174267993,EUR/USD,2005-08-05 13:38:13.000,1.233700,1.234000,D
174268023,EUR/USD,2005-08-05 13:38:17.000,1.233600,1.233900,D
174268026,EUR/USD,2005-08-05 13:38:18.000,1.233700,1.234000,D
174268028,EUR/USD,2005-08-05 13:38:18.000,1.233600,1.233900,D
174268036,EUR/USD,2005-08-05 13:38:26.000,1.233500,1.233800,D
174268040,EUR/USD,2005-08-05 13:38:29.000,1.233600,1.233900,D
174268046,EUR/USD,2005-08-05 13:38:29.000,1.233500,1.233800,D
174268057,EUR/USD,2005-08-05 13:38:37.000,1.233400,1.233700,D
174268059,EUR/USD,2005-08-05 13:38:37.000,1.233300,1.233600,D
174268074,EUR/USD,2005-08-05 13:38:44.000,1.233400,1.233700,D
174268092,EUR/USD,2005-08-05 13:38:58.000,1.233500,1.233800,D
174268131,EUR/USD,2005-08-05 13:39:12.000,1.233400,1.233700,D
174268136,EUR/USD,2005-08-05 13:39:14.000,1.233500,1.233800,D
174268165,EUR/USD,2005-08-05 13:39:22.000,1.233600,1.233900,D
174268176,EUR/USD,2005-08-05 13:39:24.000,1.233700,1.234000,D
174268191,EUR/USD,2005-08-05 13:39:26.000,1.233800,1.234100,D
174268197,EUR/USD,2005-08-05 13:39:27.000,1.233700,1.234000,D
174268217,EUR/USD,2005-08-05 13:39:31.000,1.233800,1.234100,D
174268220,EUR/USD,2005-08-05 13:39:32.000,1.233700,1.234000,D
174268241,EUR/USD,2005-08-05 13:39:37.000,1.233600,1.233900,D
174268257,EUR/USD,2005-08-05 13:39:40.000,1.233700,1.234000,D
174268273,EUR/USD,2005-08-05 13:39:42.000,1.233600,1.233900,D
174268279,EUR/USD,2005-08-05 13:39:43.000,1.233700,1.234000,D
174268317,EUR/USD,2005-08-05 13:39:53.000,1.233600,1.233900,D
174268328,EUR/USD,2005-08-05 13:39:55.000,1.233700,1.234000,D
174268346,EUR/USD,2005-08-05 13:39:59.000,1.233800,1.234100,D
174268362,EUR/USD,2005-08-05 13:40:02.000,1.233900,1.234200,D
174268381,EUR/USD,2005-08-05 13:40:07.000,1.234000,1.234300,D
174268424,EUR/USD,2005-08-05 13:40:13.000,1.234100,1.234400,D
174268431,EUR/USD,2005-08-05 13:40:14.000,1.234000,1.234300,D
174268436,EUR/USD,2005-08-05 13:40:14.000,1.234100,1.234400,D
174268442,EUR/USD,2005-08-05 13:40:15.000,1.234000,1.234300,D
174268455,EUR/USD,2005-08-05 13:40:17.000,1.234100,1.234400,D
174268468,EUR/USD,2005-08-05 13:40:19.000,1.234000,1.234300,D
174268481,EUR/USD,2005-08-05 13:40:23.000,1.233900,1.234200,D
174268485,EUR/USD,2005-08-05 13:40:28.000,1.234000,1.234300,D
174268490,EUR/USD,2005-08-05 13:40:28.000,1.233900,1.234200,D
174268541,EUR/USD,2005-08-05 13:40:53.000,1.233800,1.234100,D
174268579,EUR/USD,2005-08-05 13:40:58.000,1.233900,1.234200,D
174268586,EUR/USD,2005-08-05 13:41:07.000,1.234000,1.234300,D
174268605,EUR/USD,2005-08-05 13:41:11.000,1.233900,1.234200,D
174268618,EUR/USD,2005-08-05 13:41:14.000,1.234000,1.234300,D
174268625,EUR/USD,2005-08-05 13:41:15.000,1.233900,1.234200,D
174268663,EUR/USD,2005-08-05 13:41:34.000,1.234000,1.234300,D
174268686,EUR/USD,2005-08-05 13:41:42.000,1.233900,1.234200,D
174268698,EUR/USD,2005-08-05 13:41:49.000,1.234000,1.234300,D
174268705,EUR/USD,2005-08-05 13:41:50.000,1.233900,1.234200,D
174268721,EUR/USD,2005-08-05 13:41:56.000,1.234000,1.234300,D
174268728,EUR/USD,2005-08-05 13:41:58.000,1.233900,1.234200,D
174268738,EUR/USD,2005-08-05 13:42:05.000,1.234000,1.234300,D
174268751,EUR/USD,2005-08-05 13:42:09.000,1.233900,1.234200,D
174268767,EUR/USD,2005-08-05 13:42:21.000,1.233800,1.234100,D
174268792,EUR/USD,2005-08-05 13:42:29.000,1.233700,1.234000,D
174268815,EUR/USD,2005-08-05 13:42:43.000,1.233600,1.233900,D
174268829,EUR/USD,2005-08-05 13:42:49.000,1.233500,1.233800,D
174268936,EUR/USD,2005-08-05 13:43:38.000,1.233400,1.233700,D
174268949,EUR/USD,2005-08-05 13:43:57.000,1.233300,1.233600,D
174269014,EUR/USD,2005-08-05 13:44:35.000,1.233200,1.233500,D
174269021,EUR/USD,2005-08-05 13:44:38.000,1.233300,1.233600,D
174269057,EUR/USD,2005-08-05 13:45:04.000,1.233200,1.233500,D
174269070,EUR/USD,2005-08-05 13:45:15.000,1.233300,1.233600,D
174269098,EUR/USD,2005-08-05 13:45:30.000,1.233400,1.233700,D
174269132,EUR/USD,2005-08-05 13:45:38.000,1.233500,1.233800,D
174269145,EUR/USD,2005-08-05 13:45:39.000,1.233600,1.233900,D
174269159,EUR/USD,2005-08-05 13:45:42.000,1.233500,1.233800,D
174269173,EUR/USD,2005-08-05 13:45:46.000,1.233600,1.233900,D
174269177,EUR/USD,2005-08-05 13:45:48.000,1.233500,1.233800,D
174269228,EUR/USD,2005-08-05 13:46:27.000,1.233400,1.233700,D
174269232,EUR/USD,2005-08-05 13:46:31.000,1.233500,1.233800,D
174269263,EUR/USD,2005-08-05 13:47:03.000,1.233600,1.233900,D
174269286,EUR/USD,2005-08-05 13:47:09.000,1.233500,1.233800,D
174269295,EUR/USD,2005-08-05 13:47:25.000,1.233600,1.233900,D
174269317,EUR/USD,2005-08-05 13:47:44.000,1.233500,1.233800,D
174269322,EUR/USD,2005-08-05 13:47:52.000,1.233400,1.233700,D
174269333,EUR/USD,2005-08-05 13:47:59.000,1.233500,1.233800,D
174269369,EUR/USD,2005-08-05 13:49:21.000,1.233400,1.233700,D
174269372,EUR/USD,2005-08-05 13:49:28.000,1.233500,1.233800,D
174269414,EUR/USD,2005-08-05 13:49:51.000,1.233400,1.233700,D
174269429,EUR/USD,2005-08-05 13:50:01.000,1.233500,1.233800,D
174269497,EUR/USD,2005-08-05 13:50:40.000,1.233400,1.233700,D
174269556,EUR/USD,2005-08-05 13:51:46.000,1.233500,1.233800,D
174269597,EUR/USD,2005-08-05 13:52:33.000,1.233400,1.233700,D
174269630,EUR/USD,2005-08-05 13:54:01.000,1.233300,1.233600,D
174269640,EUR/USD,2005-08-05 13:54:08.000,1.233400,1.233700,D
174269642,EUR/USD,2005-08-05 13:54:08.000,1.233300,1.233600,D
174269645,EUR/USD,2005-08-05 13:54:12.000,1.233200,1.233500,D
174269660,EUR/USD,2005-08-05 13:54:21.000,1.233300,1.233600,D
174269666,EUR/USD,2005-08-05 13:54:24.000,1.233200,1.233500,D
174269669,EUR/USD,2005-08-05 13:54:28.000,1.233300,1.233600,D
174269682,EUR/USD,2005-08-05 13:54:51.000,1.233400,1.233700,D
174269686,EUR/USD,2005-08-05 13:55:03.000,1.233300,1.233600,D
174269690,EUR/USD,2005-08-05 13:55:06.000,1.233400,1.233700,D
174269695,EUR/USD,2005-08-05 13:55:10.000,1.233300,1.233600,D
174269709,EUR/USD,2005-08-05 13:55:42.000,1.233200,1.233500,D
174269712,EUR/USD,2005-08-05 13:55:50.000,1.233300,1.233600,D
174269716,EUR/USD,2005-08-05 13:55:58.000,1.233200,1.233500,D
174269732,EUR/USD,2005-08-05 13:56:24.000,1.233300,1.233600,D
174269744,EUR/USD,2005-08-05 13:56:28.000,1.233200,1.233500,D
174269748,EUR/USD,2005-08-05 13:56:34.000,1.233300,1.233600,D
174269754,EUR/USD,2005-08-05 13:56:36.000,1.233200,1.233500,D
174269823,EUR/USD,2005-08-05 13:58:36.000,1.233100,1.233400,D
174269830,EUR/USD,2005-08-05 13:58:38.000,1.233200,1.233500,D
174269835,EUR/USD,2005-08-05 13:58:39.000,1.233100,1.233400,D
174269852,EUR/USD,2005-08-05 13:58:44.000,1.233200,1.233500,D
174269883,EUR/USD,2005-08-05 13:58:57.000,1.233100,1.233400,D
174269891,EUR/USD,2005-08-05 13:59:07.000,1.233200,1.233500,D
174269894,EUR/USD,2005-08-05 13:59:08.000,1.233100,1.233400,D
174269956,EUR/USD,2005-08-05 14:02:24.000,1.233200,1.233500,D
174270109,EUR/USD,2005-08-05 14:05:48.000,1.233100,1.233400,D
174270119,EUR/USD,2005-08-05 14:05:55.000,1.233200,1.233500,D
174270125,EUR/USD,2005-08-05 14:05:57.000,1.233100,1.233400,D
174270139,EUR/USD,2005-08-05 14:06:15.000,1.233200,1.233500,D
174270173,EUR/USD,2005-08-05 14:07:58.000,1.233100,1.233400,D
174270177,EUR/USD,2005-08-05 14:08:02.000,1.233200,1.233500,D
174270180,EUR/USD,2005-08-05 14:08:03.000,1.233100,1.233400,D
174270252,EUR/USD,2005-08-05 14:09:59.000,1.233000,1.233300,D
174270259,EUR/USD,2005-08-05 14:10:00.000,1.232900,1.233200,D
174270265,EUR/USD,2005-08-05 14:10:01.000,1.233000,1.233300,D
174270283,EUR/USD,2005-08-05 14:10:07.000,1.233100,1.233400,D
174270290,EUR/USD,2005-08-05 14:10:11.000,1.233000,1.233300,D
174270296,EUR/USD,2005-08-05 14:10:15.000,1.233100,1.233400,D
174270320,EUR/USD,2005-08-05 14:11:03.000,1.233000,1.233300,D
174270333,EUR/USD,2005-08-05 14:11:26.000,1.232900,1.233200,D
174270342,EUR/USD,2005-08-05 14:11:39.000,1.233000,1.233300,D
174270350,EUR/USD,2005-08-05 14:11:47.000,1.233100,1.233400,D
174270364,EUR/USD,2005-08-05 14:12:00.000,1.233200,1.233500,D
174270376,EUR/USD,2005-08-05 14:12:02.000,1.233100,1.233400,D
174270377,EUR/USD,2005-08-05 14:12:06.000,1.233000,1.233300,D
174270436,EUR/USD,2005-08-05 14:13:06.000,1.232900,1.233200,D
174270460,EUR/USD,2005-08-05 14:13:26.000,1.233000,1.233300,D
174270477,EUR/USD,2005-08-05 14:14:50.000,1.232900,1.233200,D
174270482,EUR/USD,2005-08-05 14:14:52.000,1.233000,1.233300,D
174270506,EUR/USD,2005-08-05 14:15:20.000,1.232900,1.233200,D
174270515,EUR/USD,2005-08-05 14:15:27.000,1.233000,1.233300,D
174270523,EUR/USD,2005-08-05 14:15:29.000,1.232900,1.233200,D
174270545,EUR/USD,2005-08-05 14:15:50.000,1.233000,1.233300,D
174270566,EUR/USD,2005-08-05 14:15:57.000,1.232900,1.233200,D
174270581,EUR/USD,2005-08-05 14:16:20.000,1.233000,1.233300,D
174270631,EUR/USD,2005-08-05 14:16:52.000,1.232900,1.233200,D
174270651,EUR/USD,2005-08-05 14:17:04.000,1.232800,1.233100,D
174270659,EUR/USD,2005-08-05 14:17:06.000,1.232900,1.233200,D
174270663,EUR/USD,2005-08-05 14:17:06.000,1.232800,1.233100,D
174270686,EUR/USD,2005-08-05 14:17:20.000,1.232900,1.233200,D
174270697,EUR/USD,2005-08-05 14:17:23.000,1.232800,1.233100,D
174270731,EUR/USD,2005-08-05 14:17:33.000,1.232900,1.233200,D
174270824,EUR/USD,2005-08-05 14:18:43.000,1.233000,1.233300,D
174270926,EUR/USD,2005-08-05 14:20:01.000,1.233100,1.233400,D
174270955,EUR/USD,2005-08-05 14:20:13.000,1.233000,1.233300,D
174270976,EUR/USD,2005-08-05 14:20:30.000,1.233100,1.233400,D
174270986,EUR/USD,2005-08-05 14:20:32.000,1.233200,1.233500,D
174271012,EUR/USD,2005-08-05 14:20:40.000,1.233300,1.233600,D
174271095,EUR/USD,2005-08-05 14:21:32.000,1.233400,1.233700,D
174271100,EUR/USD,2005-08-05 14:21:34.000,1.233500,1.233800,D
174271103,EUR/USD,2005-08-05 14:21:35.000,1.233400,1.233700,D
174271115,EUR/USD,2005-08-05 14:21:39.000,1.233500,1.233800,D
174271120,EUR/USD,2005-08-05 14:21:40.000,1.233400,1.233700,D
174271139,EUR/USD,2005-08-05 14:21:54.000,1.233300,1.233600,D
174271174,EUR/USD,2005-08-05 14:22:31.000,1.233400,1.233700,D
174271177,EUR/USD,2005-08-05 14:22:33.000,1.233300,1.233600,D
174271180,EUR/USD,2005-08-05 14:22:34.000,1.233400,1.233700,D
174271185,EUR/USD,2005-08-05 14:22:37.000,1.233300,1.233600,D
174271191,EUR/USD,2005-08-05 14:22:42.000,1.233400,1.233700,D
174271202,EUR/USD,2005-08-05 14:22:54.000,1.233300,1.233600,D
174271223,EUR/USD,2005-08-05 14:23:23.000,1.233400,1.233700,D
174271241,EUR/USD,2005-08-05 14:23:31.000,1.233500,1.233800,D
174271254,EUR/USD,2005-08-05 14:23:35.000,1.233400,1.233700,D
174271295,EUR/USD,2005-08-05 14:24:06.000,1.233500,1.233800,D
174271307,EUR/USD,2005-08-05 14:24:23.000,1.233600,1.233900,D
174271312,EUR/USD,2005-08-05 14:24:25.000,1.233500,1.233800,D
174271318,EUR/USD,2005-08-05 14:24:28.000,1.233600,1.233900,D
174271322,EUR/USD,2005-08-05 14:24:36.000,1.233500,1.233800,D
174271341,EUR/USD,2005-08-05 14:25:03.000,1.233600,1.233900,D
174271350,EUR/USD,2005-08-05 14:25:14.000,1.233700,1.234000,D
174271360,EUR/USD,2005-08-05 14:25:20.000,1.233800,1.234100,D
174271371,EUR/USD,2005-08-05 14:25:31.000,1.233700,1.234000,D
174271384,EUR/USD,2005-08-05 14:25:42.000,1.233600,1.233900,D
174271493,EUR/USD,2005-08-05 14:27:52.000,1.233500,1.233800,D
174271497,EUR/USD,2005-08-05 14:28:00.000,1.233600,1.233900,D
174271502,EUR/USD,2005-08-05 14:28:16.000,1.233700,1.234000,D
174271519,EUR/USD,2005-08-05 14:28:25.000,1.233600,1.233900,D
174271525,EUR/USD,2005-08-05 14:28:27.000,1.233700,1.234000,D
174271546,EUR/USD,2005-08-05 14:28:30.000,1.233600,1.233900,D
174271548,EUR/USD,2005-08-05 14:28:30.000,1.233700,1.234000,D
174271557,EUR/USD,2005-08-05 14:28:34.000,1.233600,1.233900,D
174271568,EUR/USD,2005-08-05 14:28:39.000,1.233500,1.233800,D
174271579,EUR/USD,2005-08-05 14:28:42.000,1.233600,1.233900,D
174271598,EUR/USD,2005-08-05 14:28:53.000,1.233500,1.233800,D
174271618,EUR/USD,2005-08-05 14:29:36.000,1.233600,1.233900,D
174271636,EUR/USD,2005-08-05 14:29:51.000,1.233500,1.233800,D
174271639,EUR/USD,2005-08-05 14:29:57.000,1.233600,1.233900,D
174271664,EUR/USD,2005-08-05 14:30:33.000,1.233700,1.234000,D
174271676,EUR/USD,2005-08-05 14:30:45.000,1.233600,1.233900,D
174271712,EUR/USD,2005-08-05 14:31:32.000,1.233700,1.234000,D
174271719,EUR/USD,2005-08-05 14:31:44.000,1.233600,1.233900,D
174271731,EUR/USD,2005-08-05 14:32:05.000,1.233700,1.234000,D
174271765,EUR/USD,2005-08-05 14:32:22.000,1.233800,1.234100,D
174271777,EUR/USD,2005-08-05 14:32:29.000,1.233700,1.234000,D
174271785,EUR/USD,2005-08-05 14:33:12.000,1.233600,1.233900,D
174271791,EUR/USD,2005-08-05 14:33:20.000,1.233500,1.233800,D
174271796,EUR/USD,2005-08-05 14:33:21.000,1.233600,1.233900,D
174271815,EUR/USD,2005-08-05 14:33:31.000,1.233700,1.234000,D
174271818,EUR/USD,2005-08-05 14:33:34.000,1.233800,1.234100,D
174271821,EUR/USD,2005-08-05 14:33:35.000,1.233700,1.234000,D
174271848,EUR/USD,2005-08-05 14:33:47.000,1.233600,1.233900,D
174271854,EUR/USD,2005-08-05 14:33:49.000,1.233700,1.234000,D
174271859,EUR/USD,2005-08-05 14:34:12.000,1.233600,1.233900,D
174271880,EUR/USD,2005-08-05 14:34:44.000,1.233700,1.234000,D
174271890,EUR/USD,2005-08-05 14:34:47.000,1.233800,1.234100,D
174271903,EUR/USD,2005-08-05 14:34:50.000,1.233900,1.234200,D
174271923,EUR/USD,2005-08-05 14:34:58.000,1.234000,1.234300,D
174271932,EUR/USD,2005-08-05 14:34:59.000,1.233900,1.234200,D
174271940,EUR/USD,2005-08-05 14:35:03.000,1.234000,1.234300,D
174271944,EUR/USD,2005-08-05 14:35:04.000,1.234100,1.234400,D
174271953,EUR/USD,2005-08-05 14:35:06.000,1.234200,1.234500,D
174271968,EUR/USD,2005-08-05 14:35:09.000,1.234100,1.234400,D
174271972,EUR/USD,2005-08-05 14:35:10.000,1.234200,1.234500,D
174271983,EUR/USD,2005-08-05 14:35:19.000,1.234300,1.234600,D
174272024,EUR/USD,2005-08-05 14:35:30.000,1.234400,1.234700,D
174272077,EUR/USD,2005-08-05 14:35:52.000,1.234300,1.234600,D
174272118,EUR/USD,2005-08-05 14:36:01.000,1.234400,1.234700,D
174272135,EUR/USD,2005-08-05 14:36:06.000,1.234500,1.234800,D
174272148,EUR/USD,2005-08-05 14:36:08.000,1.234400,1.234700,D
174272153,EUR/USD,2005-08-05 14:36:08.000,1.234300,1.234600,D
174272165,EUR/USD,2005-08-05 14:36:11.000,1.234200,1.234500,D
174272174,EUR/USD,2005-08-05 14:36:13.000,1.234300,1.234600,D
174272183,EUR/USD,2005-08-05 14:36:17.000,1.234400,1.234700,D
174272216,EUR/USD,2005-08-05 14:36:35.000,1.234500,1.234800,D
174272226,EUR/USD,2005-08-05 14:36:38.000,1.234400,1.234700,D
174272232,EUR/USD,2005-08-05 14:36:41.000,1.234500,1.234800,D
174272240,EUR/USD,2005-08-05 14:36:45.000,1.234600,1.234900,D
174272250,EUR/USD,2005-08-05 14:36:50.000,1.234500,1.234800,D
174272275,EUR/USD,2005-08-05 14:36:59.000,1.234600,1.234900,D
174272300,EUR/USD,2005-08-05 14:37:14.000,1.234500,1.234800,D
174272340,EUR/USD,2005-08-05 14:37:45.000,1.234600,1.234900,D
174272353,EUR/USD,2005-08-05 14:37:48.000,1.234700,1.235000,D
174272366,EUR/USD,2005-08-05 14:38:06.000,1.234600,1.234900,D
174272373,EUR/USD,2005-08-05 14:38:07.000,1.234500,1.234800,D
174272384,EUR/USD,2005-08-05 14:38:22.000,1.234400,1.234700,D
174272394,EUR/USD,2005-08-05 14:38:25.000,1.234300,1.234600,D
174272400,EUR/USD,2005-08-05 14:38:25.000,1.234400,1.234700,D
174272402,EUR/USD,2005-08-05 14:38:26.000,1.234500,1.234800,D
174272410,EUR/USD,2005-08-05 14:38:27.000,1.234400,1.234700,D
174272424,EUR/USD,2005-08-05 14:38:29.000,1.234500,1.234800,D
174272425,EUR/USD,2005-08-05 14:38:31.000,1.234400,1.234700,D
174272430,EUR/USD,2005-08-05 14:38:32.000,1.234500,1.234800,D
174272439,EUR/USD,2005-08-05 14:38:34.000,1.234400,1.234700,D
174272441,EUR/USD,2005-08-05 14:38:35.000,1.234500,1.234800,D
174272490,EUR/USD,2005-08-05 14:39:34.000,1.234600,1.234900,D
174272491,EUR/USD,2005-08-05 14:39:35.000,1.234500,1.234800,D
174272541,EUR/USD,2005-08-05 14:39:52.000,1.234600,1.234900,D
174272626,EUR/USD,2005-08-05 14:40:46.000,1.234700,1.235000,D
174272631,EUR/USD,2005-08-05 14:40:47.000,1.234600,1.234900,D
174272640,EUR/USD,2005-08-05 14:40:59.000,1.234700,1.235000,D
174272650,EUR/USD,2005-08-05 14:41:07.000,1.234600,1.234900,D
174272676,EUR/USD,2005-08-05 14:41:26.000,1.234700,1.235000,D
174272679,EUR/USD,2005-08-05 14:41:26.000,1.234600,1.234900,D
174272682,EUR/USD,2005-08-05 14:41:29.000,1.234700,1.235000,D
174272683,EUR/USD,2005-08-05 14:41:29.000,1.234600,1.234900,D
174272781,EUR/USD,2005-08-05 14:42:53.000,1.234700,1.235000,D
174272820,EUR/USD,2005-08-05 14:43:19.000,1.234600,1.234900,D
174272826,EUR/USD,2005-08-05 14:43:19.000,1.234700,1.235000,D
174272879,EUR/USD,2005-08-05 14:43:36.000,1.234600,1.234900,D
174272885,EUR/USD,2005-08-05 14:43:37.000,1.234700,1.235000,D
174272903,EUR/USD,2005-08-05 14:43:42.000,1.234600,1.234900,D
174272909,EUR/USD,2005-08-05 14:43:45.000,1.234700,1.235000,D
174272911,EUR/USD,2005-08-05 14:43:47.000,1.234600,1.234900,D
174272913,EUR/USD,2005-08-05 14:43:47.000,1.234700,1.235000,D
174272916,EUR/USD,2005-08-05 14:43:49.000,1.234600,1.234900,D
174272944,EUR/USD,2005-08-05 14:44:00.000,1.234700,1.235000,D
174272948,EUR/USD,2005-08-05 14:44:01.000,1.234600,1.234900,D
174272952,EUR/USD,2005-08-05 14:44:03.000,1.234700,1.235000,D
174272958,EUR/USD,2005-08-05 14:44:15.000,1.234600,1.234900,D
174272959,EUR/USD,2005-08-05 14:44:18.000,1.234700,1.235000,D
174272969,EUR/USD,2005-08-05 14:44:27.000,1.234600,1.234900,D
174272977,EUR/USD,2005-08-05 14:44:30.000,1.234700,1.235000,D
174272978,EUR/USD,2005-08-05 14:44:30.000,1.234600,1.234900,D
174273022,EUR/USD,2005-08-05 14:44:53.000,1.234500,1.234800,D
174273028,EUR/USD,2005-08-05 14:44:56.000,1.234600,1.234900,D
174273043,EUR/USD,2005-08-05 14:45:30.000,1.234700,1.235000,D
174273055,EUR/USD,2005-08-05 14:45:46.000,1.234800,1.235100,D
174273067,EUR/USD,2005-08-05 14:45:49.000,1.234900,1.235200,D
174273070,EUR/USD,2005-08-05 14:45:49.000,1.235000,1.235300,D
174273094,EUR/USD,2005-08-05 14:45:55.000,1.235200,1.235500,D
174273095,EUR/USD,2005-08-05 14:45:55.000,1.235100,1.235400,D
174273098,EUR/USD,2005-08-05 14:45:56.000,1.235000,1.235300,D
174273105,EUR/USD,2005-08-05 14:45:59.000,1.234900,1.235200,D
174273111,EUR/USD,2005-08-05 14:46:01.000,1.234800,1.235100,D
174273164,EUR/USD,2005-08-05 14:46:49.000,1.234900,1.235200,D
174273167,EUR/USD,2005-08-05 14:46:52.000,1.234800,1.235100,D
174273188,EUR/USD,2005-08-05 14:47:24.000,1.234900,1.235200,D
174273198,EUR/USD,2005-08-05 14:47:27.000,1.234800,1.235100,D
174273208,EUR/USD,2005-08-05 14:47:34.000,1.234700,1.235000,D
174273225,EUR/USD,2005-08-05 14:47:42.000,1.234600,1.234900,D
174273233,EUR/USD,2005-08-05 14:47:45.000,1.234500,1.234800,D
174273246,EUR/USD,2005-08-05 14:47:47.000,1.234600,1.234900,D
174273269,EUR/USD,2005-08-05 14:47:51.000,1.234500,1.234800,D
174273274,EUR/USD,2005-08-05 14:47:53.000,1.234600,1.234900,D
174273297,EUR/USD,2005-08-05 14:48:07.000,1.234700,1.235000,D
174273334,EUR/USD,2005-08-05 14:48:28.000,1.234600,1.234900,D
174273346,EUR/USD,2005-08-05 14:48:29.000,1.234700,1.235000,D
174273374,EUR/USD,2005-08-05 14:48:46.000,1.234800,1.235100,D
174273396,EUR/USD,2005-08-05 14:49:03.000,1.234700,1.235000,D
174273414,EUR/USD,2005-08-05 14:49:11.000,1.234600,1.234900,D
174273425,EUR/USD,2005-08-05 14:49:13.000,1.234700,1.235000,D
174273524,EUR/USD,2005-08-05 14:50:27.000,1.234600,1.234900,D
174273528,EUR/USD,2005-08-05 14:50:31.000,1.234700,1.235000,D
174273549,EUR/USD,2005-08-05 14:50:57.000,1.234600,1.234900,D
174273555,EUR/USD,2005-08-05 14:50:58.000,1.234700,1.235000,D
174273568,EUR/USD,2005-08-05 14:51:11.000,1.234600,1.234900,D
174273627,EUR/USD,2005-08-05 14:52:48.000,1.234700,1.235000,D
174273632,EUR/USD,2005-08-05 14:52:50.000,1.234600,1.234900,D
174273653,EUR/USD,2005-08-05 14:53:11.000,1.234500,1.234800,D
174273658,EUR/USD,2005-08-05 14:53:12.000,1.234600,1.234900,D
174273698,EUR/USD,2005-08-05 14:53:49.000,1.234500,1.234800,D
174273706,EUR/USD,2005-08-05 14:53:51.000,1.234600,1.234900,D
174273715,EUR/USD,2005-08-05 14:53:54.000,1.234500,1.234800,D
174273720,EUR/USD,2005-08-05 14:53:55.000,1.234400,1.234700,D
174273726,EUR/USD,2005-08-05 14:53:56.000,1.234500,1.234800,D
174273729,EUR/USD,2005-08-05 14:53:56.000,1.234600,1.234900,D
174273754,EUR/USD,2005-08-05 14:53:59.000,1.234500,1.234800,D
174273782,EUR/USD,2005-08-05 14:54:13.000,1.234400,1.234700,D
174273789,EUR/USD,2005-08-05 14:54:14.000,1.234500,1.234800,D
174273908,EUR/USD,2005-08-05 14:55:43.000,1.234400,1.234700,D
174274014,EUR/USD,2005-08-05 14:58:26.000,1.234300,1.234600,D
174274026,EUR/USD,2005-08-05 14:58:33.000,1.234400,1.234700,D
174274030,EUR/USD,2005-08-05 14:58:33.000,1.234500,1.234800,D
174274033,EUR/USD,2005-08-05 14:58:34.000,1.234400,1.234700,D
174274056,EUR/USD,2005-08-05 14:58:55.000,1.234300,1.234600,D
174274057,EUR/USD,2005-08-05 14:58:56.000,1.234400,1.234700,D
174274147,EUR/USD,2005-08-05 14:59:15.000,1.234500,1.234800,D
174274200,EUR/USD,2005-08-05 14:59:34.000,1.234400,1.234700,D
174274207,EUR/USD,2005-08-05 14:59:36.000,1.234500,1.234800,D
174274217,EUR/USD,2005-08-05 14:59:37.000,1.234400,1.234700,D
174274229,EUR/USD,2005-08-05 14:59:42.000,1.234300,1.234600,D
174274232,EUR/USD,2005-08-05 14:59:43.000,1.234400,1.234700,D
174274259,EUR/USD,2005-08-05 14:59:54.000,1.234500,1.234800,D
174274315,EUR/USD,2005-08-05 15:00:00.000,1.234600,1.234900,D
174274319,EUR/USD,2005-08-05 15:00:02.000,1.234500,1.234800,D
174274367,EUR/USD,2005-08-05 15:00:19.000,1.234400,1.234700,D
174274382,EUR/USD,2005-08-05 15:00:24.000,1.234500,1.234800,D
174274397,EUR/USD,2005-08-05 15:00:29.000,1.234600,1.234900,D
174274402,EUR/USD,2005-08-05 15:00:30.000,1.234500,1.234800,D
174274529,EUR/USD,2005-08-05 15:02:00.000,1.234600,1.234900,D
174274547,EUR/USD,2005-08-05 15:02:13.000,1.234500,1.234800,D
174274553,EUR/USD,2005-08-05 15:02:15.000,1.234600,1.234900,D
174274560,EUR/USD,2005-08-05 15:02:19.000,1.234500,1.234800,D
174274566,EUR/USD,2005-08-05 15:02:20.000,1.234600,1.234900,D
174274602,EUR/USD,2005-08-05 15:02:46.000,1.234700,1.235000,D
174274657,EUR/USD,2005-08-05 15:03:05.000,1.234800,1.235100,D
174274669,EUR/USD,2005-08-05 15:03:13.000,1.234700,1.235000,D
174274679,EUR/USD,2005-08-05 15:03:17.000,1.234800,1.235100,D
174274761,EUR/USD,2005-08-05 15:04:33.000,1.234900,1.235200,D
174274784,EUR/USD,2005-08-05 15:04:53.000,1.234800,1.235100,D
174274790,EUR/USD,2005-08-05 15:04:58.000,1.234900,1.235200,D
174274817,EUR/USD,2005-08-05 15:05:36.000,1.234800,1.235100,D
174274824,EUR/USD,2005-08-05 15:05:37.000,1.234900,1.235200,D
174274832,EUR/USD,2005-08-05 15:05:37.000,1.234800,1.235100,D
174274839,EUR/USD,2005-08-05 15:05:44.000,1.234900,1.235200,D
174274842,EUR/USD,2005-08-05 15:05:44.000,1.234800,1.235100,D
174274877,EUR/USD,2005-08-05 15:06:28.000,1.234900,1.235200,D
174274879,EUR/USD,2005-08-05 15:06:28.000,1.234800,1.235100,D
174274906,EUR/USD,2005-08-05 15:06:56.000,1.234900,1.235200,D
174274910,EUR/USD,2005-08-05 15:06:57.000,1.234800,1.235100,D
174274916,EUR/USD,2005-08-05 15:07:02.000,1.234700,1.235000,D
174274917,EUR/USD,2005-08-05 15:07:03.000,1.234800,1.235100,D
174274927,EUR/USD,2005-08-05 15:07:08.000,1.234700,1.235000,D
174274932,EUR/USD,2005-08-05 15:07:11.000,1.234800,1.235100,D
174274943,EUR/USD,2005-08-05 15:07:18.000,1.234700,1.235000,D
174274951,EUR/USD,2005-08-05 15:07:25.000,1.234800,1.235100,D
174274983,EUR/USD,2005-08-05 15:08:29.000,1.234700,1.235000,D
174274986,EUR/USD,2005-08-05 15:08:30.000,1.234800,1.235100,D
174275065,EUR/USD,2005-08-05 15:11:28.000,1.234900,1.235200,D
174275102,EUR/USD,2005-08-05 15:11:37.000,1.234800,1.235100,D
174275107,EUR/USD,2005-08-05 15:11:40.000,1.234900,1.235200,D
174275120,EUR/USD,2005-08-05 15:11:47.000,1.234800,1.235100,D
174275135,EUR/USD,2005-08-05 15:12:06.000,1.234900,1.235200,D
174275184,EUR/USD,2005-08-05 15:12:45.000,1.234800,1.235100,D
174275187,EUR/USD,2005-08-05 15:12:46.000,1.234900,1.235200,D
174275189,EUR/USD,2005-08-05 15:12:47.000,1.234800,1.235100,D
174275194,EUR/USD,2005-08-05 15:12:54.000,1.234900,1.235200,D
174275278,EUR/USD,2005-08-05 15:13:59.000,1.234800,1.235100,D
174275335,EUR/USD,2005-08-05 15:14:34.000,1.234700,1.235000,D
174275336,EUR/USD,2005-08-05 15:14:39.000,1.234800,1.235100,D
174275411,EUR/USD,2005-08-05 15:17:04.000,1.234700,1.235000,D
174275420,EUR/USD,2005-08-05 15:17:12.000,1.234800,1.235100,D
174275424,EUR/USD,2005-08-05 15:17:12.000,1.234700,1.235000,D
174275431,EUR/USD,2005-08-05 15:17:33.000,1.234800,1.235100,D
174275432,EUR/USD,2005-08-05 15:17:38.000,1.234700,1.235000,D
174275473,EUR/USD,2005-08-05 15:19:46.000,1.234600,1.234900,D
174275519,EUR/USD,2005-08-05 15:21:06.000,1.234500,1.234800,D
174275524,EUR/USD,2005-08-05 15:21:11.000,1.234600,1.234900,D
174275557,EUR/USD,2005-08-05 15:25:22.000,1.234500,1.234800,D
174275568,EUR/USD,2005-08-05 15:25:39.000,1.234400,1.234700,D
174275571,EUR/USD,2005-08-05 15:25:45.000,1.234500,1.234800,D
174275622,EUR/USD,2005-08-05 15:27:31.000,1.234400,1.234700,D
174275628,EUR/USD,2005-08-05 15:27:34.000,1.234300,1.234600,D
174275692,EUR/USD,2005-08-05 15:29:54.000,1.234200,1.234500,D
174275697,EUR/USD,2005-08-05 15:29:55.000,1.234300,1.234600,D
174275744,EUR/USD,2005-08-05 15:31:05.000,1.234200,1.234500,D
174275747,EUR/USD,2005-08-05 15:31:08.000,1.234300,1.234600,D
174275764,EUR/USD,2005-08-05 15:31:47.000,1.234400,1.234700,D
174275769,EUR/USD,2005-08-05 15:31:48.000,1.234500,1.234800,D
174275793,EUR/USD,2005-08-05 15:32:19.000,1.234400,1.234700,D
174275799,EUR/USD,2005-08-05 15:32:20.000,1.234300,1.234600,D
174275800,EUR/USD,2005-08-05 15:32:39.000,1.234400,1.234700,D
174275807,EUR/USD,2005-08-05 15:32:49.000,1.234500,1.234800,D
174275818,EUR/USD,2005-08-05 15:33:04.000,1.234400,1.234700,D
174275822,EUR/USD,2005-08-05 15:33:05.000,1.234300,1.234600,D
174275824,EUR/USD,2005-08-05 15:33:05.000,1.234200,1.234500,D
174275833,EUR/USD,2005-08-05 15:33:08.000,1.234300,1.234600,D
174275846,EUR/USD,2005-08-05 15:33:26.000,1.234200,1.234500,D
174275851,EUR/USD,2005-08-05 15:33:35.000,1.234300,1.234600,D
174275855,EUR/USD,2005-08-05 15:33:37.000,1.234200,1.234500,D
174275869,EUR/USD,2005-08-05 15:34:38.000,1.234100,1.234400,D
174275894,EUR/USD,2005-08-05 15:35:18.000,1.234200,1.234500,D
174275900,EUR/USD,2005-08-05 15:35:26.000,1.234100,1.234400,D
174275904,EUR/USD,2005-08-05 15:35:26.000,1.234000,1.234300,D
174275906,EUR/USD,2005-08-05 15:35:30.000,1.234100,1.234400,D
174275911,EUR/USD,2005-08-05 15:35:31.000,1.234200,1.234500,D
174275917,EUR/USD,2005-08-05 15:35:32.000,1.234100,1.234400,D
174275959,EUR/USD,2005-08-05 15:37:19.000,1.234000,1.234300,D
174275979,EUR/USD,2005-08-05 15:38:03.000,1.234100,1.234400,D
174275980,EUR/USD,2005-08-05 15:38:08.000,1.234000,1.234300,D
174275982,EUR/USD,2005-08-05 15:38:11.000,1.234100,1.234400,D
174275988,EUR/USD,2005-08-05 15:38:28.000,1.234000,1.234300,D
174275990,EUR/USD,2005-08-05 15:38:46.000,1.234100,1.234400,D
174275997,EUR/USD,2005-08-05 15:39:05.000,1.234000,1.234300,D
174275999,EUR/USD,2005-08-05 15:39:31.000,1.234100,1.234400,D
174276009,EUR/USD,2005-08-05 15:40:35.000,1.234200,1.234500,D
174276019,EUR/USD,2005-08-05 15:40:45.000,1.234100,1.234400,D
174276025,EUR/USD,2005-08-05 15:40:51.000,1.234200,1.234500,D
174276032,EUR/USD,2005-08-05 15:40:56.000,1.234100,1.234400,D
174276035,EUR/USD,2005-08-05 15:40:58.000,1.234200,1.234500,D
174276046,EUR/USD,2005-08-05 15:41:16.000,1.234100,1.234400,D
174276071,EUR/USD,2005-08-05 15:42:26.000,1.234200,1.234500,D
174276105,EUR/USD,2005-08-05 15:43:35.000,1.234300,1.234600,D
174276140,EUR/USD,2005-08-05 15:44:19.000,1.234400,1.234700,D
174276177,EUR/USD,2005-08-05 15:44:54.000,1.234500,1.234800,D
174276202,EUR/USD,2005-08-05 15:45:07.000,1.234400,1.234700,D
174276207,EUR/USD,2005-08-05 15:45:12.000,1.234500,1.234800,D
174276212,EUR/USD,2005-08-05 15:45:14.000,1.234400,1.234700,D
174276229,EUR/USD,2005-08-05 15:45:21.000,1.234500,1.234800,D
174276246,EUR/USD,2005-08-05 15:45:38.000,1.234400,1.234700,D
174276253,EUR/USD,2005-08-05 15:45:51.000,1.234500,1.234800,D
174276294,EUR/USD,2005-08-05 15:46:37.000,1.234600,1.234900,D
174276298,EUR/USD,2005-08-05 15:46:40.000,1.234500,1.234800,D
174276300,EUR/USD,2005-08-05 15:46:41.000,1.234600,1.234900,D
174276303,EUR/USD,2005-08-05 15:46:41.000,1.234700,1.235000,D
174276309,EUR/USD,2005-08-05 15:46:49.000,1.234600,1.234900,D
174276316,EUR/USD,2005-08-05 15:46:54.000,1.234700,1.235000,D
174276443,EUR/USD,2005-08-05 15:49:18.000,1.234600,1.234900,D
174276455,EUR/USD,2005-08-05 15:49:25.000,1.234500,1.234800,D
174276458,EUR/USD,2005-08-05 15:49:28.000,1.234600,1.234900,D
174276492,EUR/USD,2005-08-05 15:49:46.000,1.234700,1.235000,D
174276556,EUR/USD,2005-08-05 15:50:59.000,1.234600,1.234900,D
174276571,EUR/USD,2005-08-05 15:51:05.000,1.234700,1.235000,D
174276584,EUR/USD,2005-08-05 15:51:23.000,1.234600,1.234900,D
174276691,EUR/USD,2005-08-05 15:53:38.000,1.234700,1.235000,D
174276840,EUR/USD,2005-08-05 15:56:03.000,1.234800,1.235100,D
174276841,EUR/USD,2005-08-05 15:56:04.000,1.234900,1.235200,D
174276897,EUR/USD,2005-08-05 15:56:49.000,1.234800,1.235100,D
174276921,EUR/USD,2005-08-05 15:57:30.000,1.234900,1.235200,D
174276929,EUR/USD,2005-08-05 15:57:48.000,1.235000,1.235300,D
174276956,EUR/USD,2005-08-05 15:58:10.000,1.235100,1.235400,D
174276961,EUR/USD,2005-08-05 15:58:11.000,1.235000,1.235300,D
174276973,EUR/USD,2005-08-05 15:58:29.000,1.234900,1.235200,D
174276974,EUR/USD,2005-08-05 15:58:31.000,1.235000,1.235300,D
174276986,EUR/USD,2005-08-05 15:58:36.000,1.234900,1.235200,D
174276995,EUR/USD,2005-08-05 15:58:40.000,1.235000,1.235300,D
174276998,EUR/USD,2005-08-05 15:58:41.000,1.234900,1.235200,D
174277001,EUR/USD,2005-08-05 15:58:41.000,1.234800,1.235100,D
174277008,EUR/USD,2005-08-05 15:58:43.000,1.234900,1.235200,D
174277064,EUR/USD,2005-08-05 15:59:59.000,1.235000,1.235300,D
174277079,EUR/USD,2005-08-05 16:00:05.000,1.234900,1.235200,D
174277085,EUR/USD,2005-08-05 16:00:17.000,1.235000,1.235300,D
174277111,EUR/USD,2005-08-05 16:00:24.000,1.235100,1.235400,D
174277112,EUR/USD,2005-08-05 16:00:25.000,1.235000,1.235300,D
174277113,EUR/USD,2005-08-05 16:00:25.000,1.235100,1.235400,D
174277192,EUR/USD,2005-08-05 16:02:10.000,1.235200,1.235500,D
174277226,EUR/USD,2005-08-05 16:02:43.000,1.235100,1.235400,D
174277292,EUR/USD,2005-08-05 16:03:40.000,1.235200,1.235500,D
174277323,EUR/USD,2005-08-05 16:07:12.000,1.235300,1.235600,D
174277346,EUR/USD,2005-08-05 16:07:37.000,1.235500,1.235800,D
174277380,EUR/USD,2005-08-05 16:07:49.000,1.235400,1.235700,D
174277412,EUR/USD,2005-08-05 16:08:29.000,1.235500,1.235800,D
174277414,EUR/USD,2005-08-05 16:08:34.000,1.235400,1.235700,D
174277480,EUR/USD,2005-08-05 16:09:28.000,1.235300,1.235600,D
174277519,EUR/USD,2005-08-05 16:09:45.000,1.235400,1.235700,D
174277548,EUR/USD,2005-08-05 16:11:00.000,1.235300,1.235600,D
174277564,EUR/USD,2005-08-05 16:11:28.000,1.235400,1.235700,D
174277608,EUR/USD,2005-08-05 16:12:58.000,1.235300,1.235600,D
174277617,EUR/USD,2005-08-05 16:13:01.000,1.235400,1.235700,D
174277629,EUR/USD,2005-08-05 16:13:14.000,1.235500,1.235800,D
174277633,EUR/USD,2005-08-05 16:13:15.000,1.235400,1.235700,D
174277646,EUR/USD,2005-08-05 16:13:35.000,1.235300,1.235600,D
174277658,EUR/USD,2005-08-05 16:13:52.000,1.235200,1.235500,D
174277696,EUR/USD,2005-08-05 16:14:59.000,1.235300,1.235600,D
174277711,EUR/USD,2005-08-05 16:16:04.000,1.235200,1.235500,D
174277712,EUR/USD,2005-08-05 16:16:04.000,1.235300,1.235600,D
174277722,EUR/USD,2005-08-05 16:16:09.000,1.235200,1.235500,D
174277737,EUR/USD,2005-08-05 16:16:31.000,1.235300,1.235600,D
174277847,EUR/USD,2005-08-05 16:20:10.000,1.235200,1.235500,D
174277852,EUR/USD,2005-08-05 16:20:13.000,1.235300,1.235600,D
174277886,EUR/USD,2005-08-05 16:21:04.000,1.235200,1.235500,D
174277924,EUR/USD,2005-08-05 16:21:52.000,1.235300,1.235600,D
174277940,EUR/USD,2005-08-05 16:22:12.000,1.235200,1.235500,D
174277969,EUR/USD,2005-08-05 16:22:33.000,1.235300,1.235600,D
174277974,EUR/USD,2005-08-05 16:22:37.000,1.235200,1.235500,D
174277985,EUR/USD,2005-08-05 16:23:07.000,1.235300,1.235600,D
174277987,EUR/USD,2005-08-05 16:23:09.000,1.235200,1.235500,D
174277995,EUR/USD,2005-08-05 16:23:22.000,1.235300,1.235600,D
174278028,EUR/USD,2005-08-05 16:25:01.000,1.235400,1.235700,D
174278045,EUR/USD,2005-08-05 16:26:10.000,1.235300,1.235600,D
174278068,EUR/USD,2005-08-05 16:26:29.000,1.235400,1.235700,D
174278097,EUR/USD,2005-08-05 16:26:37.000,1.235300,1.235600,D
174278100,EUR/USD,2005-08-05 16:26:39.000,1.235400,1.235700,D
174278112,EUR/USD,2005-08-05 16:26:40.000,1.235500,1.235800,D
174278126,EUR/USD,2005-08-05 16:26:46.000,1.235400,1.235700,D
174278138,EUR/USD,2005-08-05 16:26:52.000,1.235500,1.235800,D
174278153,EUR/USD,2005-08-05 16:27:07.000,1.235400,1.235700,D
174278158,EUR/USD,2005-08-05 16:27:10.000,1.235500,1.235800,D
174278174,EUR/USD,2005-08-05 16:27:19.000,1.235400,1.235700,D
174278197,EUR/USD,2005-08-05 16:27:31.000,1.235500,1.235800,D
174278233,EUR/USD,2005-08-05 16:29:10.000,1.235400,1.235700,D
174278237,EUR/USD,2005-08-05 16:29:16.000,1.235500,1.235800,D
174278242,EUR/USD,2005-08-05 16:29:17.000,1.235400,1.235700,D
174278249,EUR/USD,2005-08-05 16:29:25.000,1.235300,1.235600,D
174278253,EUR/USD,2005-08-05 16:29:26.000,1.235200,1.235500,D
174278270,EUR/USD,2005-08-05 16:29:40.000,1.235100,1.235400,D
174278283,EUR/USD,2005-08-05 16:29:45.000,1.235200,1.235500,D
174278304,EUR/USD,2005-08-05 16:29:51.000,1.235100,1.235400,D
174278311,EUR/USD,2005-08-05 16:29:58.000,1.235200,1.235500,D
